Title,Likes,Singer,Lyrics
이제 나만 믿어요,"174,182",임영웅,"무얼 믿은 걸까 부족했던 내게서
나조차 못 믿던 내게 여태 머문 사람
무얼 봤던 걸까 가진 것도 없던 내게
무작정 내 손을 잡아 날 이끈 사람
최고였어
그대 눈 속에 비친 내 모습
이제는 내게서 그댈 비춰줄게
궂은 비가 오면
세상 가장 큰 그대 우산이 될게
그댄 편히 걸어가요
걷다가 지치면
내가 그대를 안고 어디든 갈게
이제 나만 믿어요
나만 두고 가던
나만 스쳐 간 행운이 모여
그대가 되어서 내게 와준 거야
궂은 비가 오면
세상 가장 큰 그대 우산이 될게
그댄 편히 걸어가요
걷다가 지치면
내가 그대를 안고 어디든 갈게
이제 나만 믿어요
나의 마지막 주인공이 되어
다신 누구 앞에서도
그대는 고개 숙이지 마요
내가 보지 못했던 홀로 고단했던 시간
고맙고 미안해요 사랑해요
이 세상은
우리를 두고 오랜 장난을 했고
우린 속지 않은 거야
이제 울지 마요
좋을 땐 밤새도록 맘껏 웃어요
전부 그대 꺼니까
그대는 걱정 말아요
이제 나만 믿어요"
"애인이 되어줄게요 (Prod. 알고보니, 혼수상태)","26,969",김호중,"누가누가 당신 맘을 외롭게 합니까
누가누가 당신 맘에 눈물을 주나요
바람결에 떨어지는 꽃잎이
여자의 마음인가요
내 품에 안겨 걱정을 말아요
영원히 지켜줄게요
애인이 되어줄게요
애인이 되어줄게요
내가내가 잘해줄게요
사랑이 되어줄게요
사랑이 되어주세요
내가 당신 애인이 되어줄게요
사연 없는 사람 있나 아픔이 없을까
우연처럼 만나는 게 사랑이란 것을
반했어요 마음을 열어요
놓치면 후회할 거야
내 품에 안겨 걱정을 말아요
영원히 지켜줄게요
애인이 되어줄게요
애인이 되어줄게요
내가내가 잘해줄게요
사랑이 되어줄게요
사랑이 되어주세요
내가 당신 애인이 되어줄게요
내가 당신 애인이 되어줄게요"
시절인연 (時節因緣),"33,540",이찬원,"사람이 떠나간다고
그대여 울지 마세요
오고 감 때가 있으니
미련일랑 두지 마세요
좋았던 날 생각을 하고
고마운 맘 간직을 하며
아아아 살아가야지
바람처럼 물처럼
가는 인연 잡지를 말고
오는 인연 막지 마세요
때가 되면 찾아올 거야
새로운 시절인연
친구가 멀어진다고
그대여 울지 마세요
영원한 것은 없으니
이별에도 웃어주세요
좋았던 날 생각을 하고
고마운 맘 간직을 하며
아아아 살아가야지
바람처럼 물처럼
가는 인연 잡지를 말고
오는 인연 막지 마세요
때가 되면 찾아올 거야
새로운 시절인연
새로운 시절인연
사람이 떠나간다고
그대여 울지 마세요"
우산이 없어요,"31,282",김호중,"저기 저 골목길은 우리가 함께 있던
모든 게 그대론데 나는 변해 버렸네
갑자기 구름이 끼더니
회색빛 하늘을 만들고
참아왔던 서러움에 눈물이 터지네
비가 와요 비가 와요
나는 우산이 없어요
비 내리면 빗물 속에
그대 기다렸었잖아
영원을 약속했잖아요
그런데 왜 떠나셨나요
미워하는 이 마음을 가슴에 남기고
비가 와요 비가 와요
나는 우산이 없어요
비 내리면 빗물 속에
그대 기다렸었잖아
비가 와요 비가 와요
나는 우산이 없어요
빗물 속에 빗물 속에
이젠 잘 가요 내 사랑
이젠 잘 가요 내 사랑"
나만의 길 (My Way),"26,288",김호중,"저 강물을 따라 흐르는 꽃잎들처럼
어제 꿈에 보았던 곳 닿을 수만 있다면
또 눈을 감는다 무엇을 기도하는가
저기 울리는 종소리 마음 흔들리지만
가야 할 나만의 길이 있어
가슴에 묻어둔다 이 외로움
먼 훗날 깊어진 강물 위에
담대한 나의 꿈을 띄우리라
가야 할 나만의 길이 있어
가슴에 묻어둔다 이 외로움
먼 훗날 깊어진 강물 위에
담대한 나의 꿈을 띄우리라 my way"
찐이야,"69,690",영탁,"찐찐찐찐 찐이야 완전 찐이야
진짜가 나타났다 지금
찐찐찐찐 찐이야 완전 찐이야
찐하게 사랑할 거야
요즘 같이 가짜가 많은 세상에
믿을 사람 바로 당신 뿐
내 모든 걸 다 줘도 아깝지 않은
내 인생에 전부인 사람
끌리네 끌리네 자꾸 끌리네
쏠리네 쏠리네 자꾸 쏠리네
심장을 훔쳐간 사람
찐찐찐찐 찐이야 완전 찐이야
진짜가 나타났다 지금
찐찐찐찐 찐이야 완전 찐이야
찐하게 사랑할 거야
찐이야
요즘 같이 가짜가 많은 세상에
믿을 사람 바로 당신 뿐
내 모든 걸 다 줘도 아깝지 않은
내 인생에 전부인 사람
끌리네 끌리네 자꾸 끌리네
쏠리네 쏠리네 자꾸 쏠리네
심장을 훔쳐간 사람
찐찐찐찐 찐이야 완전 찐이야
진짜가 나타났다 지금
찐찐찐찐 찐이야 완전 찐이야
찐하게 사랑할 거야
찐하게 찐하게 찐하게 찐하게
찐하게 사랑할 거야"
별빛 같은 나의 사랑아,"78,332",임영웅,"당신이 얼마나 내게
소중한 사람인지
세월이 흐르고 보니
이제 알 것 같아요
당신이 얼마나 내게
필요한 사람인지
세월이 지나고 보니
이제 알 것 같아요
밤하늘에 빛나는
별빛 같은 나의 사랑아
당신은 나의 영원한 사랑
사랑해요 사랑해요
날 믿고 따라준 사람
고마워요 행복합니다
왜 이리 눈물이 나요
밤하늘에 빛나는
별빛 같은 나의 사랑아
당신은 나의 영원한 사랑
사랑해요 사랑해요
날 믿고 따라준 사람
고마워요 행복합니다
왜 이리 눈물이 나요
왜 이리 눈물이 나요"
바람 바람아,"3,573",정서주,"어디서 왔다가 어디로 가느냐
낯선 바람 바람아
덧없는 한 세상 답답한 맘을
너는 달래주려나
세상에 지쳐 울고 싶은 날
나는 바람이 되어
한없이 위로가 되는
당신 곁으로 가서
참아온 눈물을 쏟고 싶구나
바람 바람 바람아

어디서 왔다가 어디로 가느냐
낯선 바람 바람아
떠나간 세월 내 청춘처럼
너도 떠나가느냐
마음이 다쳐 울고 싶은 날
나는 바람이 되어
꽃향기 흐드러지는
그 먼 곳으로 가서
참아온 눈물을 쏟고 싶구나
바람 바람 바람아
바람 바람
바람아 바람아
바람아 바람아
덧없는 한세상 답답한 맘을
너는 달래주려나
바람 바람 바람아"
진또배기,"45,862",이찬원,"어 허야듸야 허야듸야
어 허야듸야 허야듸야
허야듸야
어촌마을 어귀에 서서
마을에 평안함을 기원하는
진또배기 진또배기 진또배기
오리 세마리 솟대에 앉아
물 불 바람을 막아주는
진또배기 진또배기 진또배기
모진 비바람을 견디며
바다의 심술을 막아주고
말없이 마을을 지켜온
진또배기 진또배기
어허 허야듸야
풍어와 풍년을 빌면서
일년내내 기원하는
진또배기 진또배기
진또배기 진또배기
어 허야듸야 허야듸야
허야듸야 허야듸야
배띄워라 노를 저어라
파도가 춤을 춘다 노래한다
진또배기 진또배기
진또배기 진또배기
어허 허야듸야
허야듸야 허야듸야 얼 쑤"
니가 왜 거기서 나와 (Narr. 고은아),"64,354",영탁,"어디야
집이야 피곤해서 일찍 자려구
아 그래 잠깐 볼랬더니
오늘 피곤했나 보네 언능 자
어 끊어
근데 니가
니가 왜 거기서 나와
니가 왜 거기서 나와
사랑을 믿었었는데
발등을 찍혔네
그래 너 그래 너 야 너
니가 왜 거기서 나와
피곤하다 하길래
잘자라 했는데
혹시나 아픈건가
걱정도 했는데
뭐하는데
여기서 뭐하는데
도대체
너네집은 연신내
난 지금 강남에
시끄런 클럽을
무심코 지나는데
이게 누구십니까
니가 왜 거기서 나와
니가 왜 거기서 나와
내 눈을 의심해보고
보고 또 보아도
딱봐도 너야
오마이 너야
니가 왜 거기서 나와
니가 왜 거기서 나와
사랑을 믿었었는데
발등을 찍혔네
그래 너 그래 너 야 너
이런건 사랑이 아냐
노는 남자 싫다매
술은 못한다매
그것 땜에 나는 다
끊어버렸는데
지금 넌 왜
혀가 꼬이는 건데
도대체
근데 지금 니 옆에
이 남잔 누군데
교회 오빠하고
클럽은 왜 왔는데
너네 집 불교잖아
니가 왜 거기서 나와
니가 왜 거기서 나와
내 눈을 의심해보고
보고 또 보아도
딱봐도 너야
오마이 너야
니가 왜 거기서 나와
니가 왜 거기서 나와
사랑을 믿었었는데
발등을 찍혔네
그래 너 그래 너 야너
이런건 사랑이 아냐
그래 너 그래 너 야너
니가 왜 거기서 나와"
어느 60대 노부부이야기,"79,497",임영웅,"곱고 희던 그 손으로
넥타이를 메어주던 때
어렴풋이 생각나오
여보 그 때를 기억하오
막내아들 대학 시험
뜬 눈으로 지새던 밤들
어렴풋이 생각나오
여보 그 때를 기억하오
세월은 그렇게 흘러
여기까지 왔는데
인생은 그렇게 흘러
황혼에 기우는데
큰 딸아이 결혼식 날
흘리던 눈물 방울이
이제는 모두 말라
여보 그 눈물을 기억하오
세월은 그렇게 흘러
여기까지 왔는데
인생은 그렇게 흘러
황혼에 기우는데
세월은 그렇게 흘러
여기까지 왔는데
인생은 그렇게 흘러
황혼에 기우는데
다시 못 올 그 먼 길을
어찌 혼자 가려하오
여기 날 홀로 두고
여보 왜 한마디 말이 없소
여보 안녕히 잘 가시게
여보 안녕히"
초혼,"43,122",장윤정,"살아서는 갖지 못하는
그런 이름 하나 때문에
그리운 맘 눈물 속에
난 띄워 보낼 뿐이죠
스치듯 보낼 사람이
어쩌다 내게 들어와
장미의 가시로 남아서
날 아프게 지켜보네요
따라가면 만날 수 있나
멀고 먼 세상 끝까지
그대라면 어디라도
난 그저 행복할 테니

살아서는 갖지 못하는
그런 이름 하나 때문에
그리운 맘 눈물 속에
난 띄워 보낼 뿐이죠
스치듯 보낼 사람이
어쩌다 내게 들어와
장미의 가시로 남아서
날 아프게 지켜보네요
따라가면 만날 수 있나
멀고 먼 세상 끝까지
그대라면 어디라도
난 그저 행복할 테니
난 너무 행복할 테니"
인생아 고마웠다,"11,204",황영웅,"인생아 고마웠다
사람이 나를 떠나도
세상이 나를 속여도
내 곁에 있어주어서
인생아 고마웠다
사랑이 나를 떠나도
그것은 내 몫이라고
나에게 말해주어서
인생아 나 부탁을 한다
나 두 눈 감는 날에는
잘 살았다고 훌륭했다고
그 말만 해주라
눈물이 많은 삶이어서
고생했다 말해주라
배운 게 많은 삶이어서
아름답다 말해주라
인생아 고마웠다
빈 몸으로 태어나도
많은 걸 채워주고
빈 몸으로 보내주어서
인생아 나 부탁을 한다
나 두 눈 감는 날에는
잘 살았다고 훌륭했다고
그 말만 해주라
눈물이 많은 삶이어서
고생했다 말해주라
배운 게 많은 삶이어서
아름답다 말해주라
인생아 고마웠다
인생아 내 인생아
참 고마웠다 인생아 사랑한다
인생아 사랑한다"
바램,"70,122",임영웅,"내 손에 잡은 것이 많아서
손이 아픕니다
등에 짊어진 삶의 무게가
온 몸을 아프게 하고
매일 해결해야 하는 일 때문에
내 시간도 없이 살다가
평생 바쁘게 걸어 왔으니
다리도 아픕니다
내가 힘들고 외로워 질 때
내 얘길 조금만 들어 준다면
어느 날 갑자기 세월의 한복판에
덩그러니 혼자 있진 않겠죠
큰 것도 아니고 아주 작은 한 마디
지친 나를 안아 주면서
사 랑 한 다
정말 사랑 한다는
그 말을 해 준다면
나는 사막을 걷는다 해도
꽃길이라 생각 할 겁니다
우린 늙어가는 것이 아니라
조금씩 익어가는 겁니다
우린 늙어가는 것이 아니라
조금씩 익어가는 겁니다
저 높은 곳에 함께 가야 할 사람
그대 뿐입니다"
꽃구경,"8,706",황영웅,"시월의 어느 가을밤
허름한 선술집에서
쓸쓸히 혼자 술잔 채우는
울 엄마 닮은 그 사람

정결한 옷매무새가
꼭 당신 옛 모습 같아
그 아지매 흐르는 눈물 따라
나 덩달아 울어 봤소

코스모스 피어난 날엔
당신을 만나고 싶어요
낮잠 자는 내 꿈에 나와
예쁜 옷 갖춰 입고서

내 아들아 불러주오
꽃구경 시켜줄테니

처마 끝 넘는 빗소리
꼭 당신 목소리 같아
장대처럼 떨어진 빗물 따라
나 덩달아 울어 봤소

코스모스 피어난 날엔
당신을 만나고 싶어요
낮잠 자는 내 꿈에 나와
예쁜 옷 갖춰 입고서

내 아들아 불러주오
꽃구경 시켜줄테니
내 아들아 불러주오
울엄마 기다릴테니"
보금자리,"49,691",임영웅,"그대 사랑이 나였음 좋겠다
아무것도 필요 없어요
든든한 품에 안겨 잠들고 싶어라
내 사랑의 보금자리
아무것도 바라지 않아요
당신만 있으면 돼
한 눈 팔지 않고 사랑할래요
돈도 필요 없어 백도 필요 없어
당신만 있으면 돼
그대 사랑이 나였음 좋겠다
아무것도 필요 없어요
든든한 품에 안겨 잠들고 싶어라
내 사랑의 보금자리
아무것도 바라지 않아요
당신만 있으면 돼
한 눈 팔지 않고 사랑할래요
돈도 필요 없어 백도 필요 없어
당신만 있으면 돼
아무것도 바라지 않아요
당신만 있으면 돼
한 눈 팔지 않고 사랑할래요
돈도 필요 없어 백도 필요 없어
당신만 있으면 돼
당신만 있으면 돼"
풍등,"16,586",이찬원,"이젠 다 잊은 줄 알았죠
그대와 빌었던 소원도
계절이 흐르고 시간이 지나도
그대 내 곁에 있어달라고
타올랐던 순간은 꺼지고
천천히 떨어져 내리네
우리가 수놓던 예쁜 추억들
하늘은 알겠지요
날아가 버린 저 풍등 같은 내 사랑
다시는 볼 수 없는 사람아
두 눈 꼭 감고 손을 모아 보아도
만날 수 없는 내 사랑아
그대는 날 잊으셨나요
우리가 나눴던 기억도
찬바람 불어와 내 맘을 스쳐도
그대보다 아픈 건 없다고
눈을 감고 추억을 그려도
그대는 내겐 축복이죠
하지만 슬펐던 날이 떠올라
눈물이 떨어져요
날아가 버린 저 풍등 같은 내 사랑
다시는 볼 수 없는 사람아
두 눈 꼭 감고 손을 모아 보아도
만날 수 없는 내 사랑
찾지 못했죠 지나갈 운명이겠죠
작은 바람에도 흔들렸죠
두 눈 꼭 감고 손을 모아 보아도
잡을 수 없는 내 세월아
잊을 수 없는 내 사랑아"
안 볼 때 없을 때,"11,210",황영웅,"안 볼 때 혼자서 울지 마요
내 맘도 당신 땜에 슬퍼요
외로이 서 있는 당신 생각에
나 찢어질 듯 아프답니다
없을 때 혼자서 울지 마요
내 맘도 당신 땜에 슬퍼요
쓸쓸히 서 있는 당신 생각에
나 아무것도 못 한답니다
안 볼 때 지쳐도 날 잊지 말아요
빨리 돌아갈게요 슬퍼도 참아요
이미 와있다고 날 생각하면서
빨리 눈물 닦아요 그대여
없을 때 혼자서 울지 마요
나 무너질 듯 아프답니다
안 볼 때 지쳐도 날 잊지 말아요
빨리 돌아갈게요 슬퍼도 참아요
이미 와있다고 날 생각하면서
빨리 눈물 닦아요 그대여
없을 때 혼자서 울지 마요
나 무너질 듯 아프답니다
없을 때 혼자서 울지 마요
나 무너질 듯 아프답니다"
꽃비,"7,944",황영웅,"우리 어매 고운 눈가에
눈물비가 마를 날 없고
아들내미 뒷바라지에
허리춤이 말라져 갔네

굽이굽이 이 산 저 산 넘어가도
어찌 이리 매한가지요
살자 하니 더 죽을 맛이오
그 긴 세월 어찌 사셨소

꽃비 내린 고운 길 따라
우리 어매 편히 가소서
우리 어매 편히 가소서

우리 어매 그리운 날에
술 한잔에 눈물 훔치고
살아 온 길 되돌아보메
가슴팍이 타들어가네

굽이굽이 이 산 저 산 넘어봐도
어찌 이리 매한가지요
살자 하니 더 죽을 맛이오
그 긴 세월 어찌 사셨소

꽃비 내린 고운 길 따라
우리 어매 편히 가소서
우리 어매 편히 가소서"
함께해요,"7,820",황영웅,"그동안 보고 싶었죠
기다린 날이 왔어요

맘고생 많았던 당신을 보니
왠지 눈물이 나요

할 말이 너무 많은데
생각이 나질 않네요

내 앞에 서 있는 당신을 보니
이젠 살 것 같아요

이제는 날개를 활짝 펼 수가 있어
우리가 그리워했던 시간들
위로받는 것 같아

좋은 날 좋은 곳에서
당신만 있어 준다면

혼자가 아니랍니다
함께해요 영원히

이제는 날개를 활짝 펼 수가 있어
우리가 그리워했던 시간들
위로받는 것 같아

좋은 날 좋은 곳에서
당신만 있어 준다면

혼자가 아니랍니다
함께해요 영원히"
인사동 찻집,"7,870",황영웅,"나 하나 바라보며 살아온 그대
고생길만 걸어왔네
곱고도 고왔었던 당신의 손이
날 만나서 흉해졌소

숱한 밤을 눈물로 지새고
외로운 밤을 혼자 보낸
당신에게 감사하오
정말로 사랑하오

그렇게 좋아했던 인사동 찻집
오늘 한번 가봅시다

가진 것 하나 없이 지나온 세월
가시밭길 걸어왔네
한 쌍의 은가락지 나눠 끼고서
한 평생을 살아왔네

숱한 밤을 눈물로 지새고
외로운 밤을 혼자 보낸
당신에게 감사하오
정말로 사랑하오

그렇게 좋아했던 인사동 찻집
오늘 한번 가봅시다
손 꼭 잡고 가봅시다"
황금빛 인생,"7,747",황영웅,"이리 오너라 영차 어기야디야 영차
앞만 보며 달려왔구나
내게 오너라 영차 어기야디야 영차
찬란하게 빛날 인생아!

어깨에 짊어진 삶의 무게들
훌훌 털어 날려버리자
올해의 행운을 모두 다 가져갈
당신이 주인공이다

굽이굽이 힘겨웠던 지난 인생길
돈 주고도 못 사는 재산
꽃길 인생 이자 붙어 펼쳐질테요
시원하게 웃으며 살자~

이리 오너라 영차 어기야디야 영차
앞만 보며 달려왔구나.
내게 오너라 영차 어기야디야 영차
찬란하게 빛날 인생아!

두 다리 붙잡던 세상의 태클
이제 모두 날려버리자
내년의 행운도 모두 다 가져갈
당신이 주인공이다

굽이굽이 힘겨웠던 지난 인생길
돈 주고도 못 사는 재산
꽃길 인생 이자 붙어 펼쳐질테요
시원하게 웃으며 살자~

이리 오너라 영차 어기야디야 영차
앞만 보며 달려왔구나
내게 오너라 영차 어기야디야 영차
찬란하게 빛날 인생아!

이리 오너라 영차 어기야디야 영차
앞만 보며 달려왔구나
내게 오너라 영차 어기야디야 영차
찬란하게 빛날 인생아
어서 오라 황금빛 인생~!"
아버지의 노래,"7,675",황영웅,"아버지가 다 그런 거지
고생하고 사는 그런 자리지
내 어께엔 처자식 있고
내 등에는 부모가 있네
사는게 다 그런거지
어릴적 보고 자란
울 아버지 커다란 자린
너와 나의 자리 됐구나
흰 머리 희끗희끗
깊게 패인 주름진 이마
잘 살았다는 훈장 같구나
아버지 아버지
세상 멋진 남자의 이름
아버지가 다 그런 거지
희생하고 사는 그런 자리지
해 뜨기 전 집을 나서고
해 저물어 집으로 가네
사는 게 다 그런 거지
어릴적 보고 자란
울 아버지 커다란 자린
너와 나의 자리 됐구나
흰 머리 희끗희끗
깊게 패인 주름진 이마
잘 살았다는 훈장 같구나
아버지 아버지
세상 멋진 남자의 이름
세상 멋진 남자의 이름"
목포행 완행열차,"29,566",장윤정,"목포행 완행열차
마지막 기차 떠나가고
늦은 밤 홀로 외로이
한잔 술에 몸을 기댄다
우리의 사랑은 이제
여기까지가 끝인가요
우리의 짧은 인연도
여기까지가 끝인가요
잘가요 인사는 못해요
아직 미련이 남아서
언젠가 우리 다시 만나는 그날
그냥 편히 웃을 수 있게
우리의 사랑은 이제
여기까지가 끝인가요
우리의 짧은 인연도
여기까지가 끝인가요
잘가요 인사는 못해요
아직 미련이 남아서
언젠가 우리 다시 만나는 그날
그냥 편히 웃을 수 있게
그냥 편히 안을 수 있게"
참 좋은 날,"18,071",이찬원,"유난히 힘이 들던 날 꽃이 되어
별이 되어 내게로 다가온 당신
소리 내어 울고 싶던 날 운명처럼
연인처럼 내게 온 선물
그대 없인 나도 없었고
그대 있어 나도 있네요
꿈을 꾸듯 그대와 걸어갈게요
하늘까지 저 구름까지
참 좋은 날 그 어느 날 우리 만난 날
또 시련이 우릴 막을지라도
우리 밝게 빛날 그 날에 두 손 꼭 잡고
함께 걸어갈게요
우리 그렇게 약속해
그대 없인 숨 쉴 수 없고
그대 있어 내가 사네요
평생토록 그대만 지켜줄게요
해가 되어 저 달이 되어
참 좋은 날 그 어느 날 우리 만난 날
또 시련이 우릴 막을지라도
우리 밝게 빛날 그 날에
두 손 꼭 잡고 함께 걸어갈게요
우리 그렇게 약속해
수많은 계절들이 피고 또 저물어가도
그대만 영원히 내 사랑인 걸요
참 좋은 날 그 멋진 날 눈부신 그날에
가슴 아린 슬픔은 모두 잊어버려요
우리 함께 웃을 수 있게
그대 손 절대 놓치지 않을게요
내가 그댈 지킬게요 참 좋은 날입니다"
사랑아,"16,893",장윤정,"안돼요 안돼 날 두고 떠나면 안돼
그렇게 못해 난 절대 보낼 순 없어
갈테면 가라 모든 걸 잊고 떠나봐
그땐 뒤돌아서 후회를 할꺼야

희미한 기억속에 너의 이름 불러도
다신 볼 수 없던 사랑한 사람
사랑아 나를 두고 떠나 가지마
나만 두고 가려거든 다신 나를 찾지마

언젠가 그대 나를 찾는다 해도
그땐 내가 먼저 뒤돌아서 그댈 볼 수 없으니

안돼요 안돼 날 두고 떠나면 안돼
그렇게 못해 난 절대 보낼 순 없어
갈테면 가라 모든 걸 잊고 떠나봐
그땐 뒤돌아서 후회를 할꺼야

희미한 기억속에 너의 이름 불러도
다신 볼 수 없던 사랑한 사람
사랑아 나를 두고 떠나 가지마
나만 두고 가려거든 다신 나를 찾지마

언젠가 그대 나를 찾는다 해도
그땐 내가 먼저 뒤돌아서 그댈 볼 수 없으니 -"
나와 함께 가시렵니까,"11,469",이찬원,"나와 함께 가시렵니까
꽃이 핀 오솔길을
나와 함께 가시렵니까
시원한 나무 그늘 아래로
나와 함께 가시렵니까
낙엽 진 가을을 지나
나와 함께 가시렵니까
이제 반쯤 남은 이 길을
365일 그대가 내 가슴에 살고
그댈 향한 내 사랑엔 공휴일도 없어요
단 하루, 그댈 하루라도 볼 수 없다면
그리움에 난 잠 못 이뤄요
나와 함께 가시렵니까
눈이 내린 하얀 꽃 길을
나와 함께 가시렵니까
이제 반쯤 남은 이 길을
365일 그대가 내 가슴에 살고
그댈 향한 내 사랑엔 공휴일도 없어요
단 하루, 그댈 하루라도 볼 수 없다면
그리움에 난 잠 못 이뤄요
사랑하는 당신
그댈 향한 내 사랑에 마지막은 없어요
단 하루, 내 생에
마지막 하루가 남은 날엔
그대 품에 잠들고 싶어요
그댈 영원히 사랑하고 싶어요"
막걸리 한잔,"50,650",영탁,"막걸리 한 잔
온 동네 소문 났던 천덕꾸러기
막내아들 장가가던 날
앓던 이가 빠졌다며 덩실 더덩실
춤을 추던 우리 아버지
아버지 우리 아들 많이 컸지요
인물은 그래도 내가 낫지요
고사리 손으로
따라주는 막걸리 한잔
아버지 생각나네
황소처럼 일만 하셔도
살림살이는 마냥 그 자리
우리 엄마 고생시키는
아버지 원망했어요
아빠처럼 살긴 싫다며
가슴에 대못을 박던
못난 아들을 달래주시며
따라주던 막걸리 한잔
따라주던 막걸리 한잔
황소처럼 일만 하셔도
살림살이는 마냥 그 자리
우리 엄마 고생시키는
아버지 원망했어요
아빠처럼 살긴 싫다며
가슴에 대못을 박던
못난 아들을 달래주시며
따라주던 막걸리 한잔
따라주던 막걸리 막걸리 한잔"
평행선,"5,215",문희옥,"나는 나밖에 모르고
너는 너밖에 모르고
그래서 우리는
똑같은 길을 걷지 평행선
나는 나밖에 몰랐지
너는 너밖에 몰랐지
그래서 우리는
만날 수 없는 거야 평행선
아직 사랑하고 있는데
서로 바라보고 싶은데
나는 다가서지 못하고
다른 길을 가고 있어
우리 서로 다시 만날 수 없는가
캄캄한 미로를 헤매이네
우리 서로 사랑할 수는 없는가
끝없는 평행선 걷고 있네
나는 나밖에 모르고
너는 너밖에 모르고
그래서 우리는
똑같은 길을 걷지 평행선
나는 나밖에 몰랐지
너는 너밖에 몰랐지
그래서 우리는
만날 수 없는 거야 평행선
아직 사랑하고 있는데
서로 바라보고 싶은데
나는 다가서지 못하고
다른 길을 가고 있어
우리 서로 다시 만날 수 없는가
캄캄한 미로를 헤매이네
우리 서로 사랑할 수는 없는가
끝없는 평행선 걷고 있네"
트위스트고고,"12,527",이찬원,"바람이 불고 햇살이 좋은 바다로 가볼까
푸른 물결 손짓하며 부르네
계곡도 좋고 강물도 좋은 산으로 가볼까
사랑하는 당신과 나 둘이서
트위스트 트위스트 추억 노래 들으며
우리들의 낭만여행 즐겨요
트위스트 트위스트 사랑 노래 들으며
배낭 메고 어디라도 갑시다
떠나요 떠나요 근심 걱정 모두 잊고서
우리 함께 춤을 추며 즐겨요
떠나요 떠나요 힘든 기억 모두 던지고
아름다운 사랑으로 채워 나가요
바람이 불고 햇살이 좋은 바다로 가볼까
푸른 물결 손짓하며 부르네
계곡도 좋고 강물도 좋은 산으로 가볼까
사랑하는 당신과 나 둘이서
트위스트 트위스트 추억 노래 들으며
우리들의 낭만여행 즐겨요
트위스트 트위스트 사랑 노래 들으며
배낭 메고 어디라도 갑시다
떠나요 떠나요 근심 걱정 모두 잊고서
우리 함께 춤을 추며 즐겨요
떠나요 떠나요 힘든 기억 모두 던지고
아름다운 사랑으로 채워 나가요
아름다운 사랑으로 채워 나가요"
풍등 (Choir Ver.),"5,667",이찬원,"이젠 다 잊은 줄 알았죠
그대와 빌었던 소원도
계절이 흐르고 시간이 지나도
그대 내 곁에 있어달라고
타올랐던 순간은 꺼지고
천천히 떨어져 내리네
우리가 수놓던 예쁜 추억들
하늘은 알겠지요
날아가 버린 저 풍등 같은 내 사랑
다시는 볼 수 없는 사람아
두 눈 꼭 감고 손을 모아 보아도
만날 수 없는 내 사랑아
그대는 날 잊으셨나요
우리가 나눴던 기억도
찬바람 불어와 내 맘을 스쳐도
그대보다 아픈 건 없다고
눈을 감고 추억을 그려도
그대는 내겐 축복이죠
하지만 슬펐던 날이 떠올라
눈물이 떨어져요
날아가 버린 저 풍등 같은 내 사랑
다시는 볼 수 없는 사람아
두 눈 꼭 감고 손을 모아 보아도
만날 수 없는 내 사랑
찾지 못했죠 지나갈 운명이겠죠
작은 바람에도 흔들렸죠
두 눈 꼭 감고 손을 모아 보아도
잡을 수 없는 내 세월아
잊을 수 없는 내 사랑아"
전복 먹으러 갈래,"17,178",영탁,"전복 먹으러 갈래
서해안 고속도로 타고
완도 앞 바다로
나랑 같이 가볼래
슬쩍 기대도 돼
내 팔을 어깨 위에 두르고
저 구름 따라
지금 떠나볼래
어느새 바닷바람 시원하게 불어 오잖아
좋아
걱정은 마 오늘은 내가 책임진다
진짜야
너에게 좋은 것만 주고픈 마음 알까
전복 먹으러 갈래
할 일은 내일로 다 미루고
이 기분 따라
훌쩍 떠나볼래
가자
조개구이 먹으러 갈래
가까운 오이도도 좋아
까먹기 번거로우면
뭐 찜도 괜찮아
아님 뭐든 어때
랍스타 장어 새우 대게
둘이서 간다면
난 어디든 좋아
어느새 바닷바람 시원하게 불어 오잖아
좋아
걱정은 마 오늘은 내가 책임진다
진짜야
너에게 좋은 것만 주고픈 마음 알까
진짜로 좋은 것만 주고픈 마음 알까
소주도 한잔 할래
안주가 끝내주잖아
이거 마시면 우리
사귀는 거다"
오.내.언.사,"10,972",이찬원,"복사꽃 피어나는 달콤한 날에
사랑으로 다가온 당신
그댄 나에게 힘이 돼주고
아픔을 다 잊게 해줬죠
사랑을 잊고 살던 메마른 날에
행복으로 다가온 당신
기억할게요 당신의 사랑
가슴 깊이 간직할게요
힘들고 지쳐 쓰러지고 싶을 때
나의 손을 잡아주었고
슬프고 고단함에 맘이 힘들 때
나의 눈물 닦아주었죠
사랑스러워 사랑스러워
나를 보는 당신의 얼굴이
사랑스러워 사랑스러워
오내언사 영원한 내 사람
사랑을 잊고 살던 메마른 날에
행복으로 다가온 당신
기억할게요 당신의 사랑
가슴 깊이 간직할게요
힘들고 지쳐 쓰러지고 싶을 때
나의 손을 잡아주었고
슬프고 고단함에 맘이 힘들 때
나의 눈물 닦아주었죠
사랑스러워 사랑스러워
나를 보는 당신의 얼굴이
사랑스러워 사랑스러워
오내언사 영원한 내 사람
사랑스러워 사랑스러워
나를 보는 당신의 얼굴이
사랑스러워 사랑스러워
오내언사 영원한 내 사람
오내언사 영원한 내 사람"
사랑해요 그대를,"43,497",임영웅,"너무나 고마운 사람
너무나 따뜻한 사람
한 번도 잊어본 적 없는
내 마음속에 그 사람
나 그대 생각만 해도
가슴이 뭉클해지고
그런 당신 내 곁에 있어
나는 행복한 사람
그대는 나만의 사랑
그대는 나만의 행복
세월 가도 영원히
당신은 나만의 사랑
사랑해요 그대를
사랑해요 그대를
이 생명 다할 때까지
당신은 내 사랑
사랑해요 그대를
사랑해요 그대를
이 생명 다할 때까지
당신은 내사랑
그대는 나만의 사랑
그대는 나만의 행복
세월 가도 영원히
당신은 나만의 사랑
사랑해요 그대를
사랑해요 그대를
이 생명 다할 때까지
당신은 내 사랑
사랑해요 그대를
사랑해요 그대를
이 생명 다할 때까지
당신은 내 사랑"
밥 한 번 먹자,"10,922",이찬원,"얼굴 보고 밥 한 번 먹자
잘 살고 못 사는 게 답이 있더냐
하루하루가 선물인 것을
가지 말라고 붙잡아 봐도
세월 앞에 장사 있더냐
서운했던 일 속상했던 일
모두 잊어버리고
도담도담 살아온 인생
사는 게 뭐 별거 있더냐
밥 한 번 먹자 밥 한 번 먹자
시간 내서 얼굴 좀 보자
보고 싶구나 나의 친구야
얼굴 보고 밥 한 번 먹자
잘나고 못난 사람 따로 있더냐
함께 사는 게 인생인 것을
가지 말라고 붙잡아 봐도
시간은 저만치 가더라
사랑 때문에 가슴 아파도
모두 잊어버리고
도란도란 정을 나누면
밤이 새도 모르는 것을
밥 한 번 먹자 밥 한 번 먹자
시간 내서 얼굴 좀 보자
보고 싶구나 나의 친구야
얼굴 보고 밥 한 번 먹자
보고 싶구나 나의 친구야
얼굴 보고 밥 한 번 먹자"
보라빛 엽서,"51,644",임영웅,"보라빛 엽서에 실려온 향기는
당신의 눈물인가 이별의 마음인가
한숨속에 묻힌 사연 지워 보려 해도
떠나 버린 당신 마음 붙잡을 수 없네
오늘도 가버린 당신의 생각엔
눈물로 써 내려간 얼룩진 일기장엔
다시 못 올 그대 모습 기다리는 사연
오늘도 가버린 당신의 생각에
눈물로 써 내려간 얼룩진 일기장엔
다시 못 올 그대 모습 기다리는 사연
오늘도 가버린 당신의 생각에
눈물로 써 내려간 얼룩진 일기장엔
다시 못 올 그대 모습 기다리는 사연
다시 못 올 그대 모습 기다리는 사연"
값,"8,704",영탁,"목적지에 닿을 수 없다고
출발도 할 수가 없나

가진 것이 하나도 없다고
꿈조차 꿀 수 없나

하나뿐인 인생에
값을 매기려 하고

일렬종대 나란히
줄을 세우려고만 하네

금수저와 흙 수저를 나누고
가진 것을 자랑하기 바쁘고
1등급과 2등급을 다투고
내 인생은 얼마짜리냐

값을 몰라도 좋다
가슴으로 다 느끼니까

답이 없어도 좋다
삶은 과정일 뿐이니까

따라 라라 라라라 랏다
오 그저 춤이나 추자

따라 라라 라라라 랏다
난 노래나 불러 보련다 헤이

하나뿐인 작품은
값을 매길 수 없고

너의 존재 그 자체로
밝게 빛이 나네

잔소리는 한쪽 귀로 흘리고
쓸데없는 말을 웃어넘기고
남의 일엔 그만 신경 끄시고
네 인생은 얼마짜리냐

값을 몰라도 좋다
가슴으로 다 느끼니까

답이 없어도 좋다
삶은 과정일 뿐이니까

따라 라라 라라라 랏다
오 그저 춤이나 추자

따라 라라 라라라 랏다
난 노래나 불러 보련다 헤이"
여백,"28,832",정동원,"얼굴이 잘생긴 사람은
늙어 가는 게 슬프겠지
아무리 화려한 옷을 입어도
저녁이면 벗게 되니까
내 손에 주름이 있는 건
길고 긴 내 인생에 훈장이고
마음에 주름이 있는 건
버리지 못한 욕심에 흔적
청춘은 붉은 색도 아니고
사랑은 핑크빛도 아니더라
마음에 따라서 변하는
욕심 속 물감의 장난이지
그게 인생인거야
전화기 충전은 잘 하면서
내 삶은 충전하지 못하고 사네
마음에 여백이 없어서
인생을 쫓기듯 그렸네
청춘은 붉은 색도 아니고
사랑은 핑크빛도 아니더라
마음에 따라서 변하는
욕심 속 물감의 장난이지
그게 인생인거야
전화기 충전은 잘 하면서
내 삶은 충전하지 못하고 사네
마음에 여백이 없어서
인생을 쫓기듯 그렸네
마지막 남은 나의 인생은
아름답게 피우리라"
숨어 우는 바람소리,"2,493",전유진,"갈대밭이 보이는 언덕
통나무집 창가에
길 떠난 소녀같이
하얗게 밤을 새우네

김이 나는 차 한잔을
마주하고 앉으면
그 사람 목소린가
숨어 우는 바람소리

둘이서 걷던 갈대밭 길에
달은 지고 있는데
잊는다 하고 무슨 이유로
눈물이 날까요

아 ~ 아아
길 잃은 사슴처럼
그리움이 돌아오면
쓸쓸한 갈대 숲에
숨어 우는 바람소리

둘이서 걷던 갈대밭 길에
달은 지고 있는데
잊는다 하고 무슨 이유로
눈물이 날까요

아 ~ 아아
길 잃은 사슴처럼
그리움이 돌아오면
쓸쓸한 갈대 숲에
숨어 우는 바람소리

둘이서 걷던 갈대밭 길에
달은 지고 있는데
잊는다 하고 무슨 이유로
눈물이 날까요

아 ~ 아아
길 잃은 사슴처럼
그리움이 돌아오면
쓸쓸한 갈대 숲에
숨어 우는 바람소리"
한량가 (Hallyang-ga),"11,845",영탁,"지덩기당징 울려라
거문고 소리
이 한밤을 멋으로 채워라

달빛이 좋구나
예서 놀아보자
오늘은 네가 내 각시로구나

더덩지덩~

거문고 가락에 취하고
어스름 달빛에 취한다
대장부 인생 무엇이 더 필요하랴

그 누가 세월을 붙잡아
천년을 살까
어찌 이 밤 놀지 않으랴
한량아~

지덩기당징 울려라
거문고 소리
이 한밤을 흥으로 채워라

꽃잎이 곱구나
예서 취해보자
세월의 곤함을 풀어나 보자

더덩지덩~

부귀와 영화가 덧없고
흐르는 강물이 덧없다
대장부 인생 무엇이 더 아쉬우랴

그 누가 세월을 붙잡아
천년을 살까
어찌 이 밤 놀지 않으랴

거문고 가락에 취하고
어스름 달빛에 취한다
대장부 인생 무엇이 더 필요하랴
그 누가 세월을 붙잡아
천년을 살까
어찌 이 밤 놀지 않으랴
한량아~"
건배,"11,148",이찬원,"잘 지내는지 함께 뛰놀던
늘 보고 싶은 내 친구
그동안 지나온 힘들었던 날들
이젠 모두 지났다
언제라도 내게 어깨를 내주며
힘을 내자 위로해 줬고
좋은 일 슬픈 일 함께 나누며
웃고 울며 걸어온 세월
건배 잔을 들어라
멋진 우리의 우정을 위해
건배 잔을 들어라 친구여
우리들의 미래를 위해
그리운 고향 수많은 기억
늘 같이했던 내 친구
어쩌면 그리도 행복했었는지
이젠 갈 수가 없다
언제라도 내게 어깨를 내주며
힘을 내자 위로해 줬고
좋은 일 슬픈 일 함께 나누며
웃고 울며 걸어온 세월
건배 잔을 들어라
멋진 우리의 우정을 위해
건배 잔을 들어라 친구여
우리들의 미래를 위해
영원한 나의 친구여"
우길걸우겨,"8,416",영탁,"들어봐 들어봐 들어봐바
그래 넌 대체 뭘 그리 원해

Not again No Jam

고 정도에서 그만할래
더 말해 뭐해
한 번이면 족해
더 이상은 안돼

보여봐 보여봐 보여줘 봐
말로만 자꾸 떠들면 뭐해

Not a game No chance

우겨도 안될 건 안돼
더 발악해 봤자
별 수 없네

멈춰 서서 잠시 돌아볼래
어디까지 왔는지

What did you say? 우길 걸 좀 우겨
수많은 사람들이 referee가 되어 우릴 지켜보는데
Oh Dirty play 어찌나 그리들 웃겨
그 오랜 시간들이 다 진실이 뭔지를 밝혀주네
제발 우기지 좀 마


적어봐 적어봐 적어봐바
자꾸만 잊어버리면 안 돼

Get away 손 떼

우겨도 안될 건 안돼
더 발악해 봤자
재미없네

눈을 감고 한번 느껴볼래
뭐가 옳은 일인지

What did you say? 우길 걸 좀 우겨
수많은 사람들이 referee가 되어 우릴 지켜보는데
Oh Dirty play 어찌나 그리들 웃겨
그 오랜 시간들이 다 진실이 뭔지를 밝혀주네
제발 우기지 좀 마

What did you say?"
망원동 부르스,"10,577",이찬원,"불 꺼진 망원동 거리
쓸쓸한 달빛 아래
나 홀로 외로이 이 거리를
터벅터벅 걷고 있네
빛나는 저 별은 내 마음 아는지
유난히 반짝이고
내 곁을 스치는 싸늘한 바람은
나를 더 울리는데
아아 아아아 한적한 망원동에서
그대를 생각하며 부르는 이 노래
눈물의 망원동 부르스
불 꺼진 망원동 거리
쓸쓸한 달빛 아래
나 홀로 외로이 이 거리를
터벅터벅 걷고 있네
빛나는 저 별은 내 마음 아는지
유난히 반짝이고
내 곁을 스치는 싸늘한 바람은
나를 더 울리는데
아아 아아아 한적한 망원동에서
그대를 생각하며 부르는 이 노래
눈물의 망원동 부르스
눈물의 망원동 부르스"
테스형!,"27,240",나훈아,"어쩌다가 한바탕 턱 빠지게 웃는다
그리고는 아픔을 그 웃음에 묻는다
그저 와준 오늘이 고맙기는 하여도
죽어도 오고 마는 또 내일이 두렵다
아 테스형 세상이
왜 이래 왜 이렇게 힘들어
아 테스형 소크라테스형
사랑은 또 왜 이래
너 자신을 알라며 툭 내뱉고 간 말을
내가 어찌 알겠소 모르겠소 테스형
울 아버지 산소에 제비꽃이 피었다
들국화도 수줍어 샛노랗게 웃는다
그저 피는 꽃들이 예쁘기는 하여도
자주 오지 못하는 날 꾸짖는 것만 같다
아 테스형 아프다
세상이 눈물 많은 나에게
아 테스형 소크라테스형
세월은 또 왜 저래
먼저가본 저세상 어떤 가요 테스형
가보니까 천국은 있던 가요 테스형
아 테스형 아 테스형
아 테스형 아 테스형
아 테스형 아 테스형
아 테스형 아 테스형"
다시 사랑한다면 (김필 Ver.),"52,421",임영웅,"다시 태어난다면 다시 사랑한다면
그때는 우리 이러지 말아요
조금 덜 만나고 조금 덜 기대하며
많은 약속 않기로 해요
다시 이별이 와도 서로 큰 아픔 없이
돌아설 수 있을 만큼
버려도 되는 가벼운 추억만
서로의 가슴에 만들기로 해요
이젠 알아요 너무 깊은 사랑은
외려 슬픈 마지막을 가져 온다는 걸
그대여 빌게요 다음 번의 사랑은
우리 같지 않길 부디 아픔이 없이
나
꼭 나보다 더 행복해져야만 해
많은 시간이 흘러 서로 잊고 지내도
지난 날을 회상하며
그 때도 이건 사랑이었다고
말할 수 있다면 그걸로 된 거죠
이젠 알아요 너무 깊은 사랑은
외려 슬픈 마지막을 가져 온다는 걸
그대여 빌게요 다음 번의 사랑은
우리 같지 않길 부디 아픔이 없이
이젠 알아요 영원할 줄 알았던
그대와의 사랑마저 날 속였다는 게
그보다 슬픈 건 나 없이 그대가
행복하게 지낼 먼 훗날의 모습
나
내 마음을 하늘만은 알기를"
메밀꽃 필무렵,"14,780",이찬원,"내가 얼마나 외롭게 했는지
꿈에 한 번 나오질 않아
비 내린 강가에 연어 떼처럼
돌이킬 수 없는 내 사랑
내가 얼마나 힘들게 했는지
그대 울던 모습만 남아
소란한 밤 사이 별똥별처럼
내 마음에 콕 박힌 당신
새끼손가락 걸고 영원을 약속했던
내 사랑은 지금 어디에
슬픈 초승달이 기울면
하얀 메밀꽃길 따라서
그댈 찾아 떠나가겠소
처음 가는 세상 나 길 잃을지 모르니
그대가 꼭 마중나와주오
그대 떠나던 그 날의 아침은
귀뚜라미마저 조용해
떠나는 발소리 하나 없었던
마지막 내 당신의 모습
새끼손가락 걸고 영원을 약속했던
내 사랑은 지금 어디에
슬픈 초승달이 기울면
하얀 메밀꽃길 따라서
그댈 찾아 떠나가겠소
처음 가는 세상 나 길 잃을지 모르니
그대가 꼭 마중나와주오
그대가 꼭 마중나와주오"
오늘 밤에,"60,635",홍진영,"오늘 밤에 아무도 모르게
너랑 둘이서 둘이서 사랑을 할거야
오늘 밤에 아무도 모르게
뚜뚜 뚜루 뚜뚜 뚜두르
이 밤이 무서워 난 네가 없으면
내 곁에 좀 더 머물러요
리듬 속 너와 내가 춤을 출 때면
그 순간이 행복할거야
Baby 너랑 나랑
우리 둘이 영원하도록
사랑의 맹세를 난 약속할거야
오늘 밤에 아무도 모르게
너랑 둘이서 둘이서 사랑을 할거야
오늘 밤에 아무도 모르게
둘이서 하는 불장난
후우 후우 후우
뚜뚜 뚜루 뚜뚜 뚜두르
사랑이 뭐냐고 물어보신다면
나의 대답은 말해 뭐해
불타는 마음으로 지켜줄거야
당신만이 곁에 있다면
Baby 너랑 나랑
우리 둘이 영원하도록
사랑의 맹세를 난 약속할거야
오늘 밤에 아무도 모르게
너랑 둘이서 둘이서 사랑을 할거야
오늘 밤에 아무도 모르게
뚜뚜 뚜루 뚜뚜 뚜두르
꿈이라면 깨지 않게 해줘
떠나가지마 가지마 가지마 가지마
오늘 밤에 아무도 모르게
둘이서 하는 불장난
후우 후우 후우
뚜뚜 뚜루 뚜뚜 뚜두르"
달맞이꽃,"5,322",전유진,"흰눈이 녹은 기찻길에서
손에 고이 접어 둔 편지
꽃이 피기 전 꼭 돌아온다던
내 님은 어디쯤 오셨나요

덩그러니 핀 쓸쓸한 달맞이꽃
달빛아래 기다리네요

타다만 순정만 남긴 채
당신 이름 불러보아요
그리움 넘쳐 사무치는 날엔
저 달만 보며 기다려요

민들레 불며 했던 약속도
바람 결에 떠나갔을까
아침이 오면 내 님이 보일까
꽃단장하고 기다려요

아무 소식도 없는 오늘밤에도
달빛아래 기다리네요

타다만 순정만 남긴 채
당신 이름 불러보아요
그리움 넘쳐 사무치는 날엔
저 달만 보며 기다려요

그대가 날 알아볼까요
내 이름을 기억할까요
그리움 넘쳐 사무치는 날엔
저 달만 보며 기다려요

꽃이 피기 전 꼭 돌아온다던
내 님은 어디쯤 오셨나요"
고맙소,"11,944",조항조,"이 나이 먹도록 세상을 잘 모르나 보다
진심을 다해도 나에게 상처를 주네
이 나이 먹도록 사람을 잘 모르나 보다
사람은 보여도 마음은 보이지 않아
이 나이 되어서 그래도 당신을 만나서
고맙소 고맙소 늘 사랑하오
술 취한 그날 밤 손등에 눈물을 떨굴 때
내 손을 감싸며 괜찮아 울어준 사람
세상이 등져도 나라서 함께 할거라고
등뒤에 번지던 눈물이 참 뜨거웠소
이 나이 되어서 그래도 당신을 만나서
고맙소 고맙소 늘 사랑하오
못난 나를 만나서
긴 세월 고생만 시킨 사람
이런 사람이라서 미안하고 아픈 사람
나 당신을 위해 살아가겠소
남겨진 세월도 함께 갑시다
고맙소 고맙소 늘 사랑하오"
아모르 파티,"10,701",이홍기 (FT아일랜드),"산다는 게 다 그런거지
누구나 빈 손으로 와
소설 같은 한 편의 얘기들을
세상에 뿌리며 살지
자신에게 실망하지 마
모든 걸 잘할 순 없어
오늘보다 더 나은 내일이면 돼
인생은 지금이야
아모르 파티 아모르 파티
인생이란 붓을 들고서
무엇을 그려야 할지
고민하고 방황하던 시간이
없다면 거짓말이지
말해 뭐해 쏜 화살처럼
사랑도 지나 갔지만
그 추억들 눈이 부시면서도
슬펐던 행복이여
나이는 숫자
마음이 진짜
가슴이 뛰는 대로 가면 돼
이제는 더이상 슬픔이여 안녕
왔다 갈 한번의 인생아
연애는 필수
결혼은 선택
가슴이 뛰는 대로 하면 돼
눈물은 이별의 거품일 뿐이야
다가올 사랑은 두렵지 않아
아모르 파티 아모르 파티
말해 뭐해 쏜 화살처럼
사랑도 지나 갔지만
그 추억들 눈이 부시면서도
슬펐던 행복이여
나이는 숫자
마음이 진짜
가슴이 뛰는 대로 가면 돼
이제는 더이상 슬픔이여 안녕
왔다 갈 한번의 인생아
연애는 필수
결혼은 선택
가슴이 뛰는 대로 하면 돼
눈물은 이별의 거품일 뿐이야
다가올 사랑은 두렵지 않아
아모르 파티
아모르 파티
아모르 파티"
옹이,"1,015",마이진,"사랑에 불씨 하나
가슴에 불 질러놓고

냉정히 등을 돌린
그 사랑 지우러 간다

얼마나 달려가야
이 사랑 내려놓을까

어디쯤 달려가야
그리움도 놓을까

너무 깊어 옹이가 된
사랑 때문에 내가 운다

뜨거웠던 그 사랑도
모두가 거짓이었나

냉정히 등을 돌린
그 사랑 지우러 간다

얼마나 달려가야
이 사랑 내려놓을까

어디쯤 달려가야
그리움도 놓을까

빼지 못할 옹이가 된
사랑 때문에 내가 운다
사랑 때문에 내가 운다"
서울의 달,"21,495",송가인,"서울 살이 타향살이 고달픈 날에
울 엄마가 생각이 난다
조물조물 무쳐주신 나물반찬에
된장찌개 먹고 싶구나
겁도 없이 떠나온 머나먼 길에
보고 싶은 내 고향 눈에 밟힌다
언젠가 서울에 가서 성공을 해서
돌아온다 약속했는데
세상에 울고 웃다가 바쁘다 보니
꿈에서나 갈 수 있구나
서울의 달 바라보면서
우 우우우 우우우우우 우우 우우우
우 우우우 우우우우우
우우 우 우우우
서울 살이 타향살이 외로운 날에
울 엄마가 보고 싶구나
차 창가에 부딪치는 달빛을 보며
엄마소원 빌어도 본다
겁도 없이 떠나온 머나먼 길에
남쪽바다 내 고향 눈에 밟힌다
언젠가 서울에 가서 성공을 해서
돌아온다 약속했는데
세상에 울고 웃다가 바쁘다 보니
꿈에서나 갈 수 있구나
언젠가 서울에 가서 성공을 해서
돌아온다 약속했는데
손 편지 한 장 갖고는 너무 모자란
내인생의 일기를 쓴다
서울의 달 바라보면서
우 우우우 우우우우우 우우 우우우
바라보면서"
돼지토끼,"25,815",장윤정,"넌 돼끼돼끼해 또 말랑말랑해
니 냄새까지 너무나 사랑스러워
눈이 안보이게 웃으면
심장이 아프잖아
넌 토끼시끼해 또 뽀실뽀실해
니 뱃살까지 너무나 사랑스러워
젤리 같은 너 마냥 소중해
영원히 안아줄게
비 맞지마 두피 멍들라
내가 구름도 가려줄게
제발 밤에는 집에만 있어
번쩍번쩍 빛이 나니까
바람 불면 나가지도 마
날아갈리 없겠지만은
혹시나 고운 피부
바람에 아파할까 봐
넌 돼끼돼끼해 또 말랑말랑해
니 냄새까지 너무나 사랑스러워
눈이 안보이게 웃으면
심장이 아프잖아
넌 토끼시끼해 또 뽀실뽀실해
니 뱃살까지 너무나 사랑스러워
젤리 같은 너 마냥 소중해
영원히 안아줄게
늙어지면 지리산 가자
때론 많이 외롭겠지만
흑염소 키우면서
우리 둘이서 살까 봐
넌 돼끼돼끼해 또 말랑말랑해
니 냄새까지 너무나 사랑스러워
눈이 안보이게 웃으면
심장이 아프잖아
넌 토끼시끼해 또 뽀실뽀실해
니 뱃살까지 너무나 사랑스러워
젤리 같은 너 마냥 소중해
영원히 안아줄게
넌 그대로면 돼 또 있어주면 돼
내 목숨까지 다해서 사랑해 줄게
너를 만난 건 신의 한수야
하늘에 감사할게"
아모르 파티,"75,667",김연자,"산다는게 다 그런거지
누구나 빈손으로와
소설같은 한 편의 얘기들을
세상에 뿌리며 살지
자신에게 실망 하지마
모든걸 잘할 순 없어
오늘보다 더 나은 내일이면 돼
인생은 지금이야 아모르파티
인생이란 붓을 들고서
무엇을 그려야 할지
고민하고 방황하던
시간이 없다면 거짓말이지
말해뭐해 쏜 화살처럼
사랑도 지나 갔지만
그 추억들 눈이 부시면서도
슬펐던 행복이여
나이는 숫자 마음이
진짜 가슴이 뛰는 대로 가면돼
이제는 더이상 슬픔이여 안녕
왔다갈 한번의 인생아
연애는 필수 결혼은 선택
가슴이 뛰는대로 가면 돼
눈물은 이별의 거품일 뿐이야
다가올 사랑은 두렵지 않아
아모르 파티 아모르파티
말해뭐해 쏜 화살처럼
사랑도 지나 갔지만
그 추억들 눈이 부시면서도
슬펐던 행복이여
나이는 숫자 마음이
진짜 가슴이 뛰는 대로 가면돼
이제는 더이상 슬픔이여 안녕
왔다갈 한번의 인생아
연애는 필수 결혼은 선택
가슴이 뛰는대로 가면 돼
눈물은 이별의 거품일 뿐이야
다가올 사랑은 두렵지 않아
아모르 파티 아모르파티
아모르 파티"
깜빡이를 키고 오세요,"6,571",박지현,"깜빡이를 키고 오세요
내 인생에 훅 들어온 당신 내님아
금사빠라 소문날지 모르겠지만
오늘은 오빠랑 달려
누가봐도 완벽한 오빠의 인생
돈쭐내러 다니는 백마탄기사
브레이크 밟을 일도 없던 내 인생
갑자기 사달이 났네
살며시 내 옆으로 몰래 와놓고
사랑을 던지나
다가와 토닥토닥 누나인척해
날뛰는 이 마음 어쩌라고
깜빡이를 키고 오세요
내 인생에 훅 들어온 당신 내님아
금사빠라 소문날지 모르겠지만
오늘은 오빠랑 달려
앞만보고 달리는 남자의 인생
긴 하루 끝자락에 비틀거리는
술 한잔에 내 청춘을 추스려보는
외로운 고독한 남자
살며시 내 옆으로 몰래 와놓고
사랑을 던지나
다가와 토닥토닥 누나인척 해
날뛰는 이 마음 어쩌라고
깜빡이를 키고 오세요
내 인생에 훅 들어온 당신 내님아
금사빠라 소문날지 모르겠지만
오늘은 오빠랑 달려
깜빡이를 키고 오세요
클락션을 눌러주세요
내 인생에 훅 들어온 우리 공주님
왔다가도 가버리는 사랑이지만
오늘은 오빠랑 달려
오늘은 오빠랑 달려"
내 이름 아시죠,"12,288",장민호,"어두운 그 길을
어찌 홀로 가나요
새들도 나무들도
슬피 우는 밤
조심 조심 가세요
넘어지면 안돼요
달님이 그 먼길을
지킬겁니다
내 이름 아시죠
한 글자 한 글자
지어주신 이름
내 이름 아시죠
가시다가 외로울 때
불러주세요
길 잃으면 안돼요
꿈에 한 번 오세요
잘 도착했다 말해요
조심조심 가세요
넘어지면 안돼요
달님이 그 먼길을
지킬겁니다
내 이름 아시죠
한 글자 한 글자
지어주신 이름
내 이름 아시죠
가시다가 외로울 때
불러주세요
길 잃으면 안돼요
꿈에 한 번 오세요
잘 도착했다 말해요
길 잃으면 안돼요
꿈에 한 번 오세요
잘 도착했다 말해요"
사랑 참,"20,208",장윤정,"잡힐 듯 잡히지 않는
사랑이 너무 아쉬워
다가가면 더 멀어지는
사랑 참 힘드네요
보일 듯 보이지 않는
사랑이 너무 아파서
시린 가슴 애써 달래도
사랑 참 힘드네요
참을 만해요 괜찮아요
힘들면 좀 어때요
사랑을 잃은 아픔보다
참는 게 더 쉬워요
들리나요 사랑아
내 슬픈 사랑아
보이나요 사랑아
내 아픈 사랑아
참을 만해요 괜찮아요
힘들면 좀 어때요
사랑을 잃은 아픔보다
참는 게 더 쉬워요
들리나요 사랑아
내 슬픈 사랑아
보이나요 사랑아
내 아픈 사랑아
사랑 참 힘드네요"
한잔해,"21,464",박군,"한잔해 한잔해 한잔해
갈때까지 달려보자 한잔해
오늘밤 너와 내가 하나되어
달려 달려 달려 달려
한잔해 한잔해 한잔해
갈때까지 달려보자 한잔해
내가 쏜다 한잔해
월요일은 원래 먹는 날
화요일은 화가 나니까
숙취에 한잔
목이 말라 한잔
금요일은 불금 이니까
밤새도록 한잔 어때요
한잔해 한잔해 한잔해
갈때까지 달려보자 한잔해
오늘밤 너와 내가 하나되어
달려 달려 달려 달려
한잔해 두잔해 세잔해
갈때까지 달려보자 한잔해
내가 쏜다 한잔해
삼겹살에 한잔 때리자
치킨에다 한잔 때리자
두부김치 해물파전
시원한 한잔 주세요
밤새도록 한잔 어때요
한잔해 한잔해 한잔해
갈때까지 달려보자 한잔해
오늘밤 너와 내가 하나되어
달려 달려 달려 달려
한잔해 두잔해 세잔해
갈때까지 달려보자 한잔해
내가 쏜다 한잔해
한잔해 한잔해 한잔해
갈때까지 달려보자 한잔해
오늘밤 너와 내가 하나되어
달려 달려 달려 달려
한잔해 두잔해 세잔해
갈때까지 달려보자 한잔해
내가 쏜다 한잔해"
아시나요,"3,041",손태진,"지친 나의 마음을 감싸 주던 사람
영원토록 나의 가슴속 깊이 새겨진 사람

그 누구보다도 지켜 주고 싶은 걸
그대 나만을 믿어주세요

아시나요
아시나요
괜스레 생각만 해도 참 좋아요
세상 그 누구도 부럽지 않죠

아시나요
아시나요

하루를 살아도 난 그대뿐이죠
그대만 부르고 불러봅니다

외롭고 지쳐 힘들 때
널 놓지는 않을게요

세상에 가장 큰 선물은
바로 그대뿐이에요

영원할 수 있기를
눈물은 다시없을 테니

내가 그대 곁에서 있을게요

너무 힘들었었던 지난 시간들이
그대라는 이유 하나로 모두 잊을 수 있어

그 누구보다도 지켜 주고 싶은 걸
그대 하나만 바라볼게요

아시나요
아시나요

괜스레 생각만 해도 참 좋아요
세상 그 누구도 부럽지 않죠

아시나요
아시나요

하루를 살아도 난 그대뿐이죠
그대만 부르고 불러봅니다

외롭고 지쳐 힘들 때
널 놓지는 않을게요

세상에 가장 큰 선물은
바로 그대뿐이에요

영원할 수 있기를
눈물은 다시없을 테니

내가 그대 곁에서 있을게요

내가 마지막 그대의 쉴 곳이 되고 싶어
눈물 나도록 너무나 소중한 사람

외롭고 지쳐 힘들 때
널 놓지는 않을게요

세상에 가장 큰 선물은
바로 그대뿐이에요

영원할 수 있기를
눈물은 다시없을 테니

내가 그대 곁에서 있을게요"
안동역에서,"17,751",진성,"1.바람에 날려버린 허무한 맹세였나

첫눈이 내리는 날 안동역 앞에서

만나자고 약속한사람

새벽부터 오는 눈이 무릎까지 덮는데

안오는 건지 못오는 건지 오지 않는 사람아

안타가운 내 마음만 녹고 녹는다

기적소리 끊어진 밤에

2.어차피 지워야할 사랑은 꿈이였나

첫눈이 내리는 날 안동역 앞에서

만나자고 약속한사람

새벽부터 오는눈이 무릎까지 덮는데

안오는 건지 못오는 건지 대답 없는 사람아

기다리는 내 마음만 녹고 녹는다

기다리는 내 마음만 녹고 녹는다

기다리는 안동역에서"
당신의 카톡사진,"2,981",손태진,"당신의 사진은 왜 꽃인가요
예쁜 꽃인 건가요
젊은 날 꽃다운 날이
문득 그리운가요

당신의 사진은 왜 산인가요
드높은 산인 건가요
청춘의 푸르던 꿈이
문득 생각나나요

정신없이 앞만 보고 사느라
놓친 것이 너무나 많아
어쩌면 먼 길에 눈물 한 장인가요

아니야 꽃을 보면 웃게 되고
산을 보면 가슴 트이는
남은 날 당신의 예쁜 바램일 거야

정신없이 앞만 보고 사느라
놓친 것이 너무나 많아
어쩌면 먼 길에 눈물 한 장인가요

아니야 꽃을 보면 웃게 되고
산을 보면 가슴 트이는
남은 날 당신의 예쁜 바램일 거야

꽃처럼 아름답게
산처럼 너그럽게
사는 날 우리의 예쁜 바램일 거야

소중한 꿈일 거야"
독백,"6,214",정동원,"사랑은 잊어도 돼
언젠가 떠날 테니까
이별도 잊어야 해
사랑이 미워하니까
밤이 오면 밤이 오면
어디에서 나는 울어야 하나

외로울 땐 혼자 걷구요
슬퍼지면 혼자 울어요
지친 저 꽃처럼 아픈 저 별처럼
오늘도 나는 혼자 울어요

그 모습 잊어도 돼
내 곁을 떠날 테니까
그 마음 잊어야 해
이별이 아플 테니까
밤이 가면 밤이 가면
어디에서 나는 울어야 하나

외로울 땐 혼자 걷구요
슬퍼지면 혼자 울어요
지친 저 꽃처럼 아픈 저 별처럼
오늘도 나는 혼자 울어요

지쳐버린 저 꽃처럼
아파하는 저 별처럼
오늘도 나는 오늘도 나는
혼자서 혼자서 울어요
혼자서 혼자서 울어요"
못난놈,"5,586",박지현,"남 속이고 사는 게 그리 좋더냐
두 다린 뻗고 잘 자니
자식 낳았다고 미역국 드신
애미 생각나지도 않더냐
무엇을 주워 먹고 그 몹쓸 심보냐
숯덩이 같은 인생아
일 더하기 일은 이 그리 가르쳤건만
구구단 밤에 배웠더냐 못난 놈
남 속이고 사는 게 그리 좋더냐
두 다린 뻗고 잘 자니
자식 낳았다고 잔치 벌이신
애비 생각 나지도 않더냐
무엇을 주워 먹고 그 몹쓸 심보냐
숯덩이 같은 인생아
올바르게 살라고 그리 가르쳤건만
소귀에 경 읽기냐 못난 놈
소귀에 경 읽기냐 못난 놈"
사랑역,"43,196",임영웅,"돌고 돌아 사랑역
다시 한번 내렸네
아픔만 두고 떠나가는
저 기차는 말이 없는데
이리 갈까 저리 갈까
몇 번을 물어보아도
돌아온 대답은 멀어지는
멀어지는 기적 소리뿐
아 아 아 사랑역 나에겐 눈물역
돌고 돌아 사랑역
다시 한번 내렸네
상처만 두고 떠나가는
저 기차는 말이 없는데
남은 짐 구겨 넣고
돌아서는 내 모습이
마주친 대합실 창 너머로
쓸쓸히 웃음 짓는다
아 아 아 사랑역 나에겐 눈물역
이리 갈까 저리 갈까
몇 번을 물어보아도
돌아온 대답은 멀어지는
멀어지는 기적 소리뿐
아 아 아 사랑역 나에겐 눈물역
나에겐 눈물역"
바람의 노래,"20,599",조용필,"살면서 듣게될까 언젠가는
바람에 노래를
세월가면 그때는 알게될까
꽃이지는 이유를
나를 떠난 사람들과 만나게될
또 다른 사람들
스쳐가는 인연과 그리움은
어느곳으로 가는가
나의 작은 지혜로는 알수가 없네
내가 아는건 살아가는 방법뿐이야
보다 많은 실패와 고뇌의 시간이
비켜갈 수 없다는 걸 우린 깨달았네
이제 그 해답이 사랑이라면
나는 이 세상 모든 것들을 사랑하겠네

나를 떠난 사람들과 만나게될
또다른 사람들
스쳐가는 인연과 그리움은
어느 곳으로 가는가
나의 작은 지혜로는 알수가 없네
내가 아는건 살아가는 방법뿐이야
보다 많은 실패와 고뇌의 시간이
비켜갈 수 없다는 걸 우린 깨달았네
이제 그 해답이 사랑이라면
나는 이 세상 모든 것들을 사랑하겠네

보다 많은 실패와 고뇌의 시간이
비켜갈 수 없다는 걸 우린 깨달았네
이제 그 해답이 사랑이라면
나는 이 세상 모든 것들을 사랑하겠네
나는 이 세상 모든 것들을 사랑하겠네
이 세상 모든것들을 사랑하겠네"
홍시,"10,383",나훈아,"생각이 난다 홍시가 열리면
울 엄마가 생각이 난다
자장가 대신 젖가슴을 내주던
울 엄마가 생각이 난다
눈이 오면 눈맞을 세라
비가 오면 비젖을 세라
험한 세상 넘어질 세라
사랑 땜에 울먹일 세라
그리워진다 홍시가 열리면
울 엄마가 그리워진다
눈에 넣어도 아프지도 않겠다던
울 엄마가 그리워진다
생각이 난다 홍시가 열리면
울 엄마가 생각이 난다
회초리 치고 돌아 앉아 우시던
울 엄마가 생각이 난다
바람 불면 감기들 세라
안먹어서 약해 질 세라
힘든 세상 뒤쳐질 세라
사랑 땜에 아파 할 세라
그리워진다 홍시가 열리면
울 엄마가 그리워진다
생각만 해도 눈물이 핑도는
울 엄마가 그리워진다
생각만 해도 가슴이 찡하는
울 엄마가 그리워진다
울 엄마가 생각이 난다
울 엄마가 보고파진다"
HERO,"77,053",임영웅,"세상이란 장애물이 너의
앞길을 가로막을 때 날 봐
언제나 너의 곁엔 내가 있어
불안 따윈 1도 없을 테니
이렇게 always always
내가 너를 지켜줄게
나를 믿고 가 오
거친 세상이지만
나를 믿고 가 오
나와 함께라면 ready to go
창밖으로 비쳐오는 태양
시시각각 바뀌는 구름의 모양
공기를 가르며 와닿는
바람의 향기가 느껴지니
이렇게 always always
내가 너를 지켜줄 테니
나를 믿고 가 오
거친 세상이지만
나를 믿고 가 오
나와 함께라면 ready to go
Let's go go right away right away
When we go go go far away far away
참 다행이지 나의 옆이 너라서
내 어깨에 기대어
손을 꼭 잡고 같이
어디로든 가자
나를 믿고 가 오
거친 세상이지만
나를 믿고 가 오
나와 함께라면 ready to go
Let's go go right away right away
When we go go go far away far away"
보릿고개,"13,259",진성,"아야
뛰지마라
배 꺼질라
가슴시린 보릿고갯길
주린 배잡고
물 한바가지
배 채우시던
그 세월을
어찌 사셨소
초근목피에
그 시절 바람결에
지워져 갈 때
어머님 설움
잊고 살았던
한 많은 보릿고개여
풀피리 꺾어 불던
슬픈 곡조는
어머님의 한숨이었소
아야 우지마라
배 꺼질라
가슴시린 보릿고갯길
주린배 잡고
물 한바가지
배 채우시던
그 세월을
어찌 사셨소
초근목피에
그 시절 바람결에
지워져 갈 때
어머님 설움
잊고 살았던
한 많은 보릿고개여
풀피리 꺾어 불던
슬픈 곡조는
어머님의
한숨이었소
풀피리 꺾어 불던
슬픈 곡조는
어머님의
통곡이었소"
떠날 수 없는 당신,"5,208",박지현,"나를 너무 모르시는 모르시는 당신이여
짙은 안개 때문입니까 무심한 탓입니까
사랑에 눈먼 당신이기에
이 가슴 멍들기전에
모두다 잊고 모두다 잊고
어디론가 떠나고 싶지만
미련이 많아 미련이 많아
떠날 수 없는 당신
나를 너무 모르시는 모르시는 당신이여
흐린 달 빛 때문입니까 무심한 탓입니까
사랑에 귀먼 당신이기에
이가슴 멍들기전에
모두다 잊고 모두다 잊고
어디론가 떠나고 싶지만
너무 정들어 너무 정들어
떠날 수 없는 당신
너무 정들어 너무 정들어
떠날 수 없는 당신"
옆집누나,"12,803",장윤정,"옆집 누나랍니다
얼굴도 마음씨도 착한
알고 보면 정도 많고
귀여운 여자랍니다
울적하다면 와요
집에 놀러 와요
라면 끓여줄게요
고민 있다면 와요
소주 한잔하며
뭐든지 다 들어줄게
날 보러 와요
보고 싶을 땐
날 보러 와요
누나가 생각날 땐 언제든
옆집 누나랍니다
얼굴도 마음씨도 착한
알고 보면 정도 많고
귀여운 여자랍니다
어디 아프면 와요
누나 손은 약손
내가 호 해줄게요
외로울 때면 와요
아무 때나 좋아
내가 곁에 있어줄게
오오 날 보러 와요
보고 싶을 땐
오오 날 보러 와요
누나가 생각날 땐 언제든
옆집 누나랍니다
얼굴도 마음씨도 착한
알고 보면 정도 많고
귀여운 여자랍니다
이쁜 누나랍니다
볼수록 매력 있는 여자
성격 하난 끝내주는
옆집 누나랍니다
다 주고 싶어 모두 주고 싶어
당신 향한 내 마음
나에게 와요 오늘 밤에 와요
내가 안아줄게요
착한 누나랍니다
영원히 변치 않을 여자
당신만을 사랑하는
당신의 여자랍니다
옆집 누나랍니다"
산다는 건 (Cheer Up),"51,390",홍진영,"산다는 건 다 그런 거래요
힘들고 아픈 날도 많지만
산다는 건 참 좋은 거래요
오늘도 수고 많으셨어요
어떻게 지내셨나요
오늘도 한잔 걸치셨나요
뜻대로 되는 일 없어
한숨이 나도 슬퍼마세요
어느 구름속에
비가 들었는지 누가 알아
살다보면 나에게도
좋은 날이 온답니다
산다는 건 다 그런 거래요
힘들고 아픈 날도 많지만
산다는 건 참 좋은 거래요
오늘도 수고 많으셨어요
옆집이 부러운가요
친구가 요즘 잘나가나요
남들은 다 좋아 보여
속상해져도 슬퍼마세요
사람마다 알고 보면
말 못할 사연도 많아
인생이 별거 있나요
거기서 거기인거지
산다는 건 다 그런 거래요
힘들고 아픈 날도 많지만
산다는 건 참 좋은 거래요
오늘도 수고 많으셨어요
산다는 건 다 그런 거래요
세상일이란 알 수 없지만
산다는 건 참 멋진 거래요
모두가 내일도 힘내세요"
남이가,"2,527",전유진,"우리는 남이가 사랑이 끝나버린 남이가
이제는 남이가 사랑이 식어버린 남이가
우리는 남이가 사랑에 울어버린 남이가
이제는 남이가 다시는 볼 수 없는 남이가

떠나는 사람아 너무나 사랑했던 사람아
가슴이 아파 눈물이 나와
떠나는 사람아 이대로 남이 되는 사람아
우리 사랑이 연기처럼 사라지네

다시 올 수 없는가 사랑할 수 없는가
우리 이제 남이가 차갑게 돌아서네
다시 올 수 없는가 사랑할 수 없는가
우리 이제 남이가 뜨겁게 돌아와줘
우린 남이가
우리가 남이가

떠나는 사람아 너무나 사랑했던 사람아
가슴이 아파 눈물이 나와
떠나는 사람아 이대로 남이 되는 사람아
우리 사랑이 연기처럼 사라지네

다시 올 수 없는가 사랑할 수 없는가
우리 이제 남이가 차갑게 돌아서네
다시 올 수 없는가 사랑할 수 없는가
우리 이제 남이가 뜨겁게 돌아와줘

우린 남이가
우리가 남이가
우린 남이가"
지나야,"5,875",박서진,"한때는 사랑했던사람
한때는 죽고못살던사람
이제는 남이되어 곁에없지만
그래도 나는 아직도 나는
사랑은 떠났지만
오늘도 어김없이 밤을 설치네
그저께밤도 어저께밤도
어디서 무얼하고 있을까
어쩌다가 우연이라도 좋아
다시한번 보고싶구나
지나야 지나야 지나야
내가 더 널 사랑했나봐
한때는 사랑했던사람
한때는 죽고못살던사람
이제는 남이되어 곁에없지만
그래도 나는 아직도 나는
사랑은 떠났지만
오늘도 어김없이 밤을 설치네
그저께밤도 어저께밤도
어디서 무얼하고 있을까
어쩌다가 우연이라도 좋아
다시한번 보고싶구나
지나야 지나야 지나야
내가 더 널 사랑했나봐
어쩌다가 우연이라도 좋아
다시한번 보고싶구나
지나야 지나야 지나야
내가 더 널 사랑했나봐
내가 더 널 사랑했나봐"
오래된 노래,"47,575",임영웅,"오래 전에 함께 듣던 노래가
발걸음을 다시 멈춰서게 해
이 거리에서
너를 느낄 수 있어
널 이 곳에서
꼭 다시 만날 것 같아
너 일까봐 한번 더 바라보고
너 일까봐 자꾸 돌아보게 돼
어디선가 같은 노래를 듣고
날 생각하며
너 역시 멈춰있을까
오래 전에 함께 듣던 노래가
거리에서 내게
우연히 들려온 것처럼
살아가다 한번쯤
우연히 만날 것 같아
사랑했던 그 모습 그대로
내 사랑이
그대로인 것처럼
발걸음이 여길
찾는 것처럼
꼭 만날꺼야
지금 이 노래처럼
날 사랑하는 네 맘도
같을 테니까
오래 전에 함께 듣던 노래가
거리에서 내게
우연히 들려온 것처럼
살아가다 한번쯤
우연히 만날 것 같아
사랑했던 그 모습 그대로
운명처럼 아니면 우연처럼
우리가 다시 예전처럼
만날 수 있다면
너에게 나 해주고 싶은
말이 하나 있어
널 다시는 놓치지 않을께
오래 전에 함께 듣던 노래가
거리에서 내게
우연히 들려온 것처럼
살아가다 한번쯤
우연히 만날 것 같아
사랑했던 그 모습 그대로"
남자는 말합니다,"14,509",장민호,"여행 갑시다
나의 여자여
하나 뿐인
나의 여자여
상처투성이
병이 들어 버린 당신
여행가서
낫게 하리다
나란 사람 하나만 믿고
같이 살아온
바보 같이
착한 사람아
남자는 말합니다
고맙구요 감사해요
오직 나만
아는 사람아
안아 봅시다
나의 여자여
하나 뿐인
나의 여자여
고운 얼굴에 쓰여진
슬픈 이야기
오늘 밤에
지워 봅시다
나란 사람 하나만 믿고
같이 살아온
바보 같이
착한 사람아
남자는 말합니다
고맙구요 감사해요
오직 나만
아는 사람아
나란 사람 하나만 믿고
같이 살아온
바보 같이
착한 사람아
남자는 말합니다
고맙구요 감사해요
오직 나만
아는 사람아
오로지 나만
아는 사람아"
옛 시인의 노래,"1,512",전유진,"마른나무 가지에서 떨어지는
작은 잎새 하나
그대가 나무라 해도
내가 내가 잎새라 해도

우리들의 사이에 아무것도
남은 게 없어요
그대가 나무라 해도
내가 내가 잎새라 해도

좋은 날엔 시인의 눈빛 되어
시인의 가슴이 되어
아름다운 사연들을 태우고
또 태우고 태웠었네

루루루루 귓전에 맴도는
낮은 휘파람소리
시인은 시인은 노래 부른다
그 옛날의 사랑 얘기를

좋은 날엔 시인의 눈빛 되어
시인의 가슴이 되어
아름다운 사연들을 태우고
또 태우고 태웠었네

좋은 날엔 시인의 눈빛 되어
시인의 가슴이 되어
아름다운 사연들을 태우고
또 태우고 태웠었네

루루루루 귓전에 맴도는
낮은 휘파람 소리
시인은 시인은 노래 부른다
그 옛날의 사랑 얘기를
그 옛날의 사랑 얘기를

그 옛날의 사랑 얘기를"
고맙소,"42,860",김호중,"이 나이 먹도록
세상을 잘 모르나 보다
진심을 다해도 나에게 상처를 주네
이 나이 먹도록
사람을 잘 모르나 보다
사람은 보여도 마음은 보이질 않아
이 나이 되어서 그래도
당신을 만나서
고맙소 고맙소 늘 사랑하오
술 취한 그날 밤 손등에
눈물을 떨굴 때
내 손을 감싸며 괜찮아 울어준 사람
세상이 등져도 나라서
함께 할 거라고
등 뒤에 번지던 눈물이 참 뜨거웠소
이 나이 되어서
그래도 당신을 만나서
고맙소 고맙소 늘 사랑하오
못난 나를 만나서
긴 세월 고생만 시킨 사람
이런 사람이라서 미안하고
아픈 사람
나 당신을 위해 살아가겠소
남겨진 세월도 함께 갑시다
고맙소 고맙소 늘 사랑하오
늘 사랑하오
고맙소 고맙소 늘 사랑하오"
겨울장미,979,정서주,"철이 없어 그땐 몰랐어요
그 눈길이 무얼 말하는지
바람 불면 그대 잊지 못해
조용히 창문을 열면서 나는 기다려요
겨울에 피는 흰 장미야
아직도 나를 기다리나
감춰진 마음 보고 싶어
햇살을 향해 피었는가
사랑의 말 내게 들려줘요
그리움이 나를 반기도록
바람 불면 그대 잊지 못해
조용히 창문을 열면서 나는 기다려요

겨울에 피는 흰 장미야
아직도 나를 기다리나
감춰진 마음 보고 싶어
햇살을 향해 피었는가
겨울에 피는 흰 장미야
아직도 나를 기다리나
감춰진 마음 보고 싶어
햇살을 향해 피었는가
사랑의 말 내게 들려줘요
그리움이 나를 반기도록
바람 불면 그대 잊지 못해
조용히 창문을 열면서 나는 기다려요
조용히 창문을 열면서 나는 기다려요"
거문고야,"4,784",박지현,"내 청춘이 못가게 붙잡아보자
오동잎 떨어진 달 밝은 밤에
너하고 나하고
이 밤이 가지 못하게 붙잡아보자
뚱따리뚱땅 뚱따리뚱땅 거문고야
내 청춘이 못가게 여섯줄을 퉁겨라
새파란 청춘 내 청춘을 어이 보내놓고
내가 너를 붙잡고 있으니
님이 생각난다 보고픈 내 님이
거문고야 여섯줄을 퉁겨라
달아나는 밤을 붙잡고 너를 붙잡고
뚱따리뚱땅 뚱따리뚱땅땅
오동잎 떨어진 달 밝은 밤에
너하고 나하고
이 밤이 못가게 붙잡아보자
님이 생각난다 보고픈 내 님이
거문고야 여섯줄을 퉁겨라
달아나는 밤을 붙잡고 너를 붙잡고
뚱따리뚱땅 뚱따리뚱땅땅
오동잎 떨어진 달 밝은 밤에
너하고 나하고
이 밤이 못가게 붙잡아보자
내 청춘이 못가게 붙잡아보자"
풍악을 울려라!,"4,420",장민호,"풍악을 울려라 온 세상 떠들썩하게
풍악을 울려라 내 님이 춤출 수 있게
이 세상에서 제일로 예쁜
고운 님이 오신다는데
이보다 더 나 기쁠 수 있나
세상이 다 내 것이로세
벌나비가 춤을 추고
산에 들에 꽃천지
내 마음은 살랑 춘풍이
어깨춤 절로 더덩실
풍악을 울려라 온 세상 떠들썩하게
풍악을 울려라 내 님이 춤출 수 있게
풍악을 울려라 온 세상 떠들썩하게
풍악을 울려라 내 님이 춤출 수 있게
이 세상에서 제일로 예쁜
고운 님이 오신다는데
이보다 더 나 기쁠 수 있나
세상이 다 내 것이로세
벌나비가 춤을 추고
산에 들에 꽃천지
내 마음은 살랑 춘풍이
어깨춤 절로 더덩실
풍악을 울려라 온 세상 떠들썩하게
풍악을 울려라 내 님이 춤출 수 있게
풍악을 울려라 온 세상 떠들썩하게
풍악을 울려라 내 님이 취할 수 있게
내 님이 안길 수 있게"
후,"1,120",정서주,"뭘 하며 사니 네가 낯설어져가
영원할 듯한 우리였는데
잘 지내냐는 흔한 안부조차도
물을 수 없는 눈물 나는 사랑
우연에 이끌려 또 한걸음 뒤돌아보면
영화 같은 사랑이었는데
내 가슴에서 끄집어낸 바람 같은 추억
후 하고 불면 잊혀져 갈까
사랑했었다 너만 사랑했었다
나는 나는 다시 그 말뿐이다
네가 주고 간 이 지독한 그리움
우리 다시 사랑할 수 있을까

우연에 이끌려 또 한걸음 뒤돌아보면
영화 같은 사랑이었는데
내 가슴에서 끄집어낸 바람 같은 추억
후 하고 불면 잊혀져 갈까
사랑했었다 너만 사랑했었다
나는 나는 다시 그 말뿐이다
네가 주고 간 이 지독한 그리움
우리 다시 사랑할 수 있을까
사랑했었다 너만 사랑했었다
나는 나는 다시 그 말뿐이다
네가 주고 간 이 지독한 그리움
우리 다시 사랑할 수 있을까
우리 다시 사랑할 수 있을까"
잊었니,"43,167",임영웅,"잊었니 날 잊어버렸니
그 수많은 추억들은 잊어버렸니
가슴은 널 향해 팔 벌려
오늘도 간신히 버티고 있는데
추억이 점점 빛 바래가면
너와 거닐던 길에 우두커니 서
지우고 또 지우려 해도
네 숨결 목소리가 귓가에 들려
잊었니 날 잊어버렸니
아직 난 널 기다리잖아
사랑이 또 울고 있잖아
가슴엔 늘 눈물이 고여
지워도 자꾸 지우려 해도
그대 얼굴이 자꾸 떠오르네요
잊었니 날 잊어버렸니
아직 난 널 기다리잖아
사랑이 또 울고 있잖아
가슴엔 늘 눈물이 고여
잊었니 날 잊어버렸니
아직 난 널 기다리잖아
사랑이 또 울고 있잖아
가슴엔 늘 눈물이 고여
지워도 자꾸 지우려 해도
그대 얼굴이 자꾸 떠오르네요
지워도 자꾸 지우려 해도
그대 얼굴이 자꾸 떠오르네요
그대 얼굴이 자꾸 떠오르네요"
빈손,"1,137",마이진,"검은 머리 하늘 닿는 아 잘난 사람아
이 넓은 땅이 보이지 않더냐

검은 머리 땅을 닿는 아 못난 사람아
저 푸른 하늘 보이지 않더냐

있다고 잘났고 없다고 못나도
돌아갈 땐 빈손인 것을

호탕하게 원 없이 웃다가
으랏차차 세월을 넘기며
구름처럼 흘러들 가게나

검은 머리 하늘 닿는 아 잘난 사람아
이 넓은 땅이 보이지 않더냐

검은 머리 땅을 닿는 아 못난 사람아
저 푸른 하늘 보이지 않더냐

있다고 잘났고 없다고 못나도
돌아갈 땐 빈손인 것을

호탕하게 원 없이 웃다가
으랏차차 세월을 넘기며
구름처럼 흘러들 가게나

있다고 잘났고 없다고 못나도
돌아갈 땐 빈손인 것을

호탕하게 원 없이 웃다가
으랏차차 세월을 넘기며
구름처럼 흘러들 가게나
구름처럼 흘러들 가게나"
계단말고 엘리베이터,"60,941",임영웅,"터벅터벅 그 걸음으로
어느 세월에 내게 오나요
저 푸른 하늘 새들처럼
날개를 달고 와야죠
이리저리 돌아보면서
어느 천년에 내게 오나요
더 늦기 전에 돌아와요
빨리빨리 오세요
사랑아 멀어진 나의 사랑아
내 님아 보고픈 나의 사람아
어 허야 내가 내가 간다
그리운 내 님 곁으로
늦기 전에 더 늦기 전에
계단 말고 엘리베이터
터벅터벅 그 걸음으로
어느 세월에 내게 오나요
저 푸른 하늘 새들처럼
날개를 달고 와야죠
이리저리 돌아보면서
어느 천년에 내게 오나요
더 늦기 전에 돌아와요
빨리빨리 오세요
사랑아 멀어진 나의 사랑아
내 님아 보고픈 나의 사람아
어 허야 내가 내가 간다
그리운 내 님 곁으로
늦기 전에 더 늦기 전에
계단 말고 엘리베이터
계단 말고 엘리베이터"
기장갈매기,"2,216",나훈아,"동쪽에서 바라보면 여섯 개로 보이고
서쪽에서 쳐다보면 다섯 개로 보이는
오륙도 돌고 돌며 나래 치는 내가 바로
내가 바로 기장 갈매기다
사랑 따윈 누가 뭐래도 믿지 않는다
이별 따윈 상관없다 떠나든 말든
어차피 사랑이란 왔다가는 파도처럼
가버리면 그만인 거야
오늘은 해운대서 사랑을 하고
내일은 영도에서 이별을 하고
또다시 남천동의 밤을 꼬신다
내가 바로 기장 갈매기다

내 청춘은 누가 뭐래도 의리 하나다
빈 주머닌 상관없다 없어도 그만
어차피 인생이란 밀물처럼 왔다가
썰물처럼 가버리는 것
오늘은 다대포에서 낙조에 취하고
내일은 송도에서 일출에 잠 깨고
내친김에 광안대교도 접수를 한다
내가 바로 기장 갈매기다
내가 바로 기장 갈매기다
내가 바로 기장 갈매기다"
참 좋은 사람,"5,345",손태진,"그대가 말을 하진 않아도
난 벌써 알고 있어요
그 눈빛 그 몸짓이 나에게
무엇을 말해주는지

사랑하고 있다는 것을
난 이미 알고 있었죠
좋아하고 있다는 것을
난 벌써 알고 있었죠

정말 고마운 사람
정말 따뜻한 사람
끊임없이 내게 사랑으로
이만큼 세워준 사람

정말 고맙습니다
정말 사랑합니다
밤하늘에 달빛 같이
나에게 빛이 된 사람

정말 고마운 사람
정말 따뜻한 사람
끊임없이 내게 사랑으로
이만큼 세워준 사람

정말 고맙습니다
정말 사랑합니다
밤하늘에 달빛 같이
나에게 빛이 된 사람
나에게 빛이 된 사람"
그 중에 그대를 만나,"30,438",임영웅,"그렇게 대단한 운명까진
바란적 없다 생각했는데
그대 하나 떠나간 내 하룬 이제
운명이 아님 채울 수 없소
별처럼 수 많은 사람들
그 중에 그대를 만나
꿈을 꾸듯 서롤 알아보고
주는 것 만으로 벅찼던
내가 또 사랑을 받고
그 모든건 기적이었음을
그렇게 어른이 되었다고
자신한 내가 어제같은데
그대라는 인연을 놓지 못하는
내 모습 어린아이가 됐소
별처럼 수 많은 사람들
그 중에 그대를 만나
꿈을 꾸듯 서롤 알아보고
주는 것 만으로 벅찼던
내가 또 사랑을 받고
그 모든건 기적이었음을
나를 꽃처럼 불러주던
그대 입술에 핀 내 이름
이제 수많은 이름들
그 중에 하나되고
오 그대의 이유였던
나의 모든 것도 그저 그렇게
별처럼 수 많은 사람들
그 중에 서로를 만나
사랑하고 다시 멀어지고
억겁의 시간이 지나도
어쩌면 또다시 만나
우리 사랑 운명이었다면
내가 너의 기적이었다면"
꽃,"13,165",장윤정,"날 찾아 오신 내님 어서 오세요
당신을 기다렸어요
라이 라이야
어서오세요 당신의 꽃이 될래요
어디서 무엇하다 이제 왔나요
당신을 기다렸어요
라이 라이야
어서오세요 당신의 꽃이 될래요
사랑의 꽃씨를 뿌려 기쁨을 주고
서로 행복 나누면
니이 라이 라이 라이 라이야
당신은 나의 나무가 되고
니이 라이 라이 라이 라이야
나는 당신의 꽃이 될래요
날 찾아오신 내님 어서 오세요
당신을 기다렸어요
라이 라이야
어서오세요 당신의 꽃이 될래요
어디서 무엇하다 이제 왔나요
당신을 기다렸어요
라이 라이야
어서오세요 당신의 꽃이 될래요
사랑의 꽃씨를 뿌려 기쁨을 주고
서로 행복 나누면
니이 라이 라이 라이 라이야
당신은 나의 나무가 되고
니이 라이 라이 라이 라이야
나는 당신의 꽃이 될래요
나는 당신의 꽃이 될래요"
뱃놀이,"8,798",정동원,"어기야 디여차
따뜻하게 입어라 신경 쓰이니까
오다 주웠다 받아 별거 아니니까
툭하고 던진 맘에 올라가는 입가
거친 내 매력에 너 납치된 거야
어머 어머 뭐니
어쩜 이렇게 좋니
흔들흔들 어질하도록
너를 격하게 아껴줄 테니 내게 맡겨
우리는 운명인 거야
나만의 님이 돼주오
떠가는 저 배 위에
함께 노닐 나의 님이 돼주오
저 푸른 바다 위에
어기야 디여차
사랑하는 나의 님과
어기야 디여 어기여차
뱃놀이 가잔다
영차 영차 노를 젓자 젓자
가자 가자 저 바다로 가자
저 달님이 부르는
우리의 노랫말은
물결 위에 뿌려져
물비늘 되는구나
어머 어머 뭐니
어쩜 이렇게 좋니
흔들흔들 어질하도록
너를 격하게 아껴줄 테니 내게 맡겨
우리는 운명인 거야
나만의 님이 돼주오
떠가는 저 배 위에
함께 노닐 나의 님이 돼주오
저 푸른 바다 위에
어기야 디여차
사랑하는 나의 님과
어기야 디여 어기여차
뱃놀이 가잔다
노을 진 하늘을 지나
휘영청 밝은 그 달이
걸린 밤하늘을 바라보다
해가 뜨는 새벽에도 우린 함께
그대여 나의 님이 되어 주오
그대의 님이 나 되게 해 주오
거친 바람이 불어도
지켜 줄 수 있게
나만의 님이 돼주오
떠가는 저 배 위에
함께 노닐 나의 님이 돼주오
저 푸른 바다 위에
어기야 디여차
사랑하는 나의 님과
어기야 디여 어기여차
뱃놀이 가잔다
어야 디여 (어야 디여)
어야 디여 (어야 디여)
닻을 올려 노를 저어서 가자
어야 디여 (어야 디여)
어야 디여 (어야 디여)
뱃놀이 가잔다"
사랑의 배터리,"27,708",홍진영,"나를 사랑으로 채워줘요
사랑의 밧데리가 다 됐나봐요
당신없인 못살아 정말 나는 못살아
당신은 나의 밧데리
얼짱이 아니라도 좋아요
몸짱이 아니라도 좋아요
나만을 위해줄 당신이
바로 내겐 짱이랍니다
한번 더 나를 안아주세요
가슴이 터지도록 안아주세요
사랑의 약발이 떨어졌나봐
당신이 필요해요
나를 사랑으로 채워줘요
사랑의 밧데리가 다 됐나봐요
당신없인 못살아 정말
나는 못살아
당신은 나의 밧데리
내겐 당신만이 전부에요
당신이 너무 좋아 완전 좋아요
하나뿐인 내사랑 둘도 없는 내 사랑
당신이 짱이랍니다
사랑을 가득넣어 주세요
가슴에 넘치도록 넣어주세요
사랑의 약발이 떨어졌나봐
나 지금 외로워요
나를 사랑으로 채워줘요
사랑의 밧데리가 다 됐나봐요
당신없인 못살아 정말 나는 못살아
당신은 나의 밧데리
내겐 당신만이 전부에요
당신이 너무 좋아 완전 좋아요
하나뿐인 내사랑 둘도 없는 내 사랑
당신이 짱이랍니다
아무리 힘든 날에도
당신만 있다면
힘들지 않아 나는 슬프지 않아
당신 곁이라면
내겐 당신만이 전부에요
당신이 너무 좋아 완전 좋아요
하나뿐인 내사랑 둘도 없는 내 사랑
당신이 짱이랍니다
당신이 짱이랍니다
당신이 짱이랍니다
사랑의 밧데리"
이야,"1,469",린,"강물 같은 인생길
굽이 굽이 돌아서
누굴 찾아 갔는가
하릴 없이 떠난 사람아

이야 이야
사랑 너머 나를 잊었나

이야 이야
나도 너를 지워 버렸다

바다 같은 인생길
고비 고비 넘어서
무얼 찾아 갔는가
정처 없이 떠난 사람아

이야 이야
사랑 너머 나를 잊었나

이야 이야
나도 너를 지워 버렸다

이야 이야
사랑 너머 나를 잊었나
이야 이야
나도 너를 지워 버렸다

나도 너를 지워 버렸다"
우리 어머니,660,정서주,"긴 머리 땋아 틀어
은비녀 꽂으시고
옥색 치마 차려입고
사뿐사뿐 걸으시면
천사처럼 고왔던 우리 어머니
여섯 남매 배곯을까
치마끈 졸라매고
가시밭길 헤쳐가며 살아오셨네
해진 옷 기우시며 긴 밤을 지새울 때
어디선가 부엉이가 울어대면은
어머님도 울었답니다

긴 머리 빗어 내려
동백기름 바르시고
분단장 곱게 하고
내 손 잡고 걸으실 때
마을 어귀 훤했었네 우리 어머니
여섯 남매 자식 걱정
밤잠을 못 이루고
칠십 평생 가시밭길 살아오셨네
천 만년 사시는 줄 알았었는데
떠나실 날 그다지도 멀지 않아서
막내딸은 울었답니다
마을 어귀 훤했었네 우리 어머니
여섯 남매 자식 걱정
밤잠을 못 이루고
칠십 평생 가시밭길 살아오셨네
천 만년 사시는 줄 알았었는데
떠나실 날 그다지도 멀지 않아서
막내딸은 울었답니다
막내딸은 울었답니다"
몽당연필,"1,605",마이진,"닳고 닳은 인생이라
비웃지 마소
이 한세상 닳지 않고
어찌 살겠소

가느다란 몸뚱이로
태어났지만
굵은 글씨 몇 글자쯤
적고 싶었소

서툰 인생 삐뚤빼뚤
쓰고 지우고
내 목숨이 줄어드는
줄도 모르고

닳아지고 부러지고
반토막 남은
몽당연필 같은 내 인생

그래도 미련이 남아
아직도 흑심이 남아
내 이름 석자는
써놓고 갈라요

닳고 닳은 인생이라
비웃지 마소
이 한세상 닳지 않고
어찌 살겠소

가느다란 몸뚱이로
태어났지만
굵은 글씨 몇 글자쯤
적고 싶었소

서툰 인생 삐뚤빼뚤
쓰고 지우고
내 목숨이 줄어드는
줄도 모르고

닳아지고 부러지고
반토막 남은
몽당연필 같은 내 인생

그래도 미련이 남아
아직도 흑심이 남아
내 이름 석자는
써놓고 갈라요
내 이름 석자는
써놓고 갈라요"
그 남자,"1,993",나영,"오늘 밤 네가 마지막
여자였으면 나는 좋겠어
깊어가는 우리의 사랑
하늘이 맺어준 사랑

첫눈에 맘에 든 그 남자
오늘 밤 난 너를 찍었어
뜨거운 미소마저도
다가갈 수 있다면
널 가질 수 있다면
난 너무 행복할 거야
어차피 너와 난 만날 수밖에
없는 인연일 거야
그 많은 세월을 널 만나려고
이렇게 혼자였나 봐
오늘 밤 네가 마지막
남자였으면 나는 좋겠어
깊어가는 우리의 사랑
하늘이 맺어준 사랑

첫눈에 맘에 든 그 남자
오늘 밤 난 너를 찍었어
뜨거운 미소마저도
다가갈 수 있다면
널 가질 수 있다면
난 너무 행복할 거야
어차피 너와 난 만날 수밖에
없는 인연일 거야
그 많은 세월을 널 만나려고
이렇게 혼자였나 봐
오늘 밤 네가 마지막
남자였으면 나는 좋겠어
깊어가는 우리의 사랑
하늘이 맺어준 사랑
오늘 밤 네가 마지막
남자였으면 나는 좋겠어
깊어가는 우리의 사랑
하늘이 맺어준 사랑
하늘이 맺어준 사랑"
사내,"8,652",나훈아,"큰 소리로 울면서 이 세상에 태어나
가진 것은 없어도 비굴하진 않았다
때론 사랑에 빠져 비틀댄 적 있지만
입술 한 번 깨물고 사내답게 웃었다
긴가민가하면서 조마조마하면서
설마설마하면서 부대끼며 살아온
이 세상을 믿었다 나는 나를 믿었다
추억 묻은 친구야 물론 너도 믿었다
벌거벗은 몸으로 이 세상에 태어나
자랑할 건 없어도 부끄럽지도 않아
한 때 철없던 시절 방황한적 있지만
소주 한잔 마시고 사내답게 잊었다
긴가민가하면서 조마조마하면서
설마설마하면서 부대끼며 살아온
이 세상을 믿었다 나는 나를 믿었다
추억 묻은 친구야 물론 너도 믿었다
미련 같은 건 없다 후회 역시도 없다
사내답게 살다가 사내답게 갈 거다
사내답게 갈 거다"
미운 사랑,"13,546",진미령,"남몰래 기다리다가
가슴만 태우는 사랑
어제는 기다림에
오늘은 외로움
그리움에 적셔진 긴 세월
이렇게 살라고 인연을 맺었나
차라리 저 멀리 둘 걸
미워졌다고 갈 수 있나요
행여나 찾아 올까봐
가슴이 사랑을 잊지 못해
이별로 끝난다해도
그 끈을 놓을 순 없어
너와 난 운명인 거야
이렇게 살라고 인연을 맺었나
차라리 저 멀리 둘 걸
미워졌다고 갈 수 있나요
행여나 찾아 올까봐
가슴이 사랑을 잊지 못해
이별로 끝난다해도
그 끈을 놓을 순 없어
너와 난 운명인 거야
그 끈을 놓을 순 없어
너와 난 운명인 거야"
당신이 좋아,"10,677",남진,"그대는 내 사랑
당신도 내 사랑
이 세상의 그 무엇도 쨉이 안되지
원앙이 따로 있나 우리가 원앙이지
환상의 해피한 원앙이지
아 꿀맛같은 그대 사랑에
내 인생을 걸었잖아
비가 와도 좋아 눈이 와도 좋아
바람 불어도 좋아
좋아좋아 당신이 좋아
그대는 내 운명
당신도 내 운명
하늘 아래 누가 와도 쨉이 안되지
그댄 꽃중에 꽃 당신은 불나비
환상의 해피한 꽃과 나비지
아 꿀맛같은 그대 사랑에
내 인생을 걸었잖아
비가 와도 좋아 눈이 와도 좋아
바람 불어도 좋아
좋아 좋아 당신이 좋아
아 꿀맛같은 그대 사랑에
내 인생을 걸었잖아
비가 와도 좋아 눈이 와도 좋아
바람 불어도 좋아
좋아 좋아 당신이 좋아
좋아 좋아 당신이 좋아"
대박디스코,"2,437",박서진,"대! 박! 났잖아 내가 뭐랬어

(될거라고 했잖아. 될 줄 알았어~)

내일은 승리의 태양이 뜬다

(대박날줄 알았어 될줄알았어~~~)




오늘은 Shiny Day 기분이 좋아

(쓸데 없는 생각은 모두 집어쳐)

세상만사 모든일 안될일 없다

(용기있는 자만이 가질수있어)




뜻이 있는 곳에는 다 길이 있는법

천리길도 시작은 한걸음 부터

오! 내일은 아무도 알수가 없어

(우리 모두 인생은 1회차잖아)





I Want You! 멈추지 말고

당당 하게 헤쳐 가는거야

넌 뭐든 해낼수 있잖아

네 꿈을 향해 쏘는거야 (쏘는거야) (가는거야)




대! 박! 났잖아 내가 뭐랬어

(될거라고 했잖아. 될 줄 알았어~)

내일은 승리의 태양이 뜬다

(대박날줄 알았어 될줄알았어~~~)




시작도 안하고 걱정 하지마

(쓸데 없는 생각은 모두 집어쳐)

세상만사 모든일 안될일 없다

(용기 내봐 세상은 바로 니편야)




I Want You! 멈추지 말고

당당 하게 헤쳐 가는거야

넌 뭐든 해낼수 있잖아

네 꿈을 향해 쏘는거야 (쏘는거야) (가는거야)




대! 박! 났잖아 내가 뭐랬어

(될거라고 했잖아. 될 줄 알았어~)

내일은 승리의 태양이 뜬다

(대박날줄 알았어 될줄알았어~~~)




고민 하지 마아 우리

꿈꾸는 대로

빛나는 Fantasy~~~


대! 박! 났잖아 내가 뭐랬어

(될거라고 했잖아. 될 줄 알았어~)

내일은 승리의 태양이 뜬다

(대박날줄 알았어 될줄알았어~~~)"
만약에,"4,252",정동원,"만약에 당신이 그 누구와 사랑에 빠지면
그 사람을 위해서 무얼 할 수 있나

만약에 당신이 그 누구와 사랑에 빠지면
그 사람을 위해서 무얼 할 수 있나

텅 빈 세상 살아가는 이유가
만약에 너라면 어떡하겠니
사는 동안 단 한 번의 사랑이
만약에 너라면 허락하겠니

얼마나 더 많이 외로워해야
널 끌어안고서 울어볼까
이제는 더 이상 지칠 몸조차
비워둘 마음조차 없는데

또 다른 이유로 널 못 본다면
나 살아가는 의미도 없지
만약에 널 위해 나 죽을 수 있다면
날 받아주겠니

텅 빈 세상 살아가는 이유가
만약에 너라면 어떡하겠니
사는 동안 단 한 번의 사랑이
만약에 너라면 허락하겠니

얼마나 더 많이 외로워해야
널 끌어안고서 울어볼까
이제는 더 이상 지칠 몸조차
비워둘 마음조차 없는데

또 다른 이유로 널 못 본다면
나 살아가는 의미도 없지
만약에 널 위해 나 죽을 수 있다면
날 받아주겠니

만약에 널 위해 나 죽을 수 있다면
날 받아주겠니

만약에 당신이 그 누구와 사랑에 빠지면
그 사람을 위해서 다 해줄 수 있나"
붉은 입술,"4,641",박서진,"밤을 새워 지는 달도
별을 두고 가는데
배 떠난 부둣가에는
검은 연기만 남아
맺지 못할 사연두고 떠난 사람을
이렇게 밤을 새워 울어야 하나
잊지 못할 붉은 입술
단 하나의 사랑만은 믿어주세요
사랑의 노래를 불러주는
잊지 못할 붉은 입술
잊지 못할 붉은 입술"
어느날 문득,"32,394",임영웅,"어느 날 문득 돌아다보니
지나온 모든 게 다 아픔이네요
날 위해 모든 걸 다 버려야는데
아직도 내 마음 둘 곳을 몰라요
오늘도 가슴엔 바람이 부네요
마음엔 나도 모를 설움이 가득
어디로 갈까요 어떻게 할까요
아직도 내가 날 모르나봐요
언제쯤 웃으며 날 볼 수 있을까
언제쯤 모든 걸 다
내려놓을 수 있을까
그땐 왜 그랬을까 그땐 왜 몰랐을까
사랑에 이별이 숨어있는지
어느 날 문득 생각해 보니
내가 없으면 세상이 없듯이
날 위해 이제는 다 비워야는데
아직도 내가 날 모르나봐요
언제쯤 웃으며 날 볼 수 있을까
언제쯤 모든 걸 다
내려놓을 수 있을까
그땐 왜 그랬을까 그땐 왜 몰랐을까
사랑에 이별이 숨어있는지
어느 날 문득 생각해 보니
내가 없으면 세상이 없듯이
날 위해 이제는 다 비워야는데
아직도 내가 날 모르나봐요
아직도 내가 날 모르나봐요"
사랑찾아 인생찾아,"20,222",조항조,"라라랄라 라라라라 랄라
라라라라 라라라랄라
사랑찾아 인생을 찾아
하루종일 숨이차게 뛰어다닌다
서울 하늘 하늘 아래서
내 꿈도 가까이 온다
사랑도 있고 우정도 있고
하늘 아래 살고 있고
저마다 다른 인생속에
또 하루를 바쁘게 산다
우리 인생 살다보면
힘든 날도 수없이 찾아오지만
사랑 하나 그 사랑 하나
찾으려고 몸부림치네
사랑찾아 인생을 찾아
하루종일 숨이차게 뛰어다닌다
서울 하늘 하늘 아래서
내 꿈도 가까이 온다
사랑을 알고 우정도 알고
정하나로 살고 있고
저마다 값진 인생속에
또 하루를 바쁘게 산다
우리 인생 살다보면
힘든 날도 수없이 찾아오지만
오늘보다 더 멋진 인생
찾기위해 몸부림치네
사랑 찾아 인생을 찾아
하루종일 숨이 차게 뛰어다닌다
서울 하늘 하늘 아래서
내 꿈도 가까이 온다
사랑찾아 인생을 찾아
지친 가슴 끌어안고 뛰어다닌다
서울 하늘 하늘 아래서
내 꿈도 가까이 온다"
들꽃,"1,075",정서주,"밤 하늘 달 걸음 따라서
당신이 보고 싶은 밤
가슴속에 가득 별님처럼 가득
당신 얼굴이 아련해
아~ 내 안에 활짝 피어난
들꽃 하나 꺾어 쥐고서
사랑이라오 한송이 꽃이라오
천송이 만송이 당신께 주고픈데
손끝에 엉성히 구겨진 들꽃 하나가
내 맘을 불꽃처럼 태웠소

당신과 나란히 잠든 방
수척한 그댈 보면서
나도 몰래 글썽 당신 몰래 글썽
눈물 소리가 가득해
아~ 세상에 고운 사랑아
이 사람 좀 데려가 주오
사랑이라오 한송이 꽃이라오
천송이 만송이 당신께 주고픈데
손끝에 엉성히 구겨진 들꽃 하나가
내 맘을 불꽃처럼 태웠소
사랑이라오 한송이 꽃이라오
천송이 만송이 당신께 주고픈데
손끝에 엉성히 구겨진 들꽃 하나가
내 맘을 불꽃처럼 태웠소
내 맘을 불꽃처럼 태웠소
내 맘을 불꽃처럼 태웠소"
100일,"1,145",배아현,"벌써 100일이 다가오네요
시간이 참 빠르게 가네
가진 게 없어 고생만 했던
당신께 난 미안합니다
아가는 태어나 100일이면 반지 받고
연인은 100일 기념하는데
당신 떠나고 찾아온 나의 이날은
눈물만 밀려오네요
사진 속의 당신은 웃고 있네요
나 없이 편한가 봐요
내 일생에 하나뿐이었던 사랑
당신이 그립습니다

아가는 태어나 100일이면 반지 받고
연인은 100일 기념하는데
당신 떠나고 찾아온 나의 이날은
눈물만 밀려오네요
사진 속의 당신은 웃고 있네요
나 없이 편한가 봐요
내 일생에 하나뿐이었던 사랑
당신이 그립습니다
천년만년 살자던 우리 약속은
가슴에 새겨둡니다
우리도 100일입니다"
만약에,"1,205",박지현,"만약에 당신이 그 누구와 사랑에 빠지면
그 사랑을 위해서 무얼 할 수 있나
텅 빈 세상 살아가는 이유가
만약에 너라면 어떡하겠니
사는 동안 단 한 번의 사랑이
만약에 너라면 허락하겠니
얼마나 더 많이 외로워해야
널 끌어안고서 울어볼까
이제는 더 이상 지칠 몸조차
비워둘 마음조차 없는데
또 다른 이유로 널 못 본다면
나 살아가는 의미도 없지
만약에 널 위해 나 죽을 수 있다면
날 받아 주겠니

텅 빈 세상 살아가는 이유가
만약에 너라면 어떡하겠니
사는 동안 단 한 번의 사랑이
만약에 너라면 허락하겠니
얼마나 더 많이 외로워해야
널 끌어안고서 울어볼까
이제는 더 이상 지칠 몸조차
비워둘 마음조차 없는데
또 다른 이유로 널 못 본다면
나 살아가는 의미도 없지
만약에 널 위해 나 죽을 수 있다면
날 받아 주겠니
만약에 널 위해 나 죽을 수 있다면
날 받아 주겠니
만약에 당신이 그 누구와
사랑에 빠지면
그 사람을 위해서 다해줄 수 있나"
잘가요 내사랑,"12,326",정동원,"오늘이 지나가면 우리는
다시는 볼 수 없겠죠
서로를 가슴속에 묻고서
또 하루 살아가겠죠
미안해요
잘해주지 못해서
나 때문에 고생만 해서
잘 가요 내 사랑
이젠 아프지 마요
잘 가요 내 사랑
다신 울지도 마요
그리워 그리워
너무 그리울 때면
눈물 한 방울로 잊어요
나나나나
나나나나
잊진 않을게요
나나나나
나나나나
잘 가요 내 사랑
비좁은 내 안에서 살면서
얼마나 힘들었나요
시간을 돌릴 수만 있다면
조금 더 사랑할 텐데
고마워요 이 못난 날 만나서
좋은 추억 만들어줘서
잘 가요 내 사랑
이젠 아프지 마요
잘 가요 내 사랑
다신 울지도 마요
그리워 그리워
너무 그리울 때면
눈물 한 방울로 잊어요
사랑해 사랑해
아껴둔 이 한마디
그댈 만나 행복했어요
나나나나
나나나나
잊진 않을게요
나나나나
나나나나
잘 가요 내 사랑"
화개장터,"3,401",조영남,"전라도와 경상도를 가로지르는
섬진강 줄기따라 화개장터엔
아랫마을 하동사람 윗마을 구례사람
닷새마다 어우러져 장을 펼치네
구경한번 와보세요
보기엔 그냥 시골장터지만
있어야 할 건 다 있구요
없을 건 없답니다 화개장터
전라도 쪽 사람들은 나룻배 타고
경상도 쪽 사람들은 버스를 타고
경상도 사투리에 전라도 사투리가
오손도손 왁자지껄 장을펼치네
구경한번 와보세요
오시면 모두모두 이웃사촌
고운 정 미운 정 주고 받는
경상도 전라도의 화개장터

전라도와 경상도를 가로지르는
섬진강 줄기따라 화개장터엔
아랫마을 하동사람 윗마을 구례사람
닷새마다 어우러져 장을 펼치네
구경한번 와보세요
보기엔 그냥 시골 장터지만
있어야 할 건 다 있구요
없을 건 없답니다 화개장터
구경한번 와보세요
오시면 모두모두 이웃사촌
고운 정 미운 정 주고 받는
경상도 전라도의 화개장터
경상도 전라도의 화개장터
경상도 전라도의 화개장터"
소녀와 가로등,"2,588",전유진,"조용한 밤이었어요
너무나 조용했어요
창가에 소녀 혼자서
외로이 서 있었지요

밤하늘 바라보았죠
별 하나 없는 하늘을
그리곤 울어버렸죠
아무도 모르게요

창 밖의 가로등불은
내 맘을 알고 있을까
괜시리 슬퍼지는 이 밤에
창백한 가로등만이

소녀를 달래주네요
조용한 이 밤에
슬픔에 지친 소녀를
살며시 달래주네요

창 밖의 가로등불은
내 맘을 알고 있을까
괜시리 슬퍼지는 이 밤에
창백한 가로등만이

소녀를 달래주네요
조용한 이 밤에
슬픔에 지친 소녀를
살며시 달래주네요

조용한 밤이었어요
너무나 조용했어요
창가에 소녀 혼자서
외로이 서 있었지요

외로이 서 있었지요"
그 강을 건너지마오,"10,248",양지은,"가지마오 가지를 마오
그강을 건너지마오
가려거든 가시려거든
이 언약 가져가시오
검은머리 파뿌리되는 날까지
지켜준다고
내손잡고 눈물로 맺은
언약을 잊지마시오
강물에 떠내려가는
마지막 꽃잎일새라
이손을 놓치못하오
님이여 움켜쥐시오
가지마오 가지를 마오
그강을 건너지마오
가려거든 가시려거든
이 언약 가져가시오
강물에 떠내려가는
마지막 꽃잎일새라
이손을 놓치못하오
님이여 움켜쥐시오
가지마오 가지를 마오
그강을 건너지마오
가려거든 가시려거든
이 언약 가져가시오
이 언약 가져가시오"
가인,748,박혜신,"아무 말 못하고 그냥 울기만 했지
힘겨운 이별 앞에 멍하니 서서

그대 처음부터 날 사랑하지 않았네
잠시 내 옆에서 있었을 뿐

난 그대가 나의 삶이라 믿어 왔지
그대를 위해서 난 사는 거라고

하지만 그대는 내가 원했던 사랑
단 한 번도 주지 않았네

사랑 앞에 더 이상 무릎 꿇지 않겠어
더 이상의 슬픔은 없을 테니까

그대가 날 버리고 떠나간 뒤에라도
다시 누군가 사랑할 수 있으니

사랑이여 이젠 내가 달려갈 테니
거기서 조금만 기다려줘

난 그대가 나의 삶이라 믿어 왔지
그대를 위해서 난 사는 거라고

하지만 그대는 내가 원했던 사랑
단 한 번도 주지 않았네

사랑 앞에 더 이상 무릎 꿇지 않겠어
더 이상의 슬픔은 없을 테니까

그대가 날 버리고 떠나간 뒤에라도
다시 누군가 사랑할 수 있으니

사랑이여 이젠 내가 달려갈 테니
거기서 조금만 기다려줘

사랑이여 이젠 내가 달려갈 테니
거기서 조금만 기다려줘
거기서 조금만 기다려줘"
시절인연,"3,495",안성훈,"사람이 떠나간다고
그대여 울지 마세요
오고 감 때가 있으니
미련일랑 두지 마세요
좋았던 날 생각을 하고
고마운 맘 간직을 하며
아아아 살아가야지
바람처럼 물처럼
가는 인연 잡지를 말고
오는 인연 막지 마세요
때가 되면 찾아올 거야
새로운 시절인연
친구가 멀어진다고
그대여 울지 마세요
영원한 것은 없으니
이별에도 웃어주세요
좋았던 날 생각을 하고
고마운 맘 간직을 하며
아아아 살아가야지
바람처럼 물처럼
가는 인연 잡지를 말고
오는 인연 막지 마세요
때가 되면 찾아올 거야
새로운 시절인연
새로운 시절인연"
상사화,455,린,"아아 모란이 아아 동백이
계절을 바꾸어 다시 피면

모란이 피면 모란으로
동백이 피면 넌 다시 동백으로

나에게 찾아와 꿈을 주고
너는 또 어디로 가버리나

인연이란 끈을 놓고 보내긴 싫었다
향기마저 떠나보내고

바람에 날리는 저 꽃잎 속에
내 사랑도 진다

아아 모란이 아아 동백이
계절을 바꾸어 다시 피면

아아 세월이 휭 또 가도
내 안에 그대는 영원하리

모란이 피면 모란으로
동백이 피면 넌 다시 동백으로

나에게 찾아와 꿈을 주고
너는 또 어디로 가버리나
인연이란 끈을 놓고 보내긴 싫었다
향기마저 떠나보내고
바람에 날리는 저 꽃잎 속에
내 사랑도 진다
아아 모란이 아아 동백이
계절을 바꾸어 다시 피면

아아 세월이 휭 또 가도
내 안에 그대는 영원하리
내 안에 그대는 영원하리"
그런 사람 또 없습니다,"27,950",임영웅,"천번이고 다시 태어난 데도
그런 사람 또 없을테죠
슬픈 내 삶을 따뜻하게 해준
참 고마운 사람입니다
그런 그댈 위해서 나의 심장 쯤이야
얼마든 아파도 좋은데
사랑이란 그 말은 못해도
먼 곳에서 이렇게
바라만 보아도
모든걸 줄 수 있어서
사랑할 수 있어서
난 슬퍼도 행복 합니다
나 태어나 처음 가슴 떨리는
이런 사랑 또 없을테죠
몰래 감추듯 오랜 기억속에
단 하나의 사랑입니다
그런 그댈 위해서 아픈 눈물쯤이야
얼마든 참을수 있는데
사랑이란 그 말은 못해도
먼 곳에서 이렇게 바라만 보아도
모든 걸 줄 수 있어서
사랑할 수 있어서
난 슬퍼도 행복합니다
아무것도 바라지 않아도
그대 웃어준다면 난 행복할텐데
사랑은 주는거니까 그저 주는거니까
난 슬퍼도 행복합니다"
춘몽,"4,729",박서진,"살다보면 모든것이
잡힐 듯 다가와도
살다보면 모든것이
덧없이 떠나 가더이다
무정세월은 한바탕 꿈이로다
타올라버린 청춘이여
머물다 가는 세상
미움은 덮어두고
타는 불꽃이 가는대로 놀아보세
까만 잿더미 사라지거든
그저 공수래공수거 꿈이로다
살다보면 무엇이든
다 알듯 얘기해도
살다보면 무엇이든
놓치고 지나 치더이다
무정세월은 한바탕 꿈이로다
타올라버린 청춘이여
머물다 가는 세상
미움은 덮어두고
타는 불꽃이 가는대로 놀아보세
까만 잿더미 사라지거든
그저 공수래공수거 꿈이로다
까만 잿더미 사라지거든
그저 공수래공수거 꿈이로다
그저 공수래공수거 꿈이로다"
미운 사랑,"1,868",박지현,"남몰래 기다리다가
가슴만 태우는 사랑
어제는 기다림에
오늘은 외로움
그리움에 적셔진 긴 세월
이렇게 살라고 인연을 맺었나
차라리 저 멀리 둘걸
미워졌다고 갈 수 있나요
행여나 찾아올까 봐
가슴이 사랑을 잊지 못해
이별로 끝난다 해도
그 끈을 놓을 순 없어
너와 난 운명인 거야

이렇게 살라고 인연을 맺었나
차라리 저 멀리 둘걸
미워졌다고 갈 수 있나요
행여나 찾아올까 봐
가슴이 사랑을 잊지 못해
이별로 끝난다 해도
그 끈을 놓을 순 없어
너와 난 운명인 거야
그 끈을 놓을 순 없어
너와 난 운명인 거야"
꼬마인형,"3,846",정동원,"그날 밤 황홀한 시간을
난 잊을 수가 없어요
세상에 태어나서 맨 처음
당신을 알고 말았죠

말없이 흐르던 눈물을
난 감출 수가 없었네
창문에 부딪히는 빗방울을
하나둘 세고 있었죠

늦어도 그날까지
약속만을 남겨둔 채로
밤이 지나고 새벽 먼 길을
떠나갈 사람이여

부서지는 모래성을
쌓으며 또 쌓으며
꼬마 인형을 가슴에 안고
나는 기다릴래요

늦어도 그날까지
약속만을 남겨둔 채로
밤이 지나고 새벽 먼 길을
떠나갈 사람이여

부서지는 모래성을
쌓으며 또 쌓으며
꼬마 인형을 가슴에 안고
나는 기다릴래요

꼬마 인형을 가슴에 안고
나는 기다릴래요"
그 겨울의 찻집,"3,852",정동원,"바람 속으로 걸어갔어요
이른 아침에 그 찻집
마른 꽃 걸린 창가에 앉아
외로움을 마셔요

아름다운 죄 사랑 때문에
홀로 지샌 긴 밤이여
뜨거운 이름 가슴에 두면
왜 한숨이 나는 걸까

아 웃고 있어도 눈물이 난다
그대 나의 사랑아

아름다운 죄 사랑 때문에
홀로 지샌 긴 밤이여
뜨거운 이름 가슴에 두면
왜 한숨이 나는 걸까

아 웃고 있어도 눈물이 난다
그대 나의 사랑아

아 웃고 있어도 눈물이 난다
그대 나의 사랑아"
바램,"25,101",노사연,"바램

내 손에 잡은 것이 많아서
손이 아픕니다
등에 짊어진 삶의 무게가
온 몸을 아프게 하고
매일 해결해야 하는 일 때문에
내 시간도 없이 살다가
평생 바쁘게 걸어 왔으니
다리도 아픕니다
내가 힘들고 외로워 질 때
내 얘길 조금만 들어 준다면
어느 날 갑자기 세월의 한복판에
덩그러니 혼자 있진 않겠죠
큰 것도 아니고 아주 작은 한 마디
지친 나를 안아 주면서
사 랑 한 다
정말 사랑 한다는
그 말을 해 준다면
나는 사막을 걷는다 해도
꽃길이라 생각 할 겁니다
우린 늙어가는 것이 아니라
조금씩 익어가는 겁니다
내가 힘들고 외로워 질 때
내 얘길 조금만 들어 준다면
어느 날 갑자기 세월의 한복판에
덩그러니 혼자 있진 않겠죠
큰 것도 아니고 아주 작은 한 마디
지친 나를 안아 주면서
사 랑 한 다
정말 사랑 한다는
그 말을 해 준다면
나는 사막을 걷는다 해도
꽃길이라 생각 할 겁니다
우린 늙어가는 것이 아니라
조금씩 익어가는 겁니다
우린 늙어가는 것이 아니라
조금씩 익어가는 겁니다
저 높은 곳에 함께 가야 할 사람
그대 뿐입니다"
동백아가씨,782,정서주,"헤일 수없이 수많은 밤을
내 가슴 도려내는 아픔에 겨워
얼마나 울었던가
동백 아가씨
그리움에 지쳐서
울다 지쳐서
꽃잎은 빨갛게
멍이 들었소

동백꽃잎에 새겨진 사연
말 못 할 그 사연을 가슴에 안고
오늘도 기다리는
동백 아가씨
가신님은 그 언제
그 어느 날에
외로운 동백꽃
찾아오려나"
타인,"4,028",손태진,"우리는 타인이었고
지금도 타인이지만
짧았던 한 순간의
짓궂은 만남도 있었지
우연히 시작되었던
그날의 작은 인연이
내 야윈 가슴속에
너무나 큰 상처로 남아
그렇게도 빨리 끝날 인연이라면
맺지 못할 사랑이었다면
처음부터 우리 서로
만나지도 않았어야 좋았을 것을
심술궂은 그 인연 하필 우릴 찾아와
왜 이다지 가슴 아프게 하나
그렇게도 수많은 사람들 중에서
하필이면 당신과 나였나
그렇게도 빨리 끝날 인연이라면
맺지 못할 사랑이었다면
처음부터 우리 서로
만나지도 않았어야 좋았을 것을
심술궂은 그 인연 하필 우릴 찾아와
왜 이다지 가슴 아프게 하나
그렇게도 수많은 사람들 중에서
하필이면 당신과 나였나
심술궂은 그 인연 하필 우릴 찾아와
왜 이다지 가슴 아프게 하나
그렇게도 수많은 사람들 중에서
하필이면 당신과 나였나
하필이면 당신과 나였나"
봄,857,홍진영,"사랑은 봄처럼 다시 오죠
눈물이 마르는 것처럼

그날이 오면 다신 놓지 않을게
우리 사랑 붉게 피우리

음음음음음~

내 곁에 있을 때 난 몰랐죠
얼마나 따뜻했는지

내겐 과분한 사람이란 걸
잃고 난 후에 알았죠

라라라 라라라
너로 물들 던
그 계절이 참 그리워

사랑은 봄처럼 다시 오죠
눈물이 마르는 것처럼

그날이 오면 다신 놓지 않을게
우리 사랑 붉게 피우리

참 예뻤었던 추억뿐이라
하나도 잊히질 않아

라라라 라라라
미안했다고 그리고 고마웠다고



사랑해 하지 못했던 그 말
그렇게 보내면 안 됐죠


조금 아파도 이별보단 나을 텐데
손이라도 꽉 잡아줄걸

한 번만
아아 아아아

그게 너란 걸 바보 같은 나라서
늦었지만 이젠 알아요

너는 나의 봄이었단 걸"
때,"3,800",정동원,"낮춰야 할 때는 낮춰야 하고
물러나야 할 때는 물러나야지
오르고 오르면 끝이 있듯이
내려올 때도 끝이 있다네

막막한 하루하루 힘들다면은
하늘 한번 보고 힘껏 소리쳐
기회는 누구에게 다가오는 것
내게도 그럴 때가 올 거야

이왕이면 웃고 살면 행복해지고
기왕이면 웃고 살면 즐거워지고
영원히 힘들 것만 같았던
지난 일들도 돌아보면 추억되겠지

지나간다 지나간다 지금 이 순간
때가 되면 돌아보면 웃는 날 온다
오늘도 힘차게 어깨를 펴고
가족사진 보며 힘을 내야지
워어 워어어 오오 워어 워어어 오오오
워어 워어어 오오오 오오

막막한 하루하루 힘들다면은
하늘 한번 보고 힘껏 소리쳐
기회는 누구에게 다가오는 것
내게도 그럴 때가 올 거야

이왕이면 웃고 살면 행복해지고
기왕이면 웃고 살면 즐거워지고
영원히 힘들 것만 같았던
지난 일들도 돌아보면 추억되겠지

지나간다 지나간다 지금 이 순간
때가 되면 돌아보면 웃는 날 온다
오늘도 힘차게 어깨를 펴고
가족사진 보며 힘을 내야지

지나간다 지나간다 지금 이 순간
때가 되면 돌아보면 웃는 날 온다
오늘도 힘차게 어깨를 펴고
가족사진 보며 힘을 내야지
워어 워어어 오오 워어 워어어 오오오
워어 워어어 오오오 오오

지나간다 지나간다 지금 이 순간
때가 되면 돌아보면 웃는 날 온다
오늘도 힘차게 어깨를 펴고
가족사진 보며 힘을 내야지"
우야노,"2,180",김희재,"우야노 우야노 난 어떡하나요
사랑에 빠졌어
당신 생각에 웃고 울다가
하루해가 저물어 가죠

우야노 우야노 난 어떡하나요
당신이 책임져
내가 사랑한 오직 한 사람
당신만 보이죠

사랑은 아픈 거라고
그렇게 말을 하지만
이미 사랑해 버린걸
난 어떻게 하나요?

우야노 운명처럼
내 가슴에 다가온 사람
우야노 내 사랑을
우야믄 좋겠노 우야노

우야노 우야노 난 어떡하나요
당신이 책임져
내가 사랑한 오직 한 사람
당신만 보이죠

사랑은 아픈 거라고
그렇게 말을 하지만
이미 사랑해 버린걸
난 어떻게 하나요?

우야노 운명처럼
내 가슴에 다가온 사람
우야노 내 사랑을
우야믄 좋겠노

우야노 운명처럼
내 가슴에 다가온 사람
우야노 내 사랑을
우야믄 좋겠노
우야믄 좋겠노 우야노
우야노"
사랑은 꽃잎처럼,"1,995",박지현,"라라라 라라라라
라라라라 라라라라
나를 떠나가면 안 돼요
멀어지면 안 돼요
하루만 하루만 하루만
내게 더 머물러요
사랑하면 할수록 난 아파요
그대 품속이 그리워요
스치는 바람처럼
짧았던 인연이래도 난
후회하지 않아요
황홀한 가시처럼
내 안에 깊숙이 박혀
자꾸 날 아프게 하네요
하룻밤 꿈처럼 깨면 다 사라져
아쉬워 뜨거운 눈물만 두 볼에 흘러요
나를 떠나가면 안 돼요
멀어지면 안 돼요
하루만 하루만 하루만
내게 더 머물러요
사랑하면 할수록 난 아파요
그대 품속이 그리워요
라라라 라라라라
라라라라 라라라라
좋았던 기억들만
가슴에 깊숙이 남아
자꾸 떠오르게 하네요
하룻밤 꿈처럼 깨면 다 사라져
아쉬워 뜨거운 눈물만 두 볼에 흘러요
나를 떠나가면 안 돼요
멀어지면 안 돼요
하루만 하루만 하루만
내게 더 머물러요
사랑하면 할수록 난 아파요
다시 한번만 안아줘요
사랑은 꽃잎처럼 피면 다시 또 지고
그리워 그리워 그리워
그대 보고 싶은데
두 번 다신 없을 그 말 I love you
우리 사랑은 꽃잎처럼"
예쁘잖아,976,오유진,"(예쁘잖아 예쁘잖아 예쁘잖아 예뻐)
(예쁘잖아 예쁘잖아 예쁘잖아 예뻐)


(예뻐요 예뻐요)
(예쁘잖아)
예쁘잖아 예쁘잖아 내가 더 예쁘잖아
예쁘다고 솔직히 말해봐(예쁘잖아)
귀엽잖아 귀엽잖아 내가 더 귀엽잖아
내 뒤에 예쁜 사람 없잖아(예쁘잖아 하)
입술에 앵두가 열렸나
눈빛은 다이아몬드
어디서 나같이 이쁜 여자
너 대체 무슨 복에 만날까
남들이 쳐다보는 이 느낌
짜릿해 기분이 좋아
백마 탄 왕자도 반한 여자
오늘 밤 주인공은 나
근데 왜 시선이 내 뒤에 있니
다른 여잘 왜 쳐다보는 거야
예쁘다고 귀엽다고
왜 내가 아닌 사람한테 해
예쁘잖아 예쁘잖아 내가 더 예쁘잖아
예쁘다고 솔직히 말해봐(예쁘잖아)
귀엽잖아 귀엽잖아 내가 더 귀엽잖아
내 뒤에 예쁜 사람 없잖아(예쁜 사람 하)

(예뻐요 예뻐요)
(예쁘잖아 하)
거울에 비친 얼굴은
내가 봐도 반할 것 같아
하이힐 드레스 차려입은
여신이 땅에 내려왔잖아
남들이 쳐다보는 이 느낌
짜릿해 기분이 좋아
백마 탄 왕자도 반한 여자
오늘 밤 주인공은 나
근데 왜 시선이 내 뒤에 있니
다른 여잘 왜 쳐다보는 거야
예쁘다고 귀엽다고
왜 내가 아닌 사람한테 해
예쁘잖아 예쁘잖아 내가 더 예쁘잖아
예쁘다고 솔직히 말해봐(예쁘잖아)
귀엽잖아 귀엽잖아 내가 더 귀엽잖아
내 뒤에 예쁜 사람 없잖아 (예쁘잖아)
내 뒤에 예쁜 사람 없잖아
예쁘잖아
예쁘잖아"
물망초,"8,722",정동원,"나를 잊지 말아요
꿈에서라도 그대
내 곁으로 올 순 없나요
같은 하늘 아래에
다시 볼 수 없어도
그대 나를 잊지 말아요
시린 바람이 불어오면
더욱 생각나는 사람
언제나 내 곁을 지켜주던
따스한 사람
정말로 사랑했는데 난
우리 참 행복했는데
그런 그대가 날 떠나요
이제 난 어떻게 하죠
나를 잊지 말아요
꿈에서라도 그대
내 곁으로 올 순 없나요
같은 하늘 아래에
다시 볼 수 없어도
그대 나를 잊지 말아요
정말로 사랑했는데 난
우리 참 행복했는데
어디서든 행복하세요
부탁 하나만 할게요
나를 잊지 말아요
꿈에서라도 그대
내 곁으로 올 순 없나요
같은 하늘 아래에
다시 볼 수 없어도
그대 나를 잊지 말아요
너무 보고 싶은데
너무 보고 싶은데
눈물로 하루를 보내요
같은 하늘 아래에
다시 볼 수 없어도
그댄 나를 잊지 말아요
그댈 많이 사랑했어요"
공,"6,553",나훈아,"살다보면 알게 돼 일러주진 않아도
너나 나나 모두 다 어리석다는 것을
살다보면 알게 돼 알면 웃음이 나지
우리 모두 얼마나 바보처럼 사는지
잠시 왔다가는 인생
잠시 머물다 갈 세상
백년도 힘든것을 천년을 살것처럼
살다보면 알게 돼 버린다는 의미를
내가 가진 것들이 모두 부질 없단 것을
띠리 띠리띠리리리 띠 띠리띠 띠리
띠리 띠리띠리리리 띠 리띠리 띠디디
살다보면 알게 돼 알고싶지 않아도
너나 나나 모두 다 미련하다는 것을
살다보면 알게 돼 알면 이미 늦어도
그런대로 살만한 세상이라는 것을
잠시 스쳐가는 청춘 훌쩍 가버린 세월
백년도 힘든 것을 천년을 살것 처럼
살다보면 알게 돼 비운다는 의미를
내가 가진 것들이
모두 꿈이였다는 것을
모두 꿈이였다는 것을
띠리 띠리띠리리 띠 띠리리리리
띠리 띠리띠리띠리
띠리리 리리리리리"
잘가라,"37,547",홍진영,"잘 가라 나를 잊어라
이까짓 거 사랑 몇 번은 더 할 테니
알잖아 내가 뒤끝이 좀 짧아서
알잖아 내가 너 말고도 님이 많아서
난 싫어 간질간질 거리는 이별
이 맘 때쯤 때쯤 흐르는 눈물
할 만큼 했잖아 미련이 없잖아
짠짠 짜잔 짠
잘 가라 나를 잊어라
이까짓 거 사랑 몇 번은 더 할 테니
잘 가라 돌아보지 말아라
여기서 난 안녕 멀리 안 나갈 테니
울지 마라
알잖아 내가 깔끔한 게 좋아서
혹시나 하는 맘에 하는 얘기인 거야
비라도 부슬부슬 오는 늦은 밤
술이 한 잔 두 잔 들어가는 밤
혀 꼬인 말투로 전화하지 마라
짠짠 짜잔 짠
잘 가라 나를 잊어라
이까짓 거 사랑 몇 번은 더 할 테니
잘 가라 돌아보지 말아라
여기서 난 안녕 멀리 안 나갈 테니
잘 가라 나를 잊어라
이까짓 거 이별 몇 번은 더 할 테니
잘 가라 돌아보지 말아라
여기서 난 안녕 멀리 안 나갈 테니
울지 마라 울지 마라 울지 마라"
여기서,783,마이진,"사랑이 나를 울리기 전에
눈물이 나를 가두기 전에

떠나야 해 잊어야 해
여기서 돌아서야 해

아직도 못다 한 말이 너무나 많은데
이대로 지워야 하나

아 미련 같은 건
이제는 사치인 거야

당신이 날 못 버린다니
내가 먼저 떠날 수밖에

아직도 못다 한 말이 너무나 많은데
이대로 지워야 하나

아 미련 같은 건
이제는 사치인 거야

당신이 날 못 버린다니
내가 먼저 떠날 수밖에

당신이 날 못 버린다니
내가 먼저 떠날 수밖에"
꼬마인형,"2,066",전유진,"그날 밤 황홀한 시간을
난 잊을 수가 없어요

세상에 태어나서 맨 처음
당신을 알고 말았죠

말없이 흐르던 눈물을
난 감출 수가 없었네

창문에 부딪히는 빗방울을
하나 둘 세고 있었죠

늦어도 그날까지
약속만을 남겨둔 채로

밤이 지나고 새벽 먼 길을
떠나갈 사람이여

부서지는 모래성을
쌓으며 또 쌓으며

꼬마 인형을 가슴에 안고
나는 기다릴래요

늦어도 그날까지
약속만을 남겨둔 채로

밤이 지나고 새벽 먼 길을
떠나갈 사람이여

부서지는 모래성을
쌓으며 또 쌓으며

꼬마 인형을 가슴에 안고
나는 기다릴래요

꼬마 인형을 가슴에 안고
나는 기다릴래요"
사는 게 그런 거지,"10,448",장민호,"빛나는 꿈을 안고
세상 위에 나섰건만
늦은 퇴근 차창에 기대어
피곤한 눈 감아본다
오늘을 산다는 것
고달프고 외로운 일
힘들어도 힘들다 못 하고
무얼 위해 달려가나
사는 게 그런 거지
맘대로 되진 않아
어떤 날은 무너졌다가
어떤 날은 웃었다가
사는 게 그런 거지
쉬운 게 하나 없어
세상살이란 게 그런 거더라
인생은 그런 거지
세상을 산다는 것
두렵고도 설레는 일
알 수 없는 내일의 끝에는
무엇이 날 기다리나
사는 게 그런 거지
맘대로 되진 않아
어떤 날은 무너졌다가
어떤 날은 웃었다가
사는 게 그런 거지
쉬운 게 하나 없어
세상살이란 게 그런 거더라
사는 게 힘겨워도
그래도 살아야지
이런 나를 믿고 기다린
내 사람이 있으니까
사는 게 그런 거지
그래서 사는 거지
다시 살게 하는 힘이 되더라
사랑은 그런 거지"
추억의 소야곡,"3,670",정동원,"다시 한번 그 얼굴이 보고 싶어라
몸부림치며 울며 떠난 사람아
저 달이 밝혀주는 이 창가에서
이 밤도 너를 찾는 이 밤도
너를 찾는 노래 부른다
바람결에 너의 소식 전해 들으며
행복을 비는 마음 애달프구나
불러도 대답 없는 흘러간 사랑
차라리 잊으리라 차라리
잊으리라 맹세 슬프다"
아지랑이꽃,"8,342",정동원,"고운 님 건넨 아지랑이꽃
내 맘에 앉아 헤실거리네
노란 별 무리 밤하늘에 총총
내게 손짓하듯 반짝반짝 빛나면
따스한 봄 같은 그의 손을 잡고
둥실둥실 구름 위를 떠다니고파
님의 걸음 비추는 등대가 되리
달처럼 그 곁에 있으리
힘이 들고 지치면 내게 기대오
비가 오고 눈이 와도 언제나 지켜주리
고운 님 닮은 아지랑이꽃
내 맘에 가득 나풀거리네
닻이 없는 밤 배 그리움을 싣고
둥실둥실 그 꿈속을 떠다니고파
고운 님 닮은 아지랑이꽃
내 맘에 가득 나풀거리네
닻이 없는 밤 배 그리움을 싣고
둥실둥실 그 꿈속을 떠다니고파
님의 걸음 비추는 등대가 되리
달처럼 그 곁에 있으리
힘이 들고 지치면 내게 기대오
비가 오고 눈이 와도 언제나 지켜주리
고운 님 닮은 아지랑이꽃
내 맘에 가득 나풀거리네
따스한 봄 같은 그의 손을 잡고
둥실둥실 구름 위를 떠다니고파
닻이 없는 밤 배 그리움을 싣고
둥실둥실 그 꿈속을 떠다니고파"
동전인생,582,마이진,"바람 바람 끝자락
매달려 흘러간 청춘
돈이건만 값어치 약한 동전 같았던
내 과거 그 누가 알까

자존심을 내 목숨보다 더 사랑한
지난날 아픔속에는

눈물방울 삼키며
오늘을 위하여
추억 밟고 나 여기 왔다
다시는 울지 않으리

바람 바람 끝자락
매달려 흘러간 청춘
돈이건만 값어치 약한 동전 같았던
내 설움 그 누가 알까

자존심을 내 목숨보다 더 사랑한
지난날 아픔속에는

눈물방울 삼키며
오늘을 위하여
모진 세월 나 여기 왔다
인생은 지금부터야

눈물방울 삼키며
오늘을 위하여
추억 밟고 나 여기 왔다

인생은 지금부터야
인생은 지금부터야"
내 소중한 사람에게,"2,135",박지현,"그대가 그립습니다
내 가슴 오직 한 사람
문득 올려다본 저 하늘엔
떠가는 작은 그리움 하나
언제나 삶이 힘겨울 때도
늘 곁에서 함께한 사람
그 한마디 전하지 못한 말
그대는 나의 전부입니다
그대가 없는 빈자리
지워질 수 없는 그때 그 추억이
텅 빈 내 가슴을 비워도
그대 하나만큼은 비울 수 없네요
언제나 그대를 많이 사랑해요
그댄 나를 있게 한 사람
내 가슴엔 곁에 함께한 그대와
늘 행복한 꿈을 꾸어요

그대가 없는 빈자리
지워질 수 없는 그때 그 추억이
텅 빈 내 가슴을 비워도
그대 하나만큼은 비울 수 없네요
언제나 그대를 많이 사랑해요
그댄 나를 있게 한 사람
내 가슴엔 곁에 함께한 그대와
늘 행복한 꿈을 꾸어요
이 세상 그대뿐인 내가 많이 사랑해요
바라만 봐도 좋은 사람
늘 그때같이 내 그대와 영원히
늘 사랑에 꿈을 꾸어요
늘 행복한 꿈을 꾸어요"
별아 별아,"4,002",박서진,"서글픈 한세상 나 여기 두고
어찌 그리 가셨나요
밤하늘 홀로 외로운 별빛
먹물처럼 번지길래
별아 별아 떠나가신 우리님 좀 찾아다오
별아 별아 너 있는 곳
그 쪽으로 가셨으니
이 생에 묶인 이 몸이라
별아 별아 찾아다오
저 생에 만나면 알아보려나
사무치게 긴 세월에
참아온 눈물 터져버리면
그제서야 아시려나
별아 별아 떠나가신 우리님 좀 찾아다오
별아 별아 너 있는 곳
그 쪽으로 가셨으니
이 생에 묶인 이 몸이라
별아 별아 찾아다오
별아 별아 찾아다오"
끝사랑,"40,387",임영웅,"내가 이렇게 아픈데 그댄 어떨까요
원래 떠나는 사람이 더 힘든 법인데
아무 말하지 말아요 그대 마음 알아요
간신히 참고 있는 날 울게 하지 마요
이별은 시간을 멈추게 하니까
모든걸 빼앗고 추억만 주니까
아무리 웃어 보려고 안간힘 써 봐도
밥 먹다가도 울겠지만
그대 오직 그대만이
내 첫사랑 내 끝사랑
지금부터 달라질 수 없는 한 가지
그대만이 영원한 내 사랑 wah woo wah
그대도 나처럼 잘못했었다면
그 곁에 머물기 수월했을까요
사랑해 떠난다는 말 과분하다는 말
코웃음 치던 나였지만
그대 오직 그대만이
내 첫사랑 내 끝사랑
지금부터 그대 나를 잊고 살아도
그대만이 영원한 내 사랑
나는 다시는 사랑을 못할 것 같아요
그대가 아니면"
태클을 걸지마,"5,345",진성,"지금부터 뛰어
앞만 보고 뛰어

어떻게 살았냐고 묻지를 마라
이리 저리 살았을꺼라
착각도 마라
그래 한때 삶에 무게
견디지 못해
긴 세월 방황 속에
청춘을 묻었다
어허허 어허허
속절 없는 세월
탓해서 무얼해
되돌릴 수 없는 인생인 것을
지금부터 뛰어
앞만 보고 뛰어
내 인생에 태클을 걸지마

지금부터 뛰어
앞만 보고뛰어

어떻게 살았냐고 묻지를 마라
이리 저리 살았을꺼라
착각도 마라
그래 한때 삶에 무게
견디지 못해
긴 세월 방황 속에
청춘을 묻었다
어허허 어허허
속절 없는 세월
탓해서 무얼해
되돌릴 수 없는 인생인 것을
지금부터 뛰어
앞만 보고뛰어
내 인생에 태클을 걸지마
속절 없는 세월
탓해서 무얼해
되돌릴 수 없는 인생인 것을
지금부터 뛰어
앞만 보고뛰어
내 인생에 태클을 걸지마
내 인생에 태클을 걸지마"
그물,"1,746",박지현,"당신이 던져 놓은 그물에
산 채로 잡혀 버렸다
그물이 촘촘하진 않아도
빠져나갈 맘이 애초에 없었다
어기야디여차
그물을 올려
사랑에 그물을 당겨 당겨라
놔주지도 마라 놔주지도 마
어차피 잡힌 거 그냥 살란다
당신이 던져 놓은 그물에
너도 걸려 나도 걸려
모두 다 걸렸네
너도 걸려 나도 걸려
모두 다 걸렸네

당신이 던져 놓은 그물에
산 채로 잡혀 버렸다
그물이 촘촘하진 않아도
빠져나갈 맘은 애초에 없었다
어기야 디여차
그물을 올려
사랑에 그물을 당겨 당겨라
놔주지도 마라 놔주지도 마
어차피 잡힌 거 그냥 살란다
당신이 던져 놓은 그물에
너도 걸려 나도 걸려
모두 다 걸렸네
너도 걸려 나도 걸려
모두 다 걸렸네
너도 걸려 나도 걸려
모두 다 걸렸네"
헛살았네,"4,274",박서진,"헛살았네 헛살았네
내가정말헛살았어
오는사람 마다하고
가는사람 왜 막지못했나
그놈의자존심이 무엇이길래
그때는 왜 몰랐을까
이만큼 살다보니
인생이 뭐 거기서거기지만
덜사랑했으면 덜미워했으면
이렇게이렇게 아프지않을걸
바보같은 생각이 내가슴을때린다
내가정말 헛살았네
헛살았네 헛살았네
내가정말헛살았어
오는사람 마다하고
가는사람 왜 막지못했나
그놈의자존심이 무엇이길래
그때는 왜 몰랐을까
이만큼 살다보니
인생이 뭐 거기서거기지만
덜사랑했으면 덜미워했으면
이렇게이렇게 아프지않을걸
바보같은 생각이 내가슴을때린다
내가정말 헛살았네
덜사랑했으면 덜미워했으면
이렇게이렇게 아프지않을걸
바보같은 생각이 내가슴을때린다
내가정말 헛살았네
내가정말 헛살았네"
귀여운 여인,"1,900",박지현,"아싸 불타는 이 기분
그녀가 좋아
매력 있는 그 미소가 너무도 아름다워
사랑에 흠뻑 빠질 것 같은
첫눈에 반한 그 여자
이러면 안 돼 어쩌면 좋아
이 마음 어쩌면 좋아
앵두 같은 입술로 유혹하지 말아요
누가 날 좀 말려주세요
참을 수 없이 불타는 이 마음
누가 날 좀 말려주세요

아싸 황홀한 이 기분 그대가 좋아
매력 있는 그 모습이 너무도 아름다워
사랑에 흠뻑 빠질 것 같은
첫눈에 반한 그 여자
이러면 안 돼 어쩌면 좋아
이 마음 어쩌면 좋아
앵두 같은 입술로 유혹하지 말아요
누가 날 좀 말려주세요
참을 수 없이 불타는 이 마음
누가 날 좀 말려주세요
참을 수 없이 불타는 이 마음
누가 날 좀 말려주세요"
후,"1,558",조항조,"뭘 하며 사니 니가 낯설어져가
영원 할 듯한 우리였는데
잘 지내냐는 흔한 안부 조차도
물을 수 없는 눈물 나는 사랑
우연에 이끌려 또 한걸음 뒤돌아보면
영화 같은 사랑이였는데
내 가슴에서 끄집어낸 바람같은 추억
후 하고 불면 잊혀져 갈까
사랑했었다 너만 사랑했었다
나는 나는 다시 그 말 뿐이다
니가 주고간 이 지독한 그리움
우리 다시 사랑할 수 있을까
우연에 이끌려 또 한걸음 뒤돌아보면
영화 같은 사랑이였는데
내 가슴에서 끄집어낸 바람같은 추억
후 하고 불면 잊혀져 갈까
사랑했었다 너만 사랑했었다
나는 나는 다시 그 말 뿐이다
니가 주고간 이 지독한 그리움
우리 다시 사랑할 수 있을까
우리 다시 사랑할 수 있을까"
공짜,"1,854",박지현,"당신을 사랑하고 좋아하는 거 공짜
하늘땅 바람소리 새소리 공짜
얼마나 좋으냐 내가 사는 이 세상
아낌없이 조건 없이 주는 게 많아
해와 달 별을 보며
꿈을 꾸는 거 공짜
산과 들에 피어나는 꽃도 공짜
무엇을 더 바래
욕심 없이 살면 되지
당신의 웃음도 공짜

당신을 사랑하고 좋아하는 거 공짜
하늘땅 바람소리 새소리 공짜
얼마나 좋으냐 내가 사는 이 세상
아낌없이 조건 없이 주는 게 많아
해와 달 별을 보며
꿈을 꾸는 거 공짜
산과 들에 피어나는 꽃도 공짜
무엇을 더 바래
욕심 없이 살면 되지
당신의 웃음도 공짜
해와 달 별을 보며
꿈을 꾸는 거 공짜
산과 들에 피어나는 꽃도 공짜
무엇을 더 바래
욕심 없이 살면 되지
당신의 웃음도 공짜"
귀한 그대,"3,625",손태진,"나만의 그대는
너무나도 아름다워
그대를 보는 게 마치 내겐 꿈같아
여전히 예뻐요
변하지 않았어
어쩌면 그렇게 빛이 나나요? 오
내 품에 기대어
두 눈을 감아요
아무것도 하지 않아도 돼요
그대만을 소중히 아껴줄게요
내 곁을 떠나지만 말아요 오
조심스레 그대를 안아 줄게요
더 이상 아파하지 말아요
오 귀한 그대
내 눈에 그대는
누구보다 아름다워
그대의 입술은 마르지가 않네요
여전히 예뻐요
변하지 않았어
어쩌면 그렇게 빛이 나나요? 오
내 품에 기대어
두 눈을 감아요
아무것도 하지 않아도 돼요
그대만을 소중히 아껴줄게요
내 곁을 떠나지만 말아요 오
조심스레 그대를 안아 줄게요
더 이상 아파하지 말아요
오 사랑해요 너무나 소중한 당신
이대로 나와 함께 있어요 오
조심스레 그대를 안아 줄게요
더 이상 아파하지 말아요
오 귀한 그대
귀한 그대 소중해"
돌릴 수 없는 세월,"3,343",안성훈,"곤히 잠든 그대 모습
지긋이 바라봅니다
함께한 날들 모두가
멈춘것만 같아요
꽃다운 날 나를 만나
모든걸 맡긴 사람
때론 속고 속는데도
떠나지 않은 사람
왜 이리 작아졌나요
늘 맘조린 탓인가요
왜 이리 가벼운가요
돌릴 수 없는 세월에
눈물이 나요 눈물이 흘러요
철없던 날 나를 만나
속 많이 썩은 사람
그 모두가 날 떠나도
믿어준 단 한사람
왜 이리 작아졌나요
늘 맘조린 탓인가요
왜 이리 가벼운가요
돌릴 수 없는 세월에
눈물이 나요 눈물이 흘러요
당신이 나를 살게한 사람이요"
비 내리는 영동교,698,정서주,"밤비 내리는 영동교를
홀로 걷는 이 마음
그 사람은 모를 거야 모르실 거야
비에 젖어 슬픔에 젖어 눈물에 젖어
하염없이 걷고 있네
밤비 내리는 영동교
잊어야지 하면서도 못 잊는 것은
미련 미련 미련 때문인가 봐

밤비 내리는 영동교를
헤매도는 이 마음
그 사람은 모를 거야 모르실 거야
비에 젖어 슬픔에 젖어 아픔에 젖어
하염없이 헤매이네
밤비 내리는 영동교
생각 말자 하면서도 생각하는 건
미련 미련 미련 때문인가 봐
비에 젖어 슬픔에 젖어 아픔에 젖어
하염없이 헤매이네
밤비 내리는 영동교
생각 말자 하면서도 생각하는 건
미련 미련 미련 때문인가 봐
미련 미련 미련 때문인가 봐"
엄마꽃,"3,092",안성훈,"오래된 사진 속에
어여쁜 당신의 얼굴
청춘의 달콤했던 꿈들은 모두
과거로만 남아버렸나
아들딸을 키우시느라
버려야만 했던 것들
후회한 점 없으시다는
나밖에 모를 사람
꽃이 피었네 꽃이 피었네
우리 엄마 젊었을 적에
눈물이 나요 눈물이 나요
나 땜에 변한 것 같아
그래도 온 세상 제일 예쁘다
엄마 엄마 우리 엄마꽃
못난 자식 걱정하느라
뭉그러져버린 가슴
엄마라는 이유만으로
티 낼 수 없는 사람
꽃이 피었네 꽃이 피었네
우리 엄마 젊었을 적에
눈물이 나요 눈물이 나요
나 땜에 변한 것 같아
그래도 온 세상 제일 예쁘다
엄마 엄마 우리 엄마꽃
미안해요 우리 엄마꽃
엄마
엄마 엄마 우리 엄마꽃"
그 강을 건너지마오,"1,587",박서진,"가지 마오 가지를 마오
그 강을 건너지 마오
가려거든 가시려거든
이 언약 가져가시오
검은 머리 파뿌리 되는 날까지
지켜준다고
내 손 잡고 눈물로 맺은
언약을 잊지 마시오
강물에 떠내려가는
마지막 꽃잎일세라
이손을 놓지 못하오
님이여 움켜쥐시오
가지 마오 가지를 마오
그 강을 건너지 마오
가려거든 가시려거든
이 언약 가져가시오

강물에 떠내려가는
마지막 꽃잎일세라
이 손을 놓지 못하오
님이여 움켜쥐시오
가지 마오 가지를 마오
그 강을 건너지 마오
가려거든 가시려거든
이 언약 가져가시오
이 언약 가져가시오"
상사화,"3,430",손태진,"모란이 피면 모란으로
동백이 피면 넌 다시 동백으로
나에게 찾아와 꿈을 주고
너는 또 어디로 가버리나
인연이란 끈을 놓고 보내긴 싫었다
향기마저 떠나보내고
바람에 날린 저 꽃잎 속에
내 사랑도 진다
아 모란이 아 동백이
계절을 바꾸어 다시 피면
아 세월이 휭 또 가도
내 안에 그대는 영원하리
모란이 피면 모란으로
동백이 피면 넌 다시 동백으로
나에게 찾아와 꿈을 주고
너는 또 어디로 가버리나
인연이란 끈을 놓고 보내긴 싫었다
향기마저 떠나보내고
바람에 날린 저 꽃잎 속에
내 사랑도 진다
아 모란이 아 동백이
계절을 바꾸어 다시 피면
아 세월이 휭 또 가도
내 안에 그대는 영원하리
아 모란이 아 동백이
아 모란이 아 동백이
계절을 바꾸어 다시 피면
아 세월이 휭 또 가도
내 안에 그대는 영원하리
내 안에 그대는 영원하리"
공작새,875,박혜신,"화려하게 날개를 편
비에 젖은 공작새는

쓸쓸한 여자의 가슴을
물들여

눈물처럼 미운 사람
눈물만큼 나쁜 사람

보낼 수가 없어요
이대로 끝인가요

떠난다면 뒤돌지 말고
안녕이란 그 말도 마세요

이별이란 말 대신
사랑해

처음처럼 그 눈빛처럼
내게 와서 날 안아주세요

공작새의 눈물은
당신을 원해요

눈부시게 날아오른
갈 길 잃은 공작새는

외로운 여자의 가슴을
흔들어

무심하게 떠날 사람
무정하게 가는 사람

잡을 수가 없어요
이대로 끝인가요

떠난다면 뒤돌지 말고
안녕이란 그 말도 마세요

이별이란 말 대신
사랑해

처음처럼 그 눈빛처럼
내게 와서 날 안아주세요

공작새의 눈물은
당신을 원해요

처음처럼 그 눈빛처럼
내게 와서 날 안아주세요

공작새의 눈물은
당신을 원해요"
오라버니,"1,940",박지현,"날 사랑하신다 하니
정말 그러시다니
구름 타고 빛나는
하늘 훨훨 날아갑니다
날 사랑하신다 하니
정말 행복하여서
설레이다 떠는 가슴은
아픈 줄도 모른답니다
오라버니 어깨에 기대어 볼래요
커다란 가슴에 얼굴을 묻고
지금 이대로 죽어도 여한 없어요
나는 정말 여자라서 행복해요
오라버니
사랑한다 말해주세요
정신을 못 차릴 거야
오라버니 목소리에 울고 웃어요
내겐 영원한 오라버니

오라버니 어깨에 기대어 볼래요
커다란 가슴에 얼굴을 묻고
지금 이대로 죽어도 여한 없어요
나는 정말 여자라서 행복해요
오라버니
사랑한다 말해주세요
정신을 못 차릴 거야
오라버니 목소리에 울고 웃어요
내겐 영원한 오라버니
내겐 영원한 오라버니"
엄마아리랑,"17,012",송가인,"엄마아리랑 아리랑
아리아리랑 아라리요
아들딸아 잘되거라
밤낮으로 기도한다
엄마 아리랑
사랑하는 내 아가야
보고싶다 우리 아가
천년만년 지지 않는 꽃이 피는구나
아 리 랑 아 리 랑
사랑 음 사랑 음 엄마 아리랑
아리아리랑 아라리요
쓰리쓰리랑 아라리요
우리 엄마 사랑은
아리랑 엄마 아리랑
엄마아리랑 아리랑
아리아리랑 아라리요
우리 엄마 무병장수
정성으로 기원하오
엄마 아리랑
사랑하는 내 어머니
보고싶소 울 어머니
서산마루 해가 지고 달이 뜨는구나
아 리 랑 아 리 랑
사랑 음 사랑 음 엄마아리랑
아리아리랑 아라리요
쓰리쓰리랑 아라리요
우리 엄마 사랑은 아리랑
엄마 아리랑
아 리 랑 아 리 랑
사랑 음 사랑 음
엄마 엄마
우리 어머니 아 리 랑
에야디야 에헤라디야디야
에야디야 에헤라디야디야
에야디야 에헤라디야디야
엄마 아리랑"
꽃마리,"2,081",김희재,"가지 말라고 가지 말라고
아무리 애원해 봐도 안돼
어차피 이 밤이 새고 나면
우린 만날 수 없잖아

안되는 걸 알면서
잡은 손 놓지 못하고
이렇게 눈물만 흘리는 건
내가 바보 같아서

둘이 걷던 그 길가에
들꽃이라도 되어서
오고 가는 사람들 속에
널 다시 볼 수 있다면

들꽃이라도 좋아요
당신만 볼 수 있다면
길모퉁이 홀로 남은
들꽃이라도 좋아요

둘이 걷던 그 길가에
들꽃이라도 되어서
오고 가는 사람들 속에
널 다시 볼 수 있다면

들꽃이라도 좋아요
당신만 볼 수 있다면
길모퉁이 홀로 남은
들꽃이라도 좋아요

들꽃이라도 좋아요"
오동도 블루스,"1,743",박지현,"오동도 뱃길 따라오실 때는
여린 정 품에 안고 오질 마세요
물빛 순정은 항구의 정이라서
네온 불 한잔 술에 가슴이 타네
꽃이 피는 오동도 거리
사랑의 거리
정이 들면은 못 떠나는
오동도 블루스

오동도 물길 따라오실 때에는
심은 정 홀로 안고 울지 마세요
뱃고동 소리는 항구의 슬픔이요
네온 불 풋사랑은 너무 무정해
돌아 보는 오동도 거리
추억의 거리
정을 두고 떠나가는
오동도 블루스

꽃이 피는 오동도 거리
사랑의 거리
정이 들면은 못 떠나는
오동도 블루스
정이 들면은 못 떠나는
오동도 블루스"
옹이,"3,069",조항조,"사랑에 불씨 하나
가슴에 불 질러놓고
냉정히 등을 돌린
그 사랑 지우러 간다
얼마나 달려가야
이 사랑 내려놓을까
어디쯤 달려가야 그리움도 놓을까
너무 깊어 옹이가 된
사랑 때문에 내가 운다
뜨거웠던 그 사랑도
모두가 거짓이었나
냉정히 등을 돌린
그 사랑 지우러 간다
얼마나 달려가야
이 사랑 내려놓을까
어디쯤 달려가야 그리움도 놓을까
빼지 못할 옹이가 된
사랑 때문에 내가 운다
빼지 못할 옹이가 된
사랑 때문에 내가 운다"
99881234,729,나영,"(구구팔팔 일이삼사)
(구구팔팔 일이삼사)

(구구팔팔 일이삼사)
(구구팔팔 일이삼사)

구구팔팔 일이삼사
구구팔팔 일이삼사
구구팔팔 일이삼사
구구팔팔 일이삼사
구십구 세까지 팔팔하게
하루 이틀 삼일만 아프다 가자 짠
청춘아 가지 말아라
빛나는 아침에 왔다가
밤이 되어 떠나가느냐 달빛 따라 떠나가느냐
뜨내기손님이더냐
친구여 잔을 높이높이 들어라
청춘이 머물 수 있게
구구팔팔 일이삼사
구구팔팔 일이삼사
구구팔팔 일이삼사
구구팔팔 일이삼사
구십구 세까지 팔팔하게
하루 이틀 삼일만 아프다 가자 짠

(구구팔팔 일이삼사)
(구구팔팔 일이삼사)
세월아 잡지 말아라
날 두고 너 먼저 가거라
마음껏 사랑하다가 마음껏 행복하다가
원 없이 놀다 가련다
친구여 잔을 높이높이 들어라
청춘이 머물 수 있게
구구팔팔 일이삼사
구구팔팔 일이삼사
구구팔팔 일이삼사
구구팔팔 일이삼사
구십구 세까지 팔팔하게
하루 이틀 삼일만 아프다 가자 짠
구구팔팔 일이삼사(구구팔팔 일이삼사)
구구팔팔 일이삼사(구구팔팔 일이삼사)
구십구 세까지 팔팔하게
하루 이틀 삼일만 아프다 가자
하루 이틀 삼일만 아프다 가자
가자 짠"
미운 사랑,"9,478",황영웅,"남몰래 기다리다가
가슴만 태우는 사랑
어제는 기다림에
오늘은 외로움
그리움에 적셔진 긴 세월
이렇게 살라고 인연을 맺었나
차라리 저 멀리 둘 걸
미워졌다고 갈 수 있나요
행여나 찾아올까봐
가슴이 사랑을 잊지 못해
이별로 끝난다 해도
그 끈을 놓을 순 없어
너와 난 운명인 거야
이렇게 살라고 인연을 맺었나
차라리 저 멀리 둘 걸
미워졌다고 갈 수 있나요
행여나 찾아올까봐
가슴이 사랑을 잊지 못해
이별로 끝난다 해도
그 끈을 놓을 순 없어
너와 난 운명인 거야
그 끈을 놓을 순 없어
너와 난 운명인 거야"
들꽃,"2,954",손태진,"밤 하늘 달 걸음 따라서
당신이 보고싶은 밤
가슴 속에 가득 별님처럼 가득
당신 얼굴이 아련해
아~ 내안에 활짝 피어난
들꽃 하나 꺽어 쥐고서
사랑이라오 한송이 꽃이라오
천송이 만송이 당신께 주고픈데
손끝에 엉성히 구겨진 들꽃 하나가
내 맘을 불꽃처럼 태웠소
당신과 나란히 잠든 방
수척한 그댈 보면서
나도 몰래 글썽 당신 몰래 글썽
눈물 소리가 가득해
아~ 세상에 고운 사랑아
이 사람 좀 데려가주오
사랑이라오 한송이 꽃이라오
천송이 만송이 당신께 주고픈데
손끝에 엉성히 구겨진 들꽃 하나가
내 맘을 불꽃처럼 태웠소
사랑이라오 한송이 꽃이라오
천송이 만송이 당신께 주고픈데
손끝에 엉성히 구겨진 들꽃 하나가
내 맘을 불꽃처럼 태웠소"
백만송이 장미,"3,453",손태진,"먼 옛날 어느 별에서
내가 세상에 나올 때
사랑을 주고 오라는
작은 음성 하나 들었지
사랑을 할 때만 피는 꽃
백만송이 피워오라는
진실한 사랑을 할 때만
피어나는 사랑의 장미
미워하는 미워하는 미워하는 마음 없이
아낌없이 아낌없이 사랑을 주기만 할 때
수백만송이 백만송이
백만송이 꽃은 피고
그립고 아름다운
내 별나라로 갈 수 있다네
진실한 사랑은 뭔가
괴로운 눈물 흘렸네
헤어져 간 사람 많았던
너무나 슬픈 세상이었기에
수많은 세월 흐른 뒤
자기의 생명까지 모두 다 준
빛처럼 홀연히 나타난
그런 사랑 나를 안았네
미워하는 미워하는 미워하는 마음 없이
아낌없이 아낌없이 사랑을 주기만 할 때
수백만송이 백만송이
백만송이 꽃은 피고
그립고 아름다운
내 별나라로 갈 수 있다네
이젠 모두가 떠날지라도
그러나 사랑은 계속될 거야
저 별에서 나를 찾아온
그토록 기다리던 이 있네
그대와 나 함께라면
더욱더 많은 꽃을 피우고
하나가 된 우리는
영원한 저 별로 돌아가리라
아낌없이 아낌없이 사랑을 주기만 할 때
수백만송이 백만송이
백만송이 꽃은 피고
그립고 아름다운
내 별나라로 갈 수 있다네
미워하는 미워하는 미워하는 마음 없이
아낌없이 아낌없이 사랑을 주기만 할 때
수백만송이 백만송이
백만송이 꽃은 피고
그립고 아름다운
내 별나라로 갈 수 있다네
그립고 아름다운
내 별나라로 갈 수 있다네"
동전인생,"4,335",진성,"바람 바람 끝자락 매달려
흘러간 청춘
돈이건만 값어치 약한 동전 같았던
내 과거 그 누가 알까
자존심을 내 목숨보다 더 사랑한
지난 날 아픔 속에는
눈물 방울 삼키며 오늘을 위하여
추억 밟고 나 여기 왔다
다시는 울지 않으리
바람 바람 끝자락 매달려
흘러간 청춘
돈이건만 값어치 약한 동전 같았던
내 설움 그 누가 알까
자존심을 내 목숨보다 더 사랑한
지난 날 아픔 속에는
눈물 방울 삼키며 오늘을 위하여
모진 세월 나 여기 왔다
인생은 지금부터야
눈물방울 삼키며 오늘을 위하여
모진 세월 나 여기 왔다
인생은 지금부터야"
그때 우린 젊었다,"3,177",장민호,"그때 우린 젊었다
태양처럼 빛났다
오로지 앞만 보고 달려갔었다
그때 우린 좋았다
힘들어도 좋았다
초록의 풀잎처럼 싱그러웠다
그땐 정말 젊었다
피어나는 꽃들의 향기보다도
우리들의 향기가 더 진했다
하늘을 날아가는 새들보다도
우리들의 이상은 더 높았다
어두웠던 날들도 있었지만은
우리들의 타는 가슴을 막지 못했다
그때 우린 젊었다
태양처럼 빛났다
오로지 앞만 보고 달려갔었다
그때 우린 좋았다
힘들어도 좋았다
초록의 풀잎처럼 싱그러웠다
그땐 정말 젊었다
피어나는 꽃들의 향기보다도
우리들의 향기가 더 진했다
하늘을 날아가는 새들보다도
우리들의 이상은 더 높았다
어두웠던 날들도 있었지만은
우리들의 타는 가슴을 막지 못했다
그때 우린 젊었다
태양처럼 빛났다
오로지 앞만 보고 달려갔었다
그때 우린 좋았다
힘들어도 좋았다
초록의 풀잎처럼 싱그러웠다
그땐 정말 젊었다
우린 젊었다
젊었다"
사랑이 좋아,"24,086",홍진영,"사랑이 좋아 가슴 아파도
누가 뭐래도 난 당신이 최고야
인생이 힘들어도
세상이 날 속여도
난 당신 밖에 없어요
인생이 나를 울게 한대도
당신이 나를 또 웃게 만드니까
다시 힘을 내야지
다시 일어서야지
이게 바로 인생 아닐까
비바람 몰아쳐도 당신이 있고
길 잃어 헤멜 때도 당신이 있어
나는 알아 나는 알아
당신이 내게 전부라는 걸
돈이 없어도 내겐 당신이 있고
친구들 날 떠나도 당신이 있어
난 알아 나는 알아
당신 없으면 나는 못살아
사랑이 좋아 가슴 아파도
누가 뭐래도 난 당신이 최고야
인생이 힘들어도
세상이 날 속여도
난 당신 밖에 없어요
인생이 나를 울게 한대도
당신이 나를 또 웃게 만드니까
다시 힘을 내야지
다시 일어서야지
이게 바로 인생아닐까
슬플 때 내 곁에는 당신이 있고
기쁠 때 웃을 때도 당신이 있어
난 알아 나는 알아
당신 없으면 나는 못살아
사랑이 좋아 가슴 아파도
누가 뭐래도 난 당신이 최고야
인생이 힘들어도
세상이 날 속여도
난 당신 밖에 없어요
인생이 나를 울게 한대도
당신이 나를 또 웃게 만드니까
다시 힘을 내야지
다시 일어서야지
이게 바로 인생 아닐까"
물레방아 도는데,592,정서주,"돌담길 돌아서며
또 한 번 보고
징검다리 건너갈 때
뒤돌아 보며
서울로 떠나간 사람
천리 타향 멀리 가더니
새봄이 오기 전에 잊어버렸나
고향의 물레방아
오늘도 돌아가는데

두 손을 마주 잡고 아쉬워하며
골목길을 돌아설 때
손을 흔들며
서울로 떠나간 사람
천리 타향 멀리 가더니
가을이 다 가도록 소식도 없네
고향의 물레방아
오늘도 돌아가는데
천리 타향 멀리 가더니
가을이 다 가도록 소식도 없네
고향의 물레방아
오늘도 돌아가는데
오늘도 돌아가는데"
인생아 고마웠다,"1,816",조항조,"인생아 고마웠다
사람이 나를 떠나도
세상이 나를 속여도
내곁에 있어주어서
인생아 고마웠다
사랑이 나를 떠나도
그것은 내 몫이라고
나에게 말해주어서
인생아 나 부탁을 한다
나 두눈 감는 날에는
잘 살았다고 훌륭했다고
그 말만 해주라
눈물이 많은 삶이여서
고생했다 말해주라
배운게 많은 삶이여서
아름답다 말해주라
인생아 고마웠다
빈몸으로 태어나도
많은걸 채워주고
빈몸으로 보내주어서
인생아 나 부탁을 한다
나 두눈 감는 날에는
잘 살았다고 훌륭했다고
그 말만 해주라
눈물이 많은 삶이여서
고생했다 말해주라
배운게 많은 삶이여서
아름답다 말해주라
인생아 고마웠다
인생아 내 인생아
참 고마웠다 인생아 사랑한다
인생아 사랑한다"
아름다운 강산,"2,009",전유진,"하늘은 파랗게 구름은 하얗게
실바람도 불어와 부풀은 내 마음

나뭇잎 푸르게 강물도 푸르게
아름다운 이곳에 내가 있고 네가 있네

손잡고 가보자 달려보자 저 광야로
우리들 모여서 말해보자 새희망을

하늘은 파랗게 구름은 하얗게
실바람도 불어와 부풀은 내 마음

우리는 이 땅 위에 우리는 태어나고
아름다운 이곳에 자랑스런 이곳에 살리라

찬란하게 빛나는 붉은 태양이 비추고
하얀 물결 넘치는 저 바다와 함께 있네

그 얼마나 좋은가 우리 사는 이곳에
사랑하는 그대와 노래하리

봄 여름이 지나면 가을 겨울이 온다네
아름다운 강산

너의 마음 나의 마음 나의 마음 너의 마음
너와 나는 한마음 너와 나

우리 영원히 영원히 사랑 영원히 영원히
우리 모두 다 모두 다 끝없이 다정해"
엄마로 산다는 것은,"1,882",손태진,"늦은 밤 선잠에서 깨어
현관문 열리는 소리에
부시시한 얼굴
아들, 밥은 먹었느냐
피곤하니 쉬어야겠다며
짜증 섞인 말투로
방문 휙 닫고 나면
들고 오는 과일 한 접시
엄마도 소녀일 때가
엄마도 나만할 때가
엄마도 아리따웠던 때가 있었겠지
그 모든 걸 다 버리고
세상에서 가장 강한 존재
엄마, 엄마로 산다는 것은

엄마도 소녀일 때가
엄마도 나만할 때가
엄마도 아리따웠던 때가 있었겠지
그 모든 걸 다 버리고
세상에서 가장 강한 존재
엄마, 엄마로 산다는 것은

아프지 말거라, 그거면 됐다"
그대 내 친구여,"3,577",안성훈,"어둠 속에서 혼자 울고 있을 때
나의 손을 꼭 잡아 준 사람
비 바람 불어도 늘 곁에 있어 준 사람
그건 바로 당신이였오
내 삶이 때론 노래가 되고
때론 서글픈 사랑이 돼요
황금빛 노을 붉은 파도 위를 달리는
바람이 되고 싶소
내 친구여 내 사랑아
나 죽어도 그대 잊지 않으리
평생을 사랑해도 아직도
그리운 사람 그대는 내 친구여
내 삶이 때론 노래가 되고
때론 서글픈 사랑이 돼요
황금빛 노을 붉은 파도 위를 달리는
바람이 되고 싶소
내 친구여 내 사랑아
나 죽어도 그대 잊지 않으리
평생을 사랑해도 아직도
그리운 사람 그대 그대
내 친구여 내 사랑아
나 죽어도 그대 잊지 않으리
평생을 사랑해도 아직도
그리운 사람 그대 내 친구여
그대는 내 친구여"
즐겨라,"3,719",박서진,"언제까지 어깨춤을 추게할꺼야
흥이들어간다 쭉쭉쭉쭉쭉
언제까지 어깨춤을 추게할꺼야
흥이들어간다 쭉쭉쭉쭉쭉
즐겨라 즐겨라 즐겨라 즐겨
마음껏 즐겨라
피할수없다면 즐겨라 즐겨라
열정을 부어라 사랑을 마셔라
오늘을 즐겨라
늦기전에 인생을 즐겨라
옆사람 뒷사람 눈치보지 말고
집에가서 아쉽다고 후회하지 말고
신명나게 놀아보자
스트레스 풀어보자
지금을 즐겨보자
즐겨라 즐겨라 즐겨라 즐겨
마음껏 즐겨라
피할수없다면 즐겨라 즐겨라
열정을 부어라 사랑을 마셔라
오늘을 즐겨라
늦기전에 인생을 즐겨라
옆사람 뒷사람 눈치보지 말고
집에가서 아쉽다고 후회하지 말고
신명나게 놀아보자
스트레스 풀어보자
지금을 즐겨보자
즐겨라 즐겨라 즐겨라 즐겨
마음껏 즐겨라
피할수없다면 즐겨라 즐겨라
열정을 부어라 사랑을 마셔라
오늘을 즐겨라
늦기전에 인생을 즐겨라
언제까지 어깨춤을 추게할꺼야
흥이들어간다 쭉쭉쭉쭉쭉
언제까지 어깨춤을 추게할꺼야
흥이들어간다 쭉쭉쭉쭉쭉
늦기전에 인생을 즐겨라"
7번국도,"7,999",장민호,"해 뜨는 정동진에서 바닷길
7번국도 따라 끝이 없는 사랑 길
아프니까 사랑이랬지 잊으려
애를 쓰니 더 보고 싶더라
7번국도 바닷길 따라
끝없는 나의 사랑길
해 뜨는 정동진에서
뜨겁게 사랑도 했지
가다가 멈추어 보니
그때 그 포장마차
사연 많은 술 한 잔
무심한 갈매기 소리
내 마음 끼룩끼룩
보고 싶다 사랑아
해 뜨는 간절곶에서 바닷길
7번국도 따라 끝이 없는 사랑 길
해 뜨는 간절곶에서
뜨겁게 사랑도 했지
가다가 멈추어 보니
그때 그 포장마차
사연 많은 술 한 잔
무심한 갈매기 소리
내 마음 끼룩끼룩
보고 싶다 사랑아
무심한 갈매기 소리
내 마음 끼룩끼룩
보고 싶다 사랑아"
칭찬 고래,"2,371",김다현,"어머나 또 늦었네
가슴이 콩닥콩닥

아침부터 엄마에게 혼날 생각에
심장이 두근두근

허둥지둥 돌아보니
내 방에 고래 한 마리

까만 눈이 너무나 귀여워서
칭찬을 해주었더니

고래가 춤을 춥니다
고래가 춤을 춥니다

칭찬을 해주신다면
나도 춤을 춥니다

칭 차라 라차차찬
나도 춤을 춥니다

어머나 또 까먹었네
가슴이 콩닥콩닥

벌써부터 아빠에게 혼날 생각에
심장이 두근두근

내 방에 웬 고래야
허공을 헤엄치네

커다란 그 덩치에도 얌전해
칭찬을 해주었더니

따뜻한 소리 듣고 싶죠
가끔은 부족하더라도

우린 모두 인정받고 싶어 해요
오늘의 나를 사랑해주면
더 나은 내일을 살 수 있죠
우린 모두 사랑받고 싶어 해요

고래가 춤을 춥니다
고래가 춤을 춥니다

칭찬을 해 주신다면
나도 춤을 춥니다

고래가 춤을 춥니다
고래가 춤을 춥니다

칭찬을 해주신다면
나도 춤을 춥니다

칭 차라 라차차찬
나도 춤을 춥니다
칭 차라 라차차찬"
역쩐인생:가난한 남자,"13,894",장민호,"돈 없다고 무시하지 마
사람일 아무도 몰라
돈 있다고 으시대지 마
뒤통수 맞을지 몰라
세상만사 다 그래도
나 만큼 이라도
그렇게 살지 말자
돈은 있다가도 없고
없다가도 있고
돌고 도는 인생
신나게 가즈아
힘차게 가즈아
한 번뿐인 인생
별거 없는 거야
맘껏 펼쳐봐
다 함께 웃자
더 크게 웃자
오늘도 가겠지만
내일이 오겠지만
역전 인생 기다려라
난 가난한 남자
아니 행복한 남자
돈 없다고 주눅 들지 마
실팬 성공의 어머니
돈 있다고 잘난 체 마라
내일은 아무도 몰라
세상만사 다 그래도
나 만큼 이라도
그렇게 살지 말자
돈은 있다가도 없고
없다가도 있고
돌고 도는 인생
신나게 가즈아
힘차게 가즈아
한 번뿐인 인생
별거 없는 거야
맘껏 펼쳐봐
다 함께 웃자
더 크게 웃자
오늘도 가겠지만
내일이 오겠지만
역전 인생 기다려라
난 가난한 남자
아니 행복한 남자
난난난난나난 난 정말 가난한 남자
아니아니 행복한 남자
난 가난한 남자"
일편단심 민들레야,"40,682",임영웅,"님 주신 밤에 씨 뿌렸네
사랑의 물로 꽃을 피웠네
처음 만나 맺은 마음
일편단심 민들레야
그 여름 어인 광풍
그 여름 어인 광풍
낙엽지듯 가시었네
행복했던 장미인생
비 바람에 꺾이니
나는 한 떨기 슬픈 민들레야
긴 세월을 하루 같이
하늘만 쳐다보니
그 이의 목소리는
어디에서 들을까
일편단심 민들레는
일편단심 민들레는
떠나지 않으리라
해가 뜨면 달이 가고
낙엽지니 눈보라치네
기다리고 기다리는
일편단심 민들레야
가시 밭길 산을 넘고
가시 밭길 산을 넘고
강을 건너 찾아왔소
행복했던 장미인생
비 바람에 꺾이니
나는 한 떨기 슬픈 민들레야
긴 세월을 하루 같이
하늘만 쳐다보니
그 이의 목소리는
어디에서 들을까
일편단심 민들레는
일편단심 민들레는
떠나지 않으리라
떠나지 않으리라"
남자라는 이유로,"4,855",조항조,"누구나 웃으면서 세상을 살면서도
말못할 사연 숨기고 살아도
나역시 그런저런 슬픔을 간직하고
당신앞에 멍하니 서있네
언제한번 가슴을 열고 소리내어
소리내어 울어 볼 날이
남자라는 이유로 묻어두고 지낸
그 세월이 너무 길었어

저마다 처음인듯 사랑을 하면서도
쓰라린 이별 숨기고 있어도
당신도 그런저런 과거가 있겠지만
내앞에선 미소를 짓네
언제한번 가슴을 열고 소리내어
소리내어 울어 볼 날이
남자라는 이유로 묻어두고 지낸
그 세월이 너무 길었어

언제한번 그런날 올까요 가슴을 열고
소리내어 울어 울어 볼 날이
남자라는 이유로 묻어두고 지낸
그 세월이 너무 길어요"
칼퇴근,"6,371",이이경,"퇴근퇴근퇴근퇴근 하고 싶어요
야근야근야근 너무 싫어요
칼퇴근을 너무너무 하고싶어요
내 시간들이 소중 하니까
세상이 다 빠르게 돌아가지만
내 시계는 죽었나 돌질 않네
짹깍짹각 시계의 초침 소리는
분명히 잘 들리는데
정신없이 쉴 세 없이
일 했다 생각했는데
이게 뭐야
점심시간도 멀었다
퇴근퇴근퇴근퇴근 하고싶어요
야근야근야근 너무 싫어요
사장부장과장님 다 퇴근하세요
눈치보여요
퇴근퇴근퇴근퇴근 하고 싶어요
야근야근야근 너무 싫어요
칼퇴근을 너무너무 하고싶어요
내 시간들이 소중 하니까
하루종일 내 업무 끝내놨지만
니들은 뭐했니 야근하네
깨톡깨톡 여친은 연락오는데
아무도 퇴근을 안해
정신없이 쉴 새도 없이
일 했다 생각했는데
이게 뭐야
오늘은 야근이란다
퇴근퇴근퇴근퇴근 하고싶어요
야근야근야근 너무 싫어요
사장부장과장님 다 퇴근하세요
눈치보여요
퇴근퇴근퇴근퇴근 하고 싶어요
야근야근야근 너무 싫어요
칼퇴근을 너무너무 하고싶어요
내 시간들이 소중 하니까
이럴수가 어쩌면 좋아
계획 없던
회식 회식 오늘 한다네
회식회식회식회식 너무싫어요
1차2차3차 너무 싫어요
회식하면 출근시간 늦춰주세요
힘들잖아요
퇴근퇴근퇴근퇴근 하고 싶어요
야근야근야근 너무 싫어요
칼퇴근을 너무너무 하고싶어요
내 시간들이 소중 하니까
칼퇴근 너무 하고싶어요"
봄비,"5,638",이은하,"봄비 속에 떠난 사람

봄비 맞으며 돌아왔네

그 때 그 날은 그 때 그 날은

웃으면서 헤어졌는데

오늘 이 시간 오늘 이 시간

너무나 아쉬워 서로가 울면서 창밖을 보네

봄비가 되어 돌아온 사람

비가 되어 가슴 적시네"
시계바늘,"9,586",신유,"사는게 뭐 별거있더냐
욕 안먹고 살면 되는거지
술한잔에 시름을 털고
너털웃음 한번웃어보자 세상아
시계바늘처럼 돌고돌다가
가는길을 잃은사람아
미련따위 없는거야
후회도없는거야 아 아
세상살이 뭐 다 그런거지 뭐
돈이좋아 여자가좋아
술이좋아 친구가좋아
싫다하는 사람은없어
너도한번해보고
나도한번해본다
시계바늘처럼 돌고돌다가
가는길을 잃은사람아
미련따위없는거야
후회도없는거야 아 아
세상살이뭐 다 그런거지 뭐
세상살이뭐 다 그런거지 뭐"
아메리칸 마도로스,"1,507",박지현,"무역선 오고 가는 부산 항구 제일 부두
술 취한 마도로스 이별이 야속 더라
밧줄을 감으면은 기적이 울고
뱃머리 돌리면은 사랑이 운다
아아아 항구의 아가씨
울리고 떠나가는 버리고 떠나가는
마도로스
아메리칸 마도로스

꿈 물결 넘실대는 부산 항구 제일 부두
한 많은 마도로스 항구가 무정 터라
깃발을 올리면은 기적이 울고
등대불 깜박이면 사랑이 운다
아아아 항구의 아가씨
울리고 떠나가는 버리고 떠나가는
마도로스
아메리칸 마도로스"
불나비,"6,236",장윤정,"헝클어진 머리 쓸어 올리고
춤을 춰 춤을 춰
바라보는 그대의 눈빛 만이
말을 해 말을 해
사랑하나봐 ah ah ah
그대 그대 그대
떨리는가봐 ah ah ah 그대 때문에
흔들리는 저 불빛 사이로
uh 어느새 나는 불나비
너무 좋아 타는 줄도 모르고
뱅뱅뱅 자꾸 뱅뱅뱅 에에에에에에

외로움은 먼지를 털어내듯이
툭툭 툭툭툭
빨강 파란 노란빛 조명불 아래
유혹해 유혹해
사랑하나봐 ah ah ah
그대 그대 그대
떨리는가봐 ah ah ah 그대 때문에
흔들리는 저 불빛 사이로
uh 어느새 나는 불나비
너무 좋아 타는 줄도 모르고
뱅뱅뱅 자꾸 뱅뱅뱅 에에에에에에
흔들리는 네온빛 속으로
uh 어느새 나는 불나비
이 음악을 멈추지 말아 DJ
이번엔 뜨거운 밤에"
잡지마,"1,536",박서진,"잡지 마라 잡지 마라
내 가는 길 막지 마라
그 사랑에 너무 빠져
이별 예감 못했구나
사랑이란 사랑이란
흘러가는 강물 같더라
잡지 마라 잡지 마라
내가는 길 막지 마라
사랑이란 다 그런 거야

묻지 마라 묻지 마라
내가는 길 묻지 마라
그 사랑에 너무 빠져
이별 예감 못했구나
청춘이란 청춘이란
떨어지는 꽃잎 같더라
묻지 마라 묻지 마라
내가는 길 묻지 마라
사랑이란 다 그런 거야
잡지 마라 잡지 마라
내가는 길 막지 마라
사랑이란 다 그런 거야"
둥지,"9,087",남진,"너 빈자리 채워 주고 싶어
내 인생을 전부 주고 싶어
이제는 너를 내 곁에다 앉히고
언제까지나 사랑 할까봐

우리 더 이상 방황하지마
한눈 팔지마 여기 둥지를 틀어

지난날의 아픔은 잊어버려
스쳐 지나가는 바람처럼
이제 너는 혼자가 아니잖아
사랑하는 나 있잖아

너는 그냥 가만히 있어 다 내가 해 줄게
현실일까 꿈일까 사실일까 아닐까
헷갈리고 서 있지마 우 -

사랑이 뭔지 그동안 몰랐지
내 품에 둥지를 틀어봐

너 빈자리 채워 주고 싶어
내 인생을 전부 주고 싶어
이제는 너를 내 곁에다 앉히고
언제까지나 사랑 할까봐

우리 더 이상 방황하지마
한눈 팔지마 여기 둥지를 틀어

지난날의 아픔은 잊어버려
스쳐 지나가는 바람처럼
이제 너는 혼자가 아니잖아
사랑하는 나 있잖아

너는 그냥 가만히 있어 다 내가 해 줄게
현실일까 꿈일까 사실일까 아닐까
헷갈리고 서 있지마 우 -

사랑이 뭔지 그동안 몰랐지
내 품에 둥지를 틀어봐

내 품에 둥지를 틀어봐 -"
눈물인가봐,"3,135",박서진,"눈물이 흘러보지 못했어
사랑 사랑 사랑이여
닦아도 흐르는 눈물
우리는 우리는 이렇게
남남이 되어가나봐
우연이 만나 사랑하고
우연이 하나 됐지만
서로 다른길을 가나봐
남남이 되어가나봐
다시는 볼 수 없는 이
너무나 사랑했는데
우리 사랑 눈물인가봐
우연이 만나 사랑하고
우연이 하나 됐지만
서로 다른길을 가나봐
남남이 되어가나봐
다시는 볼 수 없는 이
너무나 사랑했는데
우리 사랑 눈물인가봐
우리 사랑 눈물인가봐
우리 사랑 눈물인가봐"
흑산도 아가씨,"1,232",박서진,"남 몰래 서러운
세월은 가고
물결은 천 번 만 번
밀려오는데
못 견디게 그리운
아득한 저 육지를
바라보다 검게 타버린
검게 타버린 흑산도 아가씨

한없이 외로운
달빛을 안고
흘러온 나그넨가
귀향 살인가
애타도록 보고픈
머나먼 그 서울을
그리다가 검게 타버린
검게 타버린 흑산도 아가씨"
흥해라,"3,731",박서진,"흥해라 흥해라 모두 흥해라
흥해라 내인생 모두 흥해라
핑크빛 인생 또한번 찾아올 거야
흥해라 흥해라 모두 흥해라
동서남북 모두 흥해라
흥바람타고 내일은 해가 뜬다
힘드시나요 요즘같은 날
사는맛도 안나시겠죠
계절은 돌고 돌아오는데
찬겨울만 있는것같아
그래도 주저하지 마세요
봄날은 돌아올테니
다시한번 힘을 냅시다
흥해라 흥해라 모두 흥해라
흥해라 내인생 모두 흥해라
핑크빛 인생 또한번 찾아올 거야
흥해라 흥해라 모두 흥해라
동서남북 모두 흥해라
흥바람타고 내일은 해가 뜬다
힘드시나요 요즘같은 날
웃을일도 없으시겠죠
거짓말같은 하루하루에
미소를 잃지맙시다
그래도 주저하지 마세요
봄날은 돌아올테니
다시한번 힘을 냅시다
흥해라 흥해라 모두 흥해라
흥해라 내인생 모두 흥해라
핑크빛 인생 또한번 찾아올 거야
흥해라 흥해라 모두 흥해라
동서남북 모두 흥해라
흥바람타고 내일은 해가 뜬다"
거문고야,"5,948",송가인,"오동잎 떨어진 달 밝은 밤에
너하고 나하고
이 밤이 가지 못하게 붙잡아보자
뚱따리뚱땅 뚱따리뚱땅 거문고야
내 청춘이 못가게 여섯줄을 퉁겨라
새파란 청춘 내 청춘을 어이 보내놓고
내가 너를 붙잡고 있으니
님이 생각난다 보고픈 내 님이
거문고야 여섯줄을 퉁겨라
달아나는 밤을 붙잡고 너를 붙잡고
뚱따리뚱땅 뚱따리뚱땅땅
오동잎 떨어진 달 밝은 밤에
너하고 나하고
이 밤이 못가게 붙잡아보자
오동잎 떨어진 달 밝은 밤에
너하고 나하고
이 밤이 가지 못하게 붙잡아보자
뚱따리뚱땅 뚱따리뚱땅 거문고야
내 청춘이 못가게 여섯줄을 퉁겨라
새파란 청춘 내 청춘을 어이 보내놓고
내가 너를 붙잡고 있으니
님이 생각난다 보고픈 내 님이
거문고야 여섯줄을 퉁겨라
달아나는 밤을 붙잡고 너를 붙잡고
뚱따리뚱땅 뚱따리뚱땅땅
오동잎 떨어진 달 밝은 밤에
너하고 나하고
이 밤이 못가게 붙잡아보자
내 청춘이 못가게 붙잡아보자"
살아야 할 이유,272,나영,"이런 삶도 있다고
이런 인생도 있다고
어설픈 미소를 지어 보지만
흐르는 슬픈 눈물
죽음조차도 피해 가는
너무나 가엾은 내 인생
하지만 난 살아가야 하네
아니 살아가고 있네
오늘은 가고 내일은
어김없이 다시 찾아와
내 사랑하는 사람들 가슴 아플까 봐
나는 살아가야 하네

이런 삶도 있다고
이런 인생도 있다고
어설픈 미소를 지어 보지만
흐르는 슬픈 눈물
죽음조차도 피해 가는
너무나 가엾은 내 인생
하지만 난 살아가야 하네
아니 살아가고 있네
오늘은 가고 내일은
어김없이 다시 찾아와
내 사랑하는 사람들 가슴 아플까 봐
나는 살아가야 하네
내 사랑하는 사람들 가슴 아플까 봐
나는 살아가야 하네
나는 살아가야 하네"
슬픈 인연,"20,271",Nami (나미),"멀어져가는 저 뒷모습을
바라보면서
난 아직도 이 순간을
이별이라 하지 않겠네
달콤했었지 그 수많았던
추억속에서
흠뻑 젖은 두 마음을
우리 어떻게 잊을까
아 다시 올거야
너는 외로움을
견딜수 없어
아 나의 곁으로
다시 돌아올거야
그러나 그 시절에
너를 또 만나서
사랑할 수 있을까
흐르는 그 세월에
나는 또 얼마나
많은 눈물을 흘리려나

달콤했었지 그 수많았던
추억속에서
흠뻑 젖은 두 마음을
우리 어떻게 잊을까
아 다시 올거야
너는 외로움을
견딜수 없어
아 나의 곁으로
다시 돌아올거야
그러나 그 시절에
너를 또 만나서
사랑할 수 있을까
흐르는 그 세월에
나는 또 얼마나
많은 눈물을 흘리려나
그러나 그 시절에
너를 또 만나서
사랑할 수 있을까
흐르는 그 세월에
나는 또 얼마나
많은 눈물을 흘리려나"
삼백리 한려수도,524,린,"노을 진 한산섬에
갈매기 날으니
삼백리 한려수도
그림 같구나
굽이굽이 바닷길에
배가 오는데
님 마중 섬 색시의
풋 가슴 속은
빨갛게 빨갛게
동백꽃처럼 타오르네
바닷가에 타오른다네
달 밝은 한산섬에
기러기 날으니
삼백리 한려수도
거울 같구나
굽이굽이 바닷길에
밤은 깊은데
섬 색시 풋 가슴에
피는 사랑은
빨갛게 빨갛게
동백꽃처럼 피어나네
바위틈에 피어난다네
섬 색시 풋 가슴에
피는 사랑은
빨갛게 빨갛게
동백꽃처럼 피어나네
바위틈에 피어난다네
바위틈에 피어난다네"
별빛 같은 나의 사랑아,"17,512",임영웅,"당신이 얼마나 내게 소중한 사람인지
세월이 흐르고 보니
이제 알 것 같아요
당신이 얼마나 내게 필요한 사람인지
세월이 지나고 보니
이제 알 것 같아요
밤하늘에 빛나는
별빛 같은 나의 사랑아
당신은 나의 영원한 사랑
사랑해요 사랑해요
날 믿고 따라준 사람
고마워요 행복합니다
왜 이리 눈물이 나요
밤하늘에 빛나는
별빛 같은 나의 사랑아
당신은 나의 영원한 사랑
사랑해요 사랑해요
날 믿고 따라준 사람
고마워요 행복합니다
왜 이리 눈물이 나요
왜 이리 눈물이 나요"
사랑아 제발,"1,742",김희재,"사랑아 제발
내가 살 수 있게 도와줘 나를
너 없이도 견딜 수 있게

사랑 땜에 내가 운다
가슴이 아파서
밤이 되면 더욱
그리워서 더 그래

이별하면 감기처럼
몸살도 나나 봐
보고파서 병이 심해져

약을 먹어도 안 돼
병원에 가도 안 돼
뭔 놈의 사랑이
왜 이리 독한 거야

사랑아 제발
내가 살 수 있게 도와줘 나를
너 없이도 내가 견딜 수 있게

사랑아 제발
내가 살 수 있게 도와줘 나를
너 없이도 살 수 있게

약을 먹어도 안 돼
병원에 가도 안 돼
뭔 놈의 사랑이
왜 이리 독한 거야

사랑아 제발
내가 살 수 있게 도와줘 나를
너 없이도 내가 견딜 수 있게

사랑아 제발
내가 살 수 있게 도와줘 나를
너 없이도 살 수 있게

사랑아 제발
내가 살 수 있게 도와줘 나를
너 없이도 살 수 있게"
내 나이가 어때서,"13,483",오승근,"야 야 야 내 나이가 어때서
사랑에 나이가 있나요
마음은 하나요
느낌도 하나요
그대만이 정말 내 사랑인데
눈물이 나네요
내 나이가 어때서
사랑하기 딱 좋은 나인데
어느 날 우연히 거울 속에 비춰진
내 모습을 바라보면서
세월아 비켜라
내 나이가 어때서
사랑하기 딱 좋은 나인데
야 야 야 내 나이가 어때서
사랑에 나이가 있나요
마음은 하나요
느낌도 하나요
그대만이 정말 내 사랑인데
눈물이 나네요
내 나이가 어때서
사랑하기 딱 좋은 나인데
어느 날 우연히 거울 속에 비춰진
내 모습을 바라보면서
세월아 비켜라
내 나이가 어때서
사랑하기 딱 좋은 나인데
사랑하기 딱 좋은 나인데"
보약같은 친구,"8,389",진시몬,"같이 가세 같이 가세
보약같은 친구
같이 가세
같이 가세

아침에 눈을 뜨면
제일 먼저 생각나는
자네는 좋은 친구야
보약같은 친구
피한방울 섞이지 않은
우리 두사람
전생에 인연일거야
자식보다 자네가 좋고
돈보다 자네가 좋아
자네와 난 보약같은 친구야
아아아 사는날까지
같이 가세 보약같은 친구야

같이 가세 같이 가세
보약같은 친구
같이 가세
같이 가세

사랑도 해봤고
이별도 해봤지
사는거 별거 없더라
보약같은 친구
언제갈지 모르는 인생
우리 둘이서
웃으며 살아가보자
자식보다 자네가 좋고
돈보다 자네가 좋아
자네와 난 보약같은 친구야
아아아 사는날까지
같이 가세 보약같은 친구야
자식보다 자네가 좋고
돈보다 자네가 좋아
자네와 난 보약같은 친구야
아아아 사는날까지
같이 가세 보약같은 친구야
같이 가세 보약같은 친구야

보약같은 친구
친구"
사랑에게,"2,659",진해성,"사랑아 내 사랑아 이제야 닿은 두손
놓지말아요 곁에있어요 내가 지켜줄게요

사랑아 내 사랑아 내곁에 머물러줘
영원한 내 사랑아

말할 수 없어서 답답한 마음에
한 없이 지새우던 밤
이제는 말해요 두려운 마음 버리고
함께하자고

보고 싶단 나의 말이 들린건가요
내 마음을 받아준 그대여

사랑한단 말을 이젠 해도 될까요
그대 이제 내 사람이니까

사랑아 내 사랑아 이제야 닿은 두손
놓지 말아요 곁에 있어요
내가 지켜줄게요

사랑아 내 사랑아 내곁에 머물러줘
영원한 내 사랑아

닿을수 없었던 그립던 시간이 이제는 끝나가나봐
우리 약속해요 서러운 마음 버리고
영원하자고

보고 싶단 나의 말이 들린건가요
내 마음을 받아준 그대여

사랑한단 말을 이젠 해도 될까요
그대 이제 내 사람이니까

사랑아 내 사랑아 이제야 닿은 두손
놓지 말아요 곁에 있어요
내가 지켜줄게요

사랑아 내 사랑아 내곁에 머물러줘
영원한 내 사랑아

소중한 내 사람아"
아! 님아,"2,225",장민호,"사랑에 웃고 사랑에 울던
내 심장에 말을 걸어오네
아무 말 안 해도
그대 눈은 사랑의 신호를 주네
오 나의 미로 같던 인생
당신을 만나러 돌아서 왔나
오 나의 모든 시선이 널 향하네
바로 너야
달콤한 너의 향기가 좋아
우아한 네 몸짓, 손짓까지도
뭐 하나 빠짐없이 완벽한
넌 나의 아! 님아(Anima)
너와 나의 환상 속으로 Oh!
차분한 말투 나긋한 성격
기억에 남는 그 이름까지
하필 또 내가 좋아하는
모든 건 다 그대 안에
오 나의 인연이란 건지
당신을 만나서 너무 행복해
오 나의 모든 시선 또 널 널 향해
바로 너야
달콤한 너의 향기가 좋아
우아한 네 몸짓, 손짓까지도
뭐 하나 빠짐없이 완벽한
넌 나의 아! 님아(Anima)
널 사랑한다는 말
어쩜 흔한 단어일지도 몰라
다만 내 가슴이 뛰는 만큼만
날 안아줘
불타는 이 밤 다 가기 전에
나와 함께 춤을 춰
애타는 이 밤 해뜨기 전에
Oh 네게 다 줄게
달콤한 너의 향기가 좋아
우아한 네 몸짓, 손짓까지도
뭐 하나 빠짐없이 완벽한
넌 나의 아! 님아(Anima)
너와 나의 환상 속으로 Oh!"
가슴은 알죠,"17,087",임영웅,"우리 이제 정말 끝인가요 정말
그대와 나 우리 서로 남이 되나요
되돌릴 순 없죠 그럴 수는 없는 거죠
무너지는 나의 가슴이
이별이 맞다 하네요
그대는 괜찮은가 봐요
이대로도 괜찮은가요
그대의 두 눈에 비친 내 모습
눈물로 젖어 드는데
사랑이 이토록 아픈데도 그댈 찾아요
이 아픔 조차 그대를
모질게 떠난 그댈 잊었다해도
가슴은 기다립니다
그대는 괜찮은가 봐요
이대로도 괜찮은가요
그대의 두 눈에 비친 내 모습
눈물로 젖어 드는데
사랑이 이토록 아픈데도 그댈 찾아요
이 아픔 조차 그대를
모질게 떠난 그댈 잊었다 해도
가슴은 기다립니다
사랑이 이토록 아픈데도 그댈 찾아요
이 아픔 조차 그대를
모질게 떠난 그댈 잊었다 해도
가슴은 기다립니다
가슴은 기다립니다"
잊어야 한다는 마음으로,"31,162",임영웅,"잊어야 한다는 마음으로
내 텅 빈 방문을 닫은 채로
아직도 남아 있는 너의 향기
내 텅 빈 방 안에 가득한데
이렇게 홀로 누워 천정을 보니
눈앞에 글썽이는 너의 모습
잊으려 돌아 누운 내 눈가에
말 없이 흐르는 이슬방울들
지나간 시간은 추억 속에
묻히면 그만인 것을
나는 왜 이렇게 긴긴 밤을
또 잊지 못해 새울까
창 틈에 기다리던 새벽이 오면
어제 보다 커진 내 방 안에
하얗게 밝아온 유리창에
썼다 지운다 널 사랑해
지나간 시간은 추억 속에
묻히면 그만인 것을
나는 왜 이렇게 긴긴 밤을
또 잊지 못해 새울까
창 틈에 기다리던 새벽이 오면
어제 보다 커진 내 방 안에
하얗게 밝아온 유리창에
썼다 지운다 널 사랑해"
풍악을 울려라!,680,진혜언,"얼쑤 좋다

풍악을 울려라
온 세상 떠들썩하게
풍악을 울려라
내 님이 춤출 수 있게
이 세상에서 제일로 예쁜
고운 님이 오신다는데
이보다 더 나 기쁠 수 있나
세상이 다 내 것이로세
벌나비가 춤을 추고
산에 들에 꽃 천지
내 마음은 살랑 춘풍이
어깨춤 절로 더덩실
풍악을 울려라
온 세상 떠들썩하게
풍악을 울려라
내 님이 춤출 수 있게

이 세상에서 제일로 예쁜
고운 님이 오신다는데
이보다 더 나 기쁠 수 있나
세상이 다 내 것이로세
벌나비가 춤을 추고
산에 들에 꽃 천지
내 마음은 살랑 춘풍이
어깨춤 절로 더덩실
풍악을 울려라
온 세상 떠들썩하게
풍악을 울려라
내 님이 춤출 수 있게

풍악을 울려라
온 세상 떠들썩하게
풍악을 울려라
내 님이 춤출 수 있게
풍악을 울려라
온 세상 떠들썩하게
풍악을 울려라
내 님이 춤출 수 있게
내 님이 안길 수 있게
풍악을 울려라"
바랑,"1,858",김희재,"산 넘어 넘어가시려오
강 건너 건너가시려오
새소리 물소리
바랑에 넣어 가시오

멀고 먼 고행길에
바람 한 톨 없거든
갓바위에 걸터앉아
땀이라도 닦고 가시게
(어기야 어기야 어기야)

약주 한잔하고 (어기야)
세상 구경하고 (어기야)
어허허 잘 가시게
(어기야 어기야 어기야)

멀고 먼 고행길에
바람 한 톨 없거든
갓바위에 걸터앉아
땀이라도 닦고 가시게
(어기야 어기야 어기야)

약주 한잔하고 (어기야)
세상 구경하고 (어기야)
어허허 잘 가시게
어허허 잘 가시게
(어기야 어기야 어기야)"
인생일기,"4,013",장민호,"정신없이 하루를 살다가
일기장을 펼쳐본다
눈물자욱 번져간 그날에
잠시 멈추어 본다
아무리 아파도 힘들어도
가슴에 꿈 놓지 않고
희망의 끈을 늘 붙잡고
살아온 세월아
세상 다 가진 듯 웃던 날도
모든 걸 놓을까 울던 날도
이제는 지나버린 추억이 되어
나를 웃게 한다
아무리 아파도 힘들어도
가슴에 꿈 놓지 않고
희망의 끈을 늘 붙잡고
버텨온 세월아
세상 다 가진 듯 웃던 날도
모든 걸 놓을까 울던 날도
이제는 지나버린 추억이 되어
나를 웃게 한다
먼 훗날 나를 만나게 되면
이 말 전하고 싶어 나에게 내게
쉼없이 써 내려간 나의 인생아
너를 사랑한다고
너를 사랑한다고
한 번 뿐인 내 인생을"
희나리,"7,310",구창모,"사랑함에 세심했던 나의 마음이
그렇게도 그대에겐 구속이었소

믿지못해 그런 것이 아니었는데
어쩌다가 헤어지는 이유가 됐소

내게 무슨 마음의 병 있는 것처럼
느낄 만큼 알 수 없는 사람이 되어

그대 외려 나를 점점 믿지 못하고
왠지 나를 그런 쪽에 가깝게 했소

나의 잘못이라면 그대를 위한
내 마음의 전부를 준 것뿐인데

죄인처럼 그대 곁에 가지 못하고
남이 아닌 남이 되어 버린 지금에

기다릴 수밖에 없는 나의 마음은
퇴색하기 싫어하는 희나리 같소

내게 무슨 마음의 병 있는 것처럼
느낄 만큼 알 수 없는 사람이 되어

그대 외려 나를 점점 믿지 못하고
왠지 나를 그런 쪽에 가깝게 했소


나의 잘못이라면 그대를 위한
내 마음의 전부를 준 것뿐인데

죄인처럼 그대 곁에 가지 못하고
남이 아닌 남이 되어 버린 지금에

기다릴 수밖에 없는 나의 마음은
퇴색하기 싫어하는 희나리 같소
퇴색하기 싫어하는 희나리 같소"
우연히,"4,927",우연이,"나이트 클럽에서 우연히 만났네
첫사랑 그 남자를
추억에 흠뻑 젖어 함께 춤을 추었네
철없던 세월이 그리워
행복하냐 물었지 아무런 말도 없이
눈물만 뚝뚝뚝 흘리는 그 사람
난 벌써 용서 했다고
난 벌써 잊어 버렸다고
말을 해놓고 안아주었지
정말 정말 행복해야 된다고
오늘밤 우연히 우연히 만났네
첫사랑 그 남자를
나이트 클럽에서 함께 춤을 추었네
철없던 세월이 그리워
행복하냐 물었지 아무런 말도 없이
눈물만 뚝뚝뚝 흘리는 그 사람
난 벌써 용서 했다고
난 벌써 잊어 버렸다고
말을 해놓고 안아주었지
정말 정말 행복해야 된다고
정말 정말 행복해야 된다고"
담담하게,"1,821",김희재,"담담하게 때로는 누구보다 화끈하게
내가 사랑했던 그 사람 못 잊어 그리워해

담담하게 어쩌면 죽을 만큼 아프게
아직도 너를 사랑 하나 봐

이별은 가슴에 멍으로 남아
너의 흔적이 됐지만 우
티 나지 않게 참는 건
잘하는 나니까
오늘도 나는
애써 웃어 본다

담담하게 때로는 누구보다 화끈하게
내가 사랑했던 그 사람 못 잊어 그리워해

담담하게 어쩌면 죽을 만큼 아프게
아직도 너를 사랑 하나 봐

이별은 가슴에 멍으로 남아
너의 흔적이 됐지만 우
티 나지 않게 참는 건
잘하는 나니까
오늘도 나는
애써 웃어 본다

담담하게 때로는 누구보다 화끈하게
내가 사랑했던 그 사람 못 잊어 그리워해

담담하게 어쩌면 죽을 만큼 아프게
아직도 너를 사랑 하나 봐
아직도 너를 못 잊는가 봐"
모란동백,394,배아현,"모란은 벌써 지고 없는데
먼 산에 뻐꾸기 울면
상냥한 얼굴 모란 아가씨
꿈속에 찾아오네
세상은 바람 불고 고달파라
나 어느 변방에
떠돌다 떠돌다
어느 나무 그늘에
고요히 고요히 잠든다 해도
또 한 번 모란이 필 때까지
나를 잊지 말아요

동백은 벌써 지고 없는데
들녘에 눈이 내리면
상냥한 얼굴 동백 아가씨
꿈속에 웃고 오네
세상은 바람 불고 덧없어라
나 어느 바다에
떠돌다 떠돌다
어느 모랫벌에
외로이 외로이 잠든다 해도
또 한 번 동백이 필 때까지
나를 잊지 말아요
또 한 번 모란이 필 때까지
나를 잊지 말아요
모란은 벌써 지고 없는데"
떠나간다,"1,821",김희재,"네가 날 떠난다
나는 널 보낸다
참았던 눈물이
주르륵 떨어진다
아무 말도 전하지도 못하고
이별하는 서로를 바라본다
날 떠나간다
너 없인 자신 없는데
가지 말라고 울며 애원한다
날 떠나간다
나에겐 전부였는데
차갑게 식어
나를 떠나간다

아무 말도 전하지도 못하고
이별하는 서로를 바라본다
날 떠나간다
너 없인 자신 없는데
가지 말라고 울며 애원한다
날 떠나간다
나에겐 전부였는데
차갑게 식어
나를 떠나간다"
아파트,"7,606",윤수일,"별빛이 흐르는 다리를 건너
바람 부는 갈대 숲을 지나
언제나 나를 언제나
나를 기다리던 너의 아파트
그리운 마음에 전화를 하면
아름다운 너의 목소리
언제나 내게 언제나 내게
속삭이던 너의 목소리
흘러가는 강물처럼
흘러가는 구름처럼 머물지 못해
떠나가 버린 너를 못 잊어
오늘도 바보처럼 미련 때문에
다시 또 찾아왔지만 아무도 없는
아무도 없는 쓸쓸한 너의 아파트

흘러가는 강물처럼
흘러가는 구름처럼 머물지 못해
떠나가 버린 너를 못 잊어
오늘도 바보처럼 미련 때문에
다시 또 찾아왔지만 아무도 없는
아무도 없는 쓸쓸한 너의 아파트
아무도 없는 아무도 없는
쓸쓸한 너의 아파트
아무도 아무도 없는
아무도 없는 쓸쓸한 너의 아파트"
모정,858,빈예서,"낯선 타국 바다 건너
열세 살 어린 네가
오직 한 번 꿈에 본 듯
다녀간 이날까지
기다리던 스무 해 모진 목숨은
백발이 되었네
하늘 끝 저 멀리에
소리쳐 불러봐도
구슬픈 메아리에
들리는 너의 이름
철새도 봄이면 돌아오는데
떠나버린 내 아들은
소식도 없네

(철없는 너를 이국땅 낯선 곳에 피눈물로 보내 놓고
만고 고생 다 시킨 못난 어미를 용서해라
어린 네가 뼈아프게 번 돈, 푼푼이 모아
이 어미 쓰라고 보내 주면서
눈물에 얼룩진 편지에다
어머님 오래오래 사시라고 간곡히도 이르더니
어제도 오늘도 너 기다리다 병든 몸
지팡이에 온 힘을 다해 언덕 위에 올라가
아랫마을 정거장에 내리는 그림자를 지켜보고 섰는데
너는 왜 돌아오지 않느냐
강이야 강이야)

떠나버린 내 아들은
소식도 없네"
정든 사람아,"1,752",김희재,"지나간 옛사랑을 그리워하며
나 홀로 눈물짓는다

고단했던 삶의 무게에
나는 너를 보내야만 했다

어느 하늘 아래 살더라도
행복하게만 살아다오

내가 미워도 용서해다오
아 아 정든 사람아

지나간 옛사랑을 그리워하며
남몰래 눈물 훔친다

진정으로 사랑했던
그 사람을 잡지도 못했다

어느 하늘 아래 살더라도
행복하게만 살아다오

내가 미워도 용서해다오
아 아 정든 사람아
아 아 정든 사람아"
신발끈,"3,686",장민호,"해가 없는 하늘 있을까
달이 없는 하늘 있을까
누구나 똑같은 세상이니까
한숨 푸념은 이제 그만
씨앗 뿌려 하루 만에 꽃이 피더냐
꽃망울 하나에 두 꽃이 피더냐
가는 길 험해도 나는 또 걸어간다
어느 날 웃었다 또다시 운다 해도
인생길에 신발끈 풀려 주저앉아도
다시 묶고 일어나 떠나야지
바람 없는 들판 있을까
파도 없는 바다 있을까
누구나 똑같은 세상이니까
한숨 푸념은 이제 그만
씨앗 뿌려 하루 만에 꽃이 피더냐
꽃망울 하나에 두 꽃이 피더냐
가는 길 험해도 나는 또 걸어간다
어느 날 웃었다 또다시 운다 해도
인생길에 신발끈 풀려 주저앉아도
다시 묶고 일어나 떠나야지
인생길에 신발끈 풀려 주저앉아도
다시 묶고 일어나 떠나야지"
당신은 왜!,"1,787",김희재,"아직도 모르십니까?
당신은 왜
당신은 왜
아직도 모르십니까
짜라짜짜 내 마음을
당신은 왜 모르십니까

당신은 왜
당신은 왜
아직도 모르십니까
짜라짜짜 내 사랑을
당신은 왜 모르십니까

애간장만 태우시나요
사랑이 죄가 되나요
당신은 왜 당신은 왜
어찌 모르십니까?

당신은 왜
당신은 왜
아직도 모르십니까
짜라 짜자 일편단심
당신은 왜 모르십니까
아직도 모르십니까?

당신은 왜
당신은 왜
아직도 모르십니까
짜라짜짜 내 사랑을
당신은 왜 모르십니까

애간장만 태우시나요
사랑이 죄가 되나요
당신은 왜 당신은 왜
어찌 모르십니까?

당신은 왜
당신은 왜
아직도 모르십니까
짜라 짜자 일편단심
당신은 왜 모르십니까

당신은 왜
당신은 왜
아직도 모르십니까
짜라 짜자 일편단심
당신은 왜 모르십니까
왜 모르십니까

아직도 모르십니까?"
멍에,"1,969",전유진,"사랑의 기로에 서서
슬픔을 갖지말아요

어차피 헤어져야 할거면
미련을 두지말아요

이별의 기로에 서서
미움을 갖지 말아요

뒤돌아 아쉬움을 남기면
마음만 괴로우니까

아무리 아름답던 추억도
괴로운 이야기로

사랑의 상처를 남기네
이제는 헤어졌는데

그래도 내게는 소중했던
그날들이

한동안 떠나지 않으리
마음이 괴로울때면

아무리 아름답던 추억도
괴로운 이야기로

사랑의 상처를 남기네
이제는 헤어졌는데

그래도 내게는 소중했던
그날들이

한동안 떠나지않으리
마음이 괴로울때면

그래도 내게는 소중했던
그날들이

한동안 떠나지않으리
마음이 괴로울때면

한동안 떠나지않으리
마음이 괴로울 때면"
무명배우,"18,921",송가인,"사랑을 하죠
Melo 영화 뜨겁던 그 장면처럼
인생의 마지막 컷이 라도
나는 좋아요
사랑을 했죠
대본도 없이 울던 무명배우처럼
당신을 원망 안해요
사랑은 영화니까
사랑이 사랑을 사랑하면
저 별처럼 빛날까요
아름 다웠던 추억
기억 모두 다 영원히
한방 울 또 한 방울 눈물이
흘러 내리죠
나 슬퍼서 아냐 행복해서 울죠
안아줘요 나를 날 많이 사랑하나요
당신의 품 안에선 나는 주연배우
사랑을 해요
Melo 영화 무명배우로 산대도
당신을 원망 안해요
사랑은 영화니까
사랑이 사랑을 사랑하면
저 별처럼 빛날까요
아름 다웠던 추억
기억 모두 다 영원히
한방 울 또 한 방울 눈물이
흘러 내리죠
나 슬퍼서 아냐 행복해서 울죠
안아줘요 나를 날 많이 사랑하나요
당신의 품 안에선 나는 주연배우
당신의 품 안에선 나는 주연배우"
카사노바,637,마이진,"누가 누가 어서 나 좀 말려줘요
그대 때문에 정신을 차릴 수 없어

멀리 바라만 봐도
한눈에 쏙 들어오는 너
오늘 하루만 같이 있어줘

오오오 사랑해 사랑해
그대가 날 보네요
아무래도 내가 마음에 들었나 아 하

사랑해 사랑해 결국 고백했지만
그대 한마디 (저 애인 있어요)

오늘 꽝이야
나 어서 체념하고 돌아가자
그게 진정한 카사노바야

누가 누가 어서 나 좀 말려줘요
그대 때문에 정신을 차릴 수 없어

멀리 바라만 봐도
한눈에 쏙 들어오는 너
오늘 하루만 같이 있어줘

오오오 사랑해 사랑해
그대가 날 보네요
아무래도 내가 마음에 들었나 아 하

사랑해 사랑해 결국 고백했지만
그대 한마디 애인 있어요

오늘 꽝이야
나 어서 체념하고 돌아가자
그게 진정한 카사노바야

오늘 짱이야 오늘 짱이야
오늘 짱이야
나 오늘 화끈하게 놀다간다
그게 진정한 카사노바야
그게 진정한 카사노바야
이게 진정한 카사노바야"
男子의 人生 (남자의 인생),"6,429",나훈아,"어둑어둑 해질 무렵
집으로 가는 길에
빌딩사이 지는 노을
가슴을 짜안하게 하네
광화문 사거리서 봉천동까지
전철 두 번 갈아타고
지친 하루 눈은 감고 귀는 반 뜨고
졸면서 집에 간다
아버지란 그 이름은
그 이름은 男子의 人生
그냥저냥 사는 것이
똑같은 하루하루
출근하고 퇴근하고
그리고 캔 맥주 한잔
홍대에서 버스타고 쌍문동까지
서른아홉 정거장
운 좋으면 앉아가고 아니면 서고
지쳐서 집에 간다
남편이란 그 이름은
그 이름은 男子의 人生
그 이름은 男子의 人生"
남자답게,"1,776",김희재,"이 밤이 지나면
다신 못 볼 걸 알아
가지 말란 말도
가슴속에 묻은 채

여기서 안녕
사랑했던 널 안으면
보내지 못할까 봐
애써 웃고만 있어

처음 만난 그대가
그리워서
미련인 걸 알지만
초라한 변명도
한 마디 못하고
그래 나 웃었어

그대가 또 다른 사람을
만난대도
그때처럼 또 웃어줘
날 잊기 전에
내가 먼저 떠나갈게
그대가 미워도 사랑
내가 가져가
그래 내가 떠나갈게
이별까지도 가져가
남자답게

그때가 그리웠어
후회란 걸 알지만
초라한 변명도
한 마디 못하고
그래 웃었어

그대가 또 다른 사람을
만난대도
그때처럼 또 웃어줘
날 잊기 전에
내가 먼저 떠나갈게
그대가 미워도 사랑
내가 가져가
그래 내가 떠나갈게
이별까지도 가져가
남자답게
그대가 미워도 사랑
내가 가져가
그래 내가 떠나갈게
이별까지도 가져가
남자답게"
만약에,"4,833",조항조,"만약에 당신이 그 누구와
사랑에 빠지면
그 사랑을 위해서 무얼할 수 있나
텅빈세상 살아가는 이유가
만약에 너라면 어떡하겠니
사는동안 단 한 번의 사랑이
만약에 너라면 허락하겠니
얼마나 더많이 외로워해야
널 끌어안고서 울어볼까
이제는 더이상 지칠 몸조차
비워둘 마음조차 없는데
또다른 이유로 널 못본다면
나 살아가는 의미도 없지
만약에 널 위해 나 죽을 수 있다면
날 받아 주겠니

텅빈세상 살아가는 이유가
만약에 너라면 어떡하겠니
사는동안 단 한 번의 사랑이
만약에 너라면 허락하겠니
얼마나 더많이 외로워해야
널 끌어안고서 울어볼까
이제는 더이상 지칠 몸조차
비워둘 마음조차 없는데
또다른 이유로 널 못본다면
나 살아가는 의미도 없지
만약에 널 위해 나 죽을 수 있다면
날 받아 주겠니
만약에 널 위해 나 죽을 수 있다면
날 받아 주겠니
만약에 당신이 그 누구와
사랑에 빠지면
그 사람을 위해서 다해줄 수 있나"
조약돌 사랑,364,배아현,"잔잔한 내 가슴에
조약돌을 던져 놓고
본체만체 돌아서는
무정한 사람아
이렇게 나를 두고
떠나갈 바엔
잔잔한 내 가슴에
조약돌은 왜 던져
아아아 당신이 던져 놓은
사랑의 조약돌

이렇게 나를 두고
떠나갈 바엔
외로운 내 가슴에
조약돌은 왜 던져
아아아 당신이 던져 놓은
사랑의 조약돌
아아아 당신이 던져 놓은
사랑의 조약돌"
보릿고개,"20,423",정동원,"아야 뛰지마라
배 꺼질라
가슴 시린 보릿고개길
주린 배 잡고
물 한바가지
배 채우시던
그 세월을
어찌 사셨소
초근목피의
그시절 바람결에
지워져 갈 때
어머님 설움
잊고 살았던
한 많은 보릿고개여
풀피리 꺾어 불던
슬픈 곡조는
어머님의 한숨이었소
아야 우지마라
배 꺼질라
가슴 시린 보릿고개길
주린배 잡고
물 한바가지
배 채우시던
그 세월을
어찌 사셨소
초근목피의
그시절 바람결에
지워져 갈때
어머님 설움
잊고 살았던
한 많은 보릿고개여
풀피리 꺾어 불던
슬픈곡조는
어머님의
한숨이었소
풀피리 꺾어 불던
슬픈곡조는
어머님의
통곡이었소"
오라버니,"4,999",금잔디,"나의 오라버니
날 사랑 하신다하니
정말 그러시다니
구름타고 빛나는하늘
훨훨 날아갑니다
날 사랑 하신다하니
정말 행복하여서
설레이다 떠는 가슴은
아픈줄도 모른답니다
오라버니 어깨에
기대어 볼래요
커다란 가슴에
얼굴을 묻고
지금 이대로
죽어도 여한 없어요
난 정말여자라서
행복해요
사랑한다 말해주세요
정신을 못차릴거야
오라버니 목소리에
울고 웃어요
내겐 영원한 오라버니
오라버니 어깨에
기대어 볼래요
커다란 가슴에
얼굴을 묻고
지금 이대로
죽어도 여한 없어요
난 정말여자라서
행복해요
사랑한다 말해주세요
정신을 못차릴거야
오라버니 목소리에
울고 웃어요
내겐 영원한 오라버니
내겐 영원한 오라버니
나의 오라버니"
내 삶의 이유 있음은,277,박혜신,"나 이제 노을 길 밟으며 음
나 홀로 걷다가 뒤돌아보니

인생길 굽이마다
그리움만 고였어라

외롭고 고달픈 인생길이었지만
쓰라린 아픔 속에서도 산새는 울고

추운 겨울 눈밭 속에서도
동백꽃은 피었어라

나 슬픔 속에서도
살아갈 이유 있음은 음

나 아픔 속에서도
살아갈 이유 있음은 음

내 안에 가득 사랑이
내 안에 가득 노래가 있음이라

어두운 밤하늘에 별이 뜨듯이
나 사는 외로움 속에서도 들꽃은 피고

새들이 노래하는 푸른 숲도
의미 있으니

나 슬픔 속에서도
행복한 날이 있었고 음

나 아픔 속에서도
당신이 거기 계시니 음

내 안에 가득 사랑이
내 안에 가득 노래가 있음이라"
나를 살게 하는 사랑,798,전유진,"바라보는 것도 사랑
기다리는 것도 사랑

그리움에 가슴이 저린 것도
내겐 사랑입니다

계절이 오듯이 그래
매일 숨쉬듯이 그래
이유 없이 시작한 이 마음은
그래 사랑입니다

나를 살게 하는 사랑
아무 이유 없는 사랑

거기에 있어요 멀어지지 마요
내가 아파할게요

계절이 오듯이 그래
매일 숨쉬듯이 그래

이유 없이 시작한 이 마음은
그래 사랑입니다

나를 살게 하는 사랑
아무 이유 없는 사랑

거기에 있어요 멀어지지 마요
내가 아파할게요

나를 살게 하는 사랑
때론 눈물 같은 사랑

가슴 다 헤져도
놓을 수 없어요

그래 사랑입니다
그댈 사랑합니다"
어머나!,"7,156",장윤정,"어머나 어머나 이러지마세요
여자의 마음은 갈대랍니다
안돼요 왜이래요 묻지 말아요
더이상 내게 원하시면 안돼요
오늘 처음 만난 당신이지만 내사랑인걸요
헤어지면 남이 되어 모른척하겠지만
좋아해요 사랑해요 거짓말처럼 당신을 사랑해요
소설속에 영화속의 멋진 주인공은 아니지만
괜찮아요 말해봐요 당신 위해서라면 다줄께요

간주

어머나 어머나 이러지마세요
여자의 마음은 바람입니다
안돼요 왜이래요 잡지 말아요
더이상 내게 바라시면 안돼요
오늘 처음 만난 당신이지만 내사랑인걸요
헤어지면 남이 되어 모른척하겠지만
좋아해요 사랑해요 거짓말처럼 당신을사랑해요
소설속에 영화속의 멋진 주인공은 아니지만
괜찮아요 말해봐요 당신 위해서라면 다줄께요

소설속에 영화속의 멋진 주인공은 아니지만
괜찮아요 말해봐요 당신 위해서라면 다줄께요"
"날 봐, 귀순","10,058",대성,"날 봐 날 봐 귀순 날 봐 날 봐 귀순
날 봐 날 봐 지금 당장 날 봐요
날 봐 날 봐 귀순 날 봐 날 봐 귀순
날 봐 날 봐 날 봐요
여보 당신 애기 뭐라 불러드릴까
내 님은 지금 무얼 하고 있을까
밥은 먹었을까 잠은 잘 잤을까
하루 왠 종일 우리 공주님 생각 뿐
가슴이 콩닥콩닥콩닥
사랑을 속닥속닥속닥
자기야 날 봐 어딜 봐 날 봐
내 정열을 그대에게 다 바치리
날 봐 날 봐 귀순 날 봐 날 봐 귀순
날 봐 날 봐 지금 당장 날 봐요
날 봐 날 봐 귀순 날 봐 날 봐 귀순
날 봐 날 봐 날 봐요

그대도 나를 떠올리고 있을까
하늘같은 서방님 기다렸을까
이런저런 행복한 고민 속에
하루가 또 흐르지요
눈물이 주루루루루루루룩
콧물이 후루루루루루루룩
배가 또 살랑살랑 간질간질
아 설레이는 그대 만의 향기여
날 봐 날 봐 귀순 날 봐 날 봐 귀순
날 봐 날 봐 지금 당장 날 봐요
날 봐 날 봐 귀순 날 봐 날 봐 귀순
날 봐 날 봐 날 봐요
너무 예뻐 정말 귀여워
yo so sexy 앙 깨물어 주고 싶어
한 평생 다가도록 당신과 살고 싶어
내 청춘을 oh baby
날 봐 잘 봐 이 몸 짓을
날 봐 날 봐 귀순 날 봐 날 봐 귀순
날 봐 날 봐 지금 당장 날 봐요
날 봐 날 봐 귀순 날 봐 날 봐 귀순
날 봐 날 봐 날 봐요
귀순아"
슬픔의 심로,987,김학래,"낙엽이 외로이 떨어지는 건 두 사람이 헤어지는 건
슬프기 때문에 눈물을 흘려요 두 사람이 흘려요
우린 헤어질수 없기 때문에
창밖에는 비가 내려요
두 사람은 우산도 안 썼네요
헤어지기 마음이 아파 비를 맞아요 고개를 숙여요
우리 둘만이 사랑하기 때문에
이 시간이 지나고 또 지나 햇살이 비추면
온 마음을 열고 나그네가 되어요
뜨거운 마음으로 눈물을 적셔요 슬픔을 적셔요
이젠 뒤 돌아 서서 고개를 들어요

때론 슬픔에 아파 어쩔줄 모르고
이룰 수 없는 순간들을 그렸어요
정다웠고 정다웠던 지난날의 이야기 속에
우리 이제는 떠나야 하나요
이 시간이 지나고 또 지나 햇살이 비추면
온 마음을 열고 나그네가 되어요
뜨거운 마음으로 눈물을 적셔요 슬픔을 적셔요
이젠 뒤 돌아 서서 고개를 들어요
이 시간이 지나고 또 지나 햇살이 비추면
온 마음을 열고 나그네가 되어요
뜨거운 마음으로 눈물을 적셔요 슬픔을 적셔요
이젠 뒤 돌아 서서 고개를 들어요
이젠 뒤 돌아 서서 고개를 들어요
이젠 뒤 돌아 서서 고개를 들어요"
봄날은 간다,311,린,"연분홍 치마가 봄바람에
휘날리더라

오늘도 옷고름 씹어가며
산 제비 넘나드는 성황당 길에

꽃이 피면 같이 웃고
꽃이 지면 같이 울던

알뜰한 그 맹세에
봄날은 간다

새파란 풀잎이 물에 떠서
흘러가더라

오늘도 꽃 편지 내던지며
청노새 짤랑대는 역마차 길에

별이 뜨면 서로 웃고
별이 지면 서로 울던

실없는 그 기약에
봄날은 간다

꽃이 피면 같이 웃고
꽃이 지면 같이 울던

알뜰한 그 맹세에
봄날은 간다"
홍실,699,미스김,"그대가 머물던 한겨울 새벽 끝에서
붉은 실 꼭 잡고 나 오늘도 잠 못 드네
우리의 인연은 끊을 수 없다 해놓고
청실홍실 잊을까 또 이렇게 애태우네
붉은 실 푸른 실 어디에 계시나요
기다리고 기다리면 만날 수 있을까요
붉은 실 푸른 실 님 돌아오신다면
말없이 끌어안고 청실홍실 엮겠소

하늘이 정해준 운명이라 믿어요
천생배필 나의 님 꼭 오기만 빌 뿐이죠
붉은 실 푸른 실 어디에 계시나요
기다리고 기다리면 만날 수 있을까요
붉은 실 푸른 실 님 돌아오신다면
말없이 끌어안고 청실홍실
청실홍실 엮겠소"
천상재회,"5,369",최진희,"그대는 오늘밤도 내게 올순 없겠지
목메어 애타게 불러도 대답없는 그대여
못다한 이야기는 눈물이 되겠지요
나만을 사랑했다는 말 바람결에 남았어요
끊을 수 없는 그대와 나의 인연은
운명이라 생각했죠
가슴에 묻은 추억의 작은 조각들
되돌아 회상하면서
천상에서 다시 만나면
그대를 다시 만나면
세상에서 못다했던 그 사랑을
영원히 함께 할래요

끊을 수 없는 그대와 나의 인연은
운명이라 생각했죠
가슴에 묻은 추억의 작은 조각들
되돌아 회상하면서
천상에서 다시 만나면
그대를 다시 만나면
세상에서 못다했던 그 사랑을
영원히 함께 할래요
세상에서 못다했던 그 사랑을
영원히 함께 할래요"
질풍가도,"40,150",임영웅,"한번 더 나에게
질풍같은 용기를
거친 파도에도
굴하지않게
드넓은 대지에
다시 새길 희망을
안고 달려갈거야 너에게
너에게 너에게 너에게
그래 이런 내 모습
게을러 보이고
우습게도 보일꺼야
하지만 내게 주어진
무거운 운명에
나는 다시 태어나
싸울거야
한번 더 나에게
질풍같은 용기를
거친 파도에도
굴하지 않게
드넓은 대지에
다시 새길 희망을
안고 달려갈거야
너에게 너에게 너에게
너에게
세상에 도전하는게
외로울 지라도
함께 해 줄 우정을
믿고 있어
한번 더 나에게
질풍같은 용기를
거친 파도에도
굴하지 않게
드넓은 대지에
다시 새길 희망을
안고 달려갈거야
너에게
한번 더 나에게
질풍같은 용기를
거친 파도에도
굴하지 않게
드넓은 대지에
다시 새길 희망을
안고 달려갈거야
너에게
너에게"
맘마미아,892,빈예서,"보이나요 보이시나요
이런 나의 사랑을
보면 볼수록 떨려오는
이런 나의 마음을
모르나요 모르시나요
이런 나의 사랑을
언제나 이렇게 설레는
애달픈 나의 마음을
맘마미아 내 사랑이야
그토록 찾던 사랑이야
보고 있어도 보고픈
꽃처럼 고운 그대여
맘마미아 내 사랑이야
이제야 찾아온 사람
이 세상 오직 단 한 사람
꿈처럼 멋진 그대여

보이나요 보이시나요
이런 나의 사랑을
보면 볼수록 떨려오는
이런 나의 마음을
모르나요 모르시나요
이런 나의 사랑을
언제나 이렇게 설레는
애달픈 나의 마음을
맘마미아 내 사랑이야
그토록 찾던 사랑이야
보고 있어도 보고픈
꽃처럼 고운 그대여
맘마미아 내 사랑이야
이제야 찾아온 사람
이 세상 오직 단 한 사람
꿈처럼 멋진 그대여
맘마미아 내 사랑이야
그토록 찾던 사랑이야
보고있어도 보고픈
꽃처럼 고운 그대여
맘마미아 내 사랑이야
이제야 찾아온 사람
이 세상 오직 단 한 사람
꿈처럼 멋진 그대여
꿈처럼 멋진 그대여"
할무니,258,오유진,"비가 오면 우산 들고
마중 나와 주시고
눈이 오면 넘어질까
걱정을 하시네
사랑으로 안아주고
기죽을까 감싸며
울 엄마의 빈자리를
채워주신 할무니
엄마 얼굴 그리려다
너무 생각이 안 나
동그라미 하나만을
그려놓고 잠든 밤
나도 나도 나도
네 어미가 보고 싶다며
내 손 잡고 몰래 우시던
사랑해요 우리 할무니

엄마 얼굴 그리려다
너무 생각이 안 나
동그라미 하나만을
그려놓고 잠든 밤
나도 나도 나도
네 어미가 보고 싶다며
내 손 잡고 몰래 우시던
사랑해요 우리 할무니
나도 나도 나도
네 어미가 보고 싶다며
내 손 잡고 몰래 우시던
사랑해요 우리 할무니
사랑해요 우리 할무니"
우연히,"2,023",박지현,"나이트클럽에서
우연히 만났네
첫사랑 그 남자를
추억에 흠뻑 젖어
함께 춤을 추었네
철없던 세월이 그리워
행복하냐 물었지
아무런 말도 없이
눈물만 뚝뚝뚝 흘리는 그 사람
난 벌써 용서했다고
난 벌써 잊어버렸다고
말을 해놓고 안아주었지
정말 정말 행복해야 된다고

행복하냐 물었지
아무런 말도 없이
눈물만 뚝뚝뚝 흘리는 그 사람
난 벌써 용서했다고
난 벌써 잊어버렸다고
말을 해놓고 안아주었지
정말 정말 행복해야 된다고
정말 정말 행복해야 된다고"
사랑의 재개발,"44,629",유산슬,"싹 다 갈아 엎어주세요
머리부터 발끝까지
모조리 싹 다
싹 다 갈아 엎어주세요
나비 하나 날지 않던 나의 가슴에
재개발해주세요
내 맘을 그냥 두지 말아줘요
금싸라기 같은 내 맘을
내 맘에 전철역을 내어줘요
그대만이 내릴 수 있는
오 오 그대 맘을 심으면 뭐든 피어나
팥도 나고 콩도 날 텐데
모조리 싹 다 갈아엎어주세요
머리부터 발끝까지
모조리 싹 다 싹 다 갈아 엎어주세요
나비 하나 날지 않던 나의 가슴에
재개발해주세요
내 맘에 이정표를 세워줘요
딱 집어서 그대 거라고
내 맘에 박자를 좀 넣어줘요
쿵 찍으면 딱을 할 게요
오 오 그대 맘을 심으면 뭐든 피어나
팥도 나고 콩도 날 텐데
모조리 싹 다 갈아 엎어주세요
머리부터 발끝까지
모조리 싹 다 싹 다 갈아 엎어주세요
나비 하나 날지 않던 나의 가슴에
재개발해주세요
라라라라라라라
사랑의 재개발"
백만송이 장미,"10,220",심수봉,"먼 옛날 어느 별에서
내가 세상에 나올 때
사랑을 주고 오라는
작은 음성 하나 들었지
사랑을 할 때만 피는 꽃
백만 송이 피어오라는
진실한 사랑을 할 때만
피어나는 사랑의 장미
미워하는 미워하는
미워하는 마음없이
아낌없이 아낌없이
사랑을 주기만 할 때
수백만송이 백만송이
백만송이 꽃은 피고
그립고 아름다운 내 별 나라로
갈 수 있다네
진실한 사랑은 뭔가
괴로운 눈물 흘렸네
매정한 사람 많았던
너무나 슬픈 세상이었기에
수 많은 세월 흐른 뒤
자기의 생명까지 모두 다 준
빛처럼 홀연히 나타난
그런 사랑 나를 안았네
미워하는 미워하는
미워하는 마음없이
아낌없이 아낌없이
사랑을 주기만 할 때
수백만송이 백만송이
백만송이 꽃은 피고
그립고 아름다운 내 별 나라로
갈 수 있다네

이젠 모두가 떠날지라도
그러나 사랑은 계속될거야
저 별에서 나를 찾아온
그토록 기다리던 이인데
그대와 나 함께라면
더욱 더 많은 꽃을 피우고
하나가 된 우리는
영원한 저 별로 돌아가리라
미워하는 미워하는
미워하는 마음없이
아낌없이 아낌없이
사랑을 주기만 할 때
수백만송이 백만송이
백만송이 꽃은 피고
그립고 아름다운 내 별 나라로
갈 수 있다네
미워하는 미워하는
미워하는 마음없이
아낌없이 아낌없이
사랑을 주기만 할 때
수백만송이 백만송이
백만송이 꽃은 피고
그립고 아름다운 내 별 나라로
갈 수 있다네
미워하는 미워하는
미워하는 마음없이
아낌없이 아낌없이
사랑을 주기만 할 때
수백만송이 백만송이
백만송이 꽃은 피고"
연정,457,박혜신,"너의 눈과 나의 눈이 마주치던 날
해바라기 잎 사이로 우린 만났지
사랑한단 그 얘기를 내게 하면서
수줍어 고개 숙인 네 모습이
긴 세월 간다 해도 잊을 수 없어
목마른 장미처럼 기다리는 너
아 사랑은 정녕 이다지
괴로운 것일까
마주 잡은 두 손길에 따스한 체온
멀리 떠난 지금까지 남아 있는데
검은 머리 바람결에 휘날리면서
돌아서던 네 모습은 지금 어디에
긴 세월 간다 해도 잊을 수 없어
목마른 장미처럼 기다리는 너
아 사랑은 정녕 이다지
괴로운 것일까
마주 잡은 두 손길에 따스한 체온
멀리 떠난 지금까지 남아 있는데
검은 머리 바람결에 휘날리면서
돌아서던 네 모습은 지금 어디에
돌아서던 네 모습은 지금 어디에"
평양 아줌마,228,배아현,"아아 오마니 아바지
불러보는 평양 아줌마

오늘따라 지는 해가
왜 저다지 고운지
붉게 타는 노을에 피는 추억
잔주름에 고인 눈물
하루에도 열두 번씩 그리운 고향
엎어지면 코 닿을 듯 가까운 고향
아아 오마니 아바지
불러보는 평양 아줌마

서산마루 지는 해는
어김없이 넘어가고
무심하게 가고 오는 그 세월이
타향살이 어연 반평생
가고파도 갈 수 없는 북녘 내 고향
한 맺힌 휴전선이 원수더라
아아 대동강아 모란봉아
불러보는 평양 아줌마
하루에도 열두 번씩 그리운 고향
엎어지면 코 닿을 듯 가까운 고향
아아 오마니 아바지
불러보는 평양 아줌마"
울엄마,"2,842",진성,"울 엄마 날 낳아
걱정 태산이 되고
주름 깊은데
세상사 나 잘났다
허풍소리에
눈가에 이슬 맺히시네
어리 버리 가진 것 없어
떠버리 말로만 한숨 드렸네
어리 버리 수많은 날을
응어리 가슴에 한만 드렸네
무병장수 부디 하옵소서
어리 버리 가진 것 없어
떠버리 말로만 한숨 드렸네
어리 버리 수많은 날을
응어리 가슴에 한만 드렸네
무병장수 부디 하옵소서
어리 버리 가진 것 없어
떠버리 말로만 한숨 드렸네
어리 버리 수많은 날을
응어리 가슴에 한만 드렸네
세월 비켜 부디 가옵소서"
조선의 남자,"2,261",최수호,"조선의 남자여 헤이
땀 냄새가 펄펄 나게 뛰어다니고
피곤한 몸 쪽 잠으로 몸을 달랜다
꺾어 신은 운동화를 고쳐 신고서
꿈을 향해 나는 달린다
고된 하루가 길다 하여도
이 또한 지나가리라
바람이 불고 파도가 쳐도
멈출 수 없는 인생아
조선의 남자여
쓰러져도 다시 일어나
찬란한 내일을
꿈을 꾸는 조선의 남자
발바닥이 부르트게 뛰어다니고
허기진 배 김밥으로 배를 채운다
푸른 하늘 쳐다보며 한 숨 내뱉고
다시 한번 나는 달린다
고된 하루가 길다 하여도
이 또한 지나가리라
바람이 불고 파도가 쳐도
멈출 수 없는 인생아
조선의 남자여
쓰러져도 다시 일어나
찬란한 내일을
꿈을 꾸는 조선의 남자
조선의 남자여
쓰러져도 다시 일어나
찬란한 내일을
꿈을 꾸는 조선의 남자
꿈을 꾸는 조선의 남자"
서른 즈음에,"26,046",임영웅,"또 하루 멀어져 간다
내뿜은 담배 연기처럼
작기 만한 내 기억 속에
무얼 채워 살고 있는지
점점 더 멀어져 간다
머물러 있는
청춘인 줄 알았는데
비어가는 내 가슴 속엔
더 아무 것도 찾을 수 없네
계절은 다시 돌아 오지만
떠나간 내 사랑은 어디에
내가 떠나 보낸 것도 아닌데
내가 떠나 온 것도 아닌데
조금씩 잊혀져 간다
머물러 있는
사랑인 줄 알았는데
또 하루 멀어져 간다
매일 이별하며 살고 있구나
매일 이별하며 살고 있구나
점점 더 멀어져 간다
머물러 있는
청춘인 줄 알았는데
비어가는 내 가슴 속엔
더 아무 것도 찾을 수 없네
계절은 다시 돌아 오지만
떠나간 내 사랑은 어디에
내가 떠나 보낸 것도 아닌데
내가 떠나 온 것도 아닌데
조금씩 잊혀져 간다
머물러 있는
사랑인 줄 알았는데
또 하루 멀어져 간다
매일 이별하며 살고 있구나
매일 이별하며 살고 있구나"
비의 초상,324,박혜신,"이렇게 비가 내리면
그날이 생각이 나요

쏟아지는 찬비 속에서
우리 헤어지던 그날이

나를 보는 너의 두 눈은
슬픔으로 흐려있었지

그날의 아픈 기억에
많은 날을 잠 못 들었지

그날처럼 비가 내리면
같이 찾던 그 찻집 그 자리에

행여 네 모습을 찾아봐도
들려오는 슬픔 음악뿐

너는 지금 어디 있나
정녕 어디에 있나

간 곳이 얼마나 멀기에
이토록 못 오는 걸까

기다림에 야위어가는
내 가슴엔 너의 초상뿐

그날처럼 비가 내리면
같이 찾던 그 찻집 그 자리에

행여 네 모습을 찾아봐도
들려오는 슬픔 음악뿐

너는 지금 어디 있나
정녕 어디에 있나

간곳이 얼마나 멀기에
이토록 못 오는 걸까

기다림에 야위어가는
내 가슴엔 너의 초상뿐

내 가슴엔 너의 초상뿐"
백년의 약속,"10,199",황영웅,"내가 선택한 사랑의 끈에
나의 청춘을 묶었다
당신께 드려야 할 손에 꼭쥔 사랑을
이제서야 보낸다
내 가슴에 못질을 하는
현실의 무게속에도
우리가 잡은 사랑의 향기속에
눈물도 이젠 끝났다
세상이 힘들 때 너를 만나
잘 해주지도 못하고
사는 게 바빠서 단 한 번도
고맙다는 말도 못했다
백 년도 우린 살지 못하고
언젠가 헤어지지만
세상이 끝나도 후회 없도록
널 위해 살고 싶다
삼십년쯤 지나 내 사랑이
많이 약해져 있을 때
영혼을 태워서 당신 앞에
나의 사랑을 심겠다
백년도 우린 살지 못하고
언젠가 헤어지지만
세상이 끝나도 후회 없도록
널 위해 살고 싶다
이 세상에 너를 만나서
짧은 세상을 살지만
평생 동안 한번이라도
널 위해 살고 싶다
백년도 우린 살지 못하고
언젠가 헤어지지만
세상이 끝나도 후회 없도록
널 위해 살고 싶다
널 위해 살고 싶다"
한 많은 대동강,"13,062",송가인,"한많은 대동강아
변함없이 잘있느냐
모란봉아 을밀대야
네 모양이 그립구나
철조망이 가로막혀
다시만날 그때까지
아 소식을 물어본다
한많은 대동강아
대동강 부벽루야
변함없이 잘있느냐
귀에익은 수심가를
다시 한 번 불러본다
편지 한 장 전할길이
이다지도 없을소냐
아 썼다가 찢어버린
한많은 대동강아"
너 떠난후에,"5,744",장윤정,"좋아한다고 말할걸 그랬어
사랑한다고 말할걸 그랬어
말 못한걸 난 후회해
너 떠난 후에
가지 말라고 말할걸 그랬어
기다리라고 말할걸 그랬어
이제 와서 난 후회해
너 떠난 후에
오늘처럼 바람 부는 날에는
널 찾아가 울고 싶어
바람에 밀려왔다고 우겨 볼까
너 없는 세상 살 수가 없다고
혼자 남는 게 난 싫어
내게 돌아와 줘
가지 말라고 말할걸 그랬어
기다리라고 말할걸 그랬어
이제 와서 난 후회해
너 떠난 후에
오늘처럼 비가 오는 날에는
널 찾아가 울고 싶어
내리는 비가 무섭다 말해볼까
너 없는 세상 살 수가 없다고
혼자 남는 게 난 싫어
내게 돌아와 줘
우 우 돌아와 줘"
사랑 너였니,"4,898",장민호,"어느 날 내게 왔어 소나기처럼 왔어
그리고는 내 가슴 적셨어
갑자기 내게 왔어 한줄기 별빛 되어
그리고는 내 가슴 뛰게 했어
어린아이처럼 설레는 이 마음
도대체 나 지금 왜 이러는 걸까
사랑 너였니 내 가슴 뛰게 만든게
사랑 너였니 나 눈물 나게 하는게
빗물보다 별빛보다 나를 흠뻑 적신게
사랑 너였니 나의 참 사랑아
어린아이처럼 설레는 이 마음
도대체 나 지금 왜 이러는 걸까
사랑 너였니 내 가슴 뛰게 만든게
사랑 너였니 나 눈물 나게 하는게
빗물보다 별빛보다 나를 흠뻑 적신게
사랑 너였니 나의 참 사랑아
사랑 너였니 내 가슴 뛰게 만든게
사랑 너였니 나 눈물 나게 하는게
빗물보다 별빛보다 나를 흠뻑 적신게
사랑 너였니 나의 참 사랑아"
서울 가 살자,"6,076",전유진,"그 이불솜 베개 다 버리고
우리 이제 서울 가서 살자
그대야가 말한 천 번에 약속은
괜찮으니 서울 가 살자
저 달이 건너가 먼저 비춘다니
우리 무슨 어떤 걱정 있을까요
그댈 원망하진 않아요 이젠
그래서 또 살아보는 세월일껀데
미련 없이 버리고 서울 가 살자
별빛이 뜨고도 해가 있다는
그곳에서 어떤 행복 기다릴까요
그댈 원망하진 않아요 아마
내가 더 원했었던 사랑일테니
그대도 놓지 말아요 오
저 달이 건너가 먼저 비춘다니
우리 무슨 어떤 걱정 있을까요
그댈 원망하진 않아요 이젠
그래서 또 살아보는 세월일껀데
미련없이 버리고 서울 가 살자"
엄지 척,"25,199",홍진영,"엄지 엄지 척 엄지 엄지 척
자상하고 다정다감해
보면 볼수록 알면 알수록
매력이 넘쳐요
엄지 엄지 척 엄지 엄지 척
천생연분 내 사랑이에요
그냥 좋아요 왠지 좋아요 엄지 척
평범하고 편안한 속이 깊은 이 남자
사람 냄새가 풍겨서 좋아요
성실하고 진실한 믿음직한 내 남자
당신을 정말로 사랑해
엄지 엄지 척 엄지 엄지 척
자상하고 다정다감해
보면 볼수록 알면 알수록
매력이 넘쳐요
엄지 엄지 척 엄지 엄지 척
천생연분 내 사랑이에요
그냥 좋아요 왠지 좋아요 엄지 척
오늘보다 내일을 약속하고 싶어요
꿈과 희망이 있어서 좋아요
평생토록 나만을 지켜준다 말해요
당신을 영원히 사랑해
엄지 엄지 척 엄지 엄지 척
자상하고 다정다감해
보면 볼수록 알면 알수록
매력이 넘쳐요
엄지 엄지 척 엄지 엄지 척
천생연분 내 사랑이에요
그냥 좋아요 왠지 좋아요 엄지 척
엄지 엄지 척 엄지 엄지 척
자상하고 다정다감해
보면 볼수록 알면 알수록
매력이 넘쳐요
엄지 엄지 척 엄지 엄지 척
천생연분 내 사랑이에요
그냥 좋아요 왠지 좋아요 엄지 척
사랑해요 내 사랑 엄지 척
엄지 척"
상사화,"36,133",임영웅,"사랑이 왜 이리 고된가요
이게 맞는가요 나만 이런가요
고운 얼굴 한 번 못 보고서
이리 보낼 수 없는데
사랑이 왜 이리 아픈가요
이게 맞는가요 나만 이런가요
하얀 손 한 번을 못 잡고서
이리 보낼 순 없는데
다시 돌아올 수 없는
그 험한 길 위에
어찌하다 오르셨소
내가 가야만 했었던
그 험한 길 위에
그대가 왜 오르셨소
기다리던 봄이 오고 있는데
이리 나를 떠나오
긴긴 겨울이 모두 지났는데
왜 나를 떠나가오
다시 돌아올 수 없는
그 험한 길 위에
어찌하다 오르셨소
내가 가야만 했었던
그 험한 길 위에
그대가 왜 오르셨소
기다리던 봄이 오고 있는데
이리 나를 떠나오
긴긴 겨울이 모두 지났는데
왜 나를 떠나가오
긴긴 겨울이 모두 지났는데
왜 나를 떠나가오"
풍악 (2024 REMIX VER.),"1,553",김희재,"(쿵짜 쿵짜라 자)
사랑 사랑의 풍악을 울려라
내 사랑이 들을 수 있게
풍악 소리도 슬피 우는 밤
내 맘도 따라 우네요

(쿵짜 쿵짜라 자 짜) 풍악을 울려라
내 사랑을 전할 수 있게
(쿵짜 쿵짜라 자 짜) 풍악 소리가
내 맘을 아프게 해요

살랑 살랑 부는 바람도
내 맘을 알고 있는지
딸랑 딸랑 풍경 소리가
내 맘을 달래 주네요

(쿵짜라 자 짜 짜) 풍악을 울려라
내 사랑이 들을 수 있게
(쿵짜라 자 짜 짜) 풍악을 울려라
내 사랑을 전할 수 있게

(쿵짜 쿵짜라 자 짜) 풍악을 울려라
내 사랑을 전할 수 있게
(쿵짜 쿵짜라 자 짜) 풍악 소리가
내 맘을 아프게 해요

살랑 살랑 부는 바람도
내 맘을 알고 있는지
딸랑 딸랑 풍경 소리가
내 맘을 달래 주네요

(쿵짜라 자 짜 짜) 풍악을 울려라
내 사랑이 들을 수 있게
(쿵짜라 자 짜 짜) 풍악을 울려라
내 사랑을 전할 수 있게

내 사랑을 전할 수 있게
(쿵짜 쿵짜라 자)"
무조건,"6,857",박상철,"내가 필요할 때 나를 불러줘
언제든지 달려갈게
낮에도 좋아 밤에도 좋아
언제든지 달려갈게
다른 사람들이 나를 부르면
한참을 생각해 보겠지만
당신이 나를 불러준다면
무조건 달려갈 거야
당신을 향한 나의 사랑은
무조건 무조건이야
당신을 향한 나의 사랑은
특급 사랑이야
태평양을 건너 대서양을 건너
인도양을 건너서라도
당신이 부르면 달려갈 거야
무조건 달려갈 거야
내가 필요할 때 나를 불러줘
언제든지 달려갈게
낮에도 좋아 밤에도 좋아
언제든지 달려갈게
다른 사람들이 나를 부르면
한참을 생각해 보겠지만
당신이 나를 불러준다면
무조건 달려갈 거야
당신을 향한 나의 사랑은
무조건 무조건이야
당신을 향한 나의 사랑은
특급 사랑이야
태평양을 건너 대서양을 건너
인도양을 건너서라도
당신이 부르면 달려갈 거야
무조건 달려갈 거야
당신을 향한 나의 사랑은
무조건 무조건이야
당신을 향한 나의 사랑은
특급 사랑이야
태평양을 건너 대서양을 건너
인도양을 건너서라도
당신이 부르면 달려갈 거야
무조건 달려갈 거야"
짠짜라,"5,671",장윤정,"(짠짠짠)
(짜라라짜짜짜)
잘가요 안녕 내 사랑 (짠짠짠)
반짝 반짝 반짝이는
밤하늘의 별을 보며 (짜라라짜짜짜)
우리 사랑 변치말자던
그 약속 잊으셨나요 (짠짠)
날 갖고 장난쳤나요
사랑이 그런건가요
이리저리로 왔다 요리조리로 갔다
아직도 헷갈리나요
짠짠짠 하게 하지 말아요
말없이 그냥 가세요 (짜라라짜짜짜)
짠짠짠 이제 울지 않아요
잘가요 안녕 내 사랑 (짠짠)
(짜라라짜짜짜)
잘가요 안녕 내사랑 (짠짠짠)
깜빡 깜빡 깜빡이는
네온싸인 불빛아래 (짜라라짜짜짜)
약속시간 지나갔어도
내 님은 오질 않네요 (짠짠)
날 갖고 장난쳤나요
사랑이 그런건가요
이리저리로 왔다 요리조리로 갔다
아직도 헷갈리나요
짠짠짠 하게 하지 말아요
말없이 그냥 가세요 (짜라라짜짜짜)
짠짠짠 이젠 울지 않아요
잘가요 안녕 내 사랑 (짠짠)
잘가요 안녕 내 사랑 (짠짠)
(짜라라짜짜짜)
잘가요 안녕 내 사랑 (짠짠짠)"
나보다 더 사랑해요,"48,304",김호중,"서로 다른 길에
우리 둘의 만남은
돌아보니 꿈만 같아요
같은 시간 속에 우리는
서로의 삶에
멈춰버렸죠
바다처럼 깊어진
우리의 믿음
흔들리지 않아요
그댈 나보다 더 나보다 더
사랑해요
저기 별빛이 내리는 아래
고백할게요
그댈 나보다 더 나보다 더
사랑해요 그대
마음 받아주세요
맘이 힘든 날엔
말을 하지 않아도
언제나 내 편인 한사람
자신보다 나를 위해준
그 사람에게
난 부족한 사람
바다처럼 깊어진
우리의 믿음
흔들리지 않아요
그댈 나보다 더 나보다 더
사랑해요
저기 별빛이 내리는 아래
고백할게요
그댈 나보다 더 나보다 더
사랑해요 그대
마음 받아주세요
볕이 안 드는 고된 삶의 틈에도
손 내밀어 주세요 워
우린 별이 되어 달이 되어
세상이 끝나도
함께할 사랑 함께할 운명
그댈 사랑합니다"
휘리릭,"2,286",장민호,"사는 게 다 이렇습니다
왔다가 가는 건 어쩔 수 없나 봅니다
주르륵 주르륵 가슴이 뜨겁습니다
우습죠 도대체 무엇이라고
이 가슴 까맣게 태우고 재가 되는지
휘리릭 바람이 불면 흔적도 없이 사라집니다
아아아 어디쯤에 있나
그 약속 잊어버렸나
바람아 이 마음을 실어
불어라 불어라
쓸쓸히 헤매이지 않게
전해다오 이 내 마음을
그래야 나 살아갈 테니
아아아 어디쯤에 있나
그 약속 잊어버렸나
바람아 이 마음을 실어
불어라 불어라
쓸쓸히 헤매이지 않게
전해다오 이 내 마음을
그래야 나 살아갈 테니
그래야 나 살아갈 테니"
도련님,604,빈예서,"도련님 도련님
한양 가신 우리 도련님
불러도 대답 없고
기다려도 오지 않는
무심한 우리 도련님
오늘 밤 도련님께 고백할래요
도련님을 짝사랑했다고
사랑하면 안 되나요
좋아해도 안 되나요
향단이도 여자랍니다
도련님 오시는 날
도련님 오시는 날
내 가슴에 점하나 찍어줘요

도련님 도련님
평양 가신 우리 도련님
불러도 대답 없고
기다려도 오지 않는
무심한 우리 도련님
오늘 밤 도련님께 고백할래요
도련님을 짝사랑했다고
사랑하면 안 되나요
좋아해도 안 되나요
향단이도 여자랍니다
도련님 오시는 날
도련님 오시는 날
내 가슴에 점하나 찍어줘요
도련님 오시는 날
도련님 오시는 날
내 가슴에 점하나 찍어줘요"
천년을 빌려준다면,262,오유진,"당신을 사랑하고
정말 정말 사랑하고
그래도 모자라면 당신을 위해
무엇이든 다 해주고 싶어
만약에 하늘이
하늘이 내게
천년을 빌려준다면
그 천년을 당신을 위해
사랑을 위해
아낌없이 모두 쓰겠소

당신을 사랑하고
너무너무 사랑하고
그래도 모자라면 당신을 위해
원하는 것 다 해주고 싶어
어느 날 하늘이
하늘이 내게
천년을 빌려준다면
그 천년을 당신을 위해
사랑을 위해
아낌없이 모두 쓰겠소
만약에 하늘이
하늘이 내게
천년을 빌려준다면
그 천년을 당신을 위해
사랑을 위해
아낌없이 모두 쓰겠소"
못난놈,"1,399",진성,"남 속이고 사는 게 그리 좋더냐
두 다린 뻗고 잘 자니
자식 낳았다고 미역국 드신
애미 생각 나지도 않더냐
무엇을 주워 먹고 그 몹쓸 심보냐
숯덩이 같은 인생아
일 더하기 일은 이 그리 가르쳤건만
구구단 밤에 배웠더냐 못난 놈
남 속이고 사는 게 그리 좋더냐
두 다린 뻗고 잘 자니
자식 낳았다고 잔치 벌이신
애비 생각 나지도 않더냐
무엇을 주워 먹고 그 몹쓸 심보냐
숯덩이 같은 인생아
올바르게 살라고 그리 가르쳤건만
소귀에 경 읽기냐 못난 놈
남 속이고 사는 게 그리 좋더냐
두 다린 뻗고 잘 자니
자식 낳았다고 잔치 벌이신
부모통곡 들리지 않더냐
무엇을 주워 먹고 그 몹쓸 심보냐
숯덩이 같은 인생아
올바르게 살라고 그리 가르쳤건만
소귀에 경 읽기냐 못난 놈"
영원한 내 사랑,"9,395",황영웅,"날 알아보지 못해도
날 기억하지 못해도
당신만 곁에 있으면
난 행복해요 좋아요
젊어서 고생시키고
속 썩인 내가 미워서
당신이 나를 잊은 거 같아
눈물이 납니다
여보 미안해요
여보 고마워요
이 세상 저 세상까지
당신과 함께 하겠소
걱정하지 말아요
영원한 내 사랑
젊어서 고생시키고
속 썩인 내가 미워서
당신이 나를 잊은 거 같아
눈물이 납니다
여보 미안해요
여보 고마워요
여보 미안해요
여보 고마워요
이 세상 저 세상까지
당신과 함께 하겠소
걱정하지 말아요
영원한 내 사랑
영원한 내 사랑"
누나가 딱이야,"21,347",영탁,"남자답게 책임질게
내겐 딱 딱 누나가 딱이야
풋내 나는 풋사과보다
새빨간 사과가 더 좋아
지독한 사랑에 아파본
누나라서 난 좋아
어디까지 헤메이다가
얼마만큼 울다 왔는지
과건 묻지 않을 테니까
내 품에 편히 쉬어
누나가 딱이야
내 품에 딱이야
오늘부터 우린 자기야
남자답게 책임질게
나만 믿고 따라와
누나가 딱이야
내 눈에 딱이야
오늘부터 우린 짝이야
못이긴 척 안겨줄래
내겐 딱 딱 누나가 딱이야
남자답게 책임질게
내겐 딱 딱 누나가 딱이야
까분다고 코웃음치곤
은근슬쩍 기대는 여우
내 눈에는 너무 귀여워
깨물어주고 싶은 걸
별을 따달라면 따줄게
달을 따오라면 따올게
어리다고 얕보지마라
놓치면 후회할 걸
누나가 딱이야
내 품에 딱이야
오늘부터 우린 자기야
남자답게 책임질게
나만 믿고 따라와
누나가 딱이야
내 눈에 딱이야
오늘부터 우린 짝이야
못이긴 척 안겨줄래
내겐 딱 딱 누나가 딱이야
누나가 딱이야
내 품에 딱이야
오늘부터 우린 자기야
남자답게 책임질게
나만 믿고 따라와
누나가 딱이야
내 눈에 딱이야
오늘부터 우린 짝이야
못이긴 척 안겨줄래
내겐 딱 딱
넌 내가 딱이야"
어부바,"4,751",장윤정,"어부바 부리 부비바
내 사랑 나의 어부바
어부바 부리 부비바
사랑해요 어부바
미운 다섯살 애기같아요
정말로 장난아니죠
나만 보면 뭐가 좋은지
떨어져선 살수 없대요
살수 없대
안아 달라고
업어 달라고
툭하면 떼쓰곤 해요
철은 없어도
착한 내 사랑
내게 와요 내 사랑
어부바
가끔씩 애교스런
닭살 멘트로
웃게하는 센스도 있고
소풍가는 애처럼
도시락 들고
점심도 함께 하재요
어부바 부리 부비바
내 사랑 나의 어부바
어부바 부리 부비바
사랑해요 어부바

어부바 부리 부비바
내 사랑 나의 어부바
어부바 부리 부비바
사랑해요 어부바
미운 일곱살 닮았어요
이사람 특히 그래요
나를 만나면
뭐가 신난지
끝없이 장난만 쳐요
장난만 쳐
같이 있자고
놀아 달라고
툭하면 떼쓰곤 해요
얼래 보아도
달래 보아도
철이 없는 내 사랑
어부바
가끔씩 애교스런
닭살 멘트로
웃게하는 센스도 있고
햇살 좋은 날에는
김밥을 들고
공원에 놀러 가재요
어부바 부리 부비바
내 사랑 나의 어부바
어부바 부리 부비바
사랑해요 어부바
사랑해요 어부바
어부바"
고장난 벽시계,"2,815",나훈아,"세월아 너는 어찌
돌아도 보지 않느냐
나를 속인 사람보다
네가 더욱 야속하더라
한두 번 사랑땜에 울고 났더니
저만큼 가버린 세월
고장 난 벽시계는 멈추었는데
저 세월은 고장도 없네
청춘아 너는 어찌
모른 척하고 있느냐
나를 버린 사람 보다
네가 더욱 무정하더라
뜬구름 쫓아가다 돌아봤더니
어느새 흘러간 청춘
고장 난 벽시계는 멈추었는데
저 세월은 고장도 없네
고장 난 벽시계는 멈추었는데
저 세월은 고장도 없네"
사랑이 이런 건가요,"25,812",임영웅,"사랑이 이런 건가요
가슴이 떨려오네요
나 그대 생각하면은
자꾸만 가슴이 뛰네요
어쩌다 이렇게 멋진
그대를 만나게 됐는지
아무리 생각해도 난
행운의 남자인가 봐
난 이제 하루하루가
그대 있어 너무 행복해
그 깊은 사랑에 빠져
도대체 헤어 나올 수가 없어
사랑이 이런 건가요
가슴이 떨려오네요
나 그대 생각하면은
자꾸만 가슴이 뛰네요
난 이제 하루하루가
그대 있어 너무 행복해
그 깊은 사랑에 빠져
도대체 헤어 나올 수가 없어
사랑이 이런 건가요
가슴이 떨려오네요
나 그대 생각하면은
자꾸만 가슴이 뛰네요
나 그대 생각하면은
자꾸만 가슴이 뛰네요"
천 개의 바람이 되어,"26,892",임영웅,"나의 사진 앞에서 울지 마요
나는 그곳에 없어요
나는 잠들어 있지 않아요
제발 날 위해 울지 말아요
나는 천 개의 바람
천 개의 바람이 되었죠
저 넓은 하늘 위를
자유롭게 날고 있죠
가을엔 곡식들을 비추는
따사로운 빛이 될게요
겨울엔 다이아몬드처럼
반짝이는 눈이 될게요
아침엔 종달새 되어
잠든 당신을 깨워줄게요
밤에는 어둠 속에 별 되어
당신을 지켜 줄게요
나는 천 개의 바람
천 개의 바람이 되었죠
저 넓은 하늘 위를
자유롭게 날고 있죠
저 넓은 하늘 위를
자유롭게 날고 있죠"
돌릴 수 없는 세월,"1,107",조항조,"곤히 잠든 그대 모습 지긋이 바라봅니다
함께한 날들 모두가 멈춘것만 같아요
꽃다운 날 나를 만나 모든걸 맡긴 사람
때론 속고 속는데도 떠나지 않은 사람
왜이리 작아졌나요 늘 맘조린 탓인가요
왜이리 가벼운가요 돌릴 수없는 세월에
눈물이 나요 눈물이 흘러요
철없던 날 나를 만나 속많이 썩은 사람
그모두가 날 떠나도 믿어준 단한사람
왜이리 작아졌나요 늘 맘조린 탓인가요
왜이리 가벼운가요 돌릴 수 없는 세월에
눈물이 나요 눈물이 흘러요
당신이 나를 살게한 사람이요"
님은 먼 곳에,242,나영,"사랑한다고 말할 걸 그랬지
님이 아니면 못 산다 할 것을
사랑한다고 말할걸 그랬지
망설이다가 가버린 사람
마음 주고 눈물 주고 꿈도 주고
멀어져 갔네
님은 먼 곳에
영원히 먼 곳에
망설이다가
님은 먼 곳에

사랑한다고 말할 걸 그랬지
망설이다가 가버린 사람
마음 주고 눈물 주고 꿈도 주고
멀어져 갔네
님은 먼 곳에
영원히 먼 곳에
망설이다가
님은 먼 곳에
망설이다가
님은 먼 곳에"
꽃길,"5,701",윤수현,"다시 돌아가라 하면
싫어요 난 못가요
비단옷 꽃길 이라도
이제 다시 사랑 안 해요
몰라서 걸어온 그 길
알고는 다시는 못가
아파도 너무나 아파
사랑은 또 무슨 사랑
다시 돌아가라 하면
싫어요 난 못가요
비단옷 꽃길 이라도
이제 다시 사랑 안 해요
몰라서 걸어온 그 길
알고는 다시는 못가
아파도 너무나 아파
꽃길은 또 무슨 꽃길
몰라서 걸어온 그 길
알고는 다시는 못가
아파도 너무나 아파
사랑은 또 무슨 사랑
꽃길은 또 무슨 꽃길"
나이가 든다는 게 화가 나,223,별사랑,"나이가 든다는 게 화가 나
지나간 시간들이 아쉬워
하늘에 떠다니는 구름과
세상에 떠다니는 나

늙어 간다는 게
창피한 일도 아닌데
저 멀리 지는 석양과
닮아서 맘이 서글퍼

길을 잃어도 좋아
두렵지도 않을 나이야
이별 두 번 한대도
웃어넘길 그럴 나이야

나이가 든다는 게 화가 나
떠나간 내 사랑이 그리워
고독을 달래 주던 친구도
하나 둘 떠나 가누나

늙어 간다는 게
창피한 일도 아닌데
저 멀리 지는 석양과
닮아서 맘이 서글퍼

길을 잃어도 좋아
두렵지도 않을 나이야
이별 두 번 한대도
웃어 넘길 그럴 나이야

늙어 간다는 게
창피한 일도 아닌데
저 멀리 지는 석양과
닮아서 맘이 서글퍼

길을 잃어도 좋아
두렵지도 않을 나이야
이별 두 번 한대도
웃어 넘길 그럴 나이야

외로움에 지쳐도
웃어버릴 그럴 나이야
웃어버릴 그럴 나이야"
이 사람을 지켜주세요,413,지나유,"사랑이여 제발
떠나가지 말아 주세요
하늘이여 제발
이 사람을 지켜주세요
나보다도 더 많이 사랑한 사람
날 위해 기도한 사람
이 사람을 위해서 살고 싶어요
이 사람을 지켜주세요
같은 하늘 아래에 있어줘서
너무나 고마워요
하늘이여 제기도를 들어주세요
이 사람을 지켜주세요

나보다도 더 많이 사랑한 사람
날 위해 기도한 사람
이 사람을 위해서 살고 싶어요
이 사람을 지켜주세요
같은 하늘 아래에 있어줘서
너무나 고마워요
하늘이여 제 기도를 들어주세요
이 사람을 지켜주세요
하늘이여 제 기도를 들어주세요
이 사람을 지켜주세요
이 사람을 지켜주세요
이 사람을 지켜주세요"
내 삶을 눈물로 채워도,"2,368",나훈아,"간간히 너를 그리워 하지만
어쩌다 너를 잊기도 하지
때로는 너를 미워도 하지만
가끔은 눈시울 젖기도 하지
어쩌면 지금 어딘가 혼자서
나처럼 저달을 볼지도 몰라
초저녁 작게 빛나는 저별을
나처럼 보면서 울지도 몰라
루 루 루 루 루
루 루 루 루 루
아마난 평생을 못잊을것같아 너를
인연이라는 만남도 있지만
숙명이라는 이별도 있지
우리의 만남이 인연이었다면
그인연 또한번 너였음 좋겠어
어쩌면 우리 언젠가 또다시
우연을 핑계로 만날지 몰라
내삶의 전부 눈물로 채워도
널 기다리면서 살른지 몰라
루 루 루 루 루
루 루 루 루 루
아마난 평생을 못잊을것같아 너를
루 루 루 루 루
루 루 루 루 루
아마난 평생을 못잊을것같아 너를
루 루 루 루 루
루 루 루 루 루
루 루 루 루 루
루 루 루 루 루
루 루 루 루 루
루 루 루 루 루
아마난 평생을 못잊을것같아 너를"
바람길,"3,759",장윤정,"길을 걷는다
끝이 없는 이 길
걷다가 울다가
서러워서 웃는다
스치듯 지나는
바람의 기억보다 더
에일 듯 시리운
텅 빈 내 가슴
울다가 웃다가
꺼내본 사진 속엔
빛 바랜 기억들이
나를 더 아프게 해
길을 걷는다
끝이 없는 이 길
걷다가 울다가
서러워서 웃는다
스치듯 지나는
바람의 기억보다 더
에일 듯 시리운
텅 빈 내 가슴
울다가 웃다가
꺼내본 사진 속엔
빛 바랜 기억들이
나를 더 아프게 해
길을 걷는다
끝이 없는 이 길
걷다가 울다가
서러워서 웃는다"
가슴이 울어,"3,518",장민호,"벌써 몇 해가 지나가 버렸어
이제는 잊을 때도 됐는데
꽃은 또 피고 새봄이 왔어도
아직도 넌 내 안에 있어
잊을 수 있다고 웃을 수 있다고
다짐하고 또 다짐했지만
시간이 갈수록 슬픔은 커지고
그리움도 점점 커져
그리워 그리워 가슴이 울어
아무리 달래도 가슴이 울어
하지만 이렇게 살아갈 거야
잊혀지면 더 슬플 테니까
잊을 수 있다고 웃을 수 있다고
다짐하고 또 다짐했지만
시간이 갈수록 슬픔은 커지고
그리움도 점점 커져
그리워 그리워 가슴이 울어
아무리 달래도 가슴이 울어
하지만 이렇게 살아갈 거야
잊혀지면 더 슬플 테니까
잊혀지면 더 슬플 테니까"
빈 지게,"8,756",황영웅,"바람 속으로 걸어왔어요
지난날의 나의 청춘아
비틀거리며 걸어왔어요
지난날의 사랑아
돌아보면 흔적도 없는
인생길은 빈 술잔
빈 지게만 덜렁 매고서
내가 여기 서 있네
아~ 나의 청춘아 아~ 나의 사랑아
무슨 미련 남아 있겠니
빈 지게를 내려놓고 취하고 싶다
술아 내 맘 알겠지
바람 속으로 걸어 왔어요
지난날의 나의 청춘아
비틀거리며 걸어왔어요
지난날의 사랑아
돌아보면 흔적도 없는
인생길은 빈 술잔
빈 지게만 덜렁 매고서
내가 여기 서 있네
아~ 나의 청춘아
아~ 나의 사랑아
무슨 미련 남아 있겠니
빈 지게를 내려놓고 취하고 싶다
술아 내 맘 알겠지
빈 지게를 내려놓고 취하고 싶다
술아 내 맘~~ 알겠지"
미운 사랑,"15,544",임영웅,"남몰래 기다리다가
가슴만 태우는 사랑
어제는 기다림에
오늘은 외로움
그리움에 적셔진 긴 세월
이렇게 살라고 인연을 맺었나
차라리 저 멀리 둘 걸
미워졌다고 갈 수 있나요
행여나 찾아올까봐
가슴이 사랑을 잊지 못해
이별로 끝난다해도
그 끈을 놓을 순 없어
너와 난 운명인 거야
이렇게 살라고 인연을 맺었나
차라리 저 멀리 둘 걸
미워졌다고 갈 수 있나요
행여나 찾아올까봐
가슴이 사랑을 잊지 못해
이별로 끝난다해도
그 끈을 놓을 순 없어
너와 난 운명인 거야
그 끈을 놓을 순 없어
너와 난 운명인 거야"
사랑 참,"12,023",홍자,"잡힐 듯 잡히지 않는
사랑이 너무 아쉬워
다가가면 더 멀어지는
사랑 참 힘드네요
참을 만해요 괜찮아요
힘들면 좀 어때요
사랑을 잃은 아픔보다
참는 게 더 쉬워요
들리나요 사랑아
내 슬픈 사랑아
보이나요 사랑아
내 아픈 사랑아
참을 만해요 괜찮아요
힘들면 좀 어때요
사랑을 잃은 아픔보다
참는 게 더 쉬워요
들리나요 사랑아
내 슬픈 사랑아
보이나요 사랑아
내 아픈 사랑아
들리나요 사랑아
내 슬픈 사랑아
보이나요 사랑아
내 아픈 사랑아
사랑 참 힘드네요"
꽃처럼 피던 시절,"2,291",장민호,"석양이 물든 강가에 서니
옛 생각이 스쳐간다
별 하나에 내 꿈을 새기던
그 시절이 떠오른다

그때는 꿈도 많았지
힘겨워했던 날도 있었어
하지만 돌이켜 생각하면
정말 아름다운 날들이었어

꽃처럼 활짝 피었던
그 시절은 흘러갔지만
나는 지금의 내가 더 좋아
정말 난 행복해
앞으로 살아갈 날이
살아온 날보다 적어도
한 점 부끄럼 없는 날들이
되게 살아갈 거야

그때는 꿈도 많았지
힘겨워했던 날도 있었어
하지만 돌이켜 생각하면
정말 아름다운 날들이었어

꽃처럼 활짝 피었던
그 시절은 흘러갔지만
나는 지금의 내가 더 좋아
정말 난 행복해
앞으로 살아갈 날이 살아온
날보다 적어도
한 점 부끄럼 없는 날들이
되게 살아갈 거야"
눈물비,"9,558",홍진영,"눈물비 주루루 내리면
내겐 우산 같던 한 사람
세상 아픔들을 대신 맞아주고
나를 지켜주던 한 사람
미안해요 미안해요
사랑해요 사랑해요
비 개인 하늘은 저리 맑은데
마음에 빗물은 그치지 않아
미안한 마음은 먹물이 되어
가슴에 번져가네요
오오 못해준 기억이 많아
너무 멀리 가버린 사람
눈물비 주루루 내리면
내겐 우산 같던 한 사람
세상 아픔들을 대신 맞아주고
나를 지켜주던 한 사람
미안해요 미안해요
사랑해요 사랑해요
오오 못해준 기억이 많아
너무 멀리 가버린 사람
눈물비 주루루 내리면
내겐 우산 같던 한 사람
세상 아픔들을 대신 맞아주고
나를 지켜주던 한 사람
미안해요 미안해요
사랑해요 사랑해요"
꽃길,"3,303",전유진,"다시 돌아가라 하면
싫어요 난 못가요
비단옷 꽃길이라도
이제 다시 사랑 안 해요
몰라서 걸어온 그 길
알고는 다시는 못가
아파도 너무나 아파
사랑은 또 무슨 사랑
다시 돌아가라 하면
싫어요 난 못가요
비단옷 꽃길 이라도
이제 다시 사랑 안 해요
몰라서 걸어온 그 길
알고는 다시는 못가
아파도 너무나 아파
꽃길은 또 무슨 꽃길
몰라서 걸어온 그 길
알고는 다시는 못가
아파도 너무나 아파
사랑은 또 무슨 사랑
꽃길은 또 무슨 꽃길"
트로트가 나는 좋아요,"8,737",송가인,"쿵짝 쿵짝 리듬에 맞춰
야야 야야 노래를 해요
춤추는 세상 신나는 세상
마음껏 즐겨 보아요
삑삑 삑삑 꾀꼬리 되어
야야 야야 따라해 봐요
즐거운 세상 행복한 세상
십년은 젊어 진대요
모이자 트로트 전국팔도 모두 모이자
부르자 트로트 남녀노소 모두 부르자
즐기자 트로트 안방1열 국민 트로트
모이자 부르자 트로트가 나는 좋아요
뽕짝 뽕짝 리듬에 맞춰
룰루 랄라 노래를 해요
당신이 좋아 기분이 좋아
인생은 정말 즐거워
삑삑 삑삑 꾀꼬리 되어
룰루 랄라 따라해 봐요
즐거운 세상 행복한 세상
십년은 젊어 진대요
모이자 트로트 전국팔도 모두 모이자
부르자 트로트 남녀노소 모두 부르자
즐기자 트로트 안방1열 국민 트로트
모이자 부르자 트로트가 나는 좋아요
근심걱정 하지마요 콧노래를 불러요
노래하고 춤을춰요 브라보 화이팅
세상이 아름다워요
모이자 트로트 전국팔도 모두 모이자
부르자 트로트 남녀노소 모두 부르자
즐기자 트로트 안방1열 국민 트로트
모이자 부르자
트로트가 나는 좋아요
트로트가 나는 좋아요
노래하며 춤을 춥시다"
도라지꽃,179,정슬,"언제쯤 오시렵니까
세월은 흘러가는데
내 가슴이 한숨으로
보랏빛 멍이 듭니다
혹시나 내 얼굴 보이실까
떠나지 못하고
이 자리 이곳에 마음 담아
기다려 봅니다
다시 봄날이 오면 봄날이 오면
나는 나는 아프지 않고
그대 사랑 안에서 뿌리를 내린
도라지 꽃이 될래요

혹시나 내 이름 부르실까
떠나지 못하고
밤하늘 별빛을 동무 삼아
기다려 봅니다
다시 봄날이 오면 봄날이 오면
나는 나는 아프지 않고
그대 사랑 안에서 뿌리를 내린
도라지 꽃이 될래요
다시 태어난 세상 꿈을 꾼다면
나는 나는 아프지 않고
그대 사랑 안에서 뿌리를 내린
도라지 꽃이 될래요
지지 않는 꽃이 될래요"
고장난 벽시계,168,미스김,"세월아 너는 어찌
돌아도 보지 않느냐
나를 속인 사람보다
네가 더욱 야속하더라
한두 번 사랑땜에 울고 났더니
저만큼 가버린 세월
고장 난 벽시계는 멈추었는데
저 세월은 고장도 없네

청춘아 너는 어찌
모른 척하고 있느냐
나를 버린 사람보다
네가 더욱 무정하더라
뜬구름 쫓아가다 돌아봤더니
어느새 흘러간 청춘
고장 난 벽시계는 멈추었는데
저 세월은 고장도 없네
뜬구름 쫓아가다 돌아봤더니
어느새 흘러간 청춘
고장 난 벽시계는 멈추었는데
저 세월은 고장도 없네
저 세월은 고장도 없네"
정녕,"1,293",조항조,"당신은 나에게 할 말이 없나요
아직도 나는 할 말이 많은데
당신의 눈엔 한 방울 눈물이
이별의 진실인가요
사랑은 정녕 무엇인가요
가슴 하나 태우면 그만인가요
이별은 정녕 무엇인가요
또 다른 만남의 시작인가요
돌아서는 그대 마지막 눈물에
나는 바람 되어 웁니다

당신의 진실은 무엇인가요
나에겐 오직 당신뿐인데
우리가 나눈 사랑의 기쁨이
이별을 막을 수는 없었나요
사랑은 정녕 무엇인가요
가슴 하나 태우면 그만인가요
이별은 정녕 무엇인가요
또 다른 만남의 시작인가요
돌아서는 그대 마지막 눈물에
나는 바람 되어 웁니다"
삶,"1,001",나훈아,"삶이란 인생이라는 마당에서
한 세월 놀다가 가는 거지
삶이란 인생이라는 무대에서
한바탕 울다 웃다 가는 거지
살다가 또 살다가 지칠 때면
헛춤에다 한 곡조 뽑아도 보고
뜬구름 쫓다가 헛발질도 하고
삶이란 그저 허무일세
나나나 나나 나나나나

삶이란 인생이라는 세상에서
사랑에 목숨 한 번 걸어보고
삶이란 인생이라는 소설 속에
우리는 모두가 나그넨걸
울다가 또 울다가 펑펑 울다가
다시 히히 웃으며 행복해하고
아무리 더하고 나누어 봐도
삶이란 그냥 본전일세
삶이란 그저 허무일세
나나나 나나 나나나나
삶이란 그래 그런 걸세"
부초같은 인생,"5,954",김용임,"내 인생 고달프다
울어본다고 누가 내 맘 알리요
어차피 내가 택한 길이 아니냐
웃으면서 살아가보자
천 년을 살리요
몇 백 년을 살다 가리요
세상은 가만 있는데
우리만 변하는 구려
아아아아 아 아아 아
부초 같은 우리네 인생
아 아 아 아아아 우리네 인생
한 걸음 길을 걷다 돌아다보니
보랏빛 내 인생
웃으며 걸어왔던 길이 아니냐
후회 없이 살아가 보자
천 년을 살리요
몇 백 년을 살다 가리요
세상은 가만 있는데
우리만 변하는 구려
아아아아 아 아아 아
부초 같은 우리네 인생
아 아 아 아아아 우리네 인생
아 아 아 아아아 우리네 인생"
남이가,"1,210",서지오,"우리는 남이가 사랑이 끝나버린 남이가
이제는 남이가 사랑이 식어버린 남이가
우리는 남이가 사랑에 울어버린 남이가
이제는 남이가 다시는 볼 수 없는 남이가
떠나는 사람아 너무나 사랑했던 사람아
가슴이 아파 눈물이 나와
떠나는 사람아 이대로 남이 되는 사람아
우리 사랑이 연기처럼 사라지네
다시 올 수 없는가 사랑할 수 없는가
우리 이제 남이가 차갑게 돌아서네
다시 올 수 없는가 사랑할 수 없는가
우리 이제 남이가 뜨겁게 돌아와줘
우린 남이가
우리는 남이가 사랑이 끝나버린 남이가
이제는 남이가 사랑이 식어버린 남이가
우리는 남이가 사랑에 울어버린 남이가
이제는 남이가 다시는 볼 수 없는 남이가
떠나는 사람아 너무나 사랑했던 사람아
가슴이 아파 눈물이 나와
떠나는 사람아 이대로 남이 되는 사람아
우리 사랑이 연기처럼 사라지네
다시 올 수 없는가 사랑할 수 없는가
우리 이제 남이가 차갑게 돌아서네
다시 올 수 없는가 사랑할 수 없는가
우리 이제 남이가 뜨겁게 돌아와줘
우린 남이가"
애가타,"5,257",장윤정,"이대로 나를 바라봐
눈으로 나를 안아줘
만날 때마다 자꾸만
가슴이 먼저 하는말
사랑에 빠진 건가요
어떻게 하면 좋아요
이제는 아닌 척 해도
아무런 소용이 없어
그냥 바라만 봐도 애가타
맘이 너무 아파서 애가타
이러는게 아닌데
흘린 눈물 때문에
사랑하는 마음 들켜버렸어요
가까이 내게 와줘요
뭐라고 말 좀 해봐요
이렇게 애가 타도록 사랑하고 있는데

그냥 바라만 봐도 애가타
맘이 너무 아파서 애가타
이러는게 아닌데
흘린 눈물 때문에
사랑하는 마음 들켜버렸어요
가까이 내게 와줘요
뭐라고 말 좀 해봐요
이렇게 애가 타도록 사랑하고 있는데
사랑하고 있는데"
사랑 반 눈물 반,"4,282",진해성,"사랑 반 눈물 반
인생이란 그런 거잖아
믿어왔던 그 정도 그 사랑도
한 순간의 물거품이지
흩어지는 모래알처럼
부서진 옛 사랑을
뼛 속 깊이 사무치는 그리움 안고
애원한들 못 오는 사람아
밤하늘의 저 별들은 내 마음 알까
지지베베 저 새들도 내 마음 알까
사랑 반 눈물 반
사랑 반 눈물 반
인생이란 그런 거잖아
믿어왔던 그 정도 그 사랑도
한 순간의 물거품이지
흩어지는 모래알처럼
부서진 옛 사랑을
뼛 속 깊이 사무치는 그리움 안고
애원한들 못 오는 사람아
밤하늘의 저 별들은 내 마음 알까
지지베베 저 새들도 내 마음 알까
사랑 반 눈물 반
밤하늘의 저 별들은 내 마음 알까
지지베베 저 새들도 내 마음 알까
사랑 반 눈물 반
사랑 반 눈물 반"
잃어버린 정,"1,206",마이진,"당신의 고운 눈매에
할 말은 잊었지만은
냉정히 돌아선 무정한 사람은
눈물을 모르겠지요

말문이 막혀서인지
할 말은 잊었지만은
다정한 그 날의 뜨거운 추억을
어떻게 잊을 수 있나

미소가 머물다 갈 시간도 없이
떠나는 사람이면
아쉬운 미련도 아쉬운 마음도
남기지 말아요

잃어버린 정이 그리워지면
그때는 어찌하나요

미소가 머물다 갈 시간도 없이
떠나는 사람이면
아쉬운 미련도 아쉬운 마음도
남기지 말아요 아

아쉬운 미련도 아쉬운 마음도
남기지 말아요
잃어버린 정이 그리워지면
그때는 어찌하나요

잃어버린 정이 그리워지면
그때는 어찌하나요"
가인이어라,"12,511",송가인,"가인 가인이어라
운명 같은 사람이어라
보고 또 보고 싶은 가인이어라
정도 많은 사람이어라
어느 한 날 똑같은 시간에 만나
서로에게 끌려버린 맘
좋아 좋아한다면 죄라도 되나요
이제 나는 어쩔 수 없네
아 영원히 안고 싶어라
시간아 멈추어라
가인 가인이어라
필연적인 사람이어라
보고 또 보고 싶은 가인이어라
내인생의 귀인이어라
사랑해요 그 말을 하고 싶나요
내 마음도 그렇답니다
애간장을 녹이는 다정한 목소리
누가 내게 보내셨나요
아 영원히 닮고 싶어라
세월아 멈추어라
가인 가인이어라
운명 같은 사람이어라
보고 또 보고 싶은 사람이어라
내인생의 귀인이어라
가인이어라 가인이어라
가인 가인이어라
가인 가인 가인이어라"
송인,"4,046",장윤정,"바람에 날리는 저 꽃잎 보며
동그라미 그려보다가
오늘밤 꿈속에 날 찾을까
시린 가슴만 애 태우죠
바람아 바람아 닿을 수 없는
그 길 따라가다
고달픈 걸음에 눈물 고이면
몰래 나 대신 훔쳐다오

옷깃에 가려진 저 달빛처럼
기약 없이 기다리다가
밤새워 흐르는 눈물조차
행여 짐 될까 감추었죠
바람아 바람아 닿을 수 없는
그 길 따라가다
고달픈 걸음에 눈물 고이면
몰래 나 대신 훔쳐다오
이 마음 전해다오"
가지마,"4,227",진성,"가지 마 가지 마
동아줄로도 못 잡는 청춘
미련 만 한숨 만
제발 남지 않는 삶이 되길
눈물방울 빗물로 여기면서
살아왔던 날들이
후회 한 점 없다면 그건 거짓말
그저 오로지 사랑 하나만을 위해
나 살리라 오늘 내일도
가지 마 가지 마
동아줄로도 못 잡는 청춘
미련 만 한숨 만
제발 남지 않는 삶이 되길
눈물방울 빗물로 여기면서
살아왔던 날들이
후회 한 점 없다면 그건 거짓말
그저 오로지 사랑 하나만을 위해
나 살리라 오늘 내일도
눈물방울 빗물로 여기면서
살아왔던 날들이
후회 한 점 없다면 그건 거짓말
그저 오로지 사랑 하나만을 위해
나 살리라 오늘 내일도"
오라버니,"7,871",금잔디,"날 사랑하신다 하니
정말 그러시다니
구름타고 빛나는
하늘 훨훨 날아갑니다
날 사랑하신다 하니
정말 행복하여서
설레이다 떠는 가슴은
아픈 줄도 모른답니다
오라버니 어깨에
기대어 볼래요
커다란 가슴에 얼굴을 묻고
지금 이대로 죽어도
여한 없어요
나는 정말 여자라서 행복해요
오라버니 사랑한다
말해주세요
정신을 못 차릴거야
오라버니 목소리에
울고 웃어요
내겐 영원한 오라버니
오라버니 어깨에
기대어 볼래요
커다란 가슴에 얼굴을 묻고
지금 이대로 죽어도
여한 없어요
나는 정말 여자라서 행복해요
오라버니 사랑한다
말해주세요
정신을 못 차릴거야
오라버니 목소리에
울고 웃어요
내겐 영원한 오라버니"
18세 순이,"23,762",이찬원,"살구꽃이 필때면
돌아온다던
내 사랑 순이는
돌아올줄 모르고
서쪽하늘 문틈새로
새어드는 바람에
떨어진 꽃냄새가
나를 울리네
가야해 가야해
나는 가야해
순이 찾아 가야해
가야해 가야해
나는 가야해
순이 찾아 가야해
누가 이런 사랑을
본적이 있나요
나이는 18세
이름은 순이
살구꽃이 필때면
돌아온다던
내 사랑 순이는
돌아올줄 모르고
서쪽하늘 문틈새로
새어드는 바람에
떨어진 꽃냄새가
나를 울리네
가야해 가야해
나는 가야해
순이 찾아 가야해
가야해 가야해
나는 가야해
순이 찾아 가야해
가야해 가야해
나는 가야해
순이 찾아 가야해
가야해 가야해
나는 가야해
순이 찾아 가야해
누가 이런 사랑을
본적이 있나요
나이는 18세
이름은 순이
나이는 18세
이름은 순이"
파트너,"26,182",정동원,"일년 삼백 육십 오일동안
우린 멋진 파트너야
파트너
많고 많은 사람 중에 최고
둘도 없는 파트너야
그래 그래 맞아 볼 때마다 미쳐
너무 좋은 파트너야
얼마나 기다리고
기다리고
기다려서
기다려서
우리가 만난거야
첫눈에 딱 보는 그 순간
너는 이미 나의 파트너
그냥 멀리서 바라만 봐도
두근두근 내 가슴은 뛰네
COME ON COME ON
더 이상 어떻게 좋아
일년 삼백 육십 오일동안
우린 멋진 파트너야
파트너
많고 많은 사람 중에 최고
둘도 없는 파트너야
그래 그래 맞아 볼 때마다 미쳐
너무 좋은 파트너야
얼마나 기다리고
기다리고
기다려서
기다려서
우리가 만난거야
첫눈에 딱 보는 그 순간
너는 이미 나의 파트너
그냥 멀리서 바라만 봐도
두근두근 내 가슴은 뛰네
Let's go
Let's go
Let's go
Let's go
더 이상 어떻게 좋아
일년 삼백 육십 오일동안
우린 멋진 파트너야
많고 많은 사람 중에 최고
둘도 없는 파트너야 그대
그래 그래 맞아 볼 때마다 미쳐
너무 좋은 파트너야 그대
그래 그래 맞아 볼 때마다 미쳐
너무 좋은 파트너야 그대
너무 좋은 파트너야 그대
너무 좋은 파트너야 그대"
소원,"2,154",장민호,"되돌릴 수 없는 걸 알지만
예전으로 돌아간다면
좀 더 예쁜 말 해드리고 싶은데
그땐 왜 짜증만 냈는지

돌아갈 수 없다는 걸 알지만
소원하나 들어준다면
함께 예쁜 곳 바라보고 싶은데
이젠 모두가 꿈같은 바람이겠죠

아침은 챙기고 다녀라
잔소리 같아서 건성으로 대답했죠

미안해요 나보다 더 나를 잘 아는
사랑하고 또 사랑하고도 부족해하는
어머니 어머닌 참 너무 이상하게도
눈 감고 생각하면 언제나 눈물 나는 말 어머니

늘 그대로 계실 줄 알았죠
세월이 흘러도 당신은 아닐 줄 알았죠
이젠 편안한 맘으로
지금 이 노래를 들으며 웃어요

사랑해요 나보다 더 나를 잘 아는
사랑 주고 또 사랑 주고도 부족해하는
어머니 어머닌 참 너무 고마운 사람
눈 감고 생각하면 언제나 포근해지는 어머니
어머니 어머니

눈 감고 생각하면 언제나 눈물나는 말
어머니"
세월 베고 길게 누운 구름 한 조각,"1,240",김다현,"늙은 산 노을 업고 힘들어 하네
벌겋게 힘들어 하네

세월 베고 길게 누운 구름 한 조각
하얀 구름 한 조각

여보게 우리 쉬었다 가세
남은 잔은 비우고 가세

가면 어때 저 세월
가면 어때 이 청춘

저녁 걸린 뒷마당에 쉬었다 가세
여보게 쉬었다 가세

늙은 소 긴 하루를 힘들어 하네
음메 하며 힘들어 하네

삐딱하게 날아가는 저 산 비둘기
가지 끝에 하루를 접네

여보게 우리 쉬었다 가세
남은 얘기 다 하고 가세

가면 어때 저 세월
가면 어때 이 청춘

저녁 걸린 뒷마당에 쉬었다 가세
여보게 쉬었다 가세

가면 어때 저 세월
가면 어때 이 청춘

저녁 걸린 뒷마당에 쉬었다 가세
여보게 쉬었다 가세
여보게 쉬었다 가세"
바람길,"9,915",김태연,"길을 걷는다
끝이 없는 이 길
걷다가 울다가
서러워서 웃는다
스치듯 지나는
바람의 기억보다 더
에일 듯 시리운
텅 빈 내 가슴
울다가 웃다가
꺼내본 사진 속엔
빛 바랜 기억들이
나를 더 아프게 해
길을 걷는다
끝이 없는 이 길
걷다가 울다가
서러워서 웃는다
스치듯 지나는
바람의 기억보다 더
에일 듯 시리운
텅 빈 내 가슴
울다가 웃다가
꺼내본 사진 속엔
빛 바랜 기억들이
나를 더 아프게 해
길을 걷는다
끝이 없는 이 길
걷다가 울다가
서러워서 웃는다
서러워서 웃는다"
돌팔매,529,마이진,"누구야 누가 또 생각 없이 돌을 던지느냐
무심코 당신은 던졌다지만
내 가슴은 멍이 들었네

누구야 누가 또 생각 없이 돌을 던지느냐
무심코 당신은 던졌다지만
내 가슴은 멍이 들었네

당신이 내 인생에 무엇이길래
당신이 내 앞길에 무엇이길래
단 한 번 돌팔매로 단 한 번 돌팔매로 병들게 하나

누구야 서러운 내 가슴을 울리는 사람

누구야 누가 또 할 일 없이 돌을 던지느냐
모르고 당신은 던졌다지만
내 가슴은 상처가 깊어

당신은 내 인생에 방관자면서
당신은 내 인생에 제삼자면서
무심한 돌팔매로 무심한 돌팔매로 상처를 주나

누구야 하소연 할 곳 없이 울리는 사람
누구야 하소연 할 곳 없이 울리는 사람"
후,"32,964",임영웅,"뭘 하며 사니 니가 낯설어져가
영원 할 듯한 우리였는데
잘 지내냐는 흔한 안부 조차도
물을 수 없는 눈물 나는 사랑
우연에 이끌려 또 한걸음 뒤돌아보면
영화 같은 사랑이였는데
내 가슴에서 끄집어낸
바람 같은 추억
후 하고 불면 잊혀져 갈까
사랑했었다 너만 사랑했었다
나는 나는 다시 그 말 뿐이다
니가 주고간 이 지독한 그리움
우리 다시 사랑할 수 있을까
우연에 이끌려 또 한걸음 뒤돌아보면
영화 같은 사랑이였는데
내 가슴에서 끄집어낸
바람 같은 추억
후 하고 불면 잊혀져 갈까
사랑했었다 너만 사랑했었다
나는 나는 다시 그 말 뿐이다
니가 주고간 이 지독한 그리움
우리 다시 사랑할 수 있을까
우리 다시 사랑할 수 있을까"
마량에 가고싶다,"15,204",임영웅,"너와 내가 만나서
사랑을 맹세한
마량의 까막섬
그날의 맹서 그날의 약속
가슴에 새겨있는데
오고 가는 연락선에
고동소리 구슬픈데
보고 싶어라 그리운 님아
마량에 가고 싶다
너와 내가 만나서
사랑을 노래한
마량의 고금대교
그날의 추억 그날의 낭만
가슴에 남아있는데
나를 잊었나 벌써 잊었나
사랑하고 있는데
보고싶어라 그리운 님아
마량에 가고 싶다
오고 가는 연락선에
고동소리 구슬픈데
보고 싶어라 그리운 님아
마량에 가고싶다
마량에 가고싶다"
사랑의 바보,"23,852",임영웅,"그렇게 말 하지 마
제발 그녈 욕하지 말아줘
그 누구보다도 내겐 좋은 여자니까
내가 하고 싶어 잘해준걸
고맙다 말 못 들어도
잠시나마 웃어주면 난 행복해
원하는 좋은 사람 나타날 때까지
난 잠시 그녈 지켜줄 뿐야
아무것도 바라는 것 없기에
그걸로도 감사해 워
언제든 필요할 땐 편히 날 쓰도록
늘 닿는 곳에 있어 줄 거야
어느 날 말없이 떠나간대도
그 뒷모습까지도 사랑할래
난 바보니깐 괜찮아
아무리 아프게 해도 못 느껴
내 걱정하지 마
못났대도 할 수 없어
나를 자랑스레 여길 분께
가끔 미안해진데도
기꺼이 나 그녈 위한 바보로 살래
원하는 좋은 사람 나타날 때까지
난 잠시 그녈 지켜줄 뿐야
아무것도 바라는 것 없기에
그 걸로도 감사해 워
언제든 필요할 땐 편히 날 쓰도록
늘 닿는 곳에 있어 줄 거야
어느 날 말없이 떠나간대도
그 뒷모습까지도 사랑 할래
언젠가 그녀가 날 떠날 걸 잘 알아
시작이 있음 끝도 있는 걸
그 시간이 알고 싶어서라도
끝까지 가보려 해 워
그렇게 불쌍한 듯 날 바라보지 마
그래도 나는 행복하니까
언젠가 그녀를 보내 주는 날
그때 술이나 한잔 사주면 돼
언젠가 그녀를 보내 주는 날
그때 술이나 한잔 사주면 돼"
기다리는 아픔,"4,015",조용필,"고독한 이 가슴에 외로움을 심어주고
초라한 내 모습에 멍울을 지게 했다
함께한 시간보다 더 많이 가슴을 태웠고
사랑한 날보다도 더 많이 아파했다
아픔속에 지워야 할 사랑이면
고개숙인 향기마저 데려가지
눈을 떠도 감고 있는 내 그림자
그대에게 가고 있는데
날 위해 힘들다 말해줘
내가 기다릴 수 있게 해줄래
돌아와 베어진 가슴에 눈물이 마를 수 있게

아픔속에 지워야 할 사랑이면
고개숙인 향기마저 데려가지
눈을 떠도 감고 있는 내 그림자
그대에게 가고 있는데
날 위해 힘들다 말해줘
내가 기다릴 수 있게 해줄래
돌아와 베어진 가슴에 눈물이 마를 수 있게
눈물이 마를 수 있게"
아득히 먼곳,"2,691",이승재,"찬바람 비껴 불어 이르는 곳에
마음을 두고 온 것도 아니라오
먹구름 흐트러져 휘도는 곳에
미련을 두고 온 것도 아니라오
아 어쩌다 생각이 나면
그리운 사람있어 밤을 지새고
가만히 생각하면
아득히 먼곳이라
허전한 이 내 맘에 눈물 적시네

황금빛 저녁 노을 내리는 곳에
사랑이 머무는 것도 아니라오
호숫가 푸른 숲속 아늑한 곳에
내님이 머무는 것도 아니라오
아 어쩌다 생각이 나면
그리운 사람 있어 밤을 지새고
가만히 생각하면
아득히 먼곳이라
허전한 이 내 맘에 눈물 적시네
아 어쩌다 생각이 나면
그리운 사람 있어 밤을 지새고
가만히 생각하면
아득히 먼곳이라
허전한 이 내 맘에 눈물 적시네"
이차선 다리,"8,073",차태현,"이차선 다리 위에
마지막 이별을
스치는 바람에도
마음이 아파와
왜 잡지도 못하고 서서
눈물만 흘리고 있어
거닐던 발걸음을
멈추고 멍하니
흐르는 저 강물을 보아도
아무말 없이 흘러만 가고
나만 홀로 서있네
건널 수 없을거라
생각만 하고 있어
무거운 발걸음
저 다릴 건너서서
몇 번을 돌아보고
그대를 바라보며
잡지도 못하는
바보 같은 나
이차선 다리 위 끝에
서로를 불러보지만
너무도 멀리 떨어져서 안들리네
차라리 무너져 버려
다시는 건널 수 없게
가슴이 아파
이뤄질 수 없는 우리의 사랑
건널 수 없을거라
생각만 하고 있어
무거운 발걸음
저 다릴 건너서서
몇 번을 돌아보고
그대를 바라보며
잡지도 못하는
바보 같은 나
이차선 다리 위 끝에
서로를 불러 보지만
너무도 멀리 떨어져서 안들리네
차라리 무너져 버려
다시는 건널 수 없게
가슴이 아파
이뤄질 수 없는 우리의 사랑
이차선 다리 위에
멈춰진 우리 사랑"
월하가약,"3,526",송가인,"달래도 달래도
가슴이 우는 밤
뉘 어깨에 기대어
저 달을 보시오
내 님이여 내 님이여
어이하여 못오시요
달빛아래 사랑언약
고이 새겨주오
달이뜨네 달이뜨네
달빛아래 사랑언약
저 달도 아시건만
어이해 당신만 모르시나
달래도 달래도
가슴이 우는 밤
뉘 어깨에 기대어
저 달을 보시오
내 님이여 내 님이여
어이하여 못오시요
달빛아래 사랑언약
고이 새겨주오
달이뜨네 달이뜨네
달빛아래 사랑언약
저 달도 아시건만
어이해 당신만 모르시나
아 아 아 아아
어이해 당신만 모르시나"
깊은밤을 날아서,"39,192",임영웅,"우리들 만나고
헤어지는 모든 일들이
어쩌면 어린애들 놀이 같아
슬픈 동화 속에
구름타고 멀리 날으는
작은 요정들의 슬픈 이야기처럼
그러나 우리들
날지도 못하고 울지만
사랑은 아름다운 꿈결처럼
고운 그대 손을 잡고
밤하늘을 날아서
궁전으로 갈 수도 있어
난 오직 그대 사랑하는 마음에
바보 같은 꿈꾸며
이룰 수 없는 저 꿈의 나라로
길을 잃고 헤매고 있어
그러나 우리들
날지도 못하고 울지만
사랑은 아름다운 꿈결처럼
고운 그대 손을 잡고
밤하늘을 날아서
궁전으로 갈 수도 있어
저희 TOP7과 함께
꿈나라로 떠나볼까요
난 오직 그대 사랑하는 마음에
밤하늘을 날아서
그대 잠든 모습 바라보다가
입맞추고 날아 가고파
그러나 우리들
날지도 못하고 울지만
사랑은 아름다운 꿈결처럼
고운 그대 손을 잡고
밤하늘을 날아서
궁전으로 갈 수도 있어
난 오직 그대 사랑하는 마음에
밤하늘을 날아서
그대 잠든 모습 바라보다가
입맞추고 날아가고파
그러나 우리들
날지도 못하고 울지만
사랑은 아름다운 꿈결처럼
고운 그대 손을 잡고
밤하늘을 날아서
꿈빛 궁전으로 갈 수도 있어"
첫사랑,"8,058",장윤정,"그대를 처음 본 순간
내 가슴 너무 떨렸어요
그때 이미 예감했죠
사랑에 빠질 것을
그대의 몸짓
그대의 미소
다정스런 그대 목소리
나 어떡해요
숨이 멎을 것 같아
그대에게 빠져버렸어요
하루 온 종일
그대 생각 뿐이죠
내일 역시도
그리 보낼 거예요
손 내밀어 잡아주세요
이런 내 사랑
받아 주세요

그대의 몸짓
그대의 미소
다정스런 그대 목소리
나 어떡해요
숨이 멎을 것 같아
그대에게 빠져버렸어요
하루 온종일
그대 생각뿐이죠
내일 역시도
그리 보낼 거예요
손 내밀어 잡아주세요
이런 내 사랑
받아 주세요
이런 내 사랑
받아 주세요"
희나리,"14,830",임영웅,"사랑함에 세심했던 나의 마음이
그렇게도 그대에겐 구속이었소
믿지 못해 그런 것이 아니었는데
어쩌다가 헤어지는 이유가 됐소
내게 무슨 마음의 병 있는 것처럼
느낄 만큼 알 수 없는 사람이 되어
그대 외려 나를 점점 믿지 못하고
왠지 나를 그런 쪽에 가깝게 했소
나의 잘못이라면 그대를 위한
내 마음의 전부를 준 것뿐인데
죄인처럼 그대 곁에 가지 못하고
남이 아닌 남이 되어 버린 지금에
기다릴 수밖에 없는 나의 마음은
퇴색하기 싫어하는 희나리 같소
내게 무슨 마음의 병 있는 것처럼
느낄 만큼 알 수 없는 사람이 되어
그대 외려 나를 점점 믿지 못하고
왠지 나를 그런 쪽에 가깝게 했소
나의 잘못이라면 그대를 위한
내 마음의 전부를 준 것뿐인데
죄인처럼 그대 곁에 가지 못하고
남이 아닌 남이 되어 버린 지금에
기다릴 수밖에 없는 나의 마음은
퇴색하기 싫어하는 희나리 같소
퇴색하기 싫어하는 희나리 같소"
연꽃,"3,601",전유진,"꽃은 한 자리에 피어나 움직이지 못해요.
가끔씩 당신이 너무 멀리 가시면
따라가지 못 해요.
피었다가 지는 꽃도 지긋이
바라 보는 게 사랑아닌가.
시 시 때때로 변하는 그 마음
잡지 못한 게 내 잘못인가요.
너무나 힘든 사랑이었어
나를 잊고 살아요.
시들은 연꽃처럼
시들은 연꽃처럼.
꽃은 한 색깔로 피어나 바꿀 수도 없어요.
가끔씩 당신이 다른 색을 말하면
가슴만 무너져요.
피었다가 지는 꽃도 지긋이
바라 보는게 사랑 아닌가.
시시때때로 변하는 그 마음
잡지 못한 게 내 잘못인가요.
너무나 힘든 사랑 이었어
나를 잊고 살아요.
시들은 연꽃처럼
시들은 연꽃처럼"
주라주라,"35,443",둘째이모 김다비,"입 닫고 지갑 한 번 열어주라
회식을 올 생각은 말아주라
주라주라주라 휴가 좀 주라
마라마라 야근하덜 말아라
낄낄빠빠 가슴에 새겨주라
칼퇴칼퇴칼퇴 집에 좀 가자
아 머리 좋아 대표 아니더냐
주라주라 카드 주라
오늘은 오늘은 소고기로
요미요미요미요미
야근할 생각은 마이소
오늘은 얼마 만에 하는
데이트 날인데
가족이라 하지 마이소
가족 같은 회사
내 가족은 집에 있어요
괜찮다 먼저 가라 말아주라
화장했는데 아프냐고 묻냐
주라주라주라 관심 좀 주라
마라마라 2차 오지 말아주라
간주 중에 멘트하지 말아라
간주점프 간주점프 제발 눌러주라
주라주라 법카 말고 개인카드 샥샥샤
오늘따라 말랐네요 대표 님
주라주라 보너스는 내 통장에 쏴쏴쏴
아 대표님 바지핏이 참 잘 어울려요
야근할 생각은 마이소
오늘은 얼마 만에 하는 데이트 날인데
가족이라 하지 마이소
가족 같은 회사 내 가족은 집에 있어요
가족 같은 회사 내 가족은 집에 있어요"
한오백년,455,린,"아무렴 그렇지 그렇구 말구
한오백년 사자는데 웬 성화요

한 많은 이 세상 야속한 님아
정을 두고 몸만 가니 눈물이 나네

아무렴 그렇지 그렇구 말구
한오백년 사자는데 웬 성화요

꽃 같던 내 청춘 절로 절로 늙어
남은 반생을 어느 곳에다 뜻 붙일꼬

살살 (부는) 바람에 달빛은 밝아도
(님) 그리는 (이 내) 마음은 어제가 오늘

아무렴 그렇지 그렇구 말구
한오백년 사자는데 웬 성화요

한 많은 이 세상 냉정한 세상
동정심 없어서 나는-
못 살겠네"
미워요,"51,550",임영웅,"운명의 장난일까요
내 인생의 숙명일까요
사랑해선 안 될 사람
내 맘속에 들어왔네
매일 그대 생각에
목이 메이고
두근대는 가슴으로
잠 못 이루는 날들아
미워요 미워요
사랑해선 안 될 사람
내 마음 훔쳐가 버린
그 사람이 미워요
눈에선 멀어져 가도
가슴속엔 남아있어요
보고 싶다는 말 한마디
할 수 없는 내 사랑아
내 마음에 찾아와
꽃을 피우고
속절없이 떠나가면
나의 마음은 어이해
미워요 미워요
사랑해선 안 될 사람
내 마음 훔쳐가 버린
그 사람이 미워요
미워요 미워요
사랑해선 안 될 사람
내 마음 훔쳐가 버린
그 사람이 미워요
내 마음 훔쳐가 버린
그 사람이 미워요"
낭만에 대하여,"9,977",최백호,"궂은 비 내리는 날
그야말로 옛날식 다방에 앉아
도라지 위스키 한 잔에다
짙은 색소폰 소릴 들어보렴
새빨간 립스틱에
나름대로 멋을 부린 마담에게
실없이 던지는 농담 사이로
짙은 색소폰 소릴 들어보렴
이제와 새삼 이 나이에
실연의 달콤함이야 있겠냐만은
왠지 한 곳이 비어 있는
내 가슴이
잃어버린 것에 대하여

밤 늦은 항구에서
그야말로 연락선 선창가에서
돌아올 사람은 없을지라도
슬픈 뱃고동 소릴 들어보렴
첫사랑 그 소녀는
어디에서 나처럼 늙어갈까
가버린 세월이 서글퍼지는
슬픈 뱃고동 소릴 들어보렴
이제와 새삼 이 나이에
청춘의 미련이야 있겠냐만은
왠지 한 곳이 비어 있는
내 가슴에
다시 못 올 것에 대하여
낭만에 대하여"
거짓말,"3,401",조항조,"사랑했다는 그 말도 거짓말
돌아온다던 그 말도 거짓말
세상의 모든 거짓말 다 해놓고
행여 나를 찾아와 있을
너의 그 마음도 다칠까
너의 자리를 난 또 비워둔다
이젠 더 이상 속아선 안되지
이젠 더 이상 믿어선 안되지
하지만 그게 말처럼 쉽지 않아
다시 한번만 더
나 너를 다시 한번만 더
너에게
나를 사랑할 기횔 주어본다
어떤 사랑으로
나의 용서에 답하련지
또 잠시 날 사랑하다
떠날 건지
마치 처음 날 사랑하듯
가슴 뜨겁게 와 있지만
난 왠지 그 사랑이 두려워
오직 나만을 위한 그 약속과
내 곁에서 날 지켜준다는 말
이번만큼은 제발 변치않길

어떤 사랑으로
나의 용서에 답하련지
또 잠시 날 사랑하다
떠날 건지
마치 처음 날 사랑하듯
가슴 뜨겁게 와 있지만
난 왠지 그 사랑이 두려워
오직 나만을 위한 그 약속과
내 곁에서 날 지켜준다는 말
이번만큼은 제발 변치않길
오직 나만을 위한 그 약속과
내 곁에서 날 지켜준다는 말
이번만큼은 제발 변치않길"
비나리,"5,996",심수봉,"큐피트 화살이 가슴을 뚫고
사랑이 시작된 날
또 다시 운명의 페이지는 넘어가네
나 당신 사랑해도 될까요 말도 못하고
한없이 애타는 나의 눈짓들
세상이 온통 그대 하나로 변해 버렸어
우리 사랑 연습도 없이
벌써 무대로 올려졌네
생각하면 덧없는 꿈일지도 몰라
꿈일지도 몰라
하늘이여 저 사람 언제
또 갈라놓을거요
하늘이여 간절한 이 소망
또 외면할거요
예기치 못했던 운명의 그 시간
당신을 만나던 날
드러난 내 상처 어느새 싸매졌네
나만을 사랑하면 안될까요
마음만 달아 올라
오늘도 애타는 나의 몸짓들
따사로운 그대 눈빛 따라 도는
해바라기처럼
사랑이란 작은 배 하나
이미 바다로 띄워졌네
생각하면 허무한 꿈일지도 몰라
꿈일지도 몰라
하늘이여 이 사람 다시 또
눈물이면 안돼요
하늘이여 저 사람 영원히
사랑하게 해줘요
사랑하게 해줘요"
노래하고 싶어,"3,274",장민호,"노래를 안하기로 했습니다
노래가 쉬운 일은 아니죠
목소리 하나로 담아내는게
참 어려운 일이죠
어릴 때 이런 꿈을 꿨습니다
수많은 사람들의 함성과
나를 밝혀주는 조명 아래서
등장하는 나를요
세상에 눈뜨고 부터
이 삶의 끝까지 함께 사는 동안
곁에 있을 노래
우리 외로울 때나
또 아파 눈물 날 때도
힘이 될 이 노래
아 진짜 나도 노래하고 싶어
가수 되고 싶어 정말
아 진짜 나도 노래하고 싶어
가슴깊이 남을 노래
마이크에 이 맘 실어
오늘도 난 부릅니다
노래를 다시 생각해 봅니다
노래가 어려운 건 아니죠
목소리 하나로 담아 내는 건
진심 하나만 있으면 됩니다
세상에 눈뜨고 부터
이 삶의 끝까지 함께 사는 동안
곁에 있을 노래
우리 외로울 때나
또 아파 눈물 날 때도
힘이 될 이 노래
아 진짜 나도 노래하고 싶어
가수 되고 싶어 정말
아 진짜 나도 노래하고 싶어
가슴깊이 남을 노래
마이크에 이 맘 실어
오늘도 난 부릅니다
마이크에 이 맘 실어
오늘도 난 부릅니다
오늘도 난 노래를 부릅니다"
연락선,263,박혜신,"울고 가네요 울고 가네요
엄마를 잃은 물새 한 마리

애처로워 목이 메이네요
낯설은 타향 항구에 해도 저문데
떠나야 할 밤배는 고동을 울리네

눈물 어린 조각달도 내 설움을 알까요
기약 없이 떠나가는 내 사랑도 안녕
섬 굽이 돌아돌아 떠나는 연락선아

무정하네요 무정하네요
순정을 바쳐 사랑했기에

너무나도 야속하네요
낯설은 타향 항구에 꿈을 기르며
못 잊어서 불러보는 엄마의 자장가

항구에서 항구로 흘러가는 어린 몸
찾아가는 낯선 땅에 내 희망을 안고
쌍고동 울리면서 떠나는 연락선아

섬 굽이 돌아돌아
떠나는 연락선아
떠나는 연락선아"
빈잔,321,린,"그대의 싸늘한 눈가에 고이는
이슬이 아름다워

하염없이 바라보네
내 마음도 따라우네
가여운 나의 여인이여

외로운 사람끼리
아 만나서 그렇게
또 정이 들고

어차피 인생은
빈 술잔 들고 취하는 것

그대여 나머지 설움은
나의 빈잔에 채워주

외로운 사람끼리
아 만나서 그렇게
또 정이 들고

어차피 인생은
빈 술잔 들고 취하는 것

그대여 나머지 설움은
나의 빈잔에 채워주
나의 빈잔에 채워주"
명자!,"3,223",나훈아,"나 어릴 적에 개구졌지만
픽하면 울고 꿈도 많았지
깔깔거리며 놀던 옥희 순이
지금 어디서 어떻게 변했을까
자야자야 명자야
불러샀던 아버지
술심부름에 이골 났었고
자야자야 명자야
찾아샀던 어머니
청소해라 동생 업어줘라
어스름 저녁 북녘하늘 별 하나
눈물 너머로 반짝반짝 거리네
나 어릴 적에 동네사람들
고 놈 예쁘다 소리 들었고
깐죽거리며 못된 철이 훈아
지금 얼마나 멋지게 변했을까
자야자야 명자야
불러샀던 아버지
약심부름에 반 의사됐고
자야자야 명자야
찾아샀던 어머니
팔다리 허리 주물러다 졸고
노을 저편에 뭉게구름 사이로
추억 별들이 반짝반짝 거리네
눈물 너머로 반짝반짝 거리네
자야자야 명자야 무서웠던 아버지
술 깨시면 딴사람 되고
자야자야 명자야 가슴 아픈 어머니
아이고 내 새끼 달래시며 울고
세월은 흘러 모두 세상 떠나시고
저녁별 되어 반짝반짝 거리네
눈물 너머로 반짝반짝 거리네"
사나이 청춘,"10,832",이찬원,"나는 나는 사나이 경상도 사나이
표현은 잘 못해도 맘은 뜨거운
경상도 사나이
나는 나는 사나이 전라도 사나이
끼쟁이 남자지만 맘은 순정남
전라도 사나이
어디라도 달려간다 휘파람 불며
꿈 찾아 사랑을 찾아
돈도 좋지만 명예도 좋지만
그것보다 당신이 먼저
세월아 멈춰라 내가 간다
불타는 정열로
사랑을 찾아가는 이내 마음은
언제나 사나이 청춘
나는 나는 사나이 충청도 사나이
느리게 보이지만 언제나 일등
충청도 사나이
나는 나는 사나이 강원도 사나이
수줍음은 많지만 열정 넘치는
강원도 사나이
어디라도 달려간다 휘파람 불며
꿈 찾아 사랑을 찾아
돈도 좋지만 명예도 좋지만
그것보다 당신이 먼저
세월아 멈춰라 내가 간다
불타는 정열로
사랑을 찾아가는 이내 마음은
언제나 사나이 청춘
사랑을 찾아가는 이내 마음은
언제나 사나이 청춘
사나이 청춘"
단발머리,"8,685",조용필,"그 언젠가 나를 위해
꽃다발을 전해주던 그 소녀
오늘따라 왜 이렇게
그 소녀가 보고싶을까
비에 젖은 풀잎처럼
단발머리 곱게 빗은 그소녀
반짝이는 눈망울이
내 마음에 되살아 나네
내마음 외로워질때면
그날을 생각하고
그날이 그리워질때면
꿈길을 헤매는데
못잊을 그리움 남기고
그소녀 데려간
세월이 미워라
그 언젠가 나를 위해
꽃다발을 전해주던 그 소녀
오늘따라 왜 이렇게
그 소녀가 보고싶을까
비에 젖은 풀잎처럼
단발머리 곱게 빗은 그소녀
반짝이는 눈망울이
내 마음에 되살아 나네
내마음 외로워질때면
그날을 생각하고
그날이 그리워질때면
꿈길을 헤매는데
못잊을 그리움 남기고
그소녀 데려간
세월이 미워라
그 언젠가 나를 위해
꽃다발을 전해주던 그 소녀
오늘따라 왜 이렇게
그 소녀가 보고싶을까
비에 젖은 풀잎처럼
단발머리 곱게 빗은 그소녀
반짝이는 눈망울이
내 마음에 되살아 나네
그 언젠가 나를 위해
꽃다발을 전해주던 그 소녀"
배신자,"35,802",임영웅,"얄밉게 떠난 님아
얄밉게 떠난 님아
내 청춘 내 순정을
뺏어 버리고
얄밉게 떠난 님아
얄밉게 떠난 님아
얄밉게 떠난 님아
내 청춘 내 순정을
뺏어 버리고
얄밉게 떠난 님아
더벅머리 사나이에
상처를 주고
너 혼자 미련 없이
떠날 수가 있을까
배신자여 배신자여
사랑의 배신자여
얄밉게 떠난 님아
얄밉게 떠난 님아
내 청춘 내 행복을
짓밟아 놓고
얄밉게 떠난 님아
더벅머리 사나이에
상처를 주고
너 혼자 미련 없이
돌아서서 가는가
배신자여 배신자여
사랑의 배신자여
더벅머리 사나이에
상처를 주고
너 혼자 미련 없이
돌아서서 가는가
배신자여 배신자여
사랑의 배신자여
사랑의 배신자여"
모란,416,오유진,"엄마를 닮았구나 거울 속 나의 모습이
엄마를 닮았구나 눈가에 내린 주름도
모든 걸 닮았구나 세상을 사는 모습도
눈물도 웃음도 입맛까지도
엄마가 그랬었지 나처럼 살지 말아라
엄마가 그랬었지 남 하는 것 다 해봐라
여자라 참지 마라 어떠한 순간에도
언제나 엄마는 너의 편이라고
엄마 엄마 엄마 엄마
부를수록 먹먹한 그 이름 엄마
엄마 엄마 엄마 엄마
제발 아프지 마세요
사랑합니다 죄송합니다
아기처럼 점점 작아지는 울 엄마
다음 세상엔 그때는 엄마가
나의 딸로 태어나주세요

엄마가 그랬었지 내 나이 되면 안다고
엄마가 그랬었지 철들면 이별이라고
가진 것 그보다 더 몇 천 배 더 준 사랑
엄마가 지어준 밥이 먹고 싶다
엄마 엄마 엄마 엄마
부를수록 먹먹한 그 이름 엄마
엄마 엄마 엄마 엄마
제발 아프지 마세요
사랑합니다 죄송합니다
아기처럼 점점 작아지는 울 엄마
다음 세상엔 그때는 엄마가
나의 딸로 태어나주세요
나의 딸로 태어나주세요"
무심세월 (無心歲月),"1,403",나훈아,"무심한 세월아 냉정한 세월아
너는 어찌 그리도 빠르니
너 따라 가려니 이젠 힘이 들구나
우리 잠시 쉬었다가자
얄궂은 세월아 변덕쟁이 세월아
나 어릴 땐 그리도 늦더니
숨 가쁜 한 세상 앞만 보고 왔는데
어서 따라 오라는 세월
나는 쉬엄쉬엄 쉬며 갈 테다
허리 한번 쭉 펴고
좋은 사람들과 놀다 갈 테니
제발 나 좀 두고 가거라
함께 온 세월아 오랜 친구 세월아
우리 잠시 헤어졌다가
이다음 천천히 만났으면 좋겠다
너 혼자만 먼저 가거라
나는 쉬엄쉬엄 쉬며 갈 테다
허리 한번 쭉 펴고
좋은 사람들과 놀다 갈 테니
제발 나 좀 두고 가거라
함께 온 세월아 오랜 친구 세월아
우리 잠시 헤어졌다가
이다음 천천히 만났으면 좋겠다
너 혼자만 먼저 가거라
너 혼자만 먼저 가거라"
황진이,"4,274",박상철,"황진이 황진이
진이 진이야
나야 황진이
어얼씨구 저절씨구
너를 안고 내가 내가 돌아간다
황진이 황진이 황진이
내일이면 간다 너를 두고 간다
황진이 너를 두고
이제 떠나면 언제 또 올까
사랑아 사랑아 내 사랑아
개나리도 피고 진달래도 피고
뻐꾸기가 울텐데
그리워서 어떻게 살까
능수버들 늘어지고 소나기 내리면
보고파서 어떻게 살까
그래도 가야지 너를 위해 가야지
황진이 너를 위해
내가 사랑한 나의 황진이
사랑아 사랑아 내 사랑아

어얼씨구 저절씨구
너를 안고 내가 내가 돌아간다
황진이 황진이 황진이
내일이면 간다 너를 두고 간다
황진이 너를 두고
이제 떠나면 언제 또 올까
사랑아 사랑아 내 사랑아
봄 여름 가고 가을이 가고
겨울이 지나가면
그리워서 어떻게 살까
하늘에서 꽃송이 하얗게 내리면
눈물나서 어떻게 살까
그래도 가야지 너를 위해 가야지
황진이 너를 위해
내가 사랑한 나의 황진이
사랑아 사랑아 내 사랑아
어얼씨구 저절씨구
너를 안고
내가 내가 돌아간다
황진이 황진이 황진이"
남이가,329,정서주,"우리는 남이가 사랑이 끝나버린 남이가(남이가 남이가)
이제는 남이가 사랑이 식어버린 남이가(남이가 남이가)
우리는 남이가 사랑에 울어버린 남이가(남이가 남이가)
이제는 남이가 다시는 볼 수 없는 남이가
떠나는 사람아
너무나 사랑했던 사람아
가슴이 아파(아파) 눈물이 나와(나와)
떠나는 사람아
이대로 남이 되는 사람아
우리 사랑이 연기처럼 사라지네
다시 올 수 없는가 사랑할 수 없는가
우리 이제 남이가
차갑게 돌아서네
다시 올 수 없는가 사랑할 수 없는가
우리 이제 남이가
뜨겁게 돌아와 줘
우린 남이가
우린 남이가"
거짓말,"4,153",조항조,"사랑했다는 그 말도 거짓말
돌아온다던 그 말도 거짓말
세상의 모든 거짓말 다 해놓고
행여 나를 찾아와 있을
너의 그 마음도 다칠까
너의 자리를 난 또 비워둔다
이젠 더 이상 속아선 안되지
이젠 더 이상 믿어선 안되지
하지만 그게 말처럼 쉽지 않아
다시 한번만 더
나 너를 다시 한번만 더
너에게
나를 사랑할 기횔 주어본다
어떤 사랑으로
나의 용서에 답하련지
또 잠시 날 사랑하다
떠날 건지
마치 처음 날 사랑하듯
가슴 뜨겁게 와 있지만
난 왠지 그 사랑이 두려워
오직 나만을 위한 그 약속과
내 곁에서 날 지켜준다는 말
이번만큼은 제발 변치않길
어떤 사랑으로
나의 용서에 답하련지
또 잠시 날 사랑하다
떠날 건지
마치 처음 날 사랑하듯
가슴 뜨겁게 와 있지만
난 왠지 그 사랑이 두려워
오직 나만을 위한 그 약속과
내 곁에서 날 지켜준다는 말
이번만큼은 제발 변치않길
오직 나만을 위한 그 약속과
내 곁에서 날 지켜준다는 말
이번만큼은 제발 변치않길"
붓,"4,904",양지은,"힘겨운 세월을 버티고 보니
오늘 같은 날도 있구나
그 설움 어찌 다 말할까
이리 오게 고생 많았네
칠십년 세월
그까짓 게 무슨 대수요
함께 산 건 오천년인데
잊어버리자 다 용서하자
우린 함께 살아야 한다
백두산 천지를 먹물 삼아
한 줄 한 줄 적어나가세
여보게 친구여
붓을 하나 줄 수 있겠나
붓을 하나 줄 수 있겠나
칠십년 세월
그까짓 게 무슨 대수요
함께 산 건 오천년인데
잊어버리자 다 용서하자
우린 함께 살아야 한다
한라산 구름을 화폭 삼아
한 점 한 점 찍어나가세
여보게 친구여
붓을 하나 줄 수 있겠나
여보게 친구여
붓을 하나 줄 수 있겠나
붓을 하나 줄 수 있겠나"
꽃처녀,343,정서주,"꼬꼬꼬 꼬꼬꼬 꽃처녀가
찾아왔어요
꼬꼬꼬 꼬꼬꼬 꽃처녀가
날아왔어요
어머님 아버님께
인사드리옵니다
이 노래 좋으시면
박수 세 번 짝짝짝
살랑살랑 살랑살랑
꽃처녀가 왔어요
무지갯빛 옷을 입고
인사드리려고 왔어요
팔랑팔랑 팔랑팔랑
꽃처녀가 왔어요
엄마 아빠 보고 싶어
빨리 왔어요

꼬꼬꼬 꼬꼬꼬 꽃처녀가
찾아왔어요
꼬꼬꼬 꼬꼬꼬 꽃처녀가
날아왔어요
어머님 아버님께
인사드리옵니다
이 노래 좋으시면
박수 세 번 짝짝짝
살랑살랑 살랑살랑
꽃처녀가 왔어요
무지갯빛 옷을 입고
인사드리려고 왔어요
팔랑팔랑 팔랑팔랑
꽃처녀가 왔어요
엄마 아빠 보고 싶어
빨리 왔어요
언니 오빠 보고 싶어
빨리 왔어요"
올래,"5,325",장윤정,"올래 올래 올래
올래 올래 올래

올래 올래
살랑 살랑 불어오는 바람타고 왔나요
살랑 살랑
내 맘을 흔들흔들 흔들리게 해놓고
알고도 알고도 알고도 모른척 한다면
너무나 얄미운 당신
올래 올래
올래 올래 올래
튕기지 말고 내게 다가올래
니 맘에 들었다면
날 한번쯤 안아 봐도 괜찮아
올래 올래
올래 올래 올래
멋지게 후끈하게 다가올래
살며시 입 맞춰도
난 모른 척 눈감아 줄게
올래 올래

올래 올래
힐끔힐끔 바라보는 그대눈빛 알지만
힐끔힐끔
모른 척 돌아서면 애가타서 어쩌나
하지만 하지만 하지만 후회는 안 해요
내 맘에 쏙 드는 당신
올래 올래
올래 올래 올래
튕기지 말고 내게 다가올래
니 맘에 들었다면
날 한번쯤 안아 봐도 괜찮아
올래 올래
올래 올래 올래
멋지게 후끈하게 다가올래
살며시 입 맞춰도
난 모른 척 눈감아 줄게
올래 올래
올래 올래 올래
올래 올래 올래
올래 올래 올래
튕기지 말고 내게 다가올래
니 맘에 들었다면
날 한번쯤 안아 봐도 괜찮아
올래 올래
올래 올래 올래
멋지게 후끈하게 다가올래
살며시 입 맞춰도
난 모른 척 눈감아 줄게
올래 올래
올래 올래
오 올래 오 올래
올래"
오케이,497,김소연,"나는 당신의 향기에 취해
너의 플러팅 오케이
오늘 당신의 눈빛에 취해
우리 사랑 오케이
아미고 세뇨르
오케이
나 어쩜 너 하나를 위해서
여자로 태어난 게 아닐까
나는 오케이 너도 오케이
달콤한 속삭임이야
잠깐의 풋사랑이 아니야
취해서 플러팅한 게 아냐
나는 오케이 너도 오케이
내 사랑받아줘
얼굴은 귀엽고 섹시해
애교 많은 건 덤이고
뜨겁게 또 뜨겁게
사랑을 불태울 거야
나는 당신의 향기에 취해
너의 플러팅 오케이
오늘 당신의 눈빛에 취해
우리 사랑 오케이
아미고 세뇨르
오케이
오늘 밤 술 한 잔에 취해서
당신의 눈동자에 취해서
나는 오케이 너도 오케이
은밀한 플러팅이야
무조건 오케이가 아니야
너라서 네 마음 알고 싶어
나는 오케이 너도 오케이
내 사랑받아줘
얼굴은 귀엽고 섹시해
애교 많은건 덤이고
뜨겁게 또 뜨겁게
사랑을 불태울 거야
나는 당신의 향기에 취해
너의 플러팅 오케이
오늘 당신의 눈빛에 취해
우리 사랑 오케이
나는 당신의 향기에 취해
너의 플러팅 오케이
오늘 당신의 눈빛에 취해
우리 사랑 오케이
너의 시그널 오 오케이
오케이"
인생이야기,"1,681",진해성,"나의 인생 모든 게
순탄하진 않았네
바람처럼 달려온 인생
누구나가 그렇지
마음대로 안 되는 게
우리들의 인생이라네
아 힘들면 어때 나무 그늘 아래서
술 한잔 기울이면 되는 거지
아 눈물이 난다
지나온 세월 돌이켜보니까
구름도 떠가고 석양이 질 때쯤
날아가는 저 새처럼 나도 훨훨 날고 싶다
사랑하는 당신과 내 인생
이 길을 함께 걷는다면
후회하지 않을 거야
나의 인생 모든 게
순탄하진 않았네
바람처럼 달려온 인생
누구나가 그렇지
마음대로 안 되는 게
우리들의 인생이라네
아 힘들면 어때 나무 그늘 아래서
술 한잔 기울이면 되는 거지
아 눈물이 난다
지나온 세월 돌이켜보니까
구름도 떠가고 석양이 질 때쯤
날아가는 저 새처럼
나도 훨훨 날고 싶다
사랑하는 당신과 내 인생 이 길을
함께 걷는다면
후회하지 않을 거야
후회하지 않을 거야"
사랑님,"4,969",김용임,"몇굽이 돌고 돌아
사랑님을 보았을까
새벽 안개 이슬 되어
알알이 맺혔구나
한 올 한 올 타는 가슴 어디에 둘까
그리운 맘 사랑에 졌네
아 아아 아 아 아아 아
안타까운 내 님이여
저 구름에 몸을 실어
둥실 둥실 띄워볼까
저 바람은 내 맘 알까
먹물 같은 이내 심정
사랑님은 아시려나
몇굽이 돌고 돌아
사랑님을 보았을까
새벽 안개 이슬 되어
알알이 맺혔구나
한 올 한 올 타는 가슴 어디에 둘까
그리운 맘 사랑에 졌네
아 아아 아 아 아아 아
안타까운 내 님이여
저 구름에 몸을 실어
둥실 둥실 띄워볼까
저 바람은 내 맘 알까
먹물 같은 이내 심정
사랑님은 아시려나
우리 님은 아시려나"
바람의 연가,565,김양,"어젯밤 밤사이에 불었던 그 바람은
그 사람 그리움에 사무친 나의 한숨이었을까

하얀 밤을 지새고 나면 문밖에 그대 와 있을까
하루하루 기다리다 내 가슴에 자꾸 멍이 드네

지워내고 지워내도 지워낼 수 없는 내 사랑아
스치는 한 줄 바람에도 남몰래 가슴 아픈 사랑이여

하얀 밤을 지새고 나면 문밖에 그대 와 있을까
하루하루 기다리다 내 가슴에 자꾸 멍이 드네

지워내고 지워내도 지워낼 수 없는 내 사랑아
스치는 한 줄 바람에도 남몰래 가슴 아픈 사랑이여
스치는 한 줄 바람에도 남몰래 가슴 아픈 사랑이여"
무심세월,"1,732",진욱,"무심한 세월아 냉정한 세월아
너는 어찌 그리도 빠르니
너 따라 가려니 이젠 힘이 들구나
우리 잠시 쉬었다가자
얄궂은 세월아 변덕쟁이 세월아
나 어릴 땐 그리도 늦더니
숨 가쁜 한 세상 앞만 보고 왔는데
어서 따라 오라는 세월
나는 쉬엄쉬엄 쉬며 갈 테다
허리 한번 쭉 펴고
좋은 사람들과 놀다 갈 테니
제발 나 좀 두고 가거라
함께 온 세월아 오랜 친구 세월아
우리 잠시 헤어졌다가
이다음 천천히 만났으면 좋겠다
너 혼자만 먼저 가거라
나는 쉬엄쉬엄 쉬며 갈 테다
허리 한번 쭉 펴고
좋은 사람들과 놀다 갈 테니
제발 나 좀 두고 가거라
함께 온 세월아 오랜 친구 세월아
우리 잠시 헤어졌다가
이다음 천천히 만났으면 좋겠다
너 혼자만 먼저 가거라
너 혼자만 먼저 가거라"
화개장터 (guitar by 함춘호),"11,972",조영남,"전라도와 경상도를 가로지르는
섬진강 줄기따라 화개장터엔
아랫마을 하동사람 윗마을 구례사람
닷새마다 어우러져 장을 펼치네
구경한번 와보세요
보기엔 그냥 시골장터지만
있어야 할 건 다 있구요
없을 건 없답니다 화개장터
광양에선 삐걱삐걱 나룻배 타고
산청에선 부릉부릉 버스를 타고
사투리 잡담에다 입씨름 흥정이
오손도손 왁자지껄 장을펼치네
구경 한번 와보세요
오시면 모두모두 이웃사촌
고운 정 미운 정 주고 받는
경상도 전라도의 화개장터
전라도와 경상도를 가로지르는
섬진강 줄기따라 화개장터엔
아랫마을 하동사람 윗마을 구례사람
닷새마다 어우러져 장을 펼치네
구경 한번 와보세요
보기엔 그냥 시골 장터지만
있어야 할 건 다 있구요
없을 건 없답니다 화개장터
구경 한번 와보세요
오시면 모두 모두 이웃사촌
고운 정 미운 정 주고 받는
경상도 전라도의 화개장터
화 개 장 터"
청춘열차,349,복지은,"뜨겁게 불타오르는
가슴엔 사랑이 차고
싱그런 이야기로 펼치는 내일이여
그러나 누가 멈출까
달리는 청춘의 열차
바람 찬 언덕 넘어 꽃피는 에덴으로
차표 없이 가는 인생이여(인생이여)
머물 곳이 따로 없다 해도(없다 해도)
사랑하는 그대 함께 가는
너와 나의 청춘열차여

그러나 누가 멈출까
달리는 청춘의 열차
바람 찬 언덕 넘어 꽃피는 에덴으로
차표 없이 가는 인생이여(인생이여)
머물 곳이 따로 없다 해도
사랑하는 그대 함께 가는(함께 가는)
너와 나의 청춘열차여
차표 없이 가는 인생이여
머물 곳이 따로 없다 해도
사랑하는 그대 함께 가는
너와 나의 청춘열차여
너와 나의 청춘열차여"
태클을 걸지마,"27,346",김호중,"어떻게 살았냐고 묻지를 마라
이리저리 살았을 거란
착각도 마라
그래 한때 삶에 무게
견디지 못해
긴긴 세월 방황 속에
청춘을 묻었다
어허허 어허허
속절 없는 세월
탓해서 무얼해
되돌릴 수 없는 인생인 것을
지금부터 뛰어
앞만 보고 뛰어
내 인생에 태클을 걸지마
속절 없는 세월
탓해서 무얼해
되돌릴 수 없는 인생인 것을
지금부터 뛰어
앞만 보고뛰어
내 인생에 태클을 걸지마
내 인생에 태클을 걸지마"
추억으로 가는 당신,"22,688",영탁,"나는 알아요 당신이 나를
얼마나 사랑하는지
내가 없으면 외로움 속에
조용히 흐느낄 그사람
떠나야 할 까닭일랑
묻지 말아요
내가 너무 바보였어요
모든 것이 세월 속에 지워질 때면
그땐 내 마음 알게 될 거야
너무도 사랑한 당신
영원히 못 잊을 당신
추억으로 가는 당신
나는 알아요 당신을 떠날
그날이 내게 온 것을
내가 없으면 외로움 속에
조용히 흐느낄 그 사람
진정 그대 사랑이 필요한 것은
내가 아닌 또 다른 사람
모든 것이 눈물 속에 지워질 때면
그땐 내 마음 알게 될 거야
떠나야 할 까닭일랑 묻지 말아요
떠나야 할 까닭일랑 묻지 말아요
내가 너무 바보였어요
모든 것이 세월 속에 지워질 때면
그땐 내 마음 알게 될 거야
너무도 사랑한 당신
영원히 못 잊을 당신
추억으로 가는 당신
추억으로 가는 당신"
송인,"1,756",진욱,"바람에 날리는 저 꽃잎보며
동그라미 그려보다가
오늘 밤 꿈 속에 나를 찾을까
시린 가슴만 애태우죠
바람아 바람아 닿을 수 없는
그 길 따라가다
고달픈 걸음에
눈물 고이면
몰래 나 대신 훔쳐다오
바람아 바람아 닿을 수 없는
그 길 따라가다
고달픈 걸음에 눈물 고이면
몰래 나 대신 훔쳐다오
이 마음 전해다오"
코파카바나 (Copacabana) (Original Version),517,조항조,"춤추는 너 너 너 너무 예뻐서
모두 너만 바라봐
코파카바나 그밤에
날보는 너 너 너 시선을
나는 느낄수 있었어
코파카바나 그밤에

Passion of the Night
그땐 그랬지 그 때가 좋았지
영원할거 같았어

Forever Night Dance Dance
떠나가보자
추억이 춤추고 있는
코파카바나 그밤에

Forever Night Dance Dance
떠나가보자
추억이 머물고 있는
코파카바나 그밤에


Passion of the Night
그땐 그랬지 그 때가 좋았지
영원할거 같았어

Forever Night Dance Dance
떠나가보자
추억이 춤추고 있는
코파카바나 그밤에

Forever Night Dance Dance
떠나가보자
추억이 머물고 있는
코파카바나 그밤에

Forever Night Dance Dance
떠나가보자
추억이 머물고 있는
코파카바나 그밤에"
영영,"3,485",나훈아,"잊으라 했는데 잊어 달라 했는데

그런데도 아직 난 너를 잊지 못하네

어떻게 잊을까 어찌 하면 좋을까

세월 가도 아직 난 너를 못 잊어 하네



아직 나는 너를 사랑하고 있나봐

아마 나는 너를 잊을 수가 없나봐

영원히 영원히 네가 사는 날까지

아니 내가 죽어도 영영 못 잊을 거야



잊으라 했는데 잊어 달라 했는데

그런데도 아직 난 너를 잊지 못하네

아직 나는 너를 사랑하고 있나봐

아마 나는 너를 잊을 수가 없나봐



영원히 영원히 네가 사는 날까지

아니 내가 죽어도 영영 못 잊을 거야

아니 내가 죽어도 영영 못 잊을 거야"
월하가약,"2,338",최수호,"달래도 달래도
가슴이 우는 밤
뉘 어깨에 기대어
저 달을 보시오
내 님이여 내 님이여
어이하여 못오시요
달빛아래 사랑언약
고이 새겨주오
달이뜨네 달이뜨네
달빛아래 사랑언약
저 달도 아시건만
어이해 당신만 모르시나
내 님이여 내 님이여
어이하여 못오시요
달빛아래 사랑언약
고이 새겨주오
달이뜨네 달이뜨네
달빛아래 사랑언약
저 달도 아시건만
어이해 당신만 모르시나
아 아 아 아아
어이해 당신만 모르시나"
그물,252,미스김,"당신이 던져 놓은 그물에
산 채로 잡혀 버렸다
그물이 촘촘하진 않아도
빠져나갈 맘이 애초에 없었다
어기야디여차
그물을 올려
사랑에 그물을 당겨 당겨라
놔주지도 마라 놔주지도 마
어차피 잡힌 거 그냥 살란다
당신이 던져 놓은 그물에
너도 걸려 나도 걸려
모두 다 걸렸네
너도 걸려 나도 걸려
모두 다 걸렸네

당신이 던져 놓은 그물에
산 채로 잡혀 버렸다
그물이 촘촘하진 않아도
빠져나갈 맘이 애초에 없었다
어기야 디여차
그물을 올려
사랑에 그물을 당겨 당겨라
놔주지도 마라 놔주지도 마
어차피 잡힌 거 그냥 살란다
당신이 던져 놓은 그물에
너도 걸려 나도 걸려
모두 다 걸렸네
너도 걸려 나도 걸려
모두 다 걸렸네"
가보자GO,418,홍지윤,"가보자고
가보자고

오늘은 꼭 할 수 있다고
다짐을 하고 또 해 봐도
습관처럼 까먹어버린
내가 너무 미워요

눈앞이 캄캄하고
가슴이 답답해도
이러면 안돼, 멈추면 안돼
이대로 포기할 순 없잖아

가보자고 고 고
달려보자고
잠깐 또 멈추지말고
가보자고 고 고
한번 해보자고
진짜 내 맘 가는대로

가보자고
가보자고
진짜 내 맘 가는대로
가보자고

이번엔 진짜 할거라고
아니면 내가 미쳤다고
하루종일 결심만 하는
내가 너무 싫어요

눈앞이 캄캄하고
가슴이 답답해도
이러면 안돼, 멈추면 안돼
이대로 포기할 순 없잖아

가보자고 고 고
달려보자고
잠깐 또 멈추지말고
가보자고 고 고
한번 해보자고
진짜 내 맘 가는대로

가보자고
가보자고
진짜 내 맘 가는대로

하루가 이틀되고
한달이 일년되네
고민만 하면, 생각만 하면 어떡해

가보자고 고 고
달려보자고
잠깐 또 멈추지말고
가보자고 고 고
한번 해보자고
진짜 내 맘 가는대로

가보자고
가보자고
진짜 내 맘 가는대로
가보자고"
두 주먹,"45,585",임영웅,"두 주먹을 내가 내가 꼭 안고 갈게요
당신 두 손을 내밀어 봐요
내 사랑을 당신 손에
꼭 쥐어 줄게요
나에게 당신은 숨을 쉬는 공기야
내가 매일 마시는 소중한 물이야
내 가슴에 집을 짓고 사는 당신
오래도록 내 옆에 있어주세요
함께 가는 길이 아무리 험해도
내가 당신 꼭 안고 갈게요
진짜 진짜 사랑이 무엇인가를
당신 손에 꼭 쥐어 주고 싶어
꼭 쥔 주먹을 내밀어 봐요
두 주먹을 내가 내가
움켜쥐고 갈게요
두 주먹을 내가 내가
꼭 안고 갈게요
당신 두 손을 내밀어 봐요
내 사랑을 당신 손에
꼭 쥐어 줄게요
나에게 당신은 숨을 쉬는 공기야
내가 매일 마시는 소중한 물이야
내 가슴에 집을 짓고 사는 당신
오래도록 내 옆에 있어주세요
함께 가는 길이 아무리 험해도
내가 당신 꼭 안고 갈게요
진짜 진짜 사랑이 무엇인가를
당신 손에 꼭 쥐어 주고 싶어
꼭 쥔 주먹을 내밀어 봐요
두 주먹을 내가 내가
움켜쥐고 갈게요
두 주먹을 내가 내가
꼭 안고 갈게요 두 주먹"
사랑은 꽃잎처럼,"11,460",홍진영,"라라라 라라라라
라라라라 라라라라
나를 떠나가면 안 돼요
멀어지면 안 돼요
하루만 하루만 하루만 내게 더 머물러요
사랑하면 할수록 난 아파요
그대 품속이 그리워요
스치는 바람처럼 짧았던 인연이래도 난
후회하지 않아요
황홀한 가시처럼 내 안에 깊숙이 박혀
자꾸 날 아프게 하네요
하룻밤 꿈처럼 깨면 다 사라져
아쉬워 뜨거운 눈물만 두 볼에 흘러요
나를 떠나가면 안 돼요
멀어지면 안 돼요
하루만 하루만 하루만 내게 더 머물러요
사랑하면 할수록 난 아파요
그대 품속이 그리워요
라라라 라라라라
라라라라 라라라라
좋았던 기억들만 가슴에 깊숙이 남아
자꾸 떠오르게 하네요
하룻밤 꿈처럼 깨면 다 사라져
아쉬워 뜨거운 눈물만 두 볼에 흘러요
나를 떠나가면 안 돼요
멀어지면 안 돼요
하루만 하루만 하루만 내게 더 머물러요
사랑하면 할수록 난 아파요
다시 한 번만 안아줘요
사랑은 꽃잎처럼 피면 다시 또 지고
그리워 그리워 그리워 그대
보고 싶은데
두 번 다신 없을 그 말 I love you
우리 사랑은 꽃잎처럼"
"바람, 바람, 바람","3,690",김범룡,"문밖엔 귀뚜라미 울고
산새들 지저귀는데
내 님은 오시지는 않고
어둠만이 짙어가네
저멀리엔 기타소리
귓가에 들려오는데
언제 님은 오시려나
바람만 휭하니 부네
내 님은 바람이련가
스치고 지나가는 바람
오늘도 잠 못 이루고
어둠속에 잠기네
그대 이름은 바람 바람 바람
왔다가 사라지는 바람
그대 이름은 바람 바람 바람
날 울려 놓고 가는 바람

창가에 우두커니 앉아
어두운 창밖 바라보면
힘없는 내 손 잡아주며
님은 곧 오실것 같아
저멀리엔 교회 종소리
귓가에 들려오는데
언제 님은 오시려나
바람만 휭하니 부네
내 님은 바람이련가
스치고 지나가는 바람
오늘도 잠 못 이루고
어둠속에 잠기네
그대 이름은 바람 바람 바람
왔다가 사라지는 바람
그대 이름은 바람 바람 바람
날 울려 놓고 가는 바람
날 울려 놓고 가는 바람
날 울려 놓고 가는 바람"
좋습니다,"1,566",미쓰정,"쉴틈이 없어요 쉴틈이 없어요
안주먹을 시간없이 1234
오늘밤에 우리들은 좋습니다 좋습니다
좋을 거구요 좋을 거구요
좋을 겁니다 좋을 겁니다
언제까지 어깨춤을 추게 할 거야
아싸 홍삼 Everybody 홍삼
네발로 기어가 네발로 기어가
마셔마셔 baby 마셔마셔 앙앙
좋아 좋아 좋아 기분이가 너무 좋아
하늘에서 내려온 토끼가 하는 말
바니바니 바니바니 당근 당근
신난다
재미난다
쉴틈이 없어요 쉴틈이 없어요
안주먹을 시간없이 1234
내일밤도 우리들은 좋습니다 좋습니다
좋을 거구요 좋을 거구요
좋을 겁니다 좋을 겁니다
369 369 369 369
아싸 원샷 Everybody 원샷
네발로 기어가 네발로 기어가
마셔마셔 baby 마셔마셔 앙앙
좋아 좋아 좋아 기분이가 너무 좋아
하늘에서 내려온 토끼가 하는 말
술이 들어간다 쭉쭉쭉쭉쭉
신난다
재미난다
신난다
재미난다
나만 아니면 돼 쭉쭉쭉쭉쭉"
님의 등불,"3,096",진성,"동쪽에서 부는 바람
이내 옷깃 스칠라
서쪽에서 부는 바람
이내 살갗 스칠라
하나밖에 없는 내님이여
누가 볼까 두렵소

장뚝 뒤에 숨길까

이내 등뒤에 숨길까
세찬 비바람 불어도

거센 눈보라가 닥쳐도

나는 영원한
당신의 등불이 되리라

세월따라 변하는게
이내 얼굴 이더냐
강물처럼 흘러가는
가는 세월 야속하오
내 영혼을 심어 사랑한님
누가 볼까 두렵소

장뚝 뒤에 숨길까
이내 등뒤에 숨길까

세찬 비바람 불어도

거센 눈보라가 닥쳐도

나는 영원한
당신의 등불이 되리라
장뚝 뒤에 숨길까

이내 등뒤에 숨길까

세찬 비바람 불어도

거센 눈보라가 닥쳐도

나는 영원한
당신의 등불이 되리라"
정녕,"1,661",송민준,"당신은 나에게 할말이 없나요
아직도 나는 할말이 많은데
당신의 눈엔 한방울 눈물이
이별의 진실인가요
사랑은 정녕 무엇인가요
가슴 하나 태우면 그만인가요
이별은 정녕 무엇인가요
또 다른 만남의 시작인가요
돌아서는 그대 마지막 눈물에
나는 바람되어 웁니다
당신의 진실은 무엇인가요
나에겐 오직 당신 뿐인데
우리가 나눈 사랑의 기쁨이
이별을 막을 수는 없었나요
사랑은 정녕 무엇인가요
가슴 하나 태우면 그만인가요
이별은 정녕 무엇인가요
또 다른 만남의 시작인가요
돌아서는 그대 마지막 눈물에
나는 바람되어 웁니다
돌아서는 그대 마지막 눈물에
나는 바람되어 웁니다
당신은 나에게 할말이 없나요
아직도 나는 할말이 많은데"
날 울린 당신,"25,445",임영웅,"어쩜 당신은 그리 착하오
왜이리도 바보같소
다시 태어나도 내곁에 있어주오
난 당신뿐이니까
어쩜 당신은 그리 예쁘오
주름마저 아름답소
두손 잡고서
우리 한날 한시에 같이 눈감읍시다
삶이 고되고 사는게 힘이 들때마다
사랑한단 말로 날 울린 당신
정성스럽게 따듯한 밥을 차려놓고
괜찮다는 말로 날 울린 당신
내게 사랑은 오직 한여자
하늘아래 단 한사람
두손 잡고서
우리 한날 한시에 같이 눈감읍시다
삶이 고되고 사는게 힘이 들때마다
사랑한단 말로 날 울린 당신
정성스럽게 따듯한 밥을 차려놓고
괜찮다는 말로 날 울린 당신
힘든 이 세상에
당신이 내곁에 있어서
살아야 할 의미를 찾은 것 같아
오늘 하루도 나에게 미소를 지으며
수고했단 말로 날 울린 당신"
일편단심,160,김소연,"나도 몰래 사랑했나 봐
아프도록 사랑했나 봐
시간 흐르고 흐르고 흘러도
그대라는 사람
못 잊을 것 같아요
나도 몰래 사랑했나 봐
가슴 아픈 사연을 담고
눈물 흐르고 흐르고 흘러도
나를 위로해 줄
그대라는 사람을
아 두 번 다시
아 못할 사랑
가슴 찢어지는 아픔이 와도
그대만 사랑할래요
내 평생에 단 하나 소원
그대 사랑하다 죽는 일
다음 세상 외면 말아요
그때 꼭 다시 만나요

나도 몰래 사랑했나 봐
아프도록 사랑했나 봐
시간 흐르고 흐르고 흘러도
그대라는 사람
못 잊을 것 같아요
나도 몰래 사랑했나 봐
가슴 아픈 사연을 담고
눈물 흐르고 흐르고 흘러도
나를 위로해 줄
그대라는 사람을
아 두 번 다시
아 못할 사랑
가슴 찢어지는 아픔이 와도
그대만 사랑할래요
아 두 번 다시
못할 사랑
가슴 찢어지는 아픔이 와도
그대만 사랑할래요
내 평생에 단 하나 소원
그대 사랑하다 죽는 일
다음 세상 외면 말아요
그때 꼭 다시 만나요
그때 꼭 다시 만나요"
떠나는 임아,280,박혜신,"가려거든 울지 말아요
울려거든 가지 말아요
그리워 못 보내는 님
못 잊어 못 보내는 님
당신이 떠나고 나면
미움이 그치겠지만
당신을 보내고 나면
사랑도 끝이 난다오
님아 못 잊을 님아
님아 떠나는 님아
두 눈에 가득 이슬이 맺혀
떠나는 나의 님아
가려거든 울지 말아요
울려거든 가지 말아요
그리워 못 보내는 님
못 잊어 못 보내는 님
님아 못 잊을 님아
님아
님아 못 잊을 님아
님아 떠나는 님아
두 눈에 가득 이슬이 맺혀
떠나는 나의 님아
가려거든 울지 말아요
울려거든 가지 말아요
그리워 못 보내는 님
못 잊어 못 보내는 님
못 잊어 못 보내는 님
님아"
천년지기,"6,361",유진표,"내가 지쳐 있을때
내가 울고 있을때
위로가 되어준 친구
너는 나의 힘이야
너는 나의 보배야
천년지기 나의 벗이야
친구야 우리 우정의 잔을
높이 들어 건배를 하자
같은 배를 함께 타고
떠나는 인생길
니가 있어 외롭지않아
넌 정말 좋은 친구야
내가 외로워 할때
내가 방황을 할때
위로가 되어준 친구
너는 나의 힘이야
너는 나의 보배야
천년지기 나의 벗이야
친구야 우리 우정의 잔을
높이 들어 건배를 하자
같은 배를 함께 타고
떠나는 인생길
니가있어 외롭지 않아
넌 정말 좋은 친구야
친구야 우리우정의 잔을
높이 들어 건배를 하자
같은 배를 함께 타고
떠나는 인생길
니가 있어 외롭지않아
넌 정말 좋은 친구야
넌 정말 멋진 친구야"
사랑을 위하여,"7,663",김종환,"이른 아침에 잠에서 깨어
너를 바라볼 수 있다면
물안개 피는 강가에 서서
작은 미소로 너를 부르리
하루를 살아도
행복할 수 있다면
나는 그 길을 택하고 싶다
세상이 우리를 힘들게 하여도
우리들은 변하지 않아
너를 사랑하기에
저 하늘 끝에
마지막 남은 진실 하나로
오래 두어도
진정 변하지 않는
사랑으로 남게 해주오
내가 아플 때보다
네가 아파할 때가
내 가슴을 철들게 했고
너의 사랑 앞에
나는 옷을 벗었다
거짓의 옷을 벗어버렸다
너를 사랑하기에
저 하늘 끝에
마지막 남은 진실하나로
오래 두어도 진정 변하지 않는
사랑으로 남게 해주오
너를 사랑하기에 저 하늘 끝에
마지막 남은 진실 하나로
오래 두어도 진정 변하지 않는
사랑으로 남게 해주오
사랑으로 남게 해주오"
사랑학개론,403,정슬,"일일 일교시 시작할게요
사랑 표현을 자주 해줘요
들을 때마다 행복해지는
사랑해 사랑해 사랑해 사랑해 말해주세요
아아 이렇게 좋은 날씨에는
같이 손을 잡고 걸어봐요
영화는 로맨틱 코미디
팝콘을 살 땐 반반으로요
사랑은 혼자 아니고 둘이서 해요
달콤하지만 쓰기도 해요
사소한 표정 하나도
모른 체하지 마세요
토라질 때도 안아주세요
여자 마음을 알아주세요
세상에 오직 한 사람
그대만이 전부니까요

이이 이교시 시작할게요
가끔 분위기 잡아주세요
비싸지 않아도 장미꽃 같은
사랑을 사랑을 사랑을 사랑을 선물해 줘요
아아 비가 내리는 날씨에는
우산 하나로 걸어봐요
TV를 볼 땐 미스트롯
치킨 시킬 땐 반반으로요
사랑은 혼자 아니고 둘이서 해요
달콤하지만 쓰기도 해요
사소한 표정 하나도
모른 체하지 마세요
토라질 때도 안아주세요
여자 마음을 알아주세요
세상에 오직 한 사람
그대만이 전부니까요
혼자 아니고 둘이서 해요
달콤하지만 쓰기도 해요
사소한 표정 하나도
모른 체하지 마세요
토라질 때도 안아주세요
여자 마음을 알아주세요
세상에 오직 한 사람
그대만이 전부니까요
그대만이 전부니까요"
옛사랑,"25,518",임영웅,"남들도 모르게 서성이다 울었지
지나온 일들이 가슴에 사무쳐
텅 빈 하늘밑 불빛들 켜져 가면
옛사랑 그 이름 아껴 불러보네
찬바람 불어와 옷깃을 여미우다
후회가 또 화가 난 눈물이 흐르네
누가 물어도 아플 것 같지 않던
지나온 내 모습 모두 거짓인걸
이제 그리운 것은 그리운 대로
내 맘에 둘 꺼야
그대 생각이 나면 생각 난 대로
내버려 두 듯이
흰눈 나리면 들판에 서성이다
옛사랑 생각에 그 길 찾아가지
광화문 거리 흰눈에 덮여가고
하얀 눈 하늘 높이 자꾸 올라가네
이젠 그리운 것은 그리운 대로
내 맘에 둘 거야
그대 생각이 나면 생각난 대로
내버려 두듯이
사랑이란 게 지겨울 때가 있지
내 맘에 고독이 너무 흘러넘쳐
눈 녹은 봄날 푸르른 잎새 위에
옛사랑 그대 모습 영원 속에 있네
흰 눈 나리면 들판에 서성이다
옛사랑 생각에 그 길 찾아가지
광화문 거리 흰 눈에 덮여가고
하얀 눈 하늘 높이 자꾸 올라가네"
비 내리는 금강산,"4,531",송가인,"비에 젖은 금강산이 한 맺혀 우는데
흐느껴 외쳐봐도 목놓아 불러봐도
대답이 없네
고향 땅 그려보며 지새운 세월
울다가 지친 날이 그 언제던가
떠나올 때 눈물짓던 어머니 모습
헤매도는 불효자식
불러 나 주오
고향 땅 그려보며 지새운 세월
울다가 지친 날이 몇 해였던가
이제는 기억 속에 멀어져 가네
저녁달도 홀로 지는 이국 하늘에
헤매도는 불효자식 불러 나 주오"
기다리는 아픔,707,마이진,"고독한 이 가슴에 외로움을 심어주고
초라한 내 모습에 멍울을 지게 했다
함께한 시간보다
더 많이 가슴을 태웠고
사랑한 날보다도 더 많이 아파했다
아픔 속에 지워야 할 사랑이면
고개 숙인 향기마저 데려가지
눈을 떠도 감고 있는 내 그림자
그대에게 가고 있는데
날 위해 힘들다 말해줘
내가 기다릴 수 있게 해줄래
돌아와 베어진 가슴에
눈물이 마를 수 있게
아픔 속에 지워야 할 사랑이면
고개 숙인 향기마저 데려가지
눈을 떠도 감고 있는 내 그림자
그대에게 가고 있는데
날 위해 힘들다 말해줘
내가 기다릴 수 있게 해줄래
돌아와 베어진 가슴에
눈물이 마를 수 있게
날 위해 힘들다 말해줘
내가 기다릴 수 있게 해줄래
돌아와 베어진 가슴에
눈물이 마를 수 있게
눈물이 마를 수 있게"
옥이,554,진해성,"내 모든 것을 다 주어도 모자랐나
가네 가네 떠나가네
옥이가 가네
연기처럼 바람처럼
내 영혼을 앗아간 여자
내 젊음을 꺾고 간 여자
어이해 남이 되고 말았나 옥아
아직도 내 사랑은 너 하나인데
사랑의 마침표를 눈물로 찍고
돌아서 간 옥이 옥이야

내 모든 것을 다 주어도 모자랐나
가네 가네 떠나가네
옥이가 가네
이슬처럼 빗물처럼
내 영혼을 적셔준 여자
내 가슴에 머물던 여자
어이해 남이 되고 말았나 옥아
아직도 내 사랑은 너 하나인데
사랑의 마침표를 눈물로 찍고
돌아서 간 옥이 옥이야
연기처럼 바람처럼
내 영혼을 앗아간 여자
내 젊음을 꺾고 간 여자
어이해 남이 되고 말았나 옥아
아직도 내 사랑은 너 하나인데
사랑의 마침표를 눈물로 찍고
돌아서 간 옥이 옥이야
돌아서 간 옥이 옥이야"
이정표,"2,303",장윤정,"맴돌다 가는 사랑처럼
맴돌다 가는 인생처럼
돌고 도는 쳇바퀴처럼 헤매다
이정표 없는 거리만 떠도네
이제는 잊은 거겠죠
나없이 살고 있겠죠
난 너 없이 살 수 없는데
갈 곳을 잃은 새처럼
외로운 마음 달랠 길 없어
쓸쓸한 이 밤 나홀로 외로이
이정표 없는 거리만 떠도네
맴돌다 가는 사랑처럼
맴돌다 가는 인생처럼
돌고 도는 쳇바퀴처럼 헤매다
이정표 없는 거리만 떠도네
이제는 잊은 거겠죠
나없이 살고 있겠죠
난 너 없이 살 수 없는데
갈 곳을 잃은 새처럼
외로운 마음 달랠 길 없어
쓸쓸한 이 밤 나홀로 외로이
이정표 없는 거리만 떠도네
쓸쓸한 이 밤 나홀로 외로이
이정표 없는 거리만 떠도네
이정표 없는 거리만 떠도네"
비나리,"1,834",진해성,"큐피트 화살이 가슴을 뚫고
사랑이 시작된 날
또다시 운명의 페이지는 넘어가네
나 당신 사랑해도 될까요 말도 못 하고
한없이 애타는 나의 눈짓들
세상이 온통 그대 하나로 변해버렸어
우리 사랑 연습도 없이
벌써 무대로 올려졌네
생각하면 덧없는 꿈일지도 몰라
꿈일지도 몰라
하늘이여 저 사람 언제 또 갈라놓을 거요
하늘이여 간절한 이 소망 또 외면할 거요
한없이 애타는 나의 눈짓들
세상이 온통 그대 하나로 변해버렸어
사랑이란 작은 배 하나
이미 바다로 띄워졌네
생각하면 허무한 꿈일지도 몰라
꿈일지도 몰라
하늘이여 이 사람 다시 또
눈물이면 안돼요
하늘이여 저 사람
영원히 사랑하게 해줘요
아 아~ 아아아~ 아아
아아~ 아~ 아"
명자,"1,459",박민수,"나 어릴 적에 개구졌지만
픽하면 울고 꿈도 많았지
깔깔거리며 놀던 옥희 순이
지금 어디서 어떻게 변했을까
자야자야 명자야 불러샀던 아버지
술심부름에 이골 났었고
자야자야 명자야 찾아샀던 어머니
청소해라 동생 업어줘라
어스름 저녁 북녘하늘 별 하나
눈물 너머로 반짝반짝 거리네
나 어릴 적에 동네 사람들
고 놈 예쁘다 소리 들었고
깐죽거리며 못된 철이 훈아
지금 얼마나 멋지게 변했을까
자야자야 명자야 불러샀던 아버지
약심부름에 반 의사됐고
자야자야 명자야 찾아샀던 어머니
팔다리 허리 주물러다 졸고
노을 저편에 뭉게구름 사이로
추억 별들이 반짝반짝 거리네
눈물 너머로 반짝반짝 거리네
자야자야 명자야 무서웠던 아버지
술 깨시면 딴사람 되고
자야자야 명자야 가슴 아픈 어머니
아이고 내 새끼 달래시며 울고
세월은 흘러 모두 세상 떠나시고
저녁별 되어 반짝반짝 거리네
눈물 너머로 반짝반짝 거리네"
잃어버린 30년,243,배아현,"비가 오나 눈이 오나
바람이 부나
그리웠던 삼십 년 세월
의지할 곳 없는 이 몸
서러워하며
그 얼마나 울었던가요
우리 형제 이제라도
다시 만나서
못다 한 정 나누는데
어머님 아버님
그 어디에 계십니까
목메이게 불러 봅니다

내일일까 모레일까
기다린 것이
눈물 맺힌 삼십 년 세월
고향 잃은 이 신세를
서러워하며
그 얼마나 울었던가요
우리 남매 이제라도
다시 만나서
못다 한 정 나누는데
어머님 아버님
그 어디에 계십니까
목메이게 불러 봅니다
목메이게 불러 봅니다"
여기서,"1,452",서지오,"사랑이 나를 울리기 전에
눈물이 나를 가두기 전에
떠나야 해 잊어야 해
여기서 돌아서야 해
아직도 못다한 말이 너무나 많은데
이대로 지워야 하나
아 미련 같은 건 이제는 사치인 거야
당신이 날 못 버린다니
내가 먼저 떠날 수밖에
사랑이 나를 울리기 전에
눈물이 나를 가두기 전에
떠나야 해 잊어야 해
여기서 돌아서야 해
아직도 못다한 말이 너무나 많은데
이대로 지워야 하나
아 미련 같은 건 이제는 사치인 거야
당신이 날 못 버린다니
내가 먼저 떠날 수밖에
당신이 날 못 버린다니
내가 먼저 떠날 수밖에"
사랑이 비를 맞아요,417,배금성,"사랑이 비를 맞을 때
울어도 남들은 몰라
눈물인지 빗물인지
그 누가 알 수가 있나
딱 한사람 당신만이
내 눈물 알고 있는데
왜 나를 사랑했나요
왜 나를 미워했나요
우산이 내 우산이 되어주세요
사랑이 비를 맞아요

사랑이 비를 맞을 때
울어도 남들은 몰라
눈물인지 빗물인지
그 누가 알 수가 있나
딱 한사람 당신만이
내 눈물 알고 있는데
왜 나를 사랑했나요
왜 나를 미워했나요
우산이 내 우산이 되어주세요
사랑이 비를 맞아요
사랑이 비를 맞아요"
천상재회,"26,134",김호중,"천상에서 다시 만나면
그대를 다시 만나면
세상에서 못다했던 그 사랑을
영원히 함께 할래요
그대는 오늘밤도 내게 올 순 없겠지
목메어 애타게 불러도
대답없는 그대여
못다한 이야기는 눈물이 되겠지요
나만을 사랑했다는 말
바람결에 남았어요
끊을 수 없는 그대와 나의 인연은
운명이라 생각했죠
가슴에 묻은 추억의 작은 조각들
되돌아 회상하면서
천상에서 다시 만나면
그대를 다시 만나면
세상에서 못다했던 그 사랑을
영원히 함께 할래요
천상에서
다시 만나면
그대를 다시 만나면
세상에서 못다했던 그 사랑을
영원히 함께 할래요
세상에서 못다했던 그 사랑을
영원히 함께 할래요"
얼쑤,"6,543",윙크,"얼쑤 얼쑤 얼쑤

울고 불고 했던 지난날은 잊고
지지고 볶고 했던 그 남자는 잊고
다른 다른 사람 사람
만나요 요요 요요 요요요요요
어떤 옷을 입고 갈까 고민고민
큰 거울 앞에 이런 저런 포즈포즈
지금 지금 만나 만나러 가요
요요 요요 요요요요요
굽이굽이 이 높은 구두 신고 사뿐이
걸어 걸어 가면 가면
저기 당신 보여요
달아달아 밝은 달아 나 좀 예쁘게
잘 좀 비춰라 이 사람
내게 혹 가버리게
해야해야 밝은 해야 나 좀 예쁘게
잘 좀 비춰라 이 사람
내게 혹 가버리게
얼쑤 얼쑤 얼쑤
울고 불고 했던 지난 날은 잊고
지지고 볶고 했던 그 남자는 잊고
다른 다른 사람 사람
만나요 요요 요요 요요요요요
어떤 옷을 입고 갈까 고민고민
큰 거울 앞에 이런 저런 포즈포즈
지금 지금 만나 만나러 가요
요요 요요 요요요요요
굽이굽이 이 높은 구두 신고 사뿐히
걸어 걸어 가면 가면
저기 당신 보여요
달아달아 밝은 달아 나 좀 예쁘게
잘 좀 비춰라 이 사람
내게 혹 가버리게
해야해야 밝은 해야 나 좀 예쁘게
잘 좀 비춰라 이 사람
내게 혹 가버리게
달아달아 밝은 달아 나 좀 예쁘게
잘 좀 비춰라 이 사람
내게 혹 가버리게 얼쑤
해야해야 밝은 해야 나 좀 예쁘게
잘 좀 비춰라 이 사람
내게 혹 가버리게
얼쑤 얼쑤 얼쑤"
여백,"17,595",임영웅,"얼굴이 잘생긴 사람은
늙어 가는 게 슬프겠지
아무리 화려한 옷을 입어도
저녁이면 벗게 되니까
내 손에 주름이 있는 건
길고 긴 내 인생에 훈장이고
마음에 주름이 있는 건
버리지 못한 욕심에 흔적
청춘은 붉은 색도 아니고
사랑은 핑크 빛도 아니더라
마음에 따라서 변하는
욕심 속 물감의 장난이지
그게 인생인거야
전화기 충전은 잘 하면서
내 삶은 충전하지 못하고 사네
마음에 여백이 없어서
인생을 쫓기듯 그렸네
청춘은 붉은 색도 아니고
사랑은 핑크빛도 아니더라
마음에 따라서 변하는
욕심 속 물감의 장난이지
그게 인생인거야
전화기 충전은 잘 하면서
내 삶은 충전하지 못하고 사네
마음에 여백이 없어서
인생을 쫓기듯 그렸네
마지막 남은 나의 인생은
아름답게 피우리라"
로꾸거!!!,"6,811",SUPER JUNIOR-T (슈퍼주니어 T),"로꾸거 로꾸거 로꾸거 말해말
로꾸거 로꾸거 로꾸거 말해말
아많다많다많다많아
다이뿐이뿐이뿐이다
여보게저기저게보여
여보안경안보여
통술집술통 소주만병만주소
다이심전심이다 뽀뽀뽀
아좋다좋아 수박이박수
다시합창합시다
로꾸거 로꾸거 로꾸거 말해말
로꾸거 로꾸거 로꾸거 말해말
니가는데는가니 일요일 스위스
수리수리수 물렁물렁물
아좋다좋아 수박이박수
다시합창합시다
어제도 거꾸로 오늘도 거꾸로
모든 건 거꾸로 돌아가고 있어
내일이 와야해
행복의 시계가
째깍째깍 돌아가겠지
째깍째깍째깍
원투쓰리포파이브식스 GO
로꾸거 로꾸거 로꾸거 말해말
로꾸거 로꾸거 로꾸거 말해말
하파타카차자아 사바마라다나가
10 9 8 7 6 5 4 3 2 1 땡
아래서 위로 뒤에서 앞으로
모든 건 거꾸로 로꾸거
할아버지 할머니 아저씨 아줌마
남녀노소 짠짠짠
얼씨구절씨구 빠라바라바빰
모든 건 거꾸로 로꾸거

나갔다오나나오다갔나
아들딸이다컸다이딸들아
다같은별은별은같다
자꾸만꿈만꾸자
장가간가장시집간집시
다된장국청국장된다
아좋다좋아 수박이박수
다시합창합시다
어제도 거꾸로 오늘도 거꾸로
모든 건 거꾸로 돌아가고 있어
내일이 와야해
행복의 시계가
째깍째깍 돌아가겠지
째깍째깍째깍
원투쓰리포파이브식스 GO
로꾸거 로꾸거 로꾸거 말해말
로꾸거 로꾸거 로꾸거 말해말
아좋다좋아 수박이박수
다시합창합시다
로꾸거 로꾸거 로꾸거 로꾸거
로꾸거 로꾸거 로꾸거 말해말"
자기야,"3,481",박주희,"자기야 사랑인걸 정말 몰랐니
자기야 행복인걸 이젠 알겠니
자기를 만나서 사랑을 알았고
사랑을 하면서 철이 들었죠
나만의 사랑을 나만의 행복을
말로는 설명 할 수가 없잖아요
어쩜 좋아 (어쩜 좋아) 자기가 좋아
멋진 그대 (멋진 그대) 자기가 좋아
자기야 사랑인걸 정말 몰랐니
자기야 행복인걸 이젠 알겠니

자기야 사랑인걸 정말 몰랐니
자기야 행복인걸 이젠 알겠니
자기를 만나서 사랑을 알았고
사랑을 하면서 철이 들었죠
나만의 사랑을 나만의 행복을
말로는 설명 할 수가 없잖아요
어쩜 좋아 (어쩜 좋아) 자기가 좋아
멋진 그대 (멋진 그대) 자기가 좋아
자기야 사랑인걸 정말 몰랐니
자기야 행복인걸 이젠 알겠니
자기야 사랑인걸 정말 몰랐니
자기야 행복인걸 이젠 알겠니"
진이,"4,419",하이디,"진이
진이
진이 너 없는 동안에
난 한번도 널 잊은적 없고
오 진이 넌 모를꺼야
너 외엔 다른 사람 없다는걸
한번만 더 늦기전에
나를 사랑한다고 해줘
넌 나의 전부야
그건 너의 오해야
날 믿어주길바래
이 시간이 간이 간이
지나가기전에
내게 용기를 내어서 돌아와줘
나의 맘이 맘이 맘이
변하기전에
I wanna be a Mr Lee
진이 너의 사진속에
행복해 보이는 우리가 있고
진이 함께한 날보다
이별이 더 중요하지는 않아
한번만 더 늦기전에
나를 사랑한다고 해줘
넌 나의 전부야 그건
너의 오해야
날 믿어주길바래
이 시간이 간이 간이
지나가기전에
내게 용기를 내어서 돌아와줘
나의 맘이 맘이 맘이
변하기전에
I wanna be a Mr Lee
밤이면 너에 창에 불이
꺼지겠지
너의 꿈길로 날 만나러 와줘
이제 더이상 망설일
필요는 없어
처음 그 느낌처럼
이 시간이 간이 간이
지나가기전에
내게 용기를 내어서 돌아와줘
나의 맘이 맘이 맘이
변하기전에
I wanna be a Mr
I wanna be a Mr
I wanna be a Mr Lee"
너에게 난 나에게 넌,"36,669",임영웅,"너에게 난 해질녘 노을처럼
한편의 아름다운 추억이 되고
소중했던
우리 푸르던 날을 기억하며
음 후회없이
그림처럼 남아 주기를
나에게 넌 내 외롭던 지난 시간을
환하게 비춰주던 햇살이 되고
조그맣던 너의 하얀 손위에
빛나는 보석처럼
영원의 약속이 되어
너에게 난 해질녘 노을처럼
한편의 아름다운 추억이 되고
소중했던
우리 푸르던 날을 기억하며
음 후회없이
그림처럼 남아 주기를
나에게 넌 초록의 슬픈 노래로
내 작은 가슴속에 이렇게 남아
반짝이던 너의 예쁜 눈망울에
수많은 별이 되어
영원토록 빛나고 싶어
너에게 난 해질녘 노을처럼
한편의 아름다운 추억이 되고
소중했던
우리 푸르던 날을 기억하며
음 후회없이
그림처럼 남아 주기를
너에게 난 해질녘 노을처럼
한편의 아름다운 추억이 되고
소중했던
우리 푸르던 날을 기억하며
음 후회없이
그림처럼 남아 주기를"
바람고개,"2,643",진해성,"바람의 고개 눈물의 고개
사랑하다 떠난 그님의 고개
이별 없는 사랑인 줄 착각이었나
혼자만의 생각이었나
바람 부는 이 고개는 내 마음 알까
돌아보니 그대가 없는 바람의 고개
바람이 나를 나를 숨겨주네
내 마음을 씻겨주네
바람이 내게 내게 말을 하네
두 번 다시 사랑 따윈 믿지 말라고
바람 부는 이 고개는 내 마음 알까
돌아보니 그대가 없는 바람의 고개
바람이 나를 나를 숨겨주네
내 마음을 씻겨주네
바람이 내게 내게 말을 하네
두 번 다시 사랑 따윈 믿지 말라고
바람이 나를 나를 숨겨주네
내 마음을 씻겨주네
바람이 내게 내게 말을 하네
두 번 다시 사랑 따윈 믿지 말라고
두 번 다시 사랑 따윈 믿지 말라고"
당돌한 여자,"2,618",서주경,"일부러 안 웃는거 맞죠 아하
나에게만 차가운거 맞죠 아하
알아요 그대 마음을 내게 빠질까봐 두려운거죠
그대는 그게 매력이에요 아하
관심 없는 듯한 말투 눈빛 아하 하지만
그대 시선은 나는 안보고도 느낄 수 있죠
집으로 들어가는 길인가요
그대의 어깨가 무거워 보여
이런 나 당돌한가요 술 한잔 사주실래요
야이야야야이 날 봐요
우리 마음 속이지는 말아요.
날 기다렸다고 먼저 얘기하면
손해라도보나요
야이야이야이 말해요.
그대 여자 되달라고 말해요
난 이미 오래전 그대 여자이고 싶었어요
- 간 주 중 -
애인이 없다는거 맞죠 아하
혹시 숨겨둔거 아니겠죠 아하
믿어요 그대의 말을 행여 있다 해도
양보는 싫어 그대는 그게 맘에 들어
여자 많은 듯한 겉모습에 사실은 아무에게나
마음주지 않는 그런 남자죠
집으로 들어가는 길인가요
그대의 어깨가 무거워 보여
이런 나 당돌한가요 술 한잔 사주실래요
야이야야야이 날 봐요
우리 마음 속이지는 말아요.
날 기다렸다고 먼저 얘기하면
손해라도보나요
야이야이야이 말해요.
그대 여자 되달라고 말해요
난 이미 오래전 그대 여자이고 싶었어요"
철없던 사랑,"1,796",홍수철,"철없던 마음으로 사랑을 나누었지
미움도 모르는체 이별도 모르는체
불타는 가슴으로 서로를 느끼면서
영원토록 향기로운 우리의 사랑이여
이별은 싫어
추억의 그림자가 너무 많아
그리워져요 철없던 우리 사랑이
내사랑 그대 그대여
다시 한 번 사랑해요
아름다워요 철없던 사랑이
이별은 싫어
추억의 그림자가 너무 많아
그리워져요 철없던 우리 사랑이
내사랑 그대 그대여
다시 한 번 사랑해요
아름다워요 철없던 사랑이
이별은 싫어
추억의 그림자가 너무 많아
그리워져요 철없던 우리 사랑이
내사랑 그대 그대여
다시 한 번 사랑해요
아름다워요 철없던 사랑이"
고향역,"2,355",나훈아,"코스모스 피어있는
정든 고향역
이쁜이 곱쁜이
모두 나와 반겨주겠지
달려라 고향 열차
설레는 가슴안고
눈감아도 떠오르는
그리운 나의 고향역

코스모스 반겨주는
정든 고향역
다정히 손잡고
고개 마루 넘어서 갈때
흰머리 날리면서
달려온 어머님을
얼싸 안고 바라보았네
멀어진 나의 고향역"
안동역에서,"33,067",임영웅,"바람에 날려버린 허무한 맹세였나
첫눈이 내리는 날 안동역 앞에서
만나자고 약속한사람
새벽부터 오는 눈이 무릎까지 덮는데
안오는 건지 못오는 건지
오지 않는 사람아
안타가운 내 마음만 녹고 녹는다
기적소리 끊어진 밤에
기적소리 끊어진 밤에"
그남자,"1,063",우연이,"첫눈에 맘에 든 그 남자
오늘 밤 난 너를 찍었어
뜨거운 미소마저도
다가갈 수 있다면
널 가질 수 있다면
난 너무 행복할 거야
어차피 너와 난 만날 수밖에
없는 인연일 거야
그 많은 세월을 널 만나려고
이렇게 혼자였나 봐
오늘 밤 너가 마지막
남자이었으면 나는 좋겠어
깊어 가는 우리의 사랑
하늘이 맺어 준 사랑
어차피 너와 난 만날 수밖에
없는 인연일 거야
그 많은 세월을 널 만나려고
이렇게 혼자였나 봐
오늘 밤 너가 마지막
남자이었으면 나는 좋겠어
깊어 가는 우리의 사랑
하늘이 맺어 준 사랑
하늘이 맺어 준 사랑"
사랑은 무슨 얼어 죽을 사랑이야 (카톡),568,나훈아,"나 없인 못 산다며 꼬드겨 놓고
가슴에 불 질러놓고
악어의 눈물커녕 변명도 없이
카톡으로 안녕이라네
이제는 사랑도 문자로 하고
이제는 이별까지 카톡 거리고
카톡 카톡- 카톡 카톡 카톡
카톡이는 세상
사랑은 무슨 얼어 죽을 사랑이야

툭하면 사랑한다 좋다 하더니
내 마음 설레게 하더니
마지막 인사조차 한마디 없이
카톡으로 잊으라네요
이제는 사랑도 문자로 하고
이제는 이별까지 카톡 거리고
카톡 카톡- 카톡 카톡 카톡
카톡이는 세상
사랑은 무슨 얼어 죽을 사랑이야
사랑은 무슨 얼어 죽을 사랑이야"
싹가능,"2,003",안성훈,"빠라빠라빠빠 빠빠빠빠
달려 달려 달려간다
빠라빠라빠빠 빠빠빠빠 Hey hey hey oh
때려 때려 전화 때려 언제든 싹 가능이야
당신이 원하는 건 다 해줄 수 있어
때려 때려 전화 때려
언제든지 달려갈 거야
뭘 원하든지 당신은 말만 해
방긋방긋 웃어주면 내 마음 싹 녹아내려
어디에 있든 내 눈엔 딱 너만 보여
반짝반짝 빛으로 넌 내 마음 꽉 채워버려
오늘부터 난 당신만의 해결사
힘들지 않아 고마워하지도 마
내가 사는 이유니까
때려 때려 전화 때려
언제든 싹 가능이야
당신이 원하는 건 다 해줄 수 있어
때려 때려 전화 때려
언제든지 달려갈 거야
뭘 원하든지 당신은 말만 해
빠라빠라빠빠 빠빠빠빠
달려 달려 달려간다
빠라빠라빠빠 빠빠빠빠 Hey hey hey oh
힘들지 않아 부담은 갖지도 마
그댄 나의 전부니까
때려 때려 전화 때려
언제든 싹 가능이야
당신이 원하는 건 다 해줄 수 있어
때려 때려 전화 때려
언제든지 달려갈 거야
뭘 원하든지 당신은 말만 해
당신은 말만 해
당신은 전부 싹 가능이야"
내 하나의 사람은 가고,"3,867",임희숙,"너를 보내는 들판에
마른 바람이 슬프고
내가 돌아선 하늘엔
살빛 낮달이 슬퍼라
오래도록 잊었던
눈물이 솟고
등이 휠 것 같은
삶의 무게여
가거라 사람아
세월을 따라
모두가 걸어가 는
쓸쓸한 그 길로

이젠 그 누가 있어
이 외로움 견디며 살까
이젠 그 누가 있어
이 가슴 지키며 살까
아 저 하늘의
구름이나 될까
너 있는 그 먼 땅을
찾아 나설까
사람아 사람아
내 하나의 사람아
이 늦은 참회-를
너는 아는 지"
따르릉 (작곡가 Ver.),"22,465",홍진영,"따르릉 따르릉 내가 니 누나야
Yeah 따르릉
1 2 3 4
니가 먼저 만나재 놓고
내 탓을 하지 마
니가 니가 나쁜 남자
내 탓을 하지 마
이 여자 저 여자 다 만나놓고
내 탓을 하지 마
누나야 누나 누나야 니 누나야
누나야 누나 누나야 니 누나야
이 여자 저 여자 만나봤겠지만
즐거웠겠지만
너를 사랑해 사랑해
따르릉
따르릉 따르릉 내가 니 누나야
따르릉 따르릉 내가 니 누나야
누누나나 내가 니 누나야
누누나나 내가 니 누나야
니 누나야
1 2 3 4
니가 먼저 날 차버렸지
내 탓을 하지 마
니가 먼저 꽁무니 뺏지
내 탓을 하지 마
이 여자 저 여자 다 만나놓고
내 탓을 하지 마
누나야 누나 누나야 니 누나야
누나야 누나 누나야 니 누나야
이 여자 저 여자 만나봤겠지만
후회하겠지만
너를 사랑해 사랑해
따르릉
따르릉 따르릉 내가 니 누나야
따르릉 따르릉 내가 니 누나야
누누나나 내가 니 누나야
누누나나 내가 니 누나야
니 누나야"
떠나는 임아,"4,430",박서진,"가려거든 울지 말아요
울려거든 가지 말아요
그리워 못 보내는 님
못 잊어 못 보내는 님
당신이 떠나고 나면
미움이 그치겠지만
당신을 보내고 나면
사랑도 끝이 난다오
님아 못 잊을 님아
님아 떠나는 님아
두 눈에 가득 이슬이 맺혀
떠나는 나의 님아
님아 못 잊을 님아
님아 떠나는 님아
님아 못 잊을 님아
님아 떠나는 님아
두 눈에 가득 이슬이 맺혀
떠나는 나의 님아
가려거든 울지 말아요
울려거든 가지 말아요
그리워 못 보내는 님
못 잊어 못 보내는 님
못 잊어 못 보내는 님"
사모,"2,026",나훈아,"오소서 님이여 님이시여
촉촉히 젖은 입술로
바람에 업히어 구름에 실려
살짝이 오소서
오소서 님이여 님이시여
선바람 모습 그대로
풋서리길 말고 꽃길을 따라
살짝이 오소서
낙숫물에 머리를 감고
달빛에 머리를 빗고
님이 오시는 길목에 서서
사모하는 가슴앓이 아신다면은
오소서 님이여 님이시여
살짝이 오소서
낙숫물에 머리를 감고
달빛에 머리를 빗고
님이 오시는 길목에 서서
사모하는 가슴앓이 아신다면은
오소서 님이여 님이시여
잽싸게 오소서
오소서 님이여 님이시여
잽싸게 오소서"
응급실,"31,884",임영웅,"후회 하고 있어요
우리 다투던 그 날
괜한 자존심 때문에
끝내자고 말을 해버린거야
금방 볼 줄 알았어
날 찾길 바래왔어
허나 며칠이 지나도
아무 소식조차 없어
항상 내게 너무 잘해줘서
쉽게 생각했나봐
이젠 알아 내 고집때문에
힘들었던 너를
이 바보야 진짜 아니야
아직도 나를 그렇게 몰라
너를 가진 사람 나밖엔 없는데
제발 나를 떠나가지마
언제라도 내 편이 돼준 너
고마운 줄 모르고
철없이 나 멋대로한 거
용서할 수 없니
이 바보야 진짜 아니야
아직도 나를 그렇게 몰라
너를 가진 사람 나 밖엔 없는데
제발 떠나가지마
너 하나만 사랑하는데
이대로 나를 두고 가지마
나를 버리지마 그냥 날 안아줘
다시 사랑하게 돌아와"
날보러와요,"43,781",임영웅,"날 보러 와요 날 보러 와요
날 보러 와요 날 보러 와요
날 보러 와요 날 보러 와요
외로울 땐 나를 보러오세요
울쩍할 땐 나를 보러오세요
깊은 밤 잠 못들 땐 전화를 해요
괴로움은 멀리 던져버려요
서러움을 잊고 웃어보아요
포근히 아픈마음 감싸드리게
가진 것은 없어 마음뿐이야
거짓없는 마음하나
당신께만 드리겠어요
아낌없이 드리겠어요
외로운땐 전화 걸어주세요 헤이
울쩍할땐 번호 눌러주세요오오오
언제든지 사랑의 콜센타
전화 걸어줘 번호 눌러줘
우리가 지금 여기 기다리고 있어
노래는 기본 댄스까지 완비
트롯맨 스페셜 쇼 쇼 쇼
전국팔도 남녀노소
사랑의 콜센타로 콜미 콜미
언제든 불러주세요
미스터 트롯
가진 것은 없어 마음뿐이야
거짓없는 마음하나
당신께만 드리겠어요
아낌없이 드리겠어요
외로운땐 전화 걸어주세요 헤이
울쩍할땐 번호 눌러주세요오오오
언제든지 사랑의 콜센타
날 보러 와요 날 보러 와요
날 보러 와요 날 보러 와요
날 보러 와요 날 보러 와요"
슬퍼하지마,"1,273",여정인,"아무말도 하지않는 거야
나에게 말을 해줘
너에게 무슨일이 생긴건지
속시원히 말을 해줘
이세상 모두가
변한다고 해도
나는 너를 사랑해
너에게 나를 준걸
후회는 안해
이대로 함께 있을게
사랑할수 있을 때
사랑해야해
서로 후회하지 않도록
너의 곁에는 내가 있잖아
너를 지킬테니까
용서할수 있을 때
용서해야해
가슴이 아프지 않도록
차라리 그것이
속편한 거야
이젠 슬퍼하지마
사랑할수 있을 때
사랑해야해
서로 후회하지 않도록
너의 곁에는 내가 있잖아
너를 지킬테니까
용서할수 있을 때
용서해야해
가슴이 아프지 않도록
차라리 그것이
속편한 거야
이젠 슬퍼하지마
이 세상에 남자는
너하나 뿐인데
슬퍼하면 나는 어떡해
네가 힘이들면 내게로 와
내가 널 사랑하겠어"
사랑,"4,109",나훈아,"이 세상에 하나밖에
둘도 없는 내 여인아
보고 또 보고 또 쳐다 봐도
싫지 않는 내 사랑아
비 내리는 여름날엔
내 가슴은 우산이 되고
눈 내리는 겨울날엔
내 가슴은 불이 되리라
온 세상을 다 준다해도
바꿀 수 없는 내 여인아
잠시라도 떨어져선
못살것 같은 내 사람아
행여 당신 외로울땐
내가 당신 친구가 되고
행여 당신 우울할땐
내가 당신 웃음 주리라
이 세상에 하나밖에
둘도 없는 내 여인아
보고 또 보고 또 쳐다 봐도
싫지 않는 내 사람아"
사랑밖엔 난 몰라,"5,297",심수봉,"그대 내곁에 선 순간
그 눈빛이 너무 좋아
어제는 울었지만
오늘은 당신땜에
내일은 행복할꺼야
얼굴도 아니 멋도 아니 아니
부드러운 사랑만이 필요했어요
지나간 세월 모두 잊어버리게
당신 없인 아무 것도 이젠 할 수 없어
사랑밖엔 난 몰라

무심히 버려진 날 위해
울어주던 단 한사람
커다란 어깨위에
기대고 싶은 꿈을 당신은 깨지 말아요
이날을 언제나 기다렸어요
서러운 세월만큼 안아주세요
그리운 바람처럼 사라질까봐
사랑하다 헤어지면 다시
보고 싶고 당신이 너무 좋아"
블링블링,"3,821",김연자,"만남은 인연의 시작
추억은 세월의 흔적
결혼은 연애의 선물
행복은 지금 이순간
입술아 어서 말을해 나없이 못산다고
나만을 사랑한다고
이렇게 애원할때가 눈앞에 있을때가
따뜻한 봄날인거야
거울아 어서 말을해 내가젤 예쁘다고
내가젤 매력있다고
혹시나 해보지만 역시나 기대만큼
원한말을 들을수 없어
이 세상사가 다 그래
간절히 원할때는 더디고
마음을 비우니까
어느새 눈처럼 녹아들잖아
오늘은 Party Party 한번 뿐인 인생
나를 더 사랑하며 살거야
더 많이많이 행복하고 싶어
이렇게 하루하루 블링블링 Oh Yeh
블링블링
세월아 샘을 내지마 비결이 무어냐고
내나이 안보인다고
그전엔 몰랐지만 앞으로 사는동안
너를 의식 하지 않을래
이 세상사가 다 그래
간절히 원할때는 더디고
마음을 비우니까
어느새 눈처럼 녹아들잖아
오늘은 Party Party 한번 뿐인 인생
나를 더 사랑하며 살거야
더 많이많이 행복하고 싶어
이렇게 하루하루 블링블링
오늘도 Party Party 청춘은 다시다시
뭐든 생각하기 나름이지
행복은 많이많이 사랑도 많이많이
이렇게 오늘도 블링블링
블링블링
블링블링"
은인 (恩人),"2,609",안성훈,"살다보면 이유없이 다가온
고마운 사람이 있죠
힘이없는 내게와서
손 내밀어 준 사람
정신없이 하루를 살다보니
고마운 사람을 잊죠
하지만 반가운 봄날처럼
만나야 하는 사람
그대가 은인입니다
영원한 은인입니다
내가 살아온 날에 내가 살아갈 날에
잊을 수 없는 사람
그대가 은인입니다
고마운 사람입니다
나는 그대를 위해 영영 마르지않는
사랑을 드리리
지난날을 문득 되돌아보니
그대의 따뜻한 맘이
나에겐 한줄기 햇살처럼
얼마나 소중했는지
그대가 은인입니다
영원한 은인입니다
내가 살아온 날에 내가 살아갈 날에
잊을 수 없는 사람
그대가 은인입니다
고마운 사람입니다
나는 그대를 위해 영영 마르지않는
사랑을 드리리
그대여 그대
나는 그대를 위해 영영 마르지않는
사랑을 드리리"
나쁜남자,"2,933",신유,"여기가 끝인가 봐요
추억이 남아있는데
당신과나 사랑한건
하늘도 땅도 알아요
당신을 다시 한번
안고 싶지만
한 번더 안아 달라
그 눈으로 말하지만
더 이상은 아니란걸
당신도 나도 알잖아
뜨거운 그 눈물 마르거든
잊어요 나쁜 이 남자
이것이 정인가봐요
가슴이 무너지는데
당신과나 어쩌자고
그 약속 잊었던가요
당신을 다시 한번
안고 싶지만
한 번더 안아 달라
그 눈으로 말하지만
더 이상은 아니란걸
당신도 나도 알잖아
뜨거운 그 눈물 마르거든
잊어요 나쁜 이 남자"
곤드레 만드레,"2,864",박현빈,"곤드레 만드레
나는 취해버렸어
너의 사랑의
향기속에 빠져버렸어

가진것은 없다지만
사랑으로 감싸줄게
진심어린 말하나
나는 너를 사랑해
비오는 날 흐린날도
햇살처럼 안아줄게
너의 흔들리는
사랑을 꽃으로 피워줘
다시는 너를 울리지 않을거야
나의 여자로 만들거야
내겐 언제나 너뿐이야
웃으며 내게 돌아와줘
곤드레만드레
나는 취해버렸어
너의 사랑의
향기속에 빠져버렸어
곤드레만드레 나는 지쳐버렸어
나의 심장이 멎기전에
제발 돌아와

내세울건 없다지만
니 곁에서 있어줄게
변함없는 그림자로
영원히 사랑해
비오는 날 흐린날도
햇살처럼 안아줄게
너의 흔들리는
사랑을 꽃으로 피워줘
다시는 너를 울리지 않을거야
나의 여자로 만들거야
내겐 언제나 너뿐이야
웃으며 내게 돌아와줘
곤드레만드레 나는 취해버렸어
너의 사랑의
향기속에 빠져버렸어
곤드레만드레 나는 지쳐버렸어
나의 심장이 멎기전에
제발 돌아와
나의 심장이 멎기전에
제발 돌아와"
평행선,"1,888","뽕가네(강혜연,별사랑,성민지,은가은,허찬미)","나는 나밖에 모르고
너는 너밖에 모르고
그래서 우리는
똑같은 길을 걷지 평행선
나는 나밖에 몰랐지
너는 너밖에 몰랐지
그래서 우리는
만날 수 없는 거야 평행선
아직 사랑하고 있는데
서로 바라보고 싶은데
나는 다가서지 못하고
다른 길을 가고 있어
우리 서로 다시 만날 수 없는가
캄캄한 미로를 헤매이네
우리 서로 사랑할 수는 없는가
끝없는 평행선 걷고 있네
아직 사랑하고 있는데
서로 바라보고 싶은데
나는 다가서지 못하고
다른 길을 가고 있어
우리 서로 다시 만날 수 없는가
캄캄한 미로를 헤매이네
우리 서로 사랑할 수는 없는가
끝없는 평행선 걷고 있네"
애가 타,428,배아현,"가까이 내게 와줘요
뭐라고 말 좀 해봐요
이렇게 애가 타도록
사랑하고 있는데

이대로 나를 바라봐
눈으로 나를 안아줘
만날 때마다 자꾸만
가슴이 먼저 하는 말
사랑에 빠진 건가요
어떻게 하면 좋아요
이제는 아닌 척해도
아무런 소용이 없어
그냥 바라만 봐도 애가 타
맘이 너무 아파서 애가 타
이러는 게 아닌데
흘린 눈물 때문에
사랑하는 마음 들켜버렸어요
가까이 내게 와줘요
뭐라고 말 좀 해봐요
이렇게 애가 타도록
사랑하고 있는데

그냥 바라만 봐도 애가 타
맘이 너무 아파서 애가 타
이러는 게 아닌데
흘린 눈물 때문에
사랑하는 마음 들켜버렸어요
가까이 내게 와줘요
뭐라고 말 좀 해봐요
이렇게 애가 타도록
사랑하고 있는데
이렇게 애가 타도록
사랑하고 있는데"
진정인가요,"11,392",송가인,"미련없다 그 말이 진정인가요
냉정했던 그 마음이 진정인가요
바닷가를 거닐며
수놓았던 그 추억
잊을 수가 있을까요
돌아설 때 눈물짓던 당신이라면
영원토록 영원토록
죽어도 못 잊을 겁니다
잊어달라 그 말이 진정인가요
돌아서던 그 마음이 진정인가요
오솔길을 거닐며
주고받던 그 사랑
잊을 수가 있을까요
돌아설 때 울음 참던 당신이라면
잊으려도 잊으려도
죽어도 못 잊을 겁니다
죽어도 못 잊을 겁니다"
서울 가 살자,"1,435",진욱,"그 이불 솜 베개 다 버리고
우리 이제 서울 가서 살자
그대야가 말한 천 번의 약속은
괜찮으니 서울 가 살자
저 달이 건너가 먼저 비춘다니
우리 무슨 어떤 걱정 있을까요
그댈 원망하진 않아요 이젠
그래서 또 살아보는 세월일껀데
미련 없이 버리고 서울 가 살자
그 다짐과 처음 약속 들고
우리 이제 서울 가서 살자
그대야가 흘린 미안한 눈물은
괜찮으니 서울 가 살자
별빛이 뜨고도 해가 있다는
그곳에서 어떤 행복 기다릴까요
그댈 원망하진 않아요 아마
내가 더 원했었던 사랑일테니
그대도 놓지 말아요오
저 달이 건너가 먼저 비춘다니
우리 무슨 어떤 걱정 있을까요
그댈 원망하진 않아요 이젠
그래서 또 살아보는 세월일껀데
미련없이 버리고 서울 가 살자
미련없이 버리고 서울 가 살자"
이별의 버스 정류장,"17,196",유산슬,"추억 속의 슬픈 정류장
눈물 젖은 버스를 타면
당신이 생각나
차창밖에 비가 내리네
한 정거장 멈추고
지나칠 때마다 보고 싶어
줄 사람 없는 꽃다발은 시들어 가네
사랑은 사랑은 사랑은 꿈결처럼 와서
가장 행복할 때 떠나는 가 봐
가슴 시리도록 너의 입술
아직도 나를 부르네
사랑은 사랑은 사랑은 이별을 닮아서
사랑했었다 말하네
사랑은 내리고 이별을 태우고
버스는 달려 가네
홀로 남은 슬픈 정류장
당신과 나 헤어졌던 곳
한번쯤 만날까
혹시나 기대했었네
기억이란 페이지는
넘겨질 때마다 보고 싶어
줄 사람 없는 꽃다발은
또 시들어 가네
사랑은 사랑은 사랑은 꿈결처럼 와서
가장 행복할 때 떠나는 가 봐
가슴 시리도록 너의 입술
아직도 나를 부르네
사랑은 사랑은 사랑은 이별을 닮아서
사랑했었다 말하네
사랑은 내리고 이별을 태우고
버스는 달려 가네
사랑은 내리고 이별을 태우고
버스는 달려 가네
버스는 떠나 가네"
당신이어서,828,조항조,"가지 말아야 하는 길인데
오늘도 그 길을 걷네요
그리워 말아야 하는데
그리움 당신이어서
한 사람 사랑하는 게
이렇게 힘이 드네요
사랑에 눈이 먼 미련한 사랑
아파도 울지 못하고
사랑하지 말아야 하는데
사랑해 버렸네
아파도 아파도 말 못 합니다
그 사랑 당신이어서
한 사람 사랑하는 게
이렇게 힘이 드네요
사랑에 눈이 먼 미련한 사랑
아파도 울지 못하고
사랑하지 말아야 하는데
사랑해 버렸네
아파도 아파도 말 못 합니다
그 사랑 당신이어서
그 사랑 당신이어서"
돌팔매,370,오유진,"누구야 누가 또 생각 없이
돌을 던지느냐
무심코 당신은 던졌다지만
내 가슴은 멍이 들었네
당신은 내 인생에 무엇이길래
당신은 내 앞길에 무엇이길래
단 한 번 돌팔매로
단 한 번 돌팔매로
병들게 하나
누구야 서러운 내 가슴을 울리는 사람

누구야 누가 또 할 일 없이
돌을 던지느냐
모르고 당신은 던졌다지만
내 가슴은 상처가 깊어
당신은 내 인생에 방관자면서
당신은 내 인생에 제삼자면서
무심한 돌팔매로
무심한 돌팔매로
상처를 주나
누구야 하소연할 곳 없이 울리는 사람"
그리움만 쌓이네,"26,075",임영웅,"다정했던 사람이여
나를 잊었나
벌써 나를 잊어버렸나
그리움만 남겨놓고
나를 잊었나
벌써 나를 잊어버렸나
그대 지금
그 누구를 사랑하는가
굳은 약속 변해버렸나
예전에는 우린
서로 사랑했는데
이젠 맘이 변해버렸나
아 이별이 그리 쉬운가
세월 가버렸다고
이젠 나를 잊고서
멀리 멀리 떠나 가는가
아 나는 몰랐네
그대 마음 변할 줄
난 정말 몰랐었네
오 나 너 하나만을
믿고 살았네
그대만을 믿었네
오 네가 보고파서
나는 어쩌나
그리움만 쌓이네
아 이별이 그리 쉬운가
세월 가버렸다고
이젠 나를 잊고서
멀리 멀리 떠나 가는가
아 나는 몰랐네
그대 마음 변할 줄
난 정말 몰랐었네
오 나 너 하나만을
믿고 살았네
그대만을 믿었네
오 네가 보고파서
나는 어쩌나
그리움만 쌓이네"
훨훨훨,"3,169",김용임,"사랑도 부질없어 미움도 부질없어
청산은 나를 보고 말없이 살라 하네
버려라 훨훨 벗어 버려라 훨훨
사랑도 미움도 버려라 벗어라 훨훨훨
아 아 물같이 바람같이 살라 하네
탐욕도 벗어 놓고 성냄도 벗어 놓고
창공은 나를 보고 티없이 살라 하네
버려라 훨훨 벗어 버려라 훨훨
탐욕도 성냄도 버려라 벗어라 훨훨훨
아 아 물같이 바람같이 살라 하네
물같이 바람같이 살라 하네"
해바라기 꽃,281,김소연,"내 사랑은 해바라기 꽃
당신만을 바라보면서
까만 밤 하얀 밤
달빛 속을 지새며
순정을 먹고 사는 꽃
아침해가 뜰 때까지
당신을 그리며
이슬 맞고 피어나는 꽃
이 밤이 새면
태양을 바라보면
일편단심 님 그리는 꽃
해바라기 꽃을 아시나요

한없는 열정으로
당신을 그리며
이슬 맞고 피어나는 꽃
이 밤이 새면
태양을 바라보며
일편단심 님 그리는 꽃
해바라기 꽃을 아시나요
해바라기 꽃을 아시나요"
세월 베고 길게 누운 구름 한 조각,"22,040",임영웅,"늙은 산 노을 업고 힘들어하네
벌겋게 힘들어하네
세월베고 길게 누운 구름 한조각
하얀 구름 한조각
여보게 우리 쉬었다 가세
남은 잔은 비우고 가세
가면 어때 저 세월
가면 어때 이 청춘
저녁 깔린 뒷마당에 쉬었다 가세
여보게 쉬었다 가세
늙은 소 긴 하루를 힘들어하네
음메 하며 힘들어하네
삐딱하게 날아가는 저 산 비둘기
가지끝에 하루를 접네
여보게 우리 쉬었다 가세
남은 얘기 다 하고 가세
가면 어때 저 세월
가면 어때 이 청춘
저녁 깔린 뒷마당에 쉬었다 가세
여보게 쉬었다 가세
가면 어때 저 세월
가면 어때 이 청춘
저녁 걸린 뒷마당에 쉬었다 가세
여보게 쉬었다 가세
여보게 쉬었다 가세
여보게 쉬었다 가세"
당신은 명작,"1,045",금잔디,"아름다워라 당신이
내곁에 오신 이후로
세상이 살만해지고
위로가 되었습니다
아프지 맙시다
건강합시다
잡은 두 손 놓지말고
사는 게 힘들 때
잡아줍시다
세상이 무겁더라도
당신은 하늘이 준 명작이오
난 당신을 그리는 화가일세
한 폭에 잘 그린 그림처럼
아름답게 살아갑시다
세월이라는 길 따라
내 손 하나 잡고 살아온
당신을 생각해보니
가슴이 미어집니다
아프지 맙시다
건강합시다
잡은 두 손 놓지말고
사는게 힘들 때
잡아줍시다
세상이 무겁더라도
당신은 하늘이 준 명작이오
난 당신을 그리는 화가일세
한 폭에 잘 그린 그림처럼
아름답게 살아갑시다
한 세상 나머지 여백들도
좋은 추억 채워갑시다
행복이 뭐 별거 있나요"
잊혀진 계절,"15,607",임영웅,"지금도 기억하고 있어요
시월의 마지막 밤을
뜻 모를 이야기를 남긴 채
우리는 헤어졌지요
그 날의 쓸쓸했던 표정이
그대의 진실인가요
한마디 변명도 못하고
잊혀져야 하는 건가요
언제나 돌아오는 계절은
나에게 꿈을 주지만
이룰 수 없는 꿈은 슬퍼요
나를 울려요
그날의 쓸쓸했던 표정이
그대의 진심인가요
한마디 변명도 못하고
잊혀져야 하는건가요
언제나 돌아오는 계절은
나에게 꿈을 주지만
이룰 수 없는 꿈은 슬퍼요
나를 울려요"
문 밖에 있는 그대,"3,700",박강성,"그대 사랑했단 거
오래 전에 얘기지
노을처럼 피어난
가슴 태우던 사랑
그대 떠나 가던 밤
모두 잊으라시며
마지막 눈길 마저
외면하던 사람이
초라한 모습으로 다시 돌아와
오늘은 거기서 울지만
그렇게 버려 둔 내 마음속에
어떻게 사랑이 남아요
한번 떠난 사랑은
내 마음엔 없어요
추억도 내겐 없어요
문 밖에 있는 그대
눈물을 거둬요
가슴 아픈 사랑을
이제는 잊어요

초라한 모습으로 다시 돌아와
오늘은 거기서 울지만
그렇게 버려 둔 내 마음속에
어떻게 사랑이 남아요
한 번 떠난 사랑은
내 마음엔 없어요
추억도 내겐 없어요
문 밖에 있는 그대
눈물을 거둬요
가슴 아픈 사랑을
이제는 잊어요"
어느날 문득,"2,964",정수라,"어느 날 문득 돌아다보니
지나온 모든 게 다 아픔이네요
날 위해 모든 걸 다 버려야는데
아직도 내 마음 둘 곳을 몰라요
오늘도 가슴엔 바람이 부네요
마음엔 나도 모를 설움이 가득
어디로 갈까요 어떻게 할까요
아직도 내가 날 모르나봐요
언제쯤 웃으며 날 볼 수 있을까
언제쯤 모든 걸 다
내려놓을 수 있을까
그땐 왜 그랬을까 그땐 왜 몰랐을까
사랑에 이별이 숨어있는지
어느 날 문득 생각해 보니
내가 없으면 세상이 없듯이
날 위해 이제는 다 비워야는데
아직도 내가 날 모르나봐요
언제쯤 웃으며 날 볼 수 있을까
언제쯤 모든 걸 다
내려놓을 수 있을까
그땐 왜 그랬을까 그땐 왜 몰랐을까
사랑에 이별이 숨어있는지
어느 날 문득 생각해 보니
내가 없으면 세상이 없듯이
날 위해 이제는 다 비워야는데
아직도 내가 날 모르나봐요
아직도 내가 날 모르나봐요"
울면서 후회하네,"27,934",임영웅,"순정을 다 바쳐서 믿었던 그 사람
사랑의 낙서만 남기고 떠나갔네
사랑이 이렇게도 괴로운 줄
왜 몰랐을까
빼앗긴 내 마음을
찾을 수도 없으면서
울면서 후회하네
아 스쳐만 지나갈 걸
그냥 그대로 있을 걸
당신 앞에 머뭇거린
내가 미워서
울면서 후회하네
이 마음 다 바쳐서 믿었던 그 사람
사랑의 상처만 남기고 떠나갔네
슬픔이 이렇게도 아픈 것을
왜 몰랐던가
상처 난 내 마음을
달랠 수도 없으면서
울면서 후회하네
아 차라리 스칠 것을
쳐다보지 말 것을
당신 앞에 서성거린
내가 미워서
울면서 후회하네
당신 앞에 머뭇거린
내가 미워서
울면서 후회하네
울면서 후회하네
울면서 후회하네"
바람 같은 사람,"10,432",이찬원,"바람 같은 사람아
그리움 남기고 떠난 사람아
떠나지 말라고 애원을 해봐도
뒤도 한 번 보지 않고 떠난 사람아
해바라기 볕을 쫓아 바라보듯이
당신만 보고 있네요
꿈에서라도 한 번만 볼 수 있다면
가버린 너에게 내 마음 전할 텐데
그럴 텐데
바람 바람 잡을 수 없는 바람
잊지 못하는 내가 싫어요
바람 같은 사람아
그리움 남기고 떠난 사람아
떠나지 말라고 애원을 해봐도
뒤도 한 번 보지 않고 떠난 사람아
해바라기 볕을 쫓아 바라보듯이
당신만 보고 있네요
꿈에서라도 한 번만 볼 수 있다면
가버린 너에게 내 마음 전할 텐데
그럴 텐데
바람 바람 잡을 수 없는 바람
잊지 못하는 내가 싫어요
바람 바람 잡을 수 없는 바람
당신만을 사랑한 내가 미워요"
남행열차,"3,509",김수희,"비 내리는 호남선 남행열차에
흔들리는 차창 너머로
빗물이 흐르고 내 눈물도 흐르고
잃어버린 첫사랑도 흐르네
깜빡 깜빡이는 희미한 기억속에
그때 만난 그 사람
말이 없던 그 사람
자꾸만 멀어지는데
만날 순 없어도 잊지는 말아요
당신을 사랑했어요

비 내리는 호남선 마지막 열차
기적소리 슬피 우는데
빗물이 흐르고 내 눈물도 흐르고
잃어버린 첫사랑도 흐르네
깜빡 깜빡이는 희미한 기억속에
그때 만난 그 사람
말이 없던 그 사람
자꾸만 멀어지는데
만날 순 없어도 잊지는 말아요
당신을 사랑했어요
만날 순 없어도 잊지는 말아요
당신을 사랑했어요"
사내,"18,175",영탁,"큰 소리로 울면서 이 세상에 태어나
가진 것은 없어도 비굴하진 않았다
때론 사랑에 빠져 비틀댄 적 있지만
입술 한 번 깨물고 사내답게 웃었다
긴가민가하면서 조마조마하면서
설마설마하면서 부대끼며 살아온
이 세상을 믿었다 나는 나를 믿었다
추억 묻은 친구야 물론 너도 믿었다
긴가민가하면서 조마조마하면서
설마설마하면서 부대끼며 살아온
이 세상을 믿었다 후회 역시도 없다
사내답게 살다가 사내답게 갈 거다
사내답게 갈 거다"
인생이란 게,"1,114",송민준,"인생이란 게 살다가보니
내 뜻대로 되는 게 없었고

이 세상이 나를 힘들게 한다고
그렇게만 생각했는데

인생이란 게 살다가보니
이렇게 별일 아니었는데

이 세상이란 게 나를 위해서
살아가는 이유라는 걸

세월 지나 인생길 뒤돌아보니
못 해본 게 너무도 많아서

이제라도 더 늦기 전에
날 위해 사는 게
그렇게 큰 욕심은 아닌데

시간 흘러 그때는 말할게
많이 웃고 울었다
고생했다 내 인생아

인생이란 게 살다가보니
이렇게 별일 아니었는데

이 세상이란 게 나를 위해서
살아가는 이유라는 걸

세월 지나 인생길 뒤돌아보니
못 해본 게 너무도 많아서

이제라도 더 늦기 전에
날 위해 사는 게
그렇게 큰 욕심은 아닌데

시간 흘러 그때는 말할게
많이 웃고 울었다
고생했다 내 인생아

고생했다 내 인생아"
약속,"4,015",전유진,"기억하나요 가슴 아픈 사연을
내 님 오실 날을 저울질 하나요
한참 후에야 그 마음을 알았죠
내가 아닌 곳에 머물러 있다는 걸
내게 올 순 없나요 사랑할 순 없었나요
그대 헤일 수 없는 맘 나였던가요
잊지 말아요 가슴 아픈 사랑이
슬퍼하는 날엔 내가 서 있을게요
내게 올 순 없나요 사랑할 순 없었나요
그대 헤일 수 없는 맘 나였던가요
이대로 안되나요 돌아올 길 잊었나요
그대 헤일 수 없는 맘 나였던가요
잊지 말아요 가슴 아픈 사랑이
슬퍼하는 날엔 내가 서 있을게요
잊지 말아요 가슴 아픈 사랑이
슬퍼하는 날엔 내가 서 있을게요"
내 이름 아시죠,403,복지은,"어두운 그 길을 어찌 홀로 가나요
새들도 나무들도 슬피 우는 밤
조심조심 가세요
넘어지면 안 돼요
달님이 그 먼 길을 지킬 겁니다
내 이름 아시죠
한 글자 한 글자
지어주신 이름
내 이름 아시죠
가시다가 외로울 때 불러주세요
길 잃으면 안 돼요
꿈에 한 번 오세요
잘 도착했다 말해요

조심조심 가세요
넘어지면 안 돼요
달님이 그 먼 길을 지킬 겁니다
내 이름 아시죠
한 글자 한 글자
지어주신 이름
내 이름 아시죠
가시다가 외로울 때 불러주세요
내 이름 아시죠
한 글자 한 글자
지어주신 이름
내 이름 아시죠
가시다가 외로울 때 불러주세요
길 잃으면 안 돼요
꿈에 한 번 오세요
잘 도착했다 말해요
잘 도착했다 말해요"
줄리아,362,미스터 팡,"나의 모든 것을 빼앗아가버린 여인아
나의 모든 것을 앗아가버린 여인아
마지막 남은 나의 웃음 마저도
송두리채 앗아가버린 여인아 여인아
너를 알고부터 슬픔은 시작되었고
사랑을 하면서 이별을 기다렸지
돌아서는 너의 모습을 바라보면서
안타까운 맘에 내가 운다 줄리아
줄리아~아아아아 아아아아아
꿈에도 못 잊을 여인아
줄리아~아아아아 아아아아아
영원히 잊을 수 없는 나의 사람아
외로움에 지친 나의 가슴을 달래주던
아름다운 너의 미소를 생각하면서
하루에 하루가 더하는 이 순간에도
너만을 못 잊어 내가 운다 줄리아
줄리아~아아아아 아아아아아
꿈에도 못 잊을 여인아
줄리아~아아아아 아아아아아
영원히 잊을 수 없는 나의 사람아
줄리아~아아아아 아아아아아
영원히 잊을 수 없는 나의 사람아"
그 겨울의 찻집,"26,272",임영웅,"바람속으로 걸어갔어요
이른 아침의 그 찻집
마른 꽃 걸린 창가에 앉아
외로움을 마셔요
아름다운 죄 사랑때문에
홀로 지샌 긴 밤이여
뜨거운 이름 가슴에 두면
왜 한 숨이 나는 걸까
아 웃고 있어도 눈물이 난다
그대 나의 사랑아
아름다운 죄 사랑때문에
홀로 지샌 긴 밤이여
뜨거운 이름 가슴에 두면
왜 한 숨이 나는걸까
아 웃고 있어도 눈물이 난다
그대 나의 사랑아"
밤차에서,"2,786",송가인,"밤차에서 밤차에서
우연히 만난 사람
이름도 묻지 않고
나이도 묻지 않고
첫눈에 반해버린
그 사람이 설레게 하네
나도 몰래 나도 몰래
사랑에 빠져버렸어
아 언제 다시 만날 수 있나
밤차에서 밤차에서
우연히 만난 사람
이름도 묻지 않고
나이도 묻지 않고
첫눈에 반해버린
그 사람이 설레게 하네
나도 몰래 나도 몰래
사랑에 빠져버렸어
아 언제 다시 만날 수 있나
만날 수 있나"
애원,"2,997",진시몬,"나에게 남아 있는 사랑을
이제는 다 줄 수 밖에
이 사랑일거라고
이사랑 뿐이라고
그렇게 믿었었는데
단 한번도 나에겐 사랑은
기회를 주지를 않아
내 앞에 누워 있는
이사람만은 안돼
차라리 나를 데려가
사랑 한다고 행복하다고
이렇게라도 볼수만 있다면
안돼요 이번만은 나 어떻게 살라고
마지막 마지막 사랑을
어떻게 하면돼요 난 뭐든지 다 할께요
한번만 사랑하게 해줘요

고개를 저어 봐도 울어 봐도
변한건 하나도 없어
왜 하필 나에게만
왜 하필 나에게만
이런 아픔을 주는지
사랑한다고 행복하다고
이렇게라도 볼수만 있다면
안돼요 이번만은
나 어떻게 살라고
마지막 마지막 사랑을
어떻게 하면 돼요
나 뭐든지 다 할께요
한번만 사랑하게 해줘요
한번만 사랑하게 해줘요"
시절인연,394,진혜언,"사람이 떠나간다고
그대여 울지 마세요
오고 감 때가 있으니
미련일랑 두지 마세요
친구가 멀어진다고
그대여 울지 마세요
오고 감 때가 있으니
이별에도 웃어주세요
좋았던 날 생각을 하고
고마운 맘 간직을 하며
아아아 살아가야지
바람처럼 물처럼
가는 인연 잡지를 말고
오는 인연 막지 마세요
때가 되면 찾아올 거야
새로운 시절인연
새로운 시절인연"
인생아 고마웠다,"2,362",박지현,"인생아 고마웠다
사람이 나를 떠나도
세상이 나를 속여도
내 곁에 있어주어서
인생아 고마웠다
사랑이 나를 떠나도
그것은 내 몫이라고
나에게 말해주어서
인생아 나 부탁을 한다
나 두 눈 감는 날에는
잘 살았다고 훌륭했다고
그 말만 해주라
눈물이 많은 삶이어서
고생했다 말해주라
배운 게 많은 삶이어서
아름답다 말해주라

인생아 고마웠다
빈 몸으로 태어나도
많은 걸 채워주고
빈 몸으로 보내주어서
인생아 나 부탁을 한다
나 두 눈 감는 날에는
잘 살았다고 훌륭했다고
그 말만 해주라
눈물이 많은 삶이어서
고생했다 말해주라
배운 게 많은 삶이어서
아름답다 말해주라
인생아 고마웠다
인생아 내 인생아
참 고마웠다
인생아 사랑한다
인생아 사랑한다"
자네! (8자는 뒤집어도 8자),"3,564",나훈아,"사랑이 떠나거든 그냥 두시게
마음이 떠나면 몸도 가야하네
누가 울거든 그냥 두시게
실컷 울고 나면 후련 해질거야
아 살다가보면 하나씩 잊혀지다가
아 살다가보면 까맣게 잊어버리지
지나간 사랑은 지워버리게
그래야 또 다른 사랑을 만나지
자네는 아직도 이별이 아픈가
망각은 신이 주신 최고의 선물이지
사랑을 묻거들랑 말해주시게
후회 하더라도 한번 해보라고
이별을 묻거들랑 거짓말하시게
아프긴 하여도 참을만 하다고
아 살다가보면 세상을 원망도 하고
아 살다가보면 세상을 고마워하지
지나간 상처는 잊어버리게
그래야 또 다른 행복을 맛보지
자네는 아직도 가끔씩 우는가
눈물은 아픔씻는 최고의 샘물이지
아 살다가보면 운명은 어쩔 수 없지
아 살다가보면 인연은 따로 있다네
노을이 진다고 슬퍼마시게
그래야 또 다른 내일이 온다네
자네는 아는가 진정 아는가
팔자는 뒤집어도 팔자인 것을"
좋아 좋아,"10,233",이찬원,"좋아 좋아 좋아 좋아 당신이 최고야
좋아 좋아 좋아 좋아 당신이 제일 좋아
좋아 좋아 좋아 좋아 당신이 최고야
이 세상에 단 한 사람 당신이 최고야
비가 와도 좋아 눈이 와도 좋아
당신을 보면
힘들어도 웃어 마음 아파도
웃어 당신 덕분에
오늘은 행복해 내일은 기대돼
당신 있기에
이 세상에 단 한 사람 당신 때문에
그댈 바라보는 내 눈빛이
언제나 반짝여요
밤하늘의 별빛처럼 눈부시게 반짝이는
그대 그 눈빛을 보고 있으면
좋아 좋아 좋아 좋아 당신이 최고야
좋아 좋아 좋아 좋아 당신이 제일 좋아
좋아 좋아 좋아 좋아 당신이 최고야
이 세상에 단 한 사람 당신이 최고야
그댈 바라보는 내 가슴이
두근두근 떨려와요
당신의 환한 미소에 떨리는
이 마음은 이유가 없어요
좋아 좋아 좋아 좋아 당신이 최고야
좋아 좋아 좋아 좋아 당신이 제일 좋아
좋아 좋아 좋아 좋아 당신이 최고야
이 세상에 단 한 사람 당신이 최고야
좋아 좋아 좋아 좋아 당신이 최고야
이 세상에 단 한 사람 당신이 최고야
내 평생에 단 한 사람 당신이 최고야"
멋진 인생,345,김양,"아리 아리 아리 동동
쓰리 쓰리 쓰리 동동

잘났다고 못났다고 누가 말했나
서로 믿고 사랑하면 그것이 멋진 인생

많고 많은 사람 중에 우리 만남은
하늘에서 맺어주신 천생연분일세

아리랑 쓰리랑 아라리가 났구나
아리 아리 아리 동동
쓰리 쓰리 쓰리 동동

아름다운 이 세상에 한 번 왔다 가는 인생
멋지게 살아보세

아리 아리 아리 동동
쓰리 쓰리 쓰리 동동

잘난 사람 못난 사람 따로 있더냐
서로 믿고 사랑하면 그것이 멋진 인생

백지장도 맞들면은 가볍다는데
세상살이 힘들거든 함께 살아봐요

아리랑 쓰리랑 아라리가 났구나
아리 아리 아리 동동
쓰리 쓰리 쓰리 동동

아름다운 이 세상에 한 번 왔다 가는 인생
멋지게 살아보세
멋지게 살아보세
멋진 인생"
이별,"2,039",린,"어쩌다 생각이 나겠지
냉정한 사람이지만
그렇게 사랑했던 기억을
잊을 수는 없을 거야

때로는 보고파지겠지
둥근달을 쳐다보면은
그날 밤 그 언약을 생각하면서
지난날을 후회할 거야

산을 넘고 멀리 멀리
헤어졌건만
바다 건너 두 마음은
떨어졌지만

어쩌다 생각이 나겠지
냉정한 사람이지만
그렇게 사랑했던 기억을
잊을 수는 없을 거야

산을 넘고 멀리 멀리
헤어졌건만
바다 건너 두 마음은
떨어졌지만

어쩌다 생각이 나겠지
냉정한 사람이지만
그렇게 사랑했던 기억을
잊을 수는 없을 거야"
대동강 편지,428,마이진,"대동강아 내가 왔다
을밀대야 내가 왔다

우표 없는 편지 속에
한 세월을 묻어 놓고

지금은 낯 설은 나그네 되어
칠백 리 고향 길을 찾아왔다고

못 본체 하네 못 본체 하네
반겨주려마

대동강아 내가 왔다
부벽루야 내가 왔다

주소 없는 겉봉투에
너의 얼굴 그리다가

눈보라 치던 밤 달도 없던 밤
울면서 떠난 길을 돌아왔다고

못 본체 하네 못 본체 하네
반겨주려마
반겨주려마"
꼰대라떼,"22,160",영탁,"제발 그만그만 그만해
오늘도 시작되는 꼰대라떼
아침에 한 잔 점심에 세 잔
저녁엔 열 잔이나 마셨는데
뻔뻔하게 뻔하게 반복되는
하루가 지나간다
왕년에 내가 말하신다면
오늘도 시작이구나
니까짓 게 뭘알아 궁금하시면
라떼를 한잔드세요
라떼라떼라떼라떼 라떼는 말이야
라떼라떼라떼라떼 라떼는 말이야
아침부터 시작되는 꼰대라떼
라떼라떼라떼라떼 라떼는 말이야
라떼라떼라뗀 말이야
제발 그만그만 그만해
오늘도 반복되는 꼰대라떼
아침에 번쩍 점심에 헤롱
저녁엔 내 정신이 어딜 갔나
뻔뻔하게 뻔하게 반복되는
하루가 지나간다
왕년에 내가 말하신다면
오늘도 시작이구나
니까짓 게 뭘 알아 궁금하시면
라떼를 한잔 드세요
라떼라떼라떼라떼 라떼는 말이야
라떼라떼라떼라떼 라떼는 말이야
아침부터 시작되는 꼰대라떼
라떼라떼라떼라떼 라떼는 말이야
라떼라떼라뗀 말이야
제발 그만그만 그만해
오늘도 반복되는 꼰대라떼
라떼라떼라떼라떼 라떼는 말이야
라떼라떼라떼라떼 라떼는 말이야
하루종일 계속되는 꼰대라떼
라떼라떼라떼라떼 라떼는 말이야
라떼라떼라뗀 말이야
제발 그만그만 그만해
리필은 됐습니다 꼰대라떼"
아로하,"34,727",임영웅,"어두운 불빛 아래 촛불 하나
와인 잔에 담긴 약속 하나
항상 너의 곁에서 널 지켜줄꺼야
날 믿어준 너였잖아
나 바라는 건 오직 하나
영원한 행복을 꿈꾸지만
화려하지 않아도 꿈같지 않아도
너만 있어주면 돼
걱정 마 I Believe
언제나 I Believe
이 순간을 잊지 않을께
내 품에 I Believe
안긴 너의 미소가
영원히 빛을 잃어 가지 않게
Cause your love is so sweet
You are my everything
첫 날밤의 단 꿈에 젖어
하는 말이 아냐
난 변하지 않아
오직 너만 바라볼꺼야
You're light of my life
You're the one in my life
내 모든걸 다 잃는데도
후회하지 않아 오직 너를 위한
변하지 않는 사랑으로
나 바라는 건 오직 하나
영원한 행복을 꿈꾸지만
화려하지 않아도 꿈같지 않아도
너만 있어주면 돼
약속해 I Believe
힘들 때 I Believe
너의 그늘이 되어줄께
내 품에 I Believe
안긴 너의 미소가
영원히 빛을 잃어 가지 않게
Cause your love is so sweet
You are my everything
첫날밤의 단 꿈에 젖어
하는 말이 아냐
난 변하지 않아
오직 너만 바라볼 꺼야
You're light of my life
You're the one in my life
내 모든 걸 다 잃는데도
후회하지 않아
오직 너를 위한
변하지 않는 사랑으로
You're light of my life
You're the one in my life
내 모든걸 다 잃는데도
후회하지 않아
오직 너를 위한
변하지 않는 사랑으로
All I ever want is your love"
단짠,"2,315",진해성,"인생은 단짠 단짠 단짠 단짠
달고 짠거야
울다가도 웃는거잖아
인생은 단짠 단짠 단짠 단짠
달고 짜니까
맛있는 인생 살맛나는 인생인거야
실연도 있고 설렘도 있는
사랑의 순간도 있었다
아픔도 있고 성장도 있는
청춘의 시간도 있었다
눈물의 시간이 있어
기쁨의 순간이 있다
인생은 단짠 단짠 단짠 단짠
달고 짠거야
울다가도 웃는거잖아
인생은 단짠 단짠 단짠 단짠
달고 짜니까
맛있는 인생 살맛나는 인생인거야
이별도 있고 만남도 있는
인연의 과정도 있었다
희극도 있고 비극도 있는
인생의 무대도 있었다
눈물의 시간이 있어
기쁨의 순간이 있다
인생은 단짠 단짠 단짠 단짠
달고 짠거야
울다가도 웃는거잖아
인생은 단짠 단짠 단짠 단짠
달고 짜니까
맛있는 인생 살맛나는 인생인거야
아아아아
맛있는 인생 살맛나는 인생인거야"
오늘같이 좋은 날,"4,754",송가인,"푸른바다에 배를 띄워라
근심걱정 다버리고
이렇게 좋은날에 이렇게 좋은날에
우리모두 뱃놀이 가자
사람이 살면은 몇백년 산다고
아둥바둥 욕심을 내나
오늘같이 좋은날 오늘같이 좋은날
아니놀고 무엇하리
어차피 인생이란 한번뿐인데
웃으면서 살아갑시다
푸른바다에 노를 저어라
사랑하는 정든님과
이렇게 좋은날에 이렇게 좋은날에
우리모두 춤을 춰보자
사람이 살면은 몇백년 산다고
아둥바둥 욕심을 내나
오늘같이 좋은날 오늘같이 좋은날
아니놀고 무엇하리
어차피 인생이란 한번뿐인데
사랑하며 살아갑시다
어차피 인생이란 한번뿐인데
사랑하며 살아갑시다"
바보같지만,"26,380",임영웅,"당신 미워할 수 없는 사랑
내 가슴에 간직한 사랑
햇살처럼 너의 기억을 등에 지고
난 살아 갈 테야
가슴이 아파도 울지 않아요
눈물이 흘러도 닦지 않아요
내 가는 길엔 언제나
당신이 그림자 되어
남아 있을 테니까
바보 같지만 바보 같지만
그래도 난 널 사랑하는 걸
바보 같지만 바보 같지만
그래도 난 널 사랑하는 걸
비가 오면 오는 대로
눈이 오면 오는 대로
그렇게 그렇게 살아 갈 테야
가슴이 아파도 울지 않아요
눈물이 흘러도 닦지 않아요
내 가는 길엔 언제나
당신이 그림자 되어
남아 있을 테니까
바보 같지만 바보 같지만
그래도 난 널 사랑하는 걸
바보 같지만 바보 같지만
그래도 난 널 사랑하는 걸
비가 오면 오는 대로
눈이 오면 오는 대로
그렇게 그렇게 살아 갈 테야
그렇게 그렇게 살아 갈 테야"
꽃바람,"3,356",홍지윤,"아 바람 불면
꽃바람이 살랑살랑
꿈에서도 그리던
님이 찾아 오려나
두근두근 설레는 가슴
나만을 사랑해 영원히 사랑해
그 한마디 남기고 떠난 사람
버들피리 불던 내 고향
시냇가에 무지개 뜨면
징검다리 건너서
님이 돌아온다고
두근두근 설레는 가슴
아 꽃비 내리면
봄바람이 산들 산들
꿈에서도 그리던
님이 찾아 오려나
두근두근 설레는 가슴
나만을 사랑해 영원히 사랑해
그 한마디 남기고 떠난 사람
하모니카 불던 내 고향
뒷동산에 보름달이 뜨면
산모퉁이 돌아서
님이 돌아온다고
두근두근 설레는 가슴
산모퉁이 돌아서
님이 돌아온다고
두근두근 설레는 가슴"
안돼요,"7,716",홍진영,"안 돼요 그대 떠나신다면
안 돼요 나는 못 보내요
싫어요 그대 잊으시라면
그럴 자신 나는 없어요
시간이 흘러 흘러가도
쉽게 지워지지 않는 기억들
단 하루를 살아도 나에겐 전부인 걸
그대 곁에 머물고 싶어
세상에 남아 아픈 추억에 남아
기다리면 다시 볼 수 있을까
눈물에 담아 시린 가슴을 숨겨봐도
난 나는 안 돼요
안 돼요 그대 잊으시라면
그럴 자신 나는 없어요
잊으려 미워 미워해도
쉽게 지워지지 않는 기억들
단 하루를 살아도 나에겐 전부인 걸
그대 곁에 머물고 싶어
세상에 남아 아픈 추억에 남아
기다리면 다시 볼 수 있을까
눈물에 담아 시린 가슴을 숨겨봐도
나는 나는 안 돼요
가슴에 남아 그대 흔적이 남아
꿈에서나 다시 볼 수 있을까
눈물에 담아 시린 가슴을 숨겨봐도
난 나는 안 돼요
난 나는 안 돼요"
천태만상,"11,559",윤수현,"천태만상 인간세상
사는법도 가지가지
귀천이 따로있나
재판한다 판사 변호한다 변호사
범인잡는 형사 계룡산에 부채도사
연구한다 박사 운전한다 기사
트럭 택시 기차 전차
버스 봉고 도저 기중기
요리한다 요리사 소개한다 중계사
파마한다 미용사 간호한다 간호사
얼럴러리여
천태만상 인간세상
사는법도 가지가지
귀천이 따로있나
술판다 술장수 밥판다 밥장수
옷판다 옷장수 고기채소 과일장수
놀고먹는 백수 운동한다 선수
축구 야구 농구 배구
씨름 골프 복싱 태권도
말을탄다 기수 집짓는다 목수
돌깎는다 석수 고라니잡는 포수
얼럴러리여
천태만상 인간세상
사는법도 가지가지
귀천이 따로있나
천태만상 인간세상
사는법도 가지가지
귀천이 따로있나
설교한다 목사님 염불한다 스님
가르친다 선생님 병고친다 의사님
재롱둥이 연예인 나라지키는 군인
육군 공군 해군 해병대
특전사 카츄샤 순경 의경
공무보는 공무원 업무보는 회사원
경비보는 경비원 청소하는 미화원
얼럴러리여
천태만상 인간세상
사는법도 가지가지
귀천이 따로있나
농사짓는 농부 고기잡는 어부
공사장에 잡부 알바 도우미 파출부
약초캐는 심마니 오일장에 할머니
달래 냉이 취나물 콩나물
고사리 더덕 단감 곶감
이고 지고 오셔서 한푼두푼 벌어서
손주 용돈 주면서 고생고생하는데
백수가 웬말이냐
천태만상 인간세상
사는법도 가지가지
귀천이 따로있나"
이불,"20,804",영탁,"도닥도닥 내 사람아
오늘 하루 어찌 보냈소
걸음걸음 걸음걸음이
힘겨웠다 말도 못 하고
찬비 맞아 시려운
달빛마저 무거운
그저 몸을 뉘고 싶을 때
나는 그대 이불이 되어
아픈 마음 덮어 주겠소
이젠 나의 품에 안기어
좋은 꿈만 꾸길 바라오
도닥도닥 내 사람아
고운 꿈만 꾸길 바라오
이리저리 부는 바람에
휘청이며 걸어왔구려
그대 혼자 외로이
어둔 밤에 쓸쓸히
눈물 속에 잠을 청할 때
나는 그대 이불이 되어
아픈 마음 덮어 주겠소
이젠 나의 품에 안기어
좋은 꿈만 꾸길 바라오
나의 품에 안기어
고운 꿈만 꾸길
바라오
도닥도닥 내 사람아
당신 옆엔 내가 있다오"
토요일 밤에,"2,372",김혜연,"오늘밤만은 오늘만은
그대 나를 떠나가지마라
깊어가는 이 밤
토요일 밤엔
그대 이 순간을 느껴
날 버리고 떠난
광수와 광태
다정했던 영자와 옥자
오늘밤만은 모두 잊어요
토요일 밤 토요일 밤에
날 따라해봐 미친척하고
소릴 질러봐
삶이 나
나를 힘들게 하고
열받게 해도
이 시간이 간이
다가기 전에
내 품에 안겨 안겨봐
날 괴롭히는
사장 부장님
사랑했던 미자와 숙자
오늘밤만은 모두 잊어요
토요일 밤 토요일 밤에
날 따라해봐
양손을 들고
힘껏 뛰어봐
삶이 나
나를 힘들게 하고
미치게 해도
이 시간이 간이
다가기 전에
내 품에 안겨 안겨봐
날 따라해봐
미친척하고
소릴 질러봐
난나 나 나나
나나나 나나
크게 더 크게
토요일 밤 토요일 밤에
내 품에 안겨 안겨봐"
비와 외로움,"2,578",바람꽃,"낯설은 이 비가
내몸을 적시며
살며시 찾아드는
외로움
조용한 선술집에서
생각하는 그대모습
귓가에 가로등
내몸을 비추며
살며시 찾아 드는 외로움
조용한 그 카페에서
생각하는 그대모습
그대가 내곁에서 멀어져
바람속에 묻힐때
또다시 길을 나서며 만드는
낯설은 비와 외로움
내마음 쓰러져 길가에
쓸쓸함이 쌓이네
귓가에 가로등
내몸을 비치며
살며시 찾아드는 외로움
조용한 그 카페에서
생각하는 그대모습
그대가 내곁에서 멀어져
바람속에 묻힐때
또다시 길을나서며 만드는
낯설은 비와 외로움
내마음 쓰러져
길가에 쓸쓸함이 쌓이네
내마음 쓰러져
길가에 쓸쓸함이 쌓이네"
울아버지,256,이수연,"조각배에 실려 가는
초승달을 보면
인자하신 아버지가
불현듯 떠오릅니다
등에 한 짐 지시고
오르던 언덕 그 길에
찔레꽃 호박 꽃도 그대로인데
아버지만 늙으셨어요
아 아버지
오늘따라 울 아버지 보고 싶어요
아 아버지
울 아버지 울 아버지 오래오래 사세요
아버지"
이별편지,"1,577",진욱,"어둠이 드리운 이 거리
어디로 가야하나
안개 빗 속에 스며든 이름
헤적이는 외로운 밤이여
가슴에 뿌리내린 사랑
불꽃처럼 피어 태워지나
이토록 아름다운 밤에
나를 홀로 두나요
안개 속에 갇힌 채 그대 부름은
오늘 밤도 잠 못드는 편지
나홀로 버려진 이거리
추억을 거니는가
차가운 비로 스며든 그대
헤적이는 외로운 밤이여
가시 돋혀 있어도 우린
꽃한송이란걸 왜 몰라요
이토록 아름다운 밤에
나를 홀로 두나요
안개 속에 갇힌 채 그대 부름은
오늘 밤도 잠 못드는 편지
이토록 슬피 우는 밤에
나를 홀로 두나요
붉게 물든 내 사랑 그대 장미 꽃
오늘 밤도 소리없는 기다림
오늘 밤도 잠 못드는 편지"
행운을 드립니다+풍악을 울려라,878,김다현,"행운을 드립니다
여러분께 드립니다
삼태기로 퍼드립니다

에루화 둥실 두둥실
두리두리 둥실 두둥실

말 잘 듣는 아이에겐
기쁨을 듬뿍 전해주고

개구쟁이 아이에겐
즐거움을 나눠주죠

에루화 둥실 두둥실
두리두리 둥실 두둥실
두리두리 둥실 두둥실-

풍악을 울려라
온 세상 떠들썩하게

풍악을 울려라
내 님이 춤출 수 있게

이 세상에서 제일로 예쁜
고운 님이 오신다는데

이보다 더 나 기쁠 수 있나
세상이 다 내 것이로세

벌 나비가 춤을 추고
산에 들에 꽃 천지

내 마음은 살랑 춘풍이
어깨춤 절로 더덩실

풍악을 울려라
온 세상 떠들썩하게

풍악을 울려라
내 님이 춤출 수 있게

풍악을 울려라
온 세상 떠들썩하게

풍악을 울려라
내 님이 춤출 수 있게

풍악을 울려라
온 세상 떠들썩하게

풍악을 울려라
내 님이 취할 수 있게
내 님이 안길 수 있게

풍악을 울려라"
짜라자짜 (Feat. 다비치),"6,900",주현미,"사랑이 좋아 보여서
그대가 좋아 보여서
그렇게 시작한
이제는 끝이난
눈물만 남은 내 사랑
좋은 사람 편한 사람
나만을 사랑해준 그 사람
아니죠 이제는 아니죠
모질게 변한 그 사람
사랑해서 정말 미안합니다
못잊어서 정말 죄송합니다
이제 그대 흔적을 지우렵니다
한때 나의 전부를
사랑이 정말 싫어서
그런거 이제 안해요
이렇게 말해도 다시 또 찾겠죠
그대와 닮은 사람을
좋은 사람 좋은 여자 되려면
아직 부족했나요
그래요 내가 좀 그래요
그래서 그댈 보냈죠
사랑해서 정말 미안합니다
못잊어서 정말 죄송합니다
이제 그대 흔적을 지우렵니다
한 때 나의 전부를

사랑만 남겨놓고 이별만 남겨놓고
그럼 난 어떡하나요

속절없이 사랑했나 봅니다
나란 여자 미련했나 봅니다
이젠 그대 뒤에서 바라봅니다
눈물로 바라봅니다
사랑해서 정말 미안합니다
못잊어서 정말 죄송합니다
이제 그대 흔적을 지우렵니다
한때 나의 전부를
모두 다 지우렵니다
깨끗히 잊겠습니다"
상사화,"8,824",장민호,"모란이 피면 모란으로
동백이 피면 넌 다시 동백으로
나에게 찾아와 꿈을 주고
너는 또 어디로 가버리나
인연이란 끈을 놓고 보내긴 싫었다
향기마저 떠나보내고
바람에 날리는 저 꽃잎 속에
내 사랑도 진다
아 모란이 아 동백이
계절을 바꾸어 다시 피면
아 세월이 휭 또 가도
내 안에 그대는 영원하리
인연이란 끈을 놓고 보내긴 싫었다
향기마저 떠나보내고
바람에 날리는 저 꽃잎 속에
내 사랑도 진다
아 모란이 아 동백이
계절을 바꾸어 다시 피면
아 세월이 휭 또 가도
내 안에 그대는 영원하리
아 모란이 아 동백이
계절을 바꾸어 다시 피면
아 세월이 휭 또 가도
내 안에 그대는 영원하리"
십리벚꽃길,393,별사랑,"그 사람 따라 길을 걸었지
볼 수는 없어도
떠나버린 사랑 잊지 못하고
그리움을 따라 걷지

딱 한 번 가는 십리벚꽃길
사연도 참 많았기에
지나와 보니 더욱 그리운
이 마음 하염없어라

꽃이 필 때쯤 소식 있겠지
그때쯤 만나지겠지

한 계절 꽃이 피고 지듯이
찰나의 세월아
도돌이표 돌다 온 그리움 속에
젖어드는 추억들아

딱 한 번 가는 십리벚꽃길
사연도 참 많았기에
지나와 보니 더욱 그리운
이 마음 하염없어라

꽃이 필 때쯤 소식 있겠지
그때쯤 만나지겠지
그때쯤 만나지겠지"
월량대표아적심 (기다리는 마음),"12,234",홍진영,"내 마음이죠 다 내꺼죠
그대만 몰라요
내 가슴속에 애타는 이 마음
그댄 모르잖아요
참 나빠요 못됐어요
왜 모른 체 해요
옆에 있는 날 한번 봐줘요
여기 서 있을게요
바람타고 멀리
벚꽃향기 스칠 때
내게로 와줘요
내 손 잡아주세요
바람 속에 그대 향기
내 마음을 적실 때
나의 눈물이 말해주네요
그댈 기다리는 마음
바람타고 멀리
벚꽃향기 스칠 때
내게로 와줘요
내 손 잡아주세요
바람 속에 그대 향기
내 마음을 적실 때
나의 눈물이 말해주네요
그댈 기다리는 마음
나의 눈물이 말해주네요
그댈 기다리는 마음"
들꽃,"1,049",주병선,"밤 하늘 달 걸음 따라서

당신이 보고싶은 밤

가슴 속에 가득 별님처럼 가득

당신 얼굴이 아련해



아~~ 내안에 활짝 피어난

들꽃 하나 꺽어 쥐고서





사랑이라오 한송이 꽃이라오

천송이 만송이 당신께 주고픈데

손끝에 엉성히 구겨진 들꽃 하나가

내 맘을 불꽃처럼 태웠소



당신과 나란히 잠든 방

수척한 그댈 보면서

나도 몰래 글썽 당신 몰래 글썽

눈물 소리가 가득해



아~~ 세상에 고운 사랑아

이 사람 좀 데려가주오



사랑이라오 한송이 꽃이라오

천송이 만송이 당신께 주고픈데

손끝에 엉성히 구겨진 들꽃 하나가

내 맘을 불꽃처럼 태웠소"
무시로,"1,155",나훈아,"이미 와버린 이별인데
슬퍼도 울지 말아요
이미 때늦은 이별인데
미련은 두지 말아요
눈물을 감추어요 눈물을 아껴요
이별보다 더 아픈게 외로움인데
무시로 무시로
그리울 때 그 때 울어요
이미 돌아선 님이라면
미워도 미워말아요
이미 약속된 이별인데
아무 말 하지 말아요
눈물을 감추어요 눈물을 아껴요
이별보다 더 아픈게 외로움인데
무시로 무시로
그리울 때 그 때 울어요"
평행선,806,조정민,"나는 나밖에 모르고
너는 너밖에 모르고
그래서 우리는 똑같은 길을 걷지
평행선
나는 나밖에 몰랐지
너는 너밖에 몰랐지
그래서 우리는 만날 수 없는 거야
평행선
아직 사랑하고 있는데
서로 바라보고 싶은데
나는 다가서지 못하고
다른 길을 가고 있어
우리 서로 다시 만날 수 없는가
캄캄한 미로를 헤매이네
우리 서로 사랑할 수는 없는가
끝없는 평행선 걷고 있네
아직 사랑하고 있는데
서로 바라보고 싶은데
나는 다가서지 못하고
다른 길을 가고 있어
우리 서로 다시 만날 수 없는가
캄캄한 미로를 헤매이네
우리 서로 사랑할 수는 없는가
끝없는 평행선 걷고 있네"
용두산 엘레지,"3,247",송가인,"용두산아 용두산아
너만은 변치 말자
한발 올려 맹세하고
두 발 디뎌 언약하던
한 계단 두 계단
일백구십사 계단에
사랑 심어 다져놓은
그 사람은 어디 가고
나만 혼자 쓸쓸히도
그 시절 못 잊어
아 못 잊어 운다
둘이서 거닐던
일백구십사 계단에
즐거웠던 그 시절은
그 어디로 가버렸나
잘 있거라 나는 간다
꽃피던 용두산
아 용두산 엘레지"
장윤정 트위스트,"4,036",장윤정,"랄랄라 차차차 랄랄라 랄랄라
차차차 장윤정
트위스트 춤을 춥시다
랄랄라 차차차 랄랄라 랄랄라
차차차 장윤정
트위스트 춤을 춥시다
그대 스텝에 맞춰
그대 몸짓에 맞춰
비비고 돌리고 돌려
트위스트 춤을 춥시다
슬픈 일일랑 던져
아픈 사랑도 던져
괴로움 외로움 잊어
오늘은 모두 잊어
화끈한 음악에 취해
그대의 사랑에 취해
트위스트 트위스트
트위스트 춤을 춰요
여길봐 이렇게 이렇게
엉덩일 돌려 섹시하게
당신과 숨쉬는 이밤에
사랑의 춤을 춰봐요
트위스트 트위스트
트위스트 춤을 춥시다
트위스트 트위스트
트위스트 춤을 춥시다

랄랄라 차차차 랄랄라 랄랄라
차차차 장윤정
트위스트 춤을 춥시다
랄랄라 차차차 랄랄라 랄랄라
차차차 장윤정
트위스트 춤을 춥시다
슬픈 일일랑 던져
아픈 사랑도 던져
괴로움 외로움 잊어
오늘은 모두 잊어
황홀한 조명에 취해
그대의 체온에 취해
트위스트 트위스트
트위스트 춤을 춰요
여길봐 이렇게 이렇게
두팔을 높이 흔들어봐
오늘은 이순간 영원히
시간아 멈춰 버려라
트위스트 트위스트
트위스트 춤을 춥시다
트위스트 트위스트
트위스트 춤을 춥시다
트위스트 트위스트
트위스트 춤을 춥시다
트위스트 트위스트
트위스트 춤을 춥시다"
비가,470,전유진,"사랑하는 사람의
그 이름을 끝내 부르지 못해
그리움 하나로 잊혀져 가는
내 이름 석 자

등을 돌려 내게서
등 돌려 가는 사람이여
그래 말 없이 떠나라
다신 돌아오지 말아라

바람에 스치우는
그대 그리운 말
이젠 잊으리라

노을 한 자락에도 떨어지는
이 눈물은 씻어지리라

살다 살다 외로워질 때
나보다 더 그대 외로울 때
그때 그리워지리라
잊혀진 내 이름 석 자

바람에 스치우는 그대
그리운 말
이젠 잊으리라

노을 한 자락에도 떨어지는
이 눈물은 씻어지리라

살다 살다 외로워질 때
나보다 더 그대 외로울 때
그때 그리워지리라

잊혀진 내 이름 석 자
잊혀진 내 이름 석 자"
뿐이고,"4,739",박구윤,"뿐이고 뿐이고 뿐이고
내 사랑은 당신뿐이다
여기에 있어도 당신뿐이고
저기에 있어도 당신뿐이고
이 넓은 세상 어느 곳에 있어도
내 사랑은 당신뿐이다
힘든 날은 두 어깨를 기대고 가고
좋은 날은 마주 보고 가고
비바람 불면 당신 두 손을
내가 내가 붙잡고 가고
돈 없어도 당신뿐이고
돈 많아도 당신뿐이고
이 넓은 세상 어느 곳에 있어도
내 사랑은 당신뿐이다
내 사랑은 당신뿐이다
여기에 있어도 당신뿐이고
저기에 있어도 당신뿐이고
이 넓은 세상 어느 곳에 있어도
내 사랑은 당신뿐이다
힘든 날은 두 어깨를 기대고 가고
좋은 날은 마주 보고 가고
비바람 불면 당신 두 손을
내가 내가 붙잡고 가고
돈 없어도 당신뿐이고
돈 많아도 당신뿐이고
이 넓은 세상 어느 곳에 있어도
내 사랑은 당신뿐이다
뿐이고 뿐이고 뿐이고 당신뿐이다"
당돌한 여자,"5,580",서주경,"일부러 안 웃는 거 맞죠
나에게만 차가운 거 맞죠
알아요 그대 마음을
내게 빠질까봐 두려운 거죠
그대는 그게 매력이예요
관심없는 듯한 말투 눈빛
하지만 그대 시선을
나는 안보고도 느낄 수 있죠
집으로 들어가는 길인가요
그대의 어깨가 무거워 보여
이런 나 당돌한가요
술 한 잔 사주실래요
야이 야이 야이 야이 날 봐요
우리 마음 속이지는 말아요
날 기다렸다고 먼저 얘기하면
손해라도 보나요
야이 야이 야이 야이 말해요
그대 여자 되달라고 말해요
난 이미 오래전
그대 여자이고 싶었어요
애인이 없다는 거 맞죠
혹시 숨겨둔 건 아니겠죠
믿어요 그대의 말을
행여 있다 해도 양보는 싫어
그대는 그게 맘에 들어
여자 많은 듯한 겉모습에
사실은 아무에게나
마음 주지 않는 그런 남자죠
집으로 들어가는 길인가요
그대의 어깨가 무거워 보여
이런 나 당돌한가요
술 한 잔 사주실래요
야이 야이 야이 야이 날 봐요
우리 마음 속이지는 말아요
날 기다렸다고
먼저 얘기하면
손해라도 보나요
야이 야이 야이 야이 말해요
그대 여자 되달라고 말해요
난 이미 오래전
그대 여자이고 싶었어요"
사랑 바람,186,김소연,"사랑 바람 불어온다 가을밤에
두리둥실 꽃구름 타고
오늘만 같아라 세상살이가
웃음이 절로 나오네
누구나 한 번쯤 사랑에 울고
그 사랑에 웃기도 하지
아아아 불 밝혀라
내 님 오시는 길에
청산은 가슴에 두고
사랑 바람 따라가야지

사랑 바람 불어온다 가을밤에
두리둥실 꽃구름 타고
오늘만 같아라 세상살이가
웃음이 절로 나오네
누구나 한 번쯤 사랑에 울고
그 사랑에 웃기도 하지
아아아 불을 밝혀라
내 님 오시는 길에
청산은 가슴에 두고
사랑 바람 따라가야지
사랑 바람 따라가야지"
배 띄어라,"4,509",홍지윤,"배 띄워라 배 띄워라
아이야 벗님네야
배 띄워서 어서가자
배 띄워라 배 띄워라
아이야 벗님네야
배 띄워서 어서가자
동서남북 바람 불제
언제나 기다리나
술 익고 달이 뜨니
이때가 아니 드냐
배 띄워라
배 띄워라
아이야 벗님네야
배 띄워서 어서 가자
서럽다고 울지를 마랴
바람이 없으면 노를 젓고
바람이 불면 돛을 올려라
강 건너 벗님네들
앉아서 기다리랴
그리워 서럽다고 울지를 마랴
배 띄워라 배 띄워라
아이야 벗님네야
배 띄워서 어서가자
배 띄워라 배 띄워라"
물음표,225,오유진,"밉다 밉다 하면서도
미워할 수 없는 그 사람
온다 온다 온다더니
그 말도 모두 거짓말
물감으로 물감으로 색칠하듯
내 가슴만 물들여놓고
물음표만 물음표만
남겨 놓은 사람아
당신은 화가인가요
사랑의 물감인가요
빨갛게 물들여 놓고

긴가 민가 하면서도
믿을 수가 없는 그 사람
간다 간다 간다더니
그 말도 모두 거짓말
물감으로 물감으로 색칠하듯
내 가슴만 물들여놓고
물음표만 물음표만
남겨놓은 사람아
당신은 화가인가요
사랑의 물감인가요
빨갛게 물들여놓고
물감으로 물감으로 색칠하듯
내 가슴만 물들여놓고
물음표만 물음표만
남겨놓은 사람아
당신은 화가인가요
사랑의 물감인가요
빨갛게 물들여 놓고
물음표만 남긴 사람아"
이 오빠 뭐야,"3,130",요요미,"이 오빠 뭐야 이 오빠 뭐야
무턱대고 다가와 작업 걸지 마
이 오빠 뭐야 이 오빠 뭐야
처음 본 나에게 훅 가버렸네
아까부터 따라오는 저 오빠
왜 자꾸 따라오는 거야
두근두근 울렁대게
자꾸만 내게 다가오는 거야
안돼 안돼 안돼 이러면 안 되는데
조금만 더 다가오면 소리친다 소리쳐
이 오빠 뭐야 이 오빠 뭐야
무턱대고 다가와 작업 걸지 마
이 오빠 뭐야 이 오빠 뭐야
처음 본 나에게 훅 가버렸네
매일매일 우연인 척
나에게 다가오는 이 오빠 뭐야
오늘만은 내가 생각난다
몰라 몰라 나도 몰라
안돼 안돼 안돼 이러면 안 되는데
조금만 더 다가오면 소리친다 소리쳐
이 오빠 뭐야 이 오빠 뭐야
무턱대고 다가와 작업 걸지 마
이 오빠 뭐야 이 오빠 뭐야
처음 본 나에게 훅 가버렸네
안돼 안돼 안돼 이러면 안 되는데
한번 만 더 다가오면
넘어간다 넘어가
이 오빠 뭐야 이 오빠 뭐야
무턱대고 다가와 작업 걸지 마
이 오빠 뭐야 이 오빠 뭐야
처음 본 나에게 훅 가버렸네
이 오빠 뭐야 이 오빠 뭐야
무턱대고 다가와 작업 걸지 마
이 오빠 뭐야 이 오빠 뭐야
처음 본 나에게 훅 훅 훅 훅 훅
훅 훅 가버렸네
이 오빠 뭐야"
날 버린 남자,293,린,"사랑이 야속하더라
가는 당신이 무정하더라

잡지도 못하고 막지도 못하고
어쩔 수가 없더라
여자이기 때문에

날 두고 떠나가면 떠나버리면
정 때문에 나는 어떡해

날 울린 남자 날 버린 남자
사랑한 게 잘못이더라
사랑한 게 잘못이더라

사랑이 야속하더라
가는 당신이 무정하더라

잡지도 못하고 막지도 못하고
어쩔 수가 없더라
여자이기 때문에

날 두고 떠나가면 떠나버리면
정 때문에 나는 어떡해

날 울린 남자 날 버린 남자
사랑한 게 잘못이더라
사랑한 게 잘못이더라
사랑한 게 잘못이더라"
물음표,"2,772",송가인,"밉다 밉다 하면서도
미워할수 없는 그 사람
온다 온다 온다더니
그 말도 모두 거짓말
물감으로 물감으로 색칠하듯
내 가슴만 물들여놓고
물음표만 물음표만
남겨 놓은 사람아
당신은 화가인가요
사랑의 물감인가요
빨갛게 물들여 놓고
긴가 민가 하면서도
믿을수가 없는 그사람
간다 간다 간다더니
그 말도 모두 거짓말
물감으로 물감으로 색칠하듯
내 가슴만 물들여놓고
물음표만 물음표만
남겨놓은 사람아
당신은 화가인가요
사랑의 물감인가요
빨갛게 물들여놓고
물음표만 물음표만
남겨놓은 사람아
당신은 화가인가요
사랑의 물감인가요
빨갛게 물들여 놓고
물음표만 남긴 사람아"
붉은 입술,"1,854",나훈아,"밤을 세워 지는 달도
별을 두고 가는데
배 떠난 부두가에는
검은 연기만 남아
맺지못할 사연두고
떠난 사람을
이렇게 밤을 세워
울어야 하나
잊지 못할 붉을 입술

나를 두고 가는사람
원망도 했다만은
헤어질 운명이기에
웃으며 보냈지
단 하나의 사랑만은
믿어 주세요
사랑의 노래를 들려주는
잊지 못할 붉은 입술"
그대 발길 머무는 곳에,"2,615",조용필,"그대 발길이 머무는 곳에
숨결이 느껴진 곳에
내마음 머물게 하여 주오
그대 긴 밤을 지샌 별처럼
사랑의 그림자 되어 그곁에 살리라
아 내 곁에 있는 모든 것들이
정녕 기쁨이 되게 하여 주오
그리고 사랑의 그림자 되어
끝없이 머물게 하여주오
한순간 스쳐 가는 그세월을
내곁에 머물도록 하여주오
꿈이 꿈으로 끝나지 않을
사랑은 영원히 남아
언제나 내곁에

아 지금 내 곁에 있는 모든 것들이
정녕 기쁨이 되게 하여 주오
그리고 사랑의 그림자 되어
끝없이 머물게 하여주오
한순간 스쳐 가는 그세월을
내곁에 머물도록 하여주오
꿈이 꿈으로 끝나지 않을
사랑은 영원히 남아
언제나 내곁에
그대 발길이 머무는 곳에
숨결이 느껴진 곳에
내마음 머물게 하여 주오
그대 긴 밤을 지샌 별처럼
사랑의 그림자 되어 그곁에 살리라"
서울 가 살자,"2,120",금잔디,"그 이불솜 베게 다 버리고
우리 이제 서울 가서 살자
그대야가 말한 천 번에 약속은
괜찮으니 서울 가 살자
저 달이 건너가 먼저 비춘다니
우리 무슨 어떤 걱정 있을까요
그댈 원망하진 않아요 이젠
그래서 또 살아보는 세월일껀데
미련 없이 버리고서울 가 살자
그 다짐과 처음 약속 들고
우리 이제 서울 가서 살자
그대야가 흘린 미안한 눈물은
괜찮으니 서울 가 살자
별빛이 뜨고도 해가 있다는
그곳에서 어떤 행복 기다릴까요
그댈 원망하진 않아요 아마
내가 더 원했었던 사랑일테니
그대도 놓지 말아요오
저 달이 건너가 먼저 비춘다니
우리 무슨 어떤 걱정 있을까요
그댈 원망하진 않아요 이젠
그래서 또 살아보는 세월일껀데
미련없이 버리고서울가 살자"
엄마의 노래,"22,249",임영웅,"섬마을에 한 소녀와
총각선생님 이야기
부엌에서 들리던 엄마의 그 노래
오늘따라 눈물이 납니다
맛나고 좋은건 아니 아니
딸래미아들래미 키우시며
까맣게 타버린 눈물에 그 세월들을
어떻게 말로 다 할까요
고왔던 봄처녀를 무심히 데리고 간
그 세월이 너무 미워요
철없던 작은 아이가
이젠 나이를 먹었죠
세상살이 힘들어 지치는 날이면
듣고 싶은 엄마의 노래
맛나고 좋은것아니아니
딸래미아들래미 키우시며
까맣게 타버린 눈물의 그 세월들을
어떻게 말로 다 할까요
고왔던 봄처녀를 무심히 데리고 간
그 세월이 너무 미워요
그 세월이 너무 미워요"
내게 애인이 생겼어요,"4,184",나훈아,"내게 애인이 생겼어요
너무 좋아 죽습니다
내가 사랑에 빠졌어요
자랑하고 싶다구요
난생 처음으로 향수도 뿌리고
핑크색 셔츠로 멋도 부리구요
교회도 가려구요
왜냐면 그녀가 기도하는
모습을 봤거든요
내게 애인이 생겼어요
꿈인가요 아닙니다
내가 사랑에 빠졌어요
아주 그냥 푹 빠졌어요
내게 애인이 생겼어요
엄마가 더 신났어요
내가 사랑에 빠졌어요
온 사방이 난리예요
난생 처음으로 무스도 바르고
물방울 넥타이로 멋도 부리구요
상상도 못했던 깜짝 이벤트로
멋지게 프로포즈 하려구요
내게 애인이 생겼어요
이제 나도 짝 있어요
내가 사랑에 빠졌어요
결혼까지 하려구요
올 가을에 하려구요
결혼식에 꼭 오세요"
비나리,"1,646",송가인,"큐피드 화살이 가슴을 뚫고
사랑이 시작된 날
또다시 운명의 페이지는 넘어가네
나 당신 사랑해도 될까요 말도 못 하고
한없이 애타는 나의 눈짓들
세상이 온통 그대 하나로 변해버렸어
우리 사랑은 연습도 없이
벌써 무대로 올려졌네
생각하면 덧없는
꿈일지도 몰라 꿈일지도 몰라
하늘이여 저 사람 언제 또 갈라놓을 거요
하늘이여 간절한 이 소망 또 외면할 거요
예기치 못했던 운명의 그 시간
당신을 만나던 날
드러난 내 상처 어느새 싸매졌네
나만을 사랑하면 안 될까요
마음만 달아올라
오늘도 애타는 나의 몸짓들
따사로운 그대 눈빛
따라 도는 해바라기처럼
사랑이란 작은 배 하나
이미 바다로 띄워졌네
생각하면 허무한
꿈일지도 몰라 꿈일지도 몰라
하늘이여 이 사랑
다시 또 눈물이면 안 돼요
하늘이여 저 사람
영원히 사랑하게 해줘요
아 사랑하게 해줘요
이 사랑 영원히
큐피드 화살이 가슴을 뚫고
사랑이 시작된 날
또다시 운명의 페이지는 넘어가네
나 당신 사랑해도 될까요 아아
(하늘이여 이 사랑
다시 또 눈물이면 안 돼요)
하늘이여 저 사람
영원히 사랑하게 해줘요
아 사랑하게 해줘요"
킬리만자로의 표범,"7,138",조용필,"먹이를 찾아
산 기슭을 어슬렁 거리는
하이에나를 본일이 있는가
짐승의 썩은 고기만을
찾아 다니는
산 기슭에 하이에나
나는 하이에나가 아니라
표범이고 싶다
산장 높이 올라가
굶어서 얼어죽는
눈덮힌 킬리만자로의
그 표범이고 싶다
자고나면 위대해지고
자고나면 초라해지는
나는 지금
지구의 어두운 모퉁이에서
잠시 쉬고 있다
야망에 찬 도시의 그 불빛
어디에도 나는 없다
이 큰 도시의 복판에
이렇듯 철저히
혼자 버려진들
무슨 상관이랴
나보다 더 불행하게 살다간
고호란 사나이도 있었는데
바람처럼 왔다가
이슬처럼 갈순 없잖아
내가 산 흔적일랑 남겨둬야지
한줄기 연기처럼
가뭇없이 사라져도
빛나는 불꽃으로 타올라야지
묻지마라 왜냐고
왜 그렇게 높은 곳까지
오르려 애쓰는지
묻지를 마라
고독한 남자의
불타는 영혼을
아는 이 없으면 또 어떠리
살아가는 일이
허전하고 등이 시릴때에
그것을 위안해줄
아무 것도 없는
보잘것 없는 세상을
그런 세상을 새삼스레
아름답게 보이게 하는건
사랑때문인가
사랑이 사람을
얼마나 고독하게 만드는지
모르고 하는 소리지
사랑만큼 고독해 진다는걸
모르고하는 소리지
너는 귀뚜라미를
사랑한다고 했다
나도 귀뚜라미를 사랑한다
너는 라일락을 사랑한다고 했다
나도 라일락을 사랑한다
너는 밤을 사랑한다고 했다
나도 밤을 사랑한다
그리고 또 나는 사랑한다
화려하면서도 쓸쓸하고
가득찬 것 같으면서도
텅비어 있는
내 청춘의 건배
사랑이 외로운건
운명을 걸기 때문이지
모든 것을 거니까 외로운거야
사랑도 이상도
모두를 요구하는 것
모두를 건다는 건 외로운거야
사랑이란 이별이
보이는 가슴 아픈 정열
정열의 마지막엔 무엇이 있나
모두를 잃어도
사랑은 후회않는 것
그래야 사랑했다 할 수 있겠지
아무리 깊은 밤일지라도
한가닥 불빛으로 나는 남으리
메마르고 타버린 땅일지라도
한줄기 맑은 물사이로
나는 남으리
거센 폭풍우 초목을 휩쓸어도
꺽이지 않는 한그루 나무되리
내가 지금 이 세상을
살고 있는 것은
이십 일세기가 간절히
나를 원했기 때문이야
구름인가 눈인가
저 높은 곳 킬리만자로
오늘도 나는 가리 베낭을 메고
산에서 만나는 고독과 악수하며
그대로 산이 된들 또 어떠리"
옥치마,"1,812",진해성,"배꽃이 흩날리는
해 설픈 봄날
퉁기는 가락마다
가락마다
애간장이 타누나
옥치마 열두 폭에
그리움 담아놓고
또박또박 지은 글에
원앙금침 그리운 님
보고 지고 보고 지고
매화는 속이 타네
매화는 눈물이 나네
배꽃이 흩날리는
해 설픈 봄날
퉁기는 가락마다
가락마다
애간장이 타누나
옥치마 열두 폭에
그리움 담아놓고
또박또박 지은 글에
원앙금침 그리운 님
보고 지고 보고 지고
매화는 속이 타네
매화는 눈물이 나네
매화는 속이 타네
매화는 눈물이 나네"
사랑은 무죄다,518,나훈아,"너무나 보고 싶어서
도무지 잊지 못해서
한동안 힘이 들었어
내내 가슴을 앓았어
내 모습 불쌍했는지
하늘이 동정했는지
그녀를 다시 만났어
파티가 열린 그 밤에
하지만 우리는 서로
가까이 갈수 없는 이유로
운명의 장난 앞에서
말 없이 바라볼 뿐
살아서 한번이라도
현실에 옷을 벗어 버리고
죽어도 후회없이
사랑에 빠지고 싶다
한잔의 술에 취해서
음악이 비틀거릴때
열정의 리듬속에서
우리는 보고 있었지
가슴이 터질것 같아
이러다 미칠것같아
마음이 가는곳으로
왜 난 갈수가 없는지
이 기분 이느낌대로
가슴이 차오르는데로
들뜨는 나의 마음을
너에게 주고 싶다
영화에 한장면 처럼
당당히 그녀에게 다가가
이젠 말하고 싶다
사랑은 무죄라는걸
이젠 말하고 싶다
사랑은 무죄라는걸"
연안부두,"2,467",김트리오,"어쩌다 한번 오는 저배는 무슨 사연 싣고오길래
오는 사람 가는 사람 마음마다 설레게 하나
부두에 꿈을 두고 떠나는 배야 갈매기 우는 마음
너는 알겠지 말해다오 말해다오 연안부두 떠나는 배야

바람이 불면 파도가 울고 배떠나면 나도 운단다
안개속에 가물가물 정든 사람 손을 흔드네
저무는 연안부두 외로운 불빛 홀로선 이 마음을 달래주는데
말해다오 말해다오 연안부두 떠나는 배야"
진정인가요,151,나영,"미련없다 그 말이 진정인가요
냉정했던 그 마음이 진정인가요
바닷가를 거닐며 수놓았던 그 추억
잊을 수가 있을까요
돌아설 때 눈물짓던 당신이라면
영원토록 영원토록
죽어도 못 잊을 겁니다

오솔길을 거닐며 주고받던 그 사랑
잊을 수가 있을까요
돌아설 때 눈물짓던 당신이라면
잊으려도 잊으려도
죽어도 못 잊을 겁니다
죽어도 못 잊을 겁니다"
내 사랑 비타민,"2,670",송가인,"비타민 없이는 살 수가 없듯이
당신이 없으면 나는 나는 못 살아
사랑에 사랑에 병이 났어요
낮이나 밤이나 당신이 보고파서
하루라도 못 보면 보고싶어요
당신이 없으면 나는 나는 못 살아
언제나 어디에서나
자꾸만 보고픈 사람
비타민이 되어주세요
사랑의 비타민
비타민 없이는 살 수가 없듯이
당신이 없으면 나는 나는 못 살아
사랑에 사랑에 병이 났어요
낮이나 밤이나 당신이 보고파서
하루라도 못 보면 보고싶어요
당신이 없으면 나는 나는 못 살아
언제나 어디에서나
자꾸만 보고픈 사람
비타민이 되어주세요
사랑의 비타민
비타민이 되어주세요
사랑의 비타민"
울긴 왜 울어,"21,229",이찬원,"울지마 울긴 왜 울어
고까짓것 사랑 때문에
빗속을 거닐며
추억일랑 씻어버리고
한잔술로 잊어버려요
어차피 인생이란
이별이 아니더냐
울지마 울긴 왜 울어
바보처럼 울긴 왜 울어
울지마 울긴 왜 울어
고까짓것 미련 때문에
흐르는 강물에
슬픔일랑 던져버리고
돌아서서 웃어버려요
어차피 인생이란
연극이 아니더냐
울지마
울지마
울긴 왜 울어
바보처럼 울긴 왜 울어
바보처럼 울긴
왜 울어"
나무꾼,"4,057",박구윤,"나는야 당신의 사랑의 나무꾼
열 번 찍어 안 넘어가면
백번 천 번도 찍을 수 있어
내 옆에 당신만 있어주면
무엇이든 다 할 수 있어
사랑이란 나무도
인생이란 나무도
행복이란 믿음의 나무도
멋있게 키워서
내 품에 안고가
당신 품에 안겨 주고 싶어
나는야 당신의 사랑의 나무꾼
열 번 찍어 안 넘어가면
백번 천 번도 찍을 수 있어
내 옆에 당신만 있어주면
무엇이든 다 할 수 있어
사랑이란 나무도
인생이란 나무도
행복이란 믿음의 나무도
멋있게 키워서
내 품에 안고가
당신 품에 안겨 주고 싶어
나는야 당신의 사랑의 나무꾼
나는야 당신의 사랑의 나무꾼"
외로운 술잔,268,김양,"그대가 내게 남긴 건 차디찬 술잔과 눈물
이대로 아무 말 없이 아픔을 갖자

누구도 채울 수 없는 마음은 빈잔과 같이
허공을 맴돌고 있네 사랑을 비워 둔 채로

너는 내게 말했지 샘물이 되어 달라고
너는 작은 돌이 되어 영원히 잠겨 있겠다고

그러나 덧없는 사랑 이별의 아쉬움 만이
씁쓸한 술잔에 담겨 나를 울게 하네요

너는 내게 말했지 샘물이 되어달라고
너는 작은 돌이 되어 영원히 잠겨 있겠다고

그러나 덧없는 사랑 이별의 아쉬움 만이
씁쓸한 술잔에 담겨 나를 울게 하네요
나를 울게 하네요"
결이 맞아 (A person on my side),"1,231",송가인,"(결이 맞아 결이 결이
결이 맞아 결이 결이)
결이 맞아 결이 맞아 통하는 사람
한결같은 마음을 줄게요
결이 맞아 결이 맞아 내 편인 사람
오래오래 함께 갑시다
알수록 알고 싶고
볼수록 보고 싶은
언제나 반가운 사람
스치면 인연 만나면 운명
스며들면 사랑입니다
결이 맞아 결이 맞아 통하는 사람
한결같은 마음을 줄게요
결이 맞아 결이 맞아 내 편인 사람
오래오래 함께 갑시다
(결이 맞아 결이 결이
결이 맞아 결이 결이)
갈수록 좋아지고
줄수록 주고 싶은
아깝지 않은 사람
스치면 인연 만나면 운명
스며들면 사랑입니다
결이 맞아 결이 맞아 통하는 사람
한결같은 마음을 줄게요
결이 맞아 결이 맞아 내 편인 사람
오래오래 함께 갑시다
평생을 함께 갑시다"
삼다도 소식,207,린,"삼다도라 제주에는
돌멩이도 흔한데

발 뿌리에 걷어채는
사랑은 없다더냐

달빛이 새어드는
연자 방앗간

밤 새워 들려오는
콧노래가 구성지다

응 응 응 응
콧노래 구성지다

삼다도라 제주에는
아가씨도 많은데

바닷물에 씻은 살결
옥같이 귀엽구나

미역을 따오리까
소라를 딸까

비바리 하소연이
물결 속에 꺼져가네

응 응 응 응
물결에 꺼져가네
물결에 꺼져가네"
영동 부르스,"9,950",송가인,"헤어지기 싫어서 애태우던 그 날 밤
피 눈물에 얼룩진 그대의 모습
어차피 떠나야 할 인연이기에
미련 없이 보냈건만
잊지 못할 그 추억
그날 밤 터미날엔 비가 내렸지
아아 영동 아아 영동 영동 부르스
그대와 만나던 곳 서초동 주점에는
들창문을 때리는 밤 비 소리뿐
되돌아올 수 없는 그대이지만
술잔을 마주 잡고 행복만을 빌었소
그 누가 불러주나 추억의 노래
아아 영동 아아 영동 영동 부르스
아아 영동 아아 영동 영동 부르스"
만약에,"26,501",조항조,"만약에 당신이 그 누구와
사랑에 빠지면
그 사랑을 위해서 무얼할 수 있나
텅빈세상 살아가는 이유가
만약에 너라면 어떡하겠니
사는 동안 단 한 번의 사랑이
만약에 너라면 허락하겠니
얼마나 더많이 외로워해야
널 끌어안고서 울어볼까
이제는 더이상 지칠 몸조차
비워둘 마음조차 없는데
또다른 이유로 널 못본다면
나 살아가는 의미도 없지
만약에 널 위해 나 죽을 수 있다면
날 받아 주겠니
텅빈세상 살아가는 이유가
만약에 너라면 어떡하겠니
사는 동안 단 한 번의 사랑이
만약에 너라면 허락하겠니
얼마나 더 많이 외로워해야
널 끌어안고서 울어볼까
이제는 더이상 지칠 몸조차
비워둘 마음조차 없는데
또다른 이유로 널 못본다면
나 살아가는 의미도 없지
만약에 널 위해 나 죽을 수 있다면
날 받아 주겠니
만약에 널 위해 나 죽을 수 있다면
날 받아 주겠니
만약에 당신이 그 누구와
사랑에 빠지면
그 사람을 위해서 다 해줄 수 있나"
너의 모든 순간,"27,639",임영웅,"이윽고 내가 한눈에
너를 알아봤을 때
모든 건 분명 달라지고 있었어
내 세상은 널 알기 전과 후로 나뉘어
니가 숨 쉬면 따스한 바람이 불어와
니가 웃으면 눈부신 햇살이 비춰
거기 있어줘서 그게 너라서
가끔 내 어깨에 가만히 기대주어서
나는 있잖아 정말 빈틈없이 행복해
너를 따라서 시간은 흐르고 멈춰
물끄러미 너를 들여다 보곤 해
그것 말고는 아무것도 할 수 없어서
너의 모든 순간 그게
나였으면 좋겠다
생각만 해도 가슴이 차올라
나는 온통 너로
보고 있으면 왠지 꿈처럼 아득한 것
몇 광년 동안 날 향해 날아온 별빛
또 지금의 너
거기 있어줘서 그게 너라서
가끔 나에게 조용하게 안겨주어서
나는 있잖아 정말 남김없이 고마워
너를 따라서 시간은 흐르고 멈춰
물끄러미 너를 들여다보곤 해
너를 보는 게 나에게는 사랑이니까
너의 모든 순간 그게
나였으면 좋겠다
생각만 해도 가슴이 차올라
나는 온통 너로
니 모든 순간 나였으면"
가인,"1,797",김란영,"아무말 못하고

그냥 울기만 했지

힘겨운 이별앞에

멍하니 서서

그대 처음부터 날

사랑하지 않았네

잠시 내곁에서

있었을뿐

난 그대가 나의

삶이라 믿어왔지

그대를 위해서

난 사는거라고

하지만 그대는

내가 원했던 사랑

단 한번도

주지 않았네

사랑앞에 더이상

무릎 꿇진 않겠어

더이상의 슬픔은

없을테니까

그대가 날 버리고

떠나간 뒤에라도

다시 누군갈

사랑할 수 있으니

사랑이여 이젠

내가 달려갈테니

거기서 조금만

기다려줘

난 처음부터 그 사람의

여자가 아니었다

내가 사랑했던 사람은

날 사랑하지 않았고

난 끝내 그의 뒷모습을

보아야만 했다

그래 이젠 웃어야지

난 처음부터

그 사람의 여자가

아니었으니

난 그대가 나의

삶이라 믿어왔지

그대를 위해서

난 사는거라고

하지만 그대는

내가 원했던 사랑

단 한번도

주지 않았네

사랑앞에 더 이상

무릎꿇진 않겠어

더이상의 슬픔은

없을테니까

그대가 날 버리고

떠나간 뒤에라도

다시 누군갈

사랑할 수 있으니

사랑이여 이젠

내가 달려갈테니

거기서 조금만

기다려줘

사랑이여 이젠

내가 움직일테니

거기서 조금만

기다려줘"
고향으로 가는 배,"1,193",송민준,"고향으로 가는 배
꿈을 실은 작은 배
정을 잃은 사람아 고향으로 갑시다

산과 산이 마주서 소근 대는 남촌에
아침햇살 다정히 풀잎마다 반기는

고향으로 가는 배
꿈을 실은 작은 배
정을 잃은 사람아 고향으로 갑시다

산비둘기 쌍쌍이 짝을 찾는 남촌에
피리 부는 목동의 옛 노래가 그리운

고향으로 가는 배
꿈을 실은 작은 배
정을 잃은 사람아

고향으로 갑시다"
기억 저편에,"3,643",송가인,"그리움에 잠 못 드는 가을밤처럼
기억 저편 시간 속으로
하루 종일 비 내리는 좁은 골목길
나 혼자서 걸었죠
가끔은 생각이 나겠죠
아직도 아파하나요
힘들고 외로움에 지쳐도
이제는 슬퍼 말아요
그리움은 내 가슴에 남아있는데
여울진 기억 저편에
가끔은 생각이 나겠죠
아직도 아파하나요
힘들고 외로움에 지쳐도
이제는 슬퍼 말아요
그리움은 내 가슴에 남아있는데
여울진 기억 저편에
여울진 기억 저편에"
나는 남자다,"11,459",김희재,"오늘 하루 또 무사히
세상이라는 전쟁터에
부대끼면서 생존한다
그게 오늘의 내 임무다
간다 어제도 그랬듯이
오늘 또 하루 시작한다
내가 그동안 같이 못간 세상과
다시 마주친다
난 나를 다시 툭 내려놓는다
내일을 위해 오늘을 사는 거다
오늘 하루 또 무사히
세상이라는 전쟁터에
부대끼면서 생존한다
그게 오늘의 내 임무다
간다 세상아 내가 간다
오늘 난 나를 찾을 거다
온다 사랑이 내게 온다
다시 가슴이 터질 것 같다
내가 그동안 아껴왔던 사랑을
이젠 다 줄 거다
난 나를 다시 툭 내려 놓는다
내일을 위해 오늘을 사는 거다
오늘 하루 또 무사히
세상이라는 전쟁터에
부대끼면서 생존한다
그게 오늘의 내 임무다
온다 사랑이 내게 온다
내가 그토록 기다리던
오늘 하루 또 무사히
세상이라는 전쟁터에
부대끼면서 생존한다
그게 오늘의 내 임무다
간다 세상아 내가 간다
나는 화끈한 남자다
나는 화끈한 남자다"
어매,347,김다현,"어매 어매 우리 어매
뭣 할라고 날 낳았던가

낳을 라거든 잘 낳거나
못 낳을라면 못 낳거나

살자 하니 고생이요
죽자 하니 청춘이라

요놈 신세 말이 아니네

어매 어매 우리 어매
뭣 할라고 날 낳았던가

님아 님아 우리 님아
소갈머리 없는 님아

겉이 타야 님이 알제
속만 타면 누가 아나

어떤 친구 팔자 좋아
장가 한 번 잘도 가는데

몹쓸 놈의 요 내 팔자

어매 어매 우리 어매
뭣 할라고 날 낳았던가

뭣 할라고 날 낳았던가
어매"
사랑불,640,신승태,"잔잔한 내 가슴에
잔잔한 이 내 가슴에
살며시 다가와서
살며시 다가와서
불을 지핀 사람아
애시당초 외면할 걸
못 본체 돌아설 걸
나도 몰래 나도 몰래
허락한 사랑
내 가슴에 내 가슴에
사랑불은 타고 있는데
잔잔한 내 가슴에
잔잔한 이 내 가슴에
살며시 다가와서
살며시 다가와서
불을 지핀 사람아
애시당초 외면할 걸
못 본체 돌아설 걸
나도 몰래 나도 몰래
허락한 사랑
내 가슴에 내 가슴에
사랑불은 타고 있는데
사랑불은 타고 있는데"
이어도 전설,20,최전설,"십년전에
뱃일 나간
우리 아방
생각하며

어기어차
어기어차

허구헌날
바당보며
눈물진다
우리 어멍

어기어차
어기어차

풍랑만나
죽거둘랑
이어도갔다 생각합서

어기어차
어기어차

슬픔없고 눈물없는
이어도 가자 이어도가자

한많은내인생
우리네 인생살이

이어도가자
이어도가자
이어도가자
이어도가자"
강원도 아리랑,"31,370",임영웅,"아리아리 쓰리쓰리 아라리오
아리아리 고개로 넘어간다
아주까리 정자는 구경자리
살구나무 정자로만 만나보세
아리아리 쓰리쓰리 아라리오
아리아리 고개로 넘어간다
열라는 콩밭은 왜 아니열고
아주까리 동백은 왜 여는가
아리아리 쓰리쓰리 아라리오
아리아리 고개로 넘어간다
아리아리 쓰리쓰리 아라리오
아리아리 고개로 넘어간다
아리랑고개다 주막집을 짓고
정든님 오기만 기다린다
아리아리 쓰리쓰리 아라리오
아리아리 고개로 넘어간다
아리아리 쓰리쓰리 아라리오
아리아리 고개로 넘어간다"
목포는 항구다,686,진해성,"영산강 안갯속에
기적이 울고
삼학도 등대 아래
갈매기 우는
그리운 내 고향
목포는 항구다
목포는 항구다
이별의 항구

유달산 잔디 위에
놀던 옛날도
동백꽃 쓸어안고
울던 옛날도
그리운 내 고향
목포는 항구다
목포는 항구다
똑딱선 운다"
합정역 5번 출구,"33,322",유산슬,"나는 상수 너는 망원
한 정거장 전에 내려
터벅 터벅 걷고 있는
이별을 앞에 둔 연인
합치면 정이 되는 합정인데
왜 우리는 갈라서야 하나
바람이 분다 사랑이 운다
아 합정역 5번 출구
정이 많아 정이 넘쳐
합정인 줄 알았는데
어쩌다가 그 역에서
이별을 불러야 하나
합치면 정이 되는 합정인데
왜 우리는 갈라서야 하나
바람이 분다 사랑이 운다
아 합정역 5번 출구
합치면 정이 되는 합정인데
왜 우리는 갈라서야 하나
바람이 분다 사랑이 운다
아 합정역 5번 출구
아 합정역 5번 출구"
울엄마,"5,889",이찬원,"울 엄마 날 낳아 걱정 태산이 되고
주름 깊은데
세상사 나 잘났다 허풍 소리에
눈가에 이슬 맺히시네
어리버리 가진 것 없어 떠버리
말로만 한숨 드렸네
어리버리 수많은 날을 응어리
가슴에 한만 드렸네
무병장수 부디 하옵소서
울 엄마 날 낳아 걱정 태산이 되고
주름 깊은데
세상사 나 잘났다 허풍 소리에
눈가에 이슬 맺히시네
어리버리 가진 것 없어 떠버리
말로만 한숨 드렸네
어리버리 수많은 날을 응어리
가슴에 한만 드렸네
무병장수 부디 하옵소서
어리버리 가진 것 없어 떠버리
말로만 한숨 드렸네
어리버리 수많은 날을 응어리
가슴에 한만 드렸네
세월 비켜 부디 가옵소서
어리버리 가진 것 없어 떠버리
말로만 한숨 드렸네
어리버리 수많은 날을 응어리
가슴에 한만 드렸네
세월 비켜 부디 가옵소서
무병장수 부디 하옵소서"
열정,"2,707",혜은이,"안개속에서 나는울었어
외로워서 한참을울었어
사랑하고싶어서 사랑받고싶어서
들판에 서서 나는 울었어
외로워서 한참을 울었어
사랑하고싶었서 사랑 받고싶었어
만나서 차마시는 그런 사랑 아니야
전화로얘기하는 그런사랑 아니야
웃으며 안녕하는 그런사랑 아니야
가슴터질듯 열망하는사랑
사랑 때문에 목숨거는사랑
같이있지 못하면 참을수없고
보고싶을때 못보면 눈 멀고마는
활화산 처럼 터져오르는
그런사랑 그런 사랑
어둠속에서 나는울었어
외로워서 한참을 울었어
사랑하고싶어서 사랑받고싶어서

만나서 차마시는 그런사랑 아니야
전화로 얘기하는 그런 사랑아니야
웃으며 안녕 하는 그런사랑 아니야
가슴터질듯 열망하는사랑
사랑때문에 목숨거는사랑
같이있지못하면 참을수없고
보고싶을때 못보면 눈 멀고마는
활화산처럼 터져오르는
그런 사랑 그런사랑
어둠속에서 나는울었어
외로워서 한참을 울었어
사랑 하고싶어서 사랑 받고 싶어서"
오늘이 젊은날,"1,959",김용임,"나이야 가라 나이야 가라
나이가 대수냐
오늘이 가장 젊은 날
내 과거 묻지를 마세요
알아서 무엇 하나요
지난 일은 지난밤에 묻어요
살다 보면 다 그렇지
마음엔 나이가 없는 거란 걸
세월도 비켜가는 걸
잊지는 말아요 오늘 이 순간이
내 인생에 가장 젊은 날
나이야 가라 나이야 가라
나이가 대수냐
오늘이 가장 젊은 날
인생을 돌아보지 마세요
그렇게 흘려 보내요
아쉬워도 시간 속에 묻어요
인생이란 다 그렇지
청춘엔 기준이 없는 거란 걸
지금도 한창때란 걸
잊지는 말아요 오늘 이 순간이
내 인생에 가장 젊은 날
나이야 가라 나이야 가라
나이가 대수냐
오늘이 가장 젊은 날
오늘이 가장 젊은 날"
장미꽃의 전설,"2,768",송가인,"백만 송이 장미꽃
피로 스 마니의
슬픈 사랑 이야기를 들어 봤나요
백만 송이 장미꽃
눈물겨운 사랑이
세월 따라 흐르다가 저달에 머문다
져버린 꽃도 꽃인 것처럼
이별도 내겐 사랑이었네
사랑할 때는 힘들어도
이별은 잠깐 이더라
백만 송이 사랑의 장미꽃
내 모든 걸 줘도 부족했던 사랑
다시는 만날 수 없어도
당신을 기다릴게요
백만 송이 꽃 사랑의 장미꽃
사랑을 하면 피어나는 장미꽃
잊지 말아요 기억해 줘요
행복만 남겨준 사람
져버린 꽃도 꽃인 것처럼
이별도 내겐 사랑이었네
사랑할 때는 힘들어도
이별은 잠깐 이더라
백만 송이 사랑의 장미꽃
내 모든 걸 줘도 부족했던 사랑
후회 없이 사랑을 했어요
당신을 기다릴게요
백만 송이 꽃 사랑의 장미꽃
5월이 오면 피어나는 내 사랑
잊지 말아요 기억해 줘요
가슴에 묻어둔 사랑
잊지 말아요 기억 해줘요
하늘에 별이 된 사랑"
연모,"3,309",박우철,"이도 저도 못하면서 사랑했었다
앞이 캄캄 안보이지만
당신과 나 약속이나 한듯
돌아가는 길을 지웠다
시간은 우리편이 아니라 해도
이제와 왔던 길을 바꿀수 있나
천번이고 만번이고
내 마음 물어보지만
당신을 떠나서는 나도
없다고 뜨거운 가슴이 말하네
이도 저도 못하면서 사랑했었다
앞이 캄캄 안보이지만
당신과 나 약속이나 한듯
돌아가는 길을 지웠다
시간은 우리편이 아니라 해도
이제와 가는길을 멈출 수 있나
천번이고 만번이고 내마음
물어보지만
당신을 떠나서는 나도 없다고
뜨거운 눈물이 말하네
뜨거운 가슴이 말하네"
사랑불,417,진해성,"잔잔한 내 가슴에
잔잔한 이 내 가슴에
살며시 다가와서
살며시 다가와서
불을 지핀 사람아
애시당초 외면할 걸
못 본체 돌아설 걸
나도 몰래 나도 몰래
허락한 사랑
내 가슴에 내 가슴에
사랑 불은 타고 있는데

잔잔한 내 가슴에
잔잔한 이 내 가슴에
살며시 다가와서
살며시 다가와서
불을 지핀 사람아
애시당초 외면할 걸
못 본체 돌아설 걸
나도 몰래 나도 몰래
허락한 사랑
내 가슴에 내 가슴에
사랑 불은 타고 있는데
사랑 불은 타고 있는데"
빗속을 둘이서,"21,055",임영웅,"너의 맘 깊은 곳에
하고 싶은 말 있으면
고개들어 나를 보고 살며시 얘기하렴
정녕 말을 못하리라
마음깊이 새겼다면
오고가는 눈빛으로 나에게 전해주렴
이 빗속을 걸어갈까요
둘이서 말없이 갈까요
아무도 없는 여기서 저 돌담 끝까지
다정스런 너와 내가 손잡고
이 빗속을 걸어갈까요
둘이서 말없이 갈까요
아무도 없는 여기서 저 돌담 끝까지
다정스런 너와 내가 손잡고"
환희,"5,106",정수라,"어느 날 그대 내곁으로 다가와
이 마음 설레이게 했어요 어느날
사랑은 우리 두 가슴에 머물러
끝었이 속삭이고 있어요

그대 손을 잡고 걸어가고 있는 이 순간
세상 모든것이 아름답게 보여요

이젠 나의 기쁨이 되어주오
이전 나의 슬픔이 되어주오
우리 서로 아픔을 같이하면
다시 태어날 수 있는 것

이젠 나의 기쁨이 되어주오
이젠 그대 슬픔을 말해주오 
우리 서로 아픔을 같이 할때
행복할 수 있어요

어느 날 그대 눈동자를 보면서
미래를 꿈꾸기도 했어요 어느 날
사랑은 우리들의 삶을 위하여
가슴에 타오르고 있어요

그대 손을 잡고 걸어가고 있는 이 순간
세상 모든 것이 아름답게 보여요

이젠 나의 기쁨이 되어주오
이젠 나의 슬픔이 되어주오
우리 서로 아픔을 같이하면
다시 태어날 수 있는것

이젠 그대 기쁨을 말해주오
이젠 그대 슬픔을 말해주오
우리 서로 아픔을 같이할 때
행복할 수 있어요

이젠 나의 기쁨이 되어주오
이젠 나의 슬픔이 되어주오
우리 서로 아픔을 같이하면
다시 태어날 수 있는것

이젠 그대 기쁨을 말해주오
이젠 그대 슬픔을 말해주오
우리 서로 아픔을 같이할 때
행복할 수 있어요

이젠 나의 기쁨이 되어주오
이젠 나의 슬픔이 되어주오
우리 서로 아픔을 같이하면
다시 태어날 수 있는것 - "
해운대 연가,"2,485",전철,"푸른물결 춤을 추고 물새 날아드는
해운대의 밤은 또 그렇게 지나가는데
솔밭길을 걷던 우리들의 사랑얘기가
파도에 밀려 사라지네

하얀 모래밭에 사랑해란 글씨를 쓰며
영원히 날 사랑한다 맹세하던 그대
널 널 널 사랑해

떨리는 내 입술에 키스해 주던 너
보고싶은 사랑 추억속의 그대
해운대의 사랑이여

푸른물결 춤을 추고 물새 날아드는
해운대의 밤은 또 그렇게 지나가는데
솔밭길을 걷던 우리들의 사랑얘기가
파도에 밀려 사라지네

하얀 모래밭에 사랑해란 글씨를 쓰며
영원히 날 사랑한다 맹세하던 그대
널 널 널 사랑해

떨리는 내 입술에 키스해 주던 너
보고싶은 사랑 추억속의 그대
해운대의 사랑이여

보고싶은 사랑 추억속의 그대
해운대의 사랑이여 -"
사모애(愛),957,마이진,"이렇게도 당신을 사랑해도 될까요
가슴 아픈 사랑일 텐데
당신이란 사람을 가져도 될까요
아무런 댓가도 없이
이세상 모든게
먼지되어 사라져버린
그날이 언젠간 온데도
하나도 가지고 갈수없이
허전한인생
떠나갈 날이 온데도
당신만 당신 사랑만
가슴에 품고 갈테요
다른 세상에 만날 수 없어도
그이름 목놓아 부르리
이세상 모든게
먼지되어 사라져버린
그날이 언젠간 온데도
하나도 가지고 갈수없이
허전한인생
떠나갈 날이 온데도
당신만 당신 사랑만
가슴에 품고 갈테요
다른 세상에 만날 수 없어도
그이름 목놓아 부르리
그이름 목놓아 부르리"
회룡포,"3,410",김다현,"내 것이 아닌 것을
멀리 찾아서
휘돌아 감은 거
그 세월이 얼마이더냐
물설고 낮설은
어느 하늘 아래
빈 배로 나 서있구나
세월아 그 욕심 더 해가는
이 세상이 싫어 싫더라
나 이제 그 곳으로 돌아 가련다
내 마음 받아 주는 곳
아 어머님 품 속 같은 그 곳
회룡포로 돌아 가련다
세월아 그 욕심 더 해가는
이 세상이 싫어 싫더라
나 이제 그 곳으로 돌아 가련다
내 마음 받아 주는 곳
아 어머님 품속 같은 그 곳
회룡포로 돌아 가련다
회룡포로 돌아 가련다"
샤방샤방,"2,999",박현빈,"아주그냥 죽여줘요
누구나 사랑하는 매력적인 내가
한여자를 찍었지
아름다운 그녀 모습
너무나 섹시해
얼굴도 샤방샤방
몸매도 샤방샤방
모든것이 샤방샤방
얼굴은 브이라인
몸매는 에스라인
아주그냥 죽여줘요

아주그냥 죽여줘요
모든게 준비가 된 잘나가는 내가
한여자를 찍었지
눈이부신 그녀 모습
너무나 섹시해
얼굴도 샤방샤방
몸매도 샤방샤방
모든것이 샤방샤방
얼굴은 브이라인
몸매는 에스라인
아주그냥 죽여줘요
얼굴도 샤방샤방
몸매도 샤방샤방
모든것이 샤방샤방
얼굴은 브이라인
몸매는 에스라인
아주그냥 죽여줘요
아주그냥 죽여줘요"
바람의 소원,"1,664",채희,"바람이 또 붑니다
사랑이 또 떠나네요
다시는 보지 못할까봐
안녕이란 말을 못했죠
이렇게 또 보내네요
눈앞이 희미 하네요
참으려고 애를 써봐도
하염없이 눈물이나요
보고프면 어떻 하나요
눈물나면 어떻 하나요
지금은 참으렵니다
보고픈 날이 많을테니까
뜨거운 눈물 흘러 내려요
미치도록 보고픈걸요
어느순간 또 바람이 붑니다
그대 정말 보고 싶어요
보고프면 어떻 하나요
눈물나면 어떻 하나요
지금은 참으렵니다
보고픈 날이 많을테니까
뜨거운 눈물 흘러 내려요
미치도록 보고픈걸요
어느순간 또 바람이 붑니다
그대 정말 보고 싶어요
그대 정말 사랑합니다"
미운 사내,326,빈예서,"순진한 여자의 가슴에다
돌을 던진 사내야
떠나버릴 사람이라면
사랑한다 말은 왜 했나
활짝 핀 꽃처럼 웃던 얼굴이
웬일인지 요즈음 우울해졌네
순진한 내 가슴에
돌을 던진 사내야
미운 사내 미운 사내
얄미운 사내야

순진한 여자의 가슴에다
돌을 던진 사내야
떠나버릴 사람이라면
사랑한다 말은 왜 했나
활짝 핀 꽃처럼 웃던 얼굴이
웬일인지 요즈음 우울해졌네
순진한 내 가슴에
돌을 던진 사내야
미운 사내 미운 사내
얄미운 사내야
미운 사내 미운 사내
얄미운 사내야
얄미운 사내야"
모란동백,987,나훈아,"모란은 벌써 지고 없는데
먼 산에 뻐꾸기 울면
상냥한 얼굴 모란 아가씨
꿈속에 찾아오네
세상은 바람 불고 고달파라
나 어느 변방에 떠돌다 떠돌다
어느 나무 그늘에
고요히 고요히 잠든다 해도
또 한 번 모란이 필 때까지
나를 잊지 말아요
동백은 벌써 지고 없는데
들녘에 눈이 내리면
상냥한 얼굴 동백 아가씨
꿈속에 웃고 오네
세상은 바람 불고 덧없어라
나 어느 바다에 떠돌다 떠돌다
어느 모랫벌에
외로이 외로이 잠든다 해도
또 한 번 동백이 필 때까지
나를 잊지 말아요
또 한 번 모란이 필 때까지
나를 잊지 말아요
나를 잊지 말아요"
별[星],"1,791",진해성,"별을 보다가 생각이 났지
웃는 너의 그 고운 모습이
하늘도 보고
저 별도 보고
보다가 보다가 니 생각이 났다
내일이면 너를 본다
그 생각에 잠 못 이루고
해가 뜨면 볼 수 있다는
그 생각에 잠을 청한다
설레이는 맘으로 너를 만나면
잠 못 잤다 말해줘야지
하늘엔 별이 있고
내 곁엔 니가 있고
짝을 찾지 못한 저 별도 있고
그래도 우리 사랑 변치 않고서
별들처럼 반짝이자고
별을 보다가 생각이 났지
웃는 너의 그 고운 모습이
하늘도 보고
저 별도 보고
보다가 보다가 니 생각이 났다
내일이면 너를 본다
그 생각에 잠 못 이루고
해가 뜨면 볼 수 있다는
그 생각에 잠을 청한다
설레이는 맘으로 너를 만나면
잠 못 잤다 말해줘야지
하늘엔 별이 있고
내 곁엔 니가 있고
짝을 찾지 못한 저 별도 있고
그래도 우리 사랑 변치 않고서
별들처럼 반짝이자고
별들처럼 반짝이자고"
허공,"3,289",조용필,"꿈이었다고 생각하기엔
너무나도 아쉬움 남아
가슴태우며 기다리기엔
너무나도 멀어진 그대
사랑했던 마음도
미워했던 마음도
허공속에 묻어야만 될
슬픈 옛 이야기
스쳐버린 그 날들
잊어야할 그 날들
허공속에 묻힐 그날들
잊는다고 생각하기엔
너무나도 미련이 남아
돌아선 마음 달래보기엔
너무나도 멀어진 그대
설레이던 마음도
기다리던 마음도
허공속에 묻어야만 될
슬픈 옛이야기
스쳐버린 그 약속
잊어야할 그 약속
허공속에 묻힐 그 약속"
사랑의 꽃씨,"2,696",송가인,"가슴에 이 가슴에
꽃씨를 심어 놓고
떠난 사람 떠난 사람
기다리다 세월만 가네
그때는 좋았네
이별을 모른 채로
두 가슴 불태웠네
내 사랑 피기도 전에
그 꽃망울 피기도 전에
나를 두고 나를 두고
떠난 사람아
가슴에 이 가슴에
꽃씨를 심어 놓고
떠난 사람 떠난 사람
기다리다 세월만 가네
그때는 좋았네
이별을 모른 채로
두 가슴 불태웠네
내 사랑 피기도 전에
그 꽃망울 피기도 전에
나를 두고 나를 두고
떠난 사람아
떠난 사람아"
빵빵,"33,443",임영웅,"빵빵빵빵 빵빠라빵빠라
빵빠라빵빠 빵빵
빵빵 빵빵빵빵
빵빵 빵빵
덜컹 덜컹 달려간다 시골버스야
힘차게 달려간다
빵빵빵빵 기적을 울리며
신나게 달려간다
추억이 살아 숨 쉬는 이곳
내 고향 정든 시골길
옆집 뒷집 시골 아줌마
옆집 아저씨 언니 오빠들
다 태우고 달려간다
빵빵 빵빵
동쪽으로 가면 동해바다
서쪽엔 서해바다
남쪽에는 한라산 북쪽엔 백두산
달리고 달리고 달리고 달려라
내 꿈도 싣고 달려라
빵빵빵빵 기적을 울리며
시골버스 달려간다
빵빵빵빵 기적을 울리며
시골버스 달려간다
빵빵빵빵 빵빠라빵빠라
빵빠라빵빠 빵빵
빵빵 빵빵빵빵
빵빵 빵빵
덜컹 덜컹 달려간다 시골버스야
힘차게 달려간다
빵빵빵빵 기적을 울리며
신나게 달려간다
추억이 살아 숨 쉬는 이곳
내 고향 정든 시골길
옆집 뒷집 시골 아줌마
언니 오빠들 옆집 아저씨
다 태우고 달려간다
빵빵 빵빵
동쪽으로 가면 동해바다
서쪽엔 서해바다
남쪽에는 한라산 북쪽엔 백두산
달리고 달리고 달리고 달려라
내 꿈도 싣고 달려라
빵빵빵빵 기적을 울리며
시골버스 달려간다
빵빵빵빵 기적을 울리며
시골버스 달려간다
빵빵빵빵
동쪽으로 가면 동해바다
서쪽엔 서해바다
남쪽에는 한라산 북쪽엔 백두산
달리고 달리고 달리고 달려라
내 꿈도 싣고 달려라
빵빵빵빵 기적을 울리며
시골버스 달려간다
빵빵빵빵 기적을 울리며
시골버스 달려간다"
와그랍니까,"1,783",진해성,"와그랍니까 와그랍니까
와자꾸 낼로 괴롭힙니까
좋아 죽긋다고 할때는 언제고
인자와서 와그랍니까
보고파도 참아보고 가고파도 참아보고
잊을라고 참아봤지만
돌아오라 소리쳐도 우리추억 뒤로 한채
와 낼로 괴롭히는지 와자꾸 고문하는지
와자꾸 그랍니까 낼로
와그랍니까 와그랍니까
와자꾸 낼로 괴롭힙니까
좋아 죽긋다고 할때는 언제고
인자와서 와그랍니까
보고파도 참아보고 가고파도 참아보고
잊을라고 참아봤지만
돌아오라 소리쳐도 우리추억 뒤로 한채
와 낼로 괴롭히는지 와자꾸 고문하는지
와자꾸 그랍니까 낼로
보고파도 참아보고 가고파도 참아보고
잊을라고 참아봤지만
돌아오라 소리쳐도 우리추억 뒤로 한채
와 낼로 괴롭히는지 와자꾸 고문하는지
와자꾸 그랍니까 낼로
와자꾸 그랍니까 낼로"
슬픈 우연,248,조항조,"바람이 꽃잎을 스쳐가듯이
소리없이 만난 그 사람
한때는 미치도록 사랑한 사람
아무 말 하지 못했다

사랑은 뭣하러 했나
이리 짧게 스쳐갈 것을
사랑은 뭣하러 했나
뒷모습만 바라볼 것을

슬픈 오늘 하루는 잊어요
가슴속에 지워야 해요

세상에서 가장 슬펐던 우연인것은
다시 만날 기약도 없었기 때문인거야

지키지 못했던 미안함들이
그리움보다 컸나봐
아무런 기약없이 멀어질텐데
다시 널 잡지 못했다

사랑은 뭣하러 했나
이리 짧게 스쳐갈 것을
사랑은 뭣하러 했나

뒷모습만 바라볼 것을
슬픈 오늘 하루는 잊어요
가슴속에 지워야 해요

슬픈 오늘 하루는 잊어요
가슴속에 지워야 해요
가슴속에 묻어야 해요"
버팀목,"1,244",장윤정,"세상에 눈 뜬 시간부터
하늘은 맑고 태양은 빛나고
마냥 꽃 길인 줄 알았던 인생길에
먹구름도 끼었다
그래도 그대를 만나
살아 있길 잘 했어요
그대는 나만의 버팀목이요
나를 나를 살게 한 사람
쓰러지는 나에게 손 내밀어준
그 손잡고 살아 갈래요
그래도 그대를 만나
살아 있길 잘 했어요
그대는 나만의 버팀목이요
나를 나를 살게 한 사람
쓰러지는 나에게 손 내밀어준
그 손잡고 살아 갈래요
그대는 나만의 버팀목이요
나를 나를 지켜준 사람
세월지나 모든 게 약해지는 날
그 손잡고 일어설래요
그대만을 믿고 살래요"
어머님 사랑합니다,373,빈예서,"꽃다운 열아홉에
연지 찍고 시집와서
손발이 터지도록 고생하신 어머님
백날을 하루같이
자식 걱정에 보낸 한평생
주름진 그 모습이 안타까워요
너무나 안타까워요
어머님 사랑합니다

이 자식 키우시며
가슴엔 멍이 들어
고왔던 그 얼굴이 주름지셨네
이제는 무거운 짐 내려놓고서
편히 쉬세요
언제나 그 정성에 목이 멥니다
너무나 고맙습니다
어머님 사랑합니다
어머님 사랑합니다"
빵빵,"4,075",박상철,"빵빵빵빵 빵빠라빵빠라
빵빠라빵빠 빵빵
빵빵 빵빵빵빵
빵빵 빵빵
덜컹 덜컹 달려간다 시골버스야
힘차게 달려간다
빵빵빵빵 기적을 울리며
신나게 달려간다
추억이 살아 숨 쉬는 이곳
내 고향 정든 시골길
옆집 뒷집 시골 아줌마
옆집 아저씨 언니 오빠들
다 태우고 달려간다
빵빵 빵빵
동쪽으로 가면 동해바다
서쪽엔 서해바다
남쪽에는 한라산 북쪽엔 백두산
달리고 달리고 달리고 달려라
내 꿈도 싣고 달려라
빵빵빵빵 기적을 울리며
시골버스 달려간다
빵빵빵빵 기적을 울리며
시골버스 달려간다
빵빵빵빵 빵빠라빵빠라
빵빠라빵빠 빵빵
빵빵 빵빵빵빵
빵빵 빵빵
덜컹 덜컹 달려간다 시골버스야
힘차게 달려간다
빵빵빵빵 기적을 울리며
신나게 달려간다
추억이 살아 숨 쉬는 이곳
내 고향 정든 시골길
옆집 뒷집 시골 아줌마
옆집 아저씨 언니 오빠들
다 태우고 달려간다
빵빵 빵빵
동쪽으로 가면 동해바다
서쪽엔 서해바다
남쪽에는 한라산 북쪽엔 백두산
달리고 달리고 달리고 달려라
내 꿈도 싣고 달려라
빵빵빵빵 기적을 울리며
시골버스 달려간다
빵빵빵빵 기적을 울리며
시골버스 달려간다
빵빵빵빵
동쪽으로 가면 동해바다
서쪽엔 서해바다
남쪽에는 한라산 북쪽엔 백두산
달리고 달리고 달리고 달려라
내 꿈도 싣고 달려라
빵빵빵빵 기적을 울리며
시골버스 달려간다
빵빵빵빵 기적을 울리며
시골버스 달려간다
빵빵"
잃어버린 우산,"2,930",우순실,"안개비가 하얗게
내리던 밤
그대 사는 작은 성으로
나를 이끌던 날부터
그대 내겐 단하나
우산이 되었지만
지금 비 속으로 걸어가는
나는 우산이 없어요
이젠
지난버린 이야기들이
내겐 꿈결같지만
햐얀 종이위에 그릴 수 있는
작은 사랑이어라

잊혀져간 그날에
기억들은
지금 빗 속으로 걸어가는
내겐 우산이 되리라

이젠
지나버린 이야기들이
내겐 꿈결같지만
하얀 종이위에 그릴 수 있는
작은 사랑이어라
잊혀져간 그날에
기억들은
지금 빗속으로 걸어가는
내겐 우산이 되리라"
님이여,"1,948",윤태화,"님이여 님이시어
기어이 가시나요
뒷산에 접동새가
여태도록 우는데
가시면 떠나시면
어쩌라 어쩌라고
아니 되오 못 가오
나를 두고 못 가오
이 사랑 다 받기 전에
살아가는 오늘 또 내일이
님의 향기뿐인데
님이여 님이시어
차라리 죽으려오
님이 없는 세상은
온통 암흑천지요
내 사모하는 님이여
아 내 님이여"
청춘을 돌려다오,322,미스김,"청춘을 돌려다오
젊음을 다오
흐르는 내 인생의
애원이란다
못다한 그 사랑도
태산같은데
가는 세월 막을수는
없지 않느냐
청춘아 내 청춘아
어딜 가느냐

청춘을 돌려다오
젊음을 다오
흐르는 내 인생의
애원이란다
청춘아 내 청춘아
어딜 가느냐
청춘아 내 청춘아
어딜 가느냐"
그대 그리고 나,"3,477",소리새,"푸른 파도를 가르는 흰 돗단배 처럼
그대 그리고 나
낙엽 떨어진 그 길을 정답게 걸었던
그대 그리고 나 
흰눈 내리는 겨울을 좋아했던
그대 그리고 나

때론 슬픔에 잠겨서 한없이 울었던
그대 그리고 나
우린 마음을 달래려 고개를 숙이던
그대 그리고 나
우린 헤어져 서로가 그리운
그대 그리고 나

때론 슬픔에 잠겨서 한없이 울었던
그대 그리고 나
우린 마음을 달래려 고개를 숙이던
그대 그리고 나
우린 헤어져 서로가 그리운
그대 그리고 나"
창밖의 여자,"3,390",조용필,"창가에 서면
눈물처럼 떠오르는
그대의 흰 손
돌아서 눈 감으면
강물이어라
한줄기 바람되어
거리에 서면
그대는 가로등이 되어
내 곁에 머무네
누가 사랑을
아름답다 했는가
누가 사랑을
아름답다 했는가
차라리 차라리
그대의 흰 손으로
나를 잠들게 하라
누가 사랑을
아름답다 했는가
누가 사랑을
아름답다 했는가
차라리 차라리
그대의 흰 손으로
나를 잠들게 하라"
디스코,"1,007",강혜연,"오늘밤엔 디스코

그렇게 앉아있지 말고
노래 한 곡 뽑아봐

최신곡이 아니라도
뭐랄 사람 하나 없어

분위기 쳐진다 싶을 때면
신나는 디스코

손가락을 바짝 들고
온 세상을 찔러봐

오늘 밤엔 디스코
꿀꿀한 건 못 참아

여왕이 될지 하녀가 될지
네가 선택하는 거야

Everybody Disco
오늘 밤은 오늘뿐

아차하다 설마하다
예쁜 시절 다 간다

디스코 디스코

Everybody Disco

달리고 달려도 그 자린 건
네 잘못이 아니야

처음부터 쳇바퀴는
네 무대가 아닌 거야

이건 좀 아니다 싶을 때면
신나는 디스코

접은 날개 활짝 펴고
온 세상을 날아봐

오늘 밤엔 디스코
꿀꿀한 건 못 참아

여왕이 될지 하녀가 될지
네가 선택하는 거야

Everybody Disco
오늘 밤은 오늘뿐

아차하다 설마하다
예쁜 시절 다 간다

디스코 디스코
Everybody Disco
오늘 밤엔 디스코

Everybody Disco"
인생,"1,963",류계영,"운명이 나를 안고 살았나
내가 운명을 안고 살았나
구비구비 살아온 자욱마다
가시밭길 살아온 내 인생
다시 가라하면 나는 못가네
마디마디 서러워서 나는 못가네
지는 해에 실려버린 내- 사랑아
바람처럼 사라져 간 내 인생아
아- 사랑이여 눈물이여
묻어버린 내 청춘이여 허
사랑은 다시 오라 나를 부르고
인생은 눈물되어 나를 떠-미네
다시 가라하면 나는 못가네
마디마디 서러워서 나는 못가네
지는 해에 실려버린 내- 사랑아
바람처럼 사라져 간 내 인생아
아- 사랑이여 눈물이여
묻어버린 내 청춘이여 어머니
사랑은 다시 오라 나를 부르고
인생은 눈물되어 나를 떠-미네"
그 어느 날 (Trot ver.),"1,583",진해성,"어디 선가 마주쳤었지
길을 가다 잠깐 스쳐 지나갔지만
아직 까지 잊혀지지않네
꽃을 보듯 너를 보았지
나를 보며 웃는 그 미소도
지나치던 너의 그 향기도
너무너무 생각이 난다
떠오르는 너의 모습은
그 어느 날 너의 모습은
순수한 미소뿐이네
그 어느 날 그 어느 날
그날로 내가 돌아갈 수 있다면
보고 싶은 내 마음을
구름 위에 쓸까 바람 위에 띄울까
그 어느 날 나의 멋진 여인아
어디 선가 마주쳤었지
길을 가다 잠깐 스쳐 지나갔지만
아직 까지 잊혀지지않네
꽃을 보듯 너를 보았지
나를 보며 웃는 그 미소도
지나치던 너의 그 향기도
너무너무 생각이 난다
떠오르는 너의 모습은
그 어느 날 너의 모습은
순수한 미소뿐이네
그 어느 날 그 어느 날
그날로 내가 돌아갈 수 있다면
보고 싶은 내 마음을
구름 위에 쓸까 바람 위에 띄울까
그 어느 날 나의 멋진 여인아"
가라지,"1,372",나훈아,"간다면 누가 너를
못 보낼 줄 알고
가라지 누가 너를
잡을 줄 알고
이렇게 날 울리고 가면
발걸음 꽤나 가볍겠다
이렇게 날 버리고 가면
마음 꽤나 편하겠다
너 괴롭고 나 괴로운것을
왜 왜 너는 모르니
나 떠나면 나 외로운 것을
넌 넌 뻔히 알잔니
간다면 누가 너를
못 보낼 줄 알고
가라지 누가 너를
잡을 줄 알고
너 괴롭고 나 괴로운 것을
왜 왜 너는 모르니
너 떠나면 나 외로운 것을
넌 넌 뻔히 알잔니
간다면 누가 너를
못보낼 줄 알고
가라지 누가 너를
잡을 줄 알고"
꽃물,"3,448",신유,"꽃물이 들었어요
외로웠던 나의가슴에
빨강 노랑 분홍빛에
곱디 고운 사랑 꽃물이
어서 내개로 오세요
어서 손잡아 주세요
나는 그대 남자에요
하나도 아낌없이 하나도 남김없이
모두모두 줄게요
눈물이랑 주지말아요
아픔일랑 주지말아요
이제는 그대만이 나에게 전부에요
영원히 영원히 영원히
꽃물든 나의 가슴에
상처를 주지마세요
그대를 사랑합니다
꽃물이 들었어요
외로웠던 나의가슴에
빨강 노랑 분홍빛에
곱디 고운 사랑 꽃물이
어서 내개로 오세요
어서 손잡아 주세요
나는 그대 남자에요
하나도 아낌없이 하나도 남김없이
모두모두 줄게요
눈물이랑 주지말아요
아픔일랑 주지말아요
이제는 그대만이 나에게 전부에요
영원히 영원히 영원히
꽃물든 나의 가슴에
상처를 주지마세요
그대를 사랑합니다
그대를 사랑합니다"
해후,"2,065",최성수,"어느새 바람 불어와 옷깃을 여미어 봐도
그래도 슬픈 마음은 그대로인걸
그대를 사랑하고도 가슴을 비워 놓고도
이별의 예감 때문에 노을진 우리의 만남

사실은 오늘 문득그대 손을 마주 잡고서
창 넓은 찻집에서 다정스런 눈빛으로
예전에 그랬듯이 마주보며 사랑하고파
어쩌면 나 당신을 볼 수 없을 것 같아
사랑해 그 순간만은 진실이었어

사실은 오늘 문득 그대 손을 마주 잡고서
창 넓은 찻집에서 다정스런 눈빛으로
예전에 그랬듯이 마주보며 사랑하고파
어쩌면 나 당신을 볼 수 없을 것 같아
사랑해 그 순간만은 진실이였어"
꼬마인형,"2,217",최진희,"그날밤 황홀한 시간을 난 잊을수가 없어요
세상에 태어나서 맨 처음 당신을 알고 말았죠

말없이 흐르던 눈물을 난 감출 수가 없었네
창문에 부딪치는 빗방울을 하나 둘 세고 있었죠

늦어도 그날까지 약속만을 남겨둔채로
밤이 지나고 새벽 먼길을 떠나갈 사람이여

부서지는 모래성을 쌓으며 또 쌓으며
꼬마인형을 가슴에 안고 나는 기다릴래요

늦어도 그날까지 약속만을 남겨둔 채로
밤이 지나고 새벽 먼길을 떠나갈 사람이여

부서지는 모래성을 쌓으며 또 쌓으며
꼬마인형을 가슴에 안고 나는 기다릴래요
꼬마인형을 가슴에 안고 나는 기다릴래요 -"
잊혀진 사랑,"1,459",조용필,"가지말라고 가지말라고
애원하며 잡았었는데
돌아서던 그 사람은
무정했던 당신이지요
가지말라고 가지말라고
잊을수는 없다 했는데
지금의 내 마음은 차라리
모든것을 잊고 싶어요

가지말라고 가지말라고
애원하며 잡았었는데
잃어버린 그 사람은
야속했던 당신이지요
가지말라고 가지말라고
잊을수는 없다 했는데
지금의 내 마음은 차라리
모든것을 잊고 싶어요"
내 여인,221,진성,"(내 여인 내 여인 내 사랑은 당신뿐이야)
산다는게 힘이든가요 외로워서 힘이든가요
운명처럼 만난 내 여인
당신만을 사랑합니다 (당신만 사랑합니다)
(우우우~) 인생이란 (인생이란)
구름 같은 것 (구름 같은 것)
어느 곳에 머물지 몰라 (몰라 몰라)
한번 가면 다시는 못 올
너와 나의 인생이기에
내 영원히 함께 할 사람
내 사랑은 당신뿐이야
(내 여인)
텅 빈 가슴 채워줄 사람
당신 말고 누가 있나요
운명처럼 만난 내 여인
당신만을 사랑합니다 (당신만 사랑합니다)
(우우우~) 인생이란 (인생이란)
구름 같은 것 (구름 같은 것)
어느 곳에 머물지 몰라 (몰라 몰라)
한번 가면 다시는 못 올
너와 나의 인생이기에
내 영원히 함께 할 사람
내 사랑은 당신뿐이야
내 영원히 함께 할 사람
내 사랑은 당신뿐이야
(내 여인)"
추억으로 가는 당신,"2,386",주현미,"나는 알아요 당신이 나를 얼마나 사랑하는지
내가 없으면 외로움속에 조용히 흐느낄 그사람
떠나야할 까닭일랑 묻지 말아요
내가 너무 바보였어요
모든것이 세월속에 지워질때면
그땐 내맘 알게 될거야
너무도 사랑한 당신 영원히 못잊을 당신
추억으로 가는 당신

나는 알아요 당신을 떠날 그날이 내게 온것을
내가 없으면 외로움속에 조용히 흐느낄 그사람
진정 그대 사랑이 필요한 것은
내가 아닌 또 다른 사람
모든것이 눈물속에 지워질때면
그땐 내맘 알게 될거야
너무도 사랑한 당신 영원히 못잊을 당신
추억으로 가는 당신"
밤열차,523,마이진,"뜨거운 눈물 흘려야 하는 사랑
빈 가슴 부여잡고 차창에 기대어
밤 이슬 내리는 창 밖을 보며
아쉬움에 자꾸만 뒤돌아보는데
기적 소리 울음소리
나를 나를 나를 울리네
이제 가면 못 볼 사랑 보고플 사랑
다시 오면 안 됩니까 말을 해 줘요
밤 열차는 미련 없이 떠나가는데
다시 오면 안 됩니까 말을 해 줘요
밤 열차는 미련 없이 떠나가는데
밤 열차는 미련 없이 떠나가는데"
단장의 미아리 고개,"10,177",송가인,"미아리 눈물고개
임이 넘던 이별 고개
화약 연기 앞을 가려
눈 못 뜨고 헤매일 때
당신은 철사 줄로
두 손 꽁꽁 묶인 채로
뒤돌아보고 또 돌아보고
맨발로 절며 절며
끌려가신 이 고개여
한 많은 미아리 고개
여보 당신은 지금 어디서
무얼 하고 계세요
어린 용구는 오늘 밤도
아빠를 그리다가
이제 막 잠이 들었어요
동지섣달 기나긴 밤
북풍한설 몰아칠 때
당신은 감옥살이
얼마나 고생을 하고 계세요
십 년이 가도 백 년이 가도
부디 살아만 돌아오세요 네
여보
아빠를 그리다가
어린 것은 잠이 들고
동지섣달 기나긴 밤
북풍한설 몰아칠 때
당신은 감옥살이
그 얼마나 고생을 하오
십년이 가고 백년이 가도
살아만 돌아오소
울고 넘던 이 고개여
한 많은 미아리 고개
한 많은 미아리 고개"
빙글빙글,"6,057",Nami (나미),"그저 바라만 보고 있지
그저 눈치만 보고 있지
늘 속삭이면서도
사랑한다는
그 말을 못 해
그저 바라만 보고 있지
그저 속만 태우고 있지
늘 가깝지도 않고
멀지도 않은
우리 두 사람
그리워지는 길목에 서서
마음만 흠뻑 젖어 가네
어떻게 하나
우리 만남은
빙글빙글 돌고
여울져 가는 저 세월 속에
좋아하는 우리 사이
멀어질까 두려워
어떻게 하나
우리 만남은
빙글빙글 돌고
여울져 가는 저 세월 속에
좋아하는 우리 사이
멀어질까 두려워

그저 바라만 보고 있지
그저 속만 태우고 있지
늘 가깝지도 않고
멀지도 않은
우리 두 사람
그리워지는 길목에 서서
마음만 흠뻑 젖어 가네
어떻게 하나
우리 만남은
빙글빙글 돌고
여울져 가는 저 세월 속에
좋아하는 우리 사이
멀어질까 두려워
어떻게 하나
우리 만남은
빙글빙글 돌고
여울져 가는 저 세월 속에
좋아하는 우리 사이
멀어질까 두려워
어떻게 하나
우리 만남은
빙글빙글 돌고
여울져 가는 저 세월 속에
좋아하는 우리 사이
멀어질까 두려워
어떻게 하나
우리 만남은
빙글빙글 돌고
여울져 가는 저 세월 속에
좋아하는 우리 사이
멀어질까 두려워"
봄봄봄,"26,321",임영웅,"봄 봄 봄 봄이 왔네요
우리가 처음 만났던
그때의 향기 그대로
그대가 앉아 있었던
그 벤치 옆에 나무도
아직도 남아있네요
살아가다 보면
잊혀질거라 했지만
그 말을 하며 안 될 거란 걸
알고 있었소
그대여 너를 처음 본 순간
나는 바로 알았지
그대여 나와 함께 해주오
이 봄이 가기 전에
다시 봄 봄 봄 봄이 왔네요
그대 없었던 내 가슴
시렸던 겨울을 지나
또 벚꽃 잎이 피어나듯이
다시 이 벤치에 앉아
추억을 그려 보네요
사랑하다 보면
무뎌질 때도 있지만
그 시간마저 사랑이란 걸
이제 알았소
그대여 너를 처음 본 순간
나는 바로 알았지
그대여 나와 함께 해주오
이 봄이 가기 전에
우리 그만 참아요 이제
더 이상은 망설이지 마요
아팠던 날들은 이제 뒤로 하고
말할 거에요
그대여 너를 처음 본 순간
나는 바로 알았지
그대여 나와 함께 해 주오
이 봄이 가기 전에"
서울의 밤,105,정슬,"네온이 춤을 추는
서울의 밤거리
그 님의 손을 잡고 행복에 젖어
거닐던 거리
그 님은 떠나가고
나 혼자 외로운데
어디서 들려오는
사랑의 속삭임이
내 마음 울리네
잊지 못할 서울의 밤
첫사랑 님을 만난 곳
잊지 못할 서울의 밤
님 또한 떠나버린 곳
네온도 울다
네온도 울다
말없이 꺼져버린
서울의 밤이여

잊지 못할 서울의 밤
첫사랑 님을 만난 곳
잊지 못할 서울의 밤
님 또한 떠나버린 곳
네온도 울다
네온도 울다
말없이 꺼져버린
서울의 밤이여
네온도 울다
네온도 울다
말없이 꺼져버린
서울의 밤이여
서울의 밤이여"
사랑의 미로,"2,965",최진희,"그토록 다짐을 하건만
사랑을 알 수 없어요
사랑으로 눈먼 가슴은
진실하나에 울지요
그대 작은 가슴에
심어준 사랑이여
상처를 주지 마오 영원히
끝도 시작도 없이
아득한 사랑의 미로여

흐르는 눈물은 없어도
가슴은 젖어버리고
두려움에 떨리는 것은
사랑의 기쁨인가요
그대 작은 가슴에
심어준 사랑이여
상처를 주지 마오 영원히
끝도 시작도 없이
아득한 사랑의 미로여

때로는 쓰라린 이별도
쓸쓸히 맞이하면서
그리움만 태우는것이
사랑의 진실인가요
그대 작은 가슴에
심어준 사랑이여
상처를 주지 마오 영원히
끝도 시작도 없이
아득한 사랑의 미로여"
소중한 사랑,805,김중연,"이 세상 그 무엇과도
바꿀 수 없는 내 사랑
눈물이 날 만큼 찡했던 사랑
안타까운 나의 사랑아
그대 주고 간 그 눈빛 때문에
내 입술이 타 들어가요
꽃을 보아도 별을 달을 보아도
잊을 수가 없는 사랑아
그대의 모습 숨소리까지
영혼까지 사랑했었다
행복한 시간 물으면
그대를 사랑한 시간
이 세상 그 무엇과도
바꿀 수 없는 내 사랑
우리 영원히 둘이서 가요
내 맘을 다 드릴게요
그대만 나를 가져가세요
소중한 나의 사랑아
행복한 시간 물으면
그대를 사랑한 시간
이 세상 그 무엇과도
바꿀 수 없는 내 사랑
우리 영원히 둘이서 가요
내 맘을 다 드릴게요
그대만 나를 가져가세요
소중한 나의 사랑아
그대만 나를 가져가세요
소중한 나의 사랑아"
꽃길,"2,927",박지현,"다시 돌아가라하면 싫어요
난 못가요
비단옷 꽃길이라도
이제 다시 사랑안해요
몰라서 걸어온 그 길
알고는 다시는 못가
아파도 너무나 아파
사랑은 또 무슨 사랑
다시 돌아가라하면 싫어요
난 못가요
비단옷 꽃길이라도
이제 다시 사랑안해요
몰라서 걸어온 그 길 알고는
다시는 못가
아파도 너무나 아파
꽃길은 또 무슨 꽃길
몰라서 걸어온 그 길
알고는 다시는 못가
아파도 너무나 아파
사랑은 또 무슨 사랑
꽃길은 또 무슨 꽃길"
청춘을 돌려다오,"1,381",나훈아,"청춘을 돌려다오
젊음을 다오
흐르는 내 인생의
애원이란다
못다한 그 사랑도
태산같은데
가는 세월 막을수는
없지 않느냐
청춘아 내 청춘아
어딜 가느냐

청춘을 돌려다오
젊음을 다오
흐르는 내 인생의
애원이란다
지나간 그 옛날이
어제 같은데
가는 세월 막을수는
없지 않느냐
청춘아 내 청춘아
어딜 가느냐"
존재의 이유,"1,762",김종환,"언젠가는 너와 함께 하겠지 지금은 헤어져 있어도
네가 보고싶어도 참고 있을뿐이지 언젠간 다시 만날테니까
그리오래 헤어지진 않아 너에게 나는 돌아갈거야
모든걸 포기하고 네게 가고싶지만 조금만 참고 기다려줘

알수없는 또다른 나의 미래가 나를 더욱더 힘들게 하지만
니가 있다는 것이 나를 존재하게해
니가 있어 나는 살 수 있는거야
조금만 더 기다려 네게 달려갈테니 그때까지 기다릴수 있겠니

(멘트)그래 다시 시작하는거야 조금 늦는다고 바뀌는건 없겠지
남자란 때로 그 무엇을 위해서 모든 것을 버릴때도 있는거야
넌 이해할 수 있는거야 넌 이해할 수 있겠지
정말 미안해 널 힘들게해서
하지만 너무 슬퍼는 하지마 너의 곁엔 항상 내가 있을테니까
우리의 미래를 위해 슬퍼도 조금만 참아줘
내가 이렇게 살아갈 수 있는 이유는 니가 있기 때문이야
널 사랑해

저녁늦게 나는 잠이 들었지 너를 생각할 시간도 없이
너무나 피곤해서 쓰러져 잠이 들었지 난 왜 이렇게 사는거야
눈을 뜨면 또하루가 가고 내 손엔 작은 너의 사진뿐
너를 다시 만나면 꼭안고 놓지않으리 헤어져있던 시간만큼

알수없는 또다른 나의 미래가 나를 더욱더 힘들게 하지만
니가 있다는 것이 나를 존재하게해
니가 있어 나는 살 수 있는거야
조금만 더 기다려 네게 달려갈테니 그때까지 기다릴수 있겠니"
미워도 다시 한번,119,별사랑,"이 생명 다바쳐서
죽도록 사랑했고
순정을 다바쳐서
믿고 또 믿었건만

영원히 그 사람을
사랑해선 안 될 사람
말 없이 가는 길에
미워도 다시 한번
아 안녕

지난 날 아픈 가슴
오늘의 슬픔이여
여자의 숙명인가
운명의 장난인가

나만이 가야 하는
그 사람의 길이기에
울면서 돌아설 때
미워도 다시 한번
아 안녕

나만이 가야 하는
그 사람의 길이기에
울면서 돌아설 때
미워도 다시 한번
아 안녕"
붓,514,김다현,"힘겨운 세월을 버티고 보니
오늘 같은 날도 있구나

그 설움 어찌 다 말할까
이리 오게 고생 많았네

칠십년 세월 그까짓 게 무슨 대수요
함께 산 건 오천년인데

잊어버리자 다 용서하자
우린 함께 살아야 한다

백두산 천지를 먹물 삼아
한 줄 한 줄 적어나가세

여보게 친구여
붓을 하나 줄 수 있겠나

붓을 하나 줄 수 있겠나

힘겨운 세월을 버티고 보니
오늘 같은 날도 있구나

그 설움 어찌 다 말할까
이리 오게 고생 많았네

칠십년 세월 그까짓 게 무슨 대수요
함께 산 건 오천년인데

잊어버리자

잊어버리자 다 용서하자
우린 함께 살아야 한다

한라산 구름을 먹물 삼아
한 점 한 점 찍어나가세

여보게 친구여
붓을 하나 줄 수 있겠나

붓을 하나 줄 수 있겠나
붓을 하나 줄 수 있겠나"
왜 돌아보오,271,반가희,"갈래면 가지 왜 돌아보오
갈래면 가지 왜 돌아보오
떠나갈 당신을 붙잡을 줄 알고
갈래면 가지 왜 돌아보오
찢어지는 아픔을 느껴야 하나요
마음속에 눈물을 보아야 하나요
사랑한단 말을 마오
유행가 가사인줄 아오
갈래면 가지 왜 돌아봅니까
지나간 일들을 잊으라니요
지나간 일들을 잊으라니요
사랑이 무슨 장난인가요
갈래면 가지 왜 돌아보오
찢어지는 아픔을 느껴야 하나요
마음속에 눈물을 보아야 하나요
사랑한단 말을 마오
유행가 가사인줄 아오
갈래면 가지 왜 돌아봅니까
사랑한단 말을 마오
유행가 가사인줄 아오
갈래면 가지
왜 돌아봅니까"
아이라예,539,미스김,"니 내를 사랑하나(아니다 미스김 너무 빠르다 우리)
그라믄 싫어하나(아니다 유리야 니 나한테 빠지면 못 나온다)
아이라예 아이라예 수줍어하던
그 사람이 생각이 난다
손목 한번 잡는 것도
눈치 보였고
언불생심 키스까지
천만의 말씀
몰라예 아이라예 부끄러버예
보고 싶다 부산 오빠야
몰라예 아이라예 부끄러버예
보고 싶다 부산 오빠야


내 니를 우째하꼬 모릅니더
거라먼 누가 아노 모릅니더
모릅니더 모릅니더 얼굴 붉히던
첫사랑이 그리워진다
철철 끓는 타는 가슴
콩닥거렸고
보다덤고 싶었지만
천만의 말씀
몰라예 아이라예 부끄러버예
보고 싶다 나의 사랑아
철철 끓는 타는 가슴
콩닥거렸고
보다덤고 싶었지만
천만의 말씀
몰라예 아이라예 부끄러버예
보고 싶다 부산 오빠야
몰라예 아이라예 부끄러버예
보고 싶다 부산 오빠야
보고 싶다 부산 오빠야
보고 싶다 나의 사랑아"
여인의 눈물,"1,854",주현미,"사랑이 사랑으로 남아 있나요
기억 저편 난 어디쯤에 있나
다정했던 사람이 그 모진 사랑이
가슴에 남아있는데
그날이 그리워서 눈물이 나면
하염없이 이 길을 걷고 있네
밤새우던 웃음도 꼭 잡은 두 손도
모두 다 지난 이야기
긴 세월 속에 수많았던 인연
늘 상처뿐인 사랑이여
아아 바람처럼
멀리 길도 없이 떠나가는가
슬픔은 흘러간다 또 나를 달랜다
가녀린 여인의 눈물
사랑이 야속하다 아니라 해도
속절없이 가슴을 저며온다
달콤했던 말들은 다 무엇이었나
도무지 알 수가 없네
아스라이 사라진 기억
그 언약들은 별이 되어
아아 구름처럼
그대 끝도 없이 떠나가는가
아픔은 스쳐간다 또 나를 안는다
가녀린 여인의 눈물
아아 구름처럼
그대 끝도 없이 떠나가는가
아픔은 스쳐간다 또 나를 안는다
가련한 여인의 눈물"
그 어느 날 (Acoustic ver.),"1,211",진해성,"어디 선가 마주쳤었지
길을 가다 잠깐 스쳐 지나갔지만
아직 까지 잊혀지지않네
꽃을 보듯 너를 보았지
나를 보며 웃는 그 미소도
지나치던 너의 그 향기도
너무너무 생각이 난다
떠오르는 너의 모습은
그 어느 날 너의 모습은
순수한 미소뿐이네
그 어느 날 그 어느 날
그날로 내가 돌아갈 수 있다면
보고 싶은 내 마음을
구름 위에 쓸까 바람 위에 띄울까
그 어느 날 나의 멋진 여인아
어디 선가 마주쳤었지
길을 가다 잠깐 스쳐 지나갔지만
아직 까지 잊혀지지않네
꽃을 보듯 너를 보았지
나를 보며 웃는 그 미소도
지나치던 너의 그 향기도
너무너무 생각이 난다
떠오르는 너의 모습은
그 어느 날 너의 모습은
순수한 미소뿐이네
그 어느 날 그 어느 날
그날로 내가 돌아갈 수 있다면
보고 싶은 내 마음을
구름 위에 쓸까 바람 위에 띄울까
그 어느 날 나의 멋진 여인아
그 어느 날 나의 멋진 여인아"
좋다!,"1,271",안성훈,"장구를 울려라 북을 울려라
징징 꽹과리를 울려라
동트는 동해바다 세상을 깔고
저마다의 악기를 울려라
에헤야 좋다 에헤야 좋구나
너랑 나랑 합을 맞추며
에헤야 좋다 얼씨구 좋구나
어우러져 살아야한다
여보게 한번 왔다 가는 세상에
욕심일랑 던져버리게
장구를 울려라 북을 울려라
징징 꽹과리를 울려라
저마다 가슴속의 설움을 털고
신명나게 놀아나보자
에헤야 좋다 에헤야 좋구나
너랑 나랑 합을 맞추며
에헤야 좋다 얼씨구 좋구나
어우러져 살아야한다
여보게 한번 왔다 가는 세상에
욕심일랑 던져버리게
저바다에 던져버리게"
울 엄마,"3,509",안성훈,"먼 고향 울엄마 고향
괜스레 눈물이 나요
살아 생전 불효한 자식
못난 자식 걱정에
정안수 떠놓고 잘되라고 빌던
울 엄마 그 품속 그리워라
해 뜨고 까치가 울면
싸리문 바라보다가
살아 생전 불효한 자식
못난 자식 걱정에
정안수 떠놓고 잘되라고 빌던
울 엄마 그 품속 그리워라"
묻지마세요,"4,395",김성환,"여기까지 왔는데
앞만 보고 왔는데
묻지 마세요
묻지 마세요 물어보지 마세요
내 나이 묻지 마세요
흘러간 내 청춘 잘한 것도 없는데
요놈의 숫자가 따라 오네요
여기까지 왔는데
앞만 보고 왔는데
지나가는 세월에 서러운 눈물
서산 넘어가는 청춘
너 가는 줄 몰랐구나
세월아 가지를 말어라
묻지 마세요
묻지 마세요 물어보지 마세요
내 나이 묻지 마세요
흘러간 내 청춘 잘한 것도 없는데
요놈의 숫자가 따라 오네요
여기까지 왔는데
앞만 보고 왔는데
지나가는 세월에 서러운 눈물
서산 넘어가는 청춘
너 가는 줄 몰랐구나
세월아 가지를 말어라
여기까지 왔는데
앞만 보고 왔는데
지나가는 세월에 서러운 눈물
서산넘어 가는 청춘
너 가는 줄 몰랐구나
세월아 가지를 말어라
세월아 가지를 말어라"
외로운 술잔,611,성빈 (최윤하),"그대가 내게 남긴 건
차디찬 술잔과 눈물
이대로 아무말 없이
아픔을 갖자
누구도 채울 수 없는
마음의 빈 잔과 같이
허공을 맴돌고 있네
사랑을 비워둔 채로
너는 내게 말했지
샘물이 되어달라고
너는 작은 돌이 되어
영원히 잠겨 있겠다고
그러나 덧없는 사랑
이별의 아쉬움만이
씁쓸한 술잔에 담겨
나를 울게 하네요
너는 내게 말했지
샘물이 되어달라고
너는 작은 돌이 되어
영원히 잠겨 있겠다고
그러나 덧없는 사랑
이별의 아쉬움만이
씁쓸한 술잔에 담겨
나를 울게 하네요
나를 울게 하네요"
뒤늦은 후회,"2,579",최진희,"창 밖에 내리는 빗물 소리에
마음이 외로워져요
지금 내 곁에는 아무도
아무도 없으니까요
거리에 스치는 바람 소리에
슬픔이 밀려와요
눈물이 흐를 것만 같아서
살며시 눈 감았지요
계절은 소리 없이 가구요
사랑도 떠나갔어요
외로운 나에겐 아무것도
남은 게 없구요
순간에 잊혀져갈 사랑이라면
생각하지 않겠어요
이렇게 살아온 나에게도
잘못이 있으니까요
계절은 소리 없이 가구요
사랑도 떠나갔어요
외로운 나에겐 아무것도
남은 게 없구요
순간에 잊혀져갈 사랑이라면
생각하지 않겠어요
이렇게 살아온 나에게도
잘못이 있으니까요
이렇게 살아온 나에게도
잘못이 있으니까요"
용두산 엘레지,"11,060",송가인,"용두산아 용두산아
너만은 변치 말자
한발 올려 맹세하고
두발 딛어 언약하던
한 계단 두 계단
일백구십 사계단에
사랑심어 다져놓은
그 사람은 어디가고
나만 혼자 쓸쓸히도
그 시절 못 잊어
아 못 잊어 운다
둘이서 거닐던
일백구십 사계단에
즐거웠던 그 시절은
그 어디로 가버렸나
잘 있거라 나는 간다
꽃피던 용두산아
아 용두산 엘레지"
Change (체인지),"1,296",나훈아,"너를 만난 그날부터 모든 것이 달라졌어
이 세상 모든 것이 달라져 버렸어
너를 만난 순간부터 모든 것이 변했어
나의 모든 것이 바뀌어버렸어
Change Change Change
Change Change Change
이 세상이 달라진 건 1도 없는데
썸타는 내 마음이 달라져 버렸어
싫은 것도 좋아지고 미운 것도 예뻐지고
메마른 내 가슴에 사랑꽃이 피었네
Change Change 네가 있어 너무 좋아
Change Change 네가 있어 찐 좋아
너를 만난 그날부터 모든 것이 아름다워
사랑하는 바로 네가 곁에 있기 때문이야
Change Change Change
Change Change Change
이 세상이 달라진 건 1도 없는데
썸타는 내 마음이 달라져 버렸어
싫은 것도 좋아지고 미운 것도 예뻐지고
메마른 내 가슴에 사랑꽃이 피었네
Change Change 네가 있어 너무 좋아
Change Change 네가 있어 찐 좋아
너를 만난 그날부터 모든 것이 아름다워
사랑하는 바로 네가 곁에 있기 때문이야
Change Change Change
Change Change Change"
땡벌,"3,625",강진,"아 당신은 못 믿을 사람
아 당신은 철없는 사람
아무리 달래봐도
어쩔 순 없지만
마음 하나는 괜찮은 사람
오늘은 들국화
또 내일은 장미꽃
치근 치근 치근대다가
잠이 들겠지
난 이제 지쳤어요 땡벌
기다리다 지쳤어요 땡벌
혼자서는 이 밤이
너무 너무 추워요
당신은 못 말리는 땡벌
당신은 날 울리는 땡벌
혼자서는 이 밤이
너무 너무 길어요
아 당신은 야속한 사람
아 당신은 모를 사람
밉다가도 돌아서면
마음에 걸리는
마음 하나는 따뜻한 사람
바람에 맴돌다
또 맴돌다 어딘가
기웃 기웃 기웃대다가
잠이 들겠지
난 이제 지쳤어요 땡벌
기다리다 지쳤어요 땡벌
혼자서는 이 밤이
너무 너무 추워요
당신은 못 말리는 땡벌
당신은 날 울리는 땡벌
혼자서는 이 밤이
너무 너무 길어요
당신을 사랑해요 땡벌
당신을 좋아해요 땡벌
밉지만 당신을
너무 너무 사랑해"
왜 돌아보오 (2023 Ver.),"5,951",이찬원,"갈래면 가지 왜 돌아보오
갈래면 가지 왜 돌아보오
떠나갈 당신을 붙잡을 줄 알고
갈래면 가지 왜 돌아보오

찢어지는 아픔을 느껴야 하나요
마음속에 눈물을 보아야 하나요
사랑한다 말을 마오 유행가 가사인 줄 아오
갈래면 가지 왜 돌아봅니까

지나간 일들을 잊으라니요
지나간 일들을 잊으라니요
사랑이 무슨 장난인가요
갈래면 가지 왜 돌아보오

찢어지는 아픔을 느껴야 하나요
마음속에 눈물을 보아야 하나요
사랑한다 말을 마오 유행가 가사인 줄 아오
갈래면 가지 왜 돌아봅니까"
사랑의 해결사,"3,291",김수찬,"잡아 내손을 잡아 지치고 힘이들면
나를 불러줘
너의 눈빛 너의 말투 보고 싶은걸
알아 니 맘을 알아 외롭고 슬퍼지면
나를 찾아줘
감싸주고 안아주고 위로 해줄게
사랑해 Love Me Love Me
내 안에 니가 있잖아
I Love You Kiss Me Kiss Me
세상에 둘도 없는 흑기사야
사뿐 사뿐 사뿐 사뿐 달려가
너풀 너풀 너풀 너풀 날아가
사랑 사랑 사랑 사랑 줄거야
감동을 줄거야
두리 두리 두리 두리 둘이서
사랑 할 거야
고민 고민 고민 고민 하지마
사랑의 해결사 해결해 줄게
사랑해 Love Me Love Me
내안에 니가 있잖아
I Love You Kiss Me Kiss Me
세상에 둘도 없는 흑기사야
사뿐 사뿐 사뿐 사뿐 달려가
너풀 너풀 너풀 너풀 날아가
사랑 사랑 사랑 사랑 줄거야
감동을 줄거야
두리 두리 두리 두리 둘이서
사랑 할거야
고민 고민 고민 고민 하지마
사랑의 해결사 해결해 줄게
사뿐 사뿐 사뿐 사뿐 달려가
너풀 너풀 너풀 너풀 날아가
사랑 사랑 사랑 사랑 줄거야
감동을 줄거야
두리 두리 두리 두리 둘이서
사랑 할 거야
고민 고민 고민 고민 하지마
사랑의 해결사 해결해 줄게"
아라리요,135,윤서령,"아리 아라리요
눈물아 비가 되어 내려라
아리 아라리요
내 님 돌아오시게
휘영청 달 밝은 밤에
하염없는 이 내 마음
내 님 찾아 떠도니는
서러운 이 마음 춘향이로구나
계절 따라 피어나는
산천에 흐드러진 꽃들아
떠나가실 우리 님
가시는 길 앞을 물들여라
아리 아라리요
눈물아 비가 되어 내려라
아리 아라리요
내 님 돌아오시게

아리 아라리요
눈물아 비가 되어 내려라
아리 아라리요
내 님 돌아오시게
휘영청 달 밝은 밤에
하염없는 이 내 마음
내 님 찾아 떠도니는
서러운 이 마음 춘향이로구나
계절 따라 피어나는
산천에 흐드러진 꽃들아
떠나가실 우리 님
가시는 길 앞을 물들여라
아리 아라리요
눈물아 비가 되어 내려라
아리 아라리요
내 님 돌아오시게
아리 아라리요
눈물아 비가 되어 내려라
아리 아라리요
내 님 돌아오시게
내게 돌아오시게"
목로주점,"24,412",임영웅,"멋드러진 친구 내 오랜 친구야
언제라도 그곳에서 껄껄껄 웃던
멋드러진 친구 내 오랜 친구야
언제라도 그곳으로 찾아오라던
이왕이면 더 큰 잔에 술을 따르고
이왕이면 마주 앉아
마시자 그랬지
그래 그렇게 마주 앉아서
그래 그렇게 부딪쳐 보자
가장 멋진 목소리로 기원하려 마
가장 멋진 웃음으로 화답해 줄게
오늘도 목로주점 흙바람 벽엔
삼십 촉 백열등이 그네를 탄다
월말이면 월급타서 로프를 사고
연말이면 적금타서 낙타를 사자
그래 그렇게 산에 오르고
그래 그렇게 사막에 가자
가장 멋진 내 친구야 빠뜨리지 마
한 다스의 연필과 노트 한 권도
오늘도 목로주점 흙바람 벽엔
삼십 촉 백열등이 그네를 탄다"
겨울 장미,191,별사랑,"철이 없어 그땐 몰랐어요
그 눈길이 무얼 말하는지
바람 불면 그대 잊지 못해
조용히 창문을 열면서 나는 생각해요
겨울에 피는 흰 장미여
아직도 나를 기다리나
감춰진 마음 보고 싶어
햇살을 향해 피었는가
사랑의 말 내게 들려줘요
그리움이 나를 반기도록
바람 불면 그대 잊지 못해
조용히 창문을 열면서
나는 기다려요
겨울에 피는 흰 장미여
아직도 나를 기다리나
감춰진 마음 보고 싶어
햇살을 향해 피었는가
사랑의 말 내게 들려줘요
그리움이 나를 반기도록
바람 불면 그대 잊지 못해
조용히 창문을 열면서
그대 기다려요"
나는 꽃이 되었습니다,340,류원정,"기다렸습니다 당신 알아봐 주길
하루하루 지나가는 세월 모르고

기다렸습니다 당신 안에 꽃으로
그대 가슴에 나란 꽃으로 틔워주세요

나 피어납니다 당신이 지은 이름으로
붉게 물들어 그대 보이는 그 자리에

아름다운 꽃은 당신이 주신 그 향기로
그대 입가에 환한 미소로 드리리

기다렸습니다 당신 알아봐 주길
나는 이제 그대의 꽃이 되었습니다

나 피어납니다 당신이 지은 이름으로
붉게 물들어 그대 보이는 그 자리에

아름다운 꽃은 당신이 주신 그 향기로
그대 입가에 환한 미소로 드리리

나 피지 않는다 해도 매일 행복에 꿈을 꾸었어요
그대 언젠가는 날 바라볼 거라고 믿었어요

꽃이 되었습니다 당신이 지은 이름으로
붉게 물들어 그대 보이는 그 자리에

아름다운 꽃은 당신이 주신 그 향기로
그대 입가에 환한 미소로 드리리
그대 입가에 환한 미소로 드리리"
불러줘요,78,노지훈,"내 이름
불러줘요 OK 불러줘요
당신만의 가수가 될게
월화수목금토일 매일매일
당신이 부르면 OK

노 ~ 노쇼 아니예요 딱 기다려요
지 지금 당장 달려 갈 준비끝났어
훈~훈련된 강인하고 섹시한 내가
전국 팔도강산 달려갈께

웃을때 예쁜 울어도 예쁜
뭘해도 두 눈에 꼭 담고 싶은
소녀야 자기야 누나야
내사랑을 확인해봐

내 이름
불러줘요 OK 불러줘요
당신만의 가수가 될게
월화수목금토일 매일매일
당신이 부르면 OK


노 ~ 노쇼 아니예요 딱 기다려요
지 지금 당장 달려 갈 준비끝났어
훈~훈련된 강인하고 섹시한 내가
전국 팔도강산 달려갈께

웃을때 예쁜 울어도 예쁜
뭘해도 두 눈에 꼭 담고 싶은
소녀야 자기야 누나야
내사랑을 확인해봐

내 이름
불러줘요 OK 불러줘요
당신만의 가수가 될게
월화수목금토일 매일매일
당신이 부르면 OK

불러줘요 OK 불러줘요
당신만의 가수가 될게
월화수목금토일 매일매일
당신이 부르면 OK

당신만 있다면 나는 OK"
고향으로 가는 배,"1,045",나훈아,"고향으로 가는 배 꿈을 실은 작은 배
정을 잃은 사람아 고향으로 갑시다
산과 산이 마주쳐 소곤대는 남촌에
아침 햇살 다정히 풀잎마다 반기니
고향으로 가는 배 꿈을 실은 작은 배
정을 잃은 사람아 고향으로 갑시다
산비둘기 쌍쌍이 짝을 찾는 남촌에
피리 부는 목동의 옛 노래가 그리운
고향으로 가는 배 꿈을 실은 작은 배
정을 잃은 사람아 고향으로 갑시다
고향으로 가는 배 꿈을 실은 작은 배
정을 잃은 사람아 고향으로 갑시다
고향으로 갑시다"
가시오,"1,393",진욱,"가시오 가시오
꺾인 내 맘도 가져가시오
님 그리움에 지쳐버린 사랑은
향기 없는 꽃이 되었소
애틋한 꽃잎은 시들어
이 내 마음 갈 곳 없어
그리운 내님은 어디에
불러도 대답이 없네
아 보고픈 내 사랑아
사무친 슬픔 어이할까
가시오 가시오
꺾인 내 맘도 가져가시오
님 그리움에 지쳐버린 사랑은
향기 없는 꽃이 되었소
아 보고픈 내 사랑아
사무친 슬픔 어이할까
가시오 가시오
꺾인 내 맘도 가져가시오
님 그리움에 지쳐버린 사랑은
향기 없는 꽃이 되었소
찬바람에 낙엽 지듯
그리움 품에 안고 가시오
가시오 가시오
꺾인 내 맘도 가져가시오
님 그리움에 지쳐버린 사랑은
향기 없는 꽃이 되었소
향기 없는 꽃이 되었소"
소풍같은 인생,"4,390",추가열,"너도 한번 나도 한번
누구나 한 번 왔다가는 인생
바람 같은 시간이야
멈추지 않는 세월
하루하루소중하지
미련이야 많겠지만
후회도 많겠지만
어차피 한 번 왔다가는 걸
붙잡을 수 없다면
소풍가듯 소풍가듯
웃으며 행복하게 살아야지
너도 한번 나도 한번
누구나 한 번 왔다가는 인생
바람 같은 시간이야
멈추지 않는 세월
하루하루소중하지
미련이야 많겠지만
후회도 많겠지만
어차피 한 번 왔다가는 걸
붙잡을 수 없다면
소풍가듯 소풍가듯
웃으며 행복하게 살아야지
미련이야 많겠지만
후회도 많겠지만
어차피 한 번 왔다가는 걸
붙잡을 수 없다면
소풍가듯 소풍가듯
웃으며 행복하게 살아야지
웃으며 행복하게 살아야지"
동반자,"3,340",태진아,"당신은 나의 동반자
영원한 나의 동반자
내 생애 최고의 선물
당신과 만남이었어

잘 살고 못 사는 건
타고난 팔자지만
당신만을 사랑해요
영원한 동반자여

당신은 나의 동반자
영원한 나의 동반자
내 생애 최고의 선물
당신과 만남이었어

잘 살고 못 사는 건
타고난 팔자지만
당신만을 사랑해요
영원한 동반자여

당신은 나의 동반자
영원한 나의 동반자
내 생애 최고의 선물
당신과 만남이었어

잘 살고 못 사는 건
타고난 팔자지만
당신만을 사랑해요
영원한 동반자여

영원한 동반자여
영원한 동반자여 -"
겨울 비는 내리고,"2,201",김범룡,"그 누구인가 내게 다가와
나를 바라보는 애달픈 눈동자
비를 맞으며 우뚝 선 모습
떠나려 하는 내 님이련가
바보같지만 바보같지만
나는 정말로 보낼 수가 없어
하얀 내 얼굴 난 사랑했는데
어떡해야 하나 눈물이 흐르네
바람 불어와 뒤돌아 보면
당신은 저 멀리 사라져 버리고
아픈 마음에 홀로 걸으면
겨울비 내려와 머리를 적시네

바보같지만 바보같지만
나는 정말로 보낼 수가 없어
하얀 내 얼굴 난 사랑했는데
어떡해야 하나 눈물이 흐르네
바람 불어와 뒤돌아 보면
당신은 저 멀리 사라져 버리고
아픈 마음에 홀로 걸으면
겨울비 내려와 머리를 적시네
겨울비 내려와 머리를 적시네
겨울비 내려와 머리를 적시네"
힘을 내세요,"14,160",이찬원,"오늘따라 유난히 힘이 드나요
사는 게 어려운가요
복잡하게 생각할 필요 없어요
금방 지나갈 거니까요
돈 때문에 머리가 복잡한가요
뜻대로 되지 않나요
그깟 걱정도 언젠가 지나간대요
툭툭 모두 다 털어버려요
인생이 다 거기서 거긴 거죠
그렇게 걱정 말아요
살다 보면 좋은 날이 와요
모두 다 힘을 내세요
힘을 내세요 힘을 내세요
아무리 힘이 들어도
언젠가 쨍하고 해 뜰 날이 와요
오늘도 힘을 내세요
힘이 들 땐 술 한잔하면 어때요
사는 게 별거 있나요
한잔하면 유난히 보고 싶겠죠
함께 울고 웃던 친구가
나만 빼고 모두 다 잘 살아 보여
너무나 부러운가요
하지만 다 힘들었던 사연은 있죠
그리 부러워하지 말아요
인생이 다 거기서 거긴 거죠
그렇게 걱정 말아요
살다 보면 좋은 날이 와요
모두 다 힘을 내세요
힘을 내세요 힘을 내세요
아무리 힘이 들어도
언젠가 쨍하고 해 뜰 날이 와요
오늘도 힘을 내세요
힘을 내세요 힘을 내세요
아무리 힘이 들어도
언젠가 쨍하고 해 뜰 날이 와요
오늘도 힘을 내세요
모두 다 힘을 내세요"
"이따,이따요","3,772",장윤정,"가끔은 짧은 치마를 입고
가끔은 짙은 화장을 하면
아주 낯선 시선들이
하나 둘 다가와요
여자니
미소 한 번 건네고
여자니
한 번쯤은 튕기고
마지못해
대답해 주면
어느새 내게로 와
안돼 안돼
좀 이따이따 이따요
그래 그래
더 이따이따 이따요
우린 아직 모르는게
너무나 많아요
안돼 안돼
더 다가오지 마세요
그래 그래 더
조금만 더 천천히
정말 나를
원한다면 아껴주세요

처음엔 달콤한 말뿐이죠
이래도 저래도 다 좋대요
남자들은 똑같아요
조금만 천천히요
오늘은 손만 잡아 줄래요
입술은
나중에 허락할래
나의 마음까지 안아줄
그런 남자를 원해
안돼 안돼 좀
이따이따 이따요
그래 그래 더
이따이따 이따요
여자 맘을 몰라주는
남자는 싫어요
안돼 안돼
오늘은 여기까지만
그래 그래
너무 서두르지 마요
정말 나를 원한다면
아껴주세요

안돼 안돼 좀
이따이따 이따요
그래 그래 더
이따이따 이따요
여자 맘을 몰라주는
남자는 싫어요
안돼 안돼
오늘은 여기까지만
그래 그래
너무 서두르지 마요
정말 나를 원한다면
아 아아 아 아아
아껴주세요"
빙빙빙,"3,556",양지은,"바람이 불면 바람을 타고
빙빙빙 돌아올 거야
당신은 내 사랑
나는 나는 나는 나는 잊을 수 없어
스쳐 지나간
지난 일들을
차창 가에 날려버리고
먼 길을 돌아 먼 길을 돌아
돌아올 거야
빙빙빙 돌아 올거야
그대의 향기 바람을 타고
솔솔솔 불어올 거야
손가락 걸며 맹세한
나를 나를 나를 나를 잊어버렸나
함께 웃었고 함께 울었던
그 세월이 너무 정다워
먼 길을 돌아 먼 길을 돌아
돌아올 거야
빙빙빙 돌아올 거야
먼 길을 돌아 먼 길을 돌아
돌아올 거야
내 사랑 돌아올 거야"
서울의 달,"18,504",임영웅,"텅 빈 방 안에 누워
이 생각 저런 생각에
기나긴 한숨 담배 연기
또 하루가 지나고
하나 되는 게 없고
사랑도 떠나가 버리고
술 잔에 비친 저 하늘의 달과
한 잔 주거니 받거니
이 밤이 가는구나
오늘 밤 바라본
저 달이 너무 처량해
너도 나처럼 외로운
텅 빈 가슴 안고 사는구나
가끔 비가 내리면
구름에 니 모습이 가려
어두운 거리 또 쓸쓸해지네
텅 빈 이 거리 오늘도
혼자서 걸어가네
오늘 밤 바라본
저 달이 너무 처량해
너도 나처럼 외로운
텅 빈 가슴 안고 사는구나
오늘 밤 바라본
저 달이 너무 처량해
너도 나처럼 외로운
텅 빈 가슴 안고 사는구나
슬픈 추억 안고 사는구나
텅 빈 가슴 안고
사는구나"
어머나,383,김다현,"어머나 어머나 이러지 마세요
여자의 마음은 갈대랍니다
안돼요 왜이래요 묻지말아요
더 이상 내게 원하시면 안돼요

오늘 처음 만난 당신이지만
내사랑인걸요
헤어지면 남이돼요
모른척하겠지만

좋아해요 사랑해요
거짓말처럼 당신을 사랑해요
소설속에 영화속에 멋진 주인공은 아니지만
괜찮아요 말해봐요
당신 위해서라면 다 줄께요

어머나 어머나 이러지 마세요
여자의 마음은 바람입니다
안돼요 왜이래요 잡지말아요
더이상 내게 오시면 안돼요

오늘 처음 만난 당신이지만
내사랑인걸요
헤어지면 남이돼요
모른척하겠지만

좋아해요 사랑해요
거짓말처럼 당신을 사랑해요
소설속에 영화속에 멋진 주인공은 아니지만
괜찮아요 말해봐요
당신 위해서라면 다 줄께요

소설속에 영화속에 멋진 주인공은 아니지만
괜찮아요 말해봐요
당신 위해서라면 다 줄께요"
잡초,"3,263",박지현,"아무도 찾지않는
바람부는 언덕에
이름 모를 잡초야
한송이 꽃이라면
향기라도 있을텐데
이것저것 아무것도 없는
잡초라네
발이라도 있으면은
님 찾아갈텐데
손이라도 있으면은
님 부를텐데
이것저것 아무것도
가진게 없어
아무것도 가진게 없네
아무도 찾지않는
바람부는 언덕에
이름 모를 잡초야
한송이 꽃이라면
향기라도 있을텐데
이것저것 아무것도 없는
잡초라네
발이라도 있으면은
님 찾아갈텐데
손이라도 있으면은
님 부를텐데
이것저것 아무것도
가진게 없어
아무것도 가진게 없네
아무도 찾지않는
바람부는 언덕에
이름 모를 잡초야
한송이 꽃이라면
향기라도 있을텐데
이것저것 아무것도 없는
잡초라네
발이라도 있으면은
님 찾아갈텐데
손이라도 있으면은
님 부를텐데
이것저것 아무것도
가진게 없어
아무것도 가진게 없네
아무도 찾지않는
바람부는 언덕에
이름 모를 잡초야
한송이 꽃이라면
향기라도 있을텐데
이것저것 아무것도 없는
잡초라네
이것저것 아무것도 없는
잡초라네
이것저것 아무것도 없는
잡초라네"
그리워서,253,송민준,"창밖에 서린 너의 흔적이
날마다 나를 찾아와
잊을 수 없게 지울 수 없게
아프게 만들어
손끝에 번진 너의 흔적은
그 어떤 미련인 걸까
후회 없이 널 사랑했다고
믿고 싶었는데
그리워 네가 너무 그리워서
그리워 네가 보고 싶어서
사랑해 허공 속에 외쳐도
대답 없는 사람

가슴에 번진 너의 흔적은
그 어떤 미련인 걸까
후회 없이 널 사랑했다고
믿고 싶었는데
그리워 네가 너무 그리워서
그리워 네가 보고 싶어서
사랑해 허공 속에 외쳐도
대답 없는 사람
그리워 죽을 만큼 그리워서
그리워 네가 보고 싶어서
사랑해 허공 속에 외쳐도 음
대답 없는 사람
대답 없는 사람"
할무니,"19,330",김호중,"비가 오면 우산 들고 마중 나와 주시고
눈이 오면 넘어질까 걱정을 하시네
사랑으로 안아주고 기죽을까 감싸며
울 엄마의 빈자리를 채워주신 할무니
엄마 얼굴 그리려다 너무 생각이 안 나
동그라미 하나만을 그려놓고 잠든 밤
나도 나도 나도 니 어미가 보고 싶다며
내 손 잡고 몰래 우시던 사랑해요
우리 할무니
엄마 얼굴 그리려다 너무 생각이 안 나
동그라미 하나만을 그려놓고 잠든 밤
나도 나도 나도 니 어미가 보고 싶다며
내 손 잡고 몰래 우시던 사랑해요
우리 할무니
사랑해요
우리 할무니"
이별의 부산 정거장,"3,870",송가인,"보슬비가 소리도 없이
이별 슬픈 부산 정거장
잘 가세요 잘 있어요
눈물의 기적이 운다
한 많은 피난살이 설움도 많아
그래도 잊지 못할 판잣집이여
경상도 사투리의
아가씨가 슬피 우네
이별의 부산 정거장
서울 가는 십이 열차에
기대앉은 젊은 나그네
시름없이 내다보는
창밖의 등불이 존다
쓰라린 피난살이 지나고 보니
그래도 끊지 못할 순정 때문에
기적도 목이 메어
소리 높이 우는구나
이별의 부산 정거장
경상도 사투리의
아가씨가 슬피 우네
이별의 부산 정거장
이별의 부산 정거장"
매미,"1,890",전유진,"맴 맴 맴 매미가 서럽게 운다
내 인생 알고 있는가.
어린 시절 가슴 설레던 매미 소리가
오늘 밤은 나를 울리네.
맴 맴 돌다가 빙 빙 돌다가
어디에도 가지 못 하고.
맴 맴 울다가 엉 엉 울다가
목이 메어 울지 못할 때.
나 대신 울어 주라
매미야 나 대신 울어주라.
맴 맴 맴 매미가 서럽게 운다
내 인생 알고 있는가.
어린 시절 가슴 설레던 매미 소리가
오늘 밤은 나를 울리네.
맴 맴 돌다가 빙 빙 돌다가
어디에도 가지 못 하고.
맴 맴 울다가 엉 엉 울다가
목이 메어 울지 못할 때.
나 대신 울어 주라
매미야 나 대신 울어주라.
나 대신 울어 주라
매미야 나 대신 울어주라."
사나이 눈물,"1,483",조항조,"지금가지 않으면 못 갈것 같아
아쉬움만 두고 떠나야겠지
여기까지가 우리 전부 였다면
더이상은 욕심이겠지
피할수 없는 운명 앞에
소리내어 울지 못하고
까만 숯덩이 가슴안고
삼켜버린 사나이 눈물
이별할 새벽 너무 두려워
이대로 떠납니다

돌아서서 흘린 내눈물 속에
우리들의 사랑 묻어버리면
못다부른 나의 슬픈 노래도
바람으로 흩어 지겠지
피할수 없는 운명 앞에
소리내어 울지 못하고
까만 숯덩이 가슴 안고
삼켜버린 사나이눈물
아침이 오면 너무 초라해
이대로 떠납니다"
부기맨,"11,237",홍진영,"끝내주네요 젠틀하네요
당신은 끝내주네요
보지말아요 자꾸보나요
설레게 빤히 보지말아요
흔들흔들해 맘이 흔들해
두근거리게 하는 이사람
당신은 대박이예요
너무 좋아요
부끄러워요 너무
부끄러워요 난 몰라요
당신만을
당신만을 기다려요
부기부기부기맨
나를 사랑한다해요
이렇게 일년이가고
십년이가도 나는 기다려요
부기부기부기맨
나를 원한다고 말해요
이렇게 애타게하면
애타게하면
아이야이야이야이야
맘에 없는척 하지말아요
모른척 하지말아요
고민 말아요 용기를 내요
고민고민 하지말아요
오고 있어요 오고 있어요
당신이 오고 있어요
기분이 대박이예요
너무좋아요
부끄러워요 너무
부끄러워요 난 몰라요
당신만을
당신만을 기다려요
부기부기부기맨
나를 사랑한다해요
이렇게 일년이가고
십년이가도
나는 기다려요
부기부기부기맨
나를 원한다고 말해요
이렇게 애타게하면
애타게하면
아이야이야이야이야
부기부기부기맨
나를 원한다고 말해요
이렇게 애타게하면
애타게하면 애타게하면
아이야이야이야이야
부기부기부기맨"
후,727,안성훈,"뭘 하며 사니 네가 낯설어져가
영원할 듯한 우리였는데
잘 지내냐는 흔한 안부조차도
물을 수 없는
눈물 나는 사랑
우연에 이끌려 또 한걸음
뒤돌아보면
영화 같은 사랑이었는데
내 가슴에서 끄집어낸
바람 같은 추억
후 하고 불면
잊혀져 갈까
사랑했었다 너만 사랑했었다
나는 나는
다시 그 말뿐이다
네가 주고 간 이 지독한 그리움
우리 다시 사랑할 수 있을까

우연에 이끌려 또 한걸음
뒤돌아보면
영화 같은 사랑이었는데
내 가슴에서 끄집어낸
바람 같은 추억
후 하고 불면
잊혀져 갈까
사랑했었다 너만 사랑했었다
나는 나는
다시 그 말뿐이다
네가 주고 간 이 지독한 그리움
우리 다시 사랑할 수 있을까
우리 다시 사랑할 수 있을까"
원픽이야,306,장윤정,"원픽이야 원픽
내 원픽이야
내 눈에는 오로지
당신만 보여
원픽이야 원픽
내 사랑이야
내 마음속 저장
찜 찜 찜해버렸어
예고도 없이 내 마음에 딱
찾아온 당신
왜 이제서야 나타난 거야
기다렸잖아
노크도 없이 내 마음에 쏙
들어온 당신
보면 볼수록 알면 알수록
매력만점
아 느낌이 와요
아주 좋은 느낌이 와요
원픽이야 원픽
내 원픽이야
내 눈에는 오로지
당신만 보여
원픽이야 원픽
내 사랑이야
내 마음속 저장
찜 찜 찜해버렸어
(원픽 원픽 원픽이야 원픽 원픽 원픽이야)
예고도 없이 내 마음에 딱
찾아온 당신
왜 이제서야 나타난 거야
기다렸잖아
노크도 없이 내 마음에 쏙
들어온 당신
보면 볼수록 알면 알수록
매력만점
난 당신을 위한
비타민이 되어줄게요
원픽이야 원픽
내 원픽이야
내 눈에는 오로지
당신만 보여
원픽이야 원픽
내 사랑이야
내 마음속 저장
찜 찜 찜해버렸어
찜 찜 찜해버렸어"
하늬바람,219,윤서령,"불어온다 하늬바람
남촌에 서풍이 불어온다
사랑을 담아 바다를 건너
얼씨구 좋다 풍년이야
에헤라 좋구나 만선이야
우리 소원 이뤄주러
하늬바람 불어온다
어기여차 좋구나
행운이 왔구나
사랑 실어 꿈을 실어
닻을 올려라 노 저어라
하늬바람 맞바람에
풍년이 왔구나

불어온다 하늬바람
남촌에 서풍이 불어온다
사랑을 담아 바다를 건너
얼씨구 좋다 풍년이야
에헤라 좋구나 만선이야
우리 소원 이뤄주러
하늬바람 불어온다
어기여차 좋구나
행운이 왔구나
사랑 실어 꿈을 실어
닻을 올려라 노 저어라
하늬바람 맞바람에
풍년이 왔구나
하늬바람 맞바람에
풍년이 왔구나"
사랑이 이런건가요,"2,258",설운도,"사랑이 이런 건가요
가슴이 떨려오네요
나 그대 생각하면은
자꾸만 가슴이 뛰네요
어쩌다 이렇게 멋진
그대를 만나게 됐는지
아무리 생각해도 난
행운의 남자인가 봐
난 이제 하루하루가
그대 있어 너무 행복해
그 깊은 사랑에 빠져
도대체 헤어 나올 수가 없어
사랑이 이런 건가요
가슴이 떨려오네요
나 그대 생각하면은
자꾸만 가슴이 뛰네요
난 이제 하루하루가
그대 있어 너무 행복해
그 깊은 사랑에 빠져
도대체 헤어 나올 수가 없어
사랑이 이런 건가요
가슴이 떨려오네요
나 그대 생각하면은
자꾸만 가슴이 뛰네요
나 그대 생각하면은
자꾸만 가슴이 뛰네요"
이별의 영동선,"10,278",송가인,"사랑을 몰랐다면 아픔도 몰라
사랑을 또 미워하다가
눈물이 난다
잘 견뎌 왔는데
나도 몰래
눈물이 난다
영동선 기차
몸을 싣고
무정하게
가버린 사람
떠나는 사람이
뭐가 바쁜지
뒤도 한번 안 돌아 보고
남겨진 나만
울고 서있네
빈자리만 바라보면서
사랑해서 그리워서
나도 몰래
눈물이 나
떠나는 사람이
뭐가 바쁜지
뒤도 한번 안 돌아 보고
남겨진 나만
울고 서있네
빈자리만 바라보면서
사랑을 몰랐다면 아픔도 몰라
사랑을 또 미워하다가
사랑해서 그리워서
나도 몰래
눈물이 나
사랑해서 그리워서
나도 몰래
눈물이 나"
돌아와요 부산항에,"1,810",조용필,"꽃피는 동백섬에
봄이 왔건만
형제 떠난 부산항에
갈매기만 슬피 우네
오륙도 돌아가는
연락선 마다
목메어 불러봐도
대답 없는 내 형제여
돌아와요 부산항에
그리운 내 형제여
가고파 목이 메어
부르던 이거리는
그리워서 헤매이던
긴긴날의 꿈이었지
언제나 말이 없는
저 물결들도
부딪쳐 슬퍼하며
가는 길을 막았었지
돌아왔다 부산항에
그리운 내 형제여"
보라빛 엽서,"2,977",설운도,"보라빛 옆서에 실려온 향기는
당신에 눈물인가 이별에 마음인가
한숨속에 묻힌 사연 지워 보려 해도
떠나 버린 당신 마음 붙잡을 수 없네

오늘도 가버린 당신에 생각에
눈물로 써내려간 얼룩진 일기장엔
다시 못 올 그대 모습 기다리는 사연

오늘도 가버린 당신에 생각에
눈물로 써내려간 얼룩진 일기장엔
다시 못 올 그대 모습 기다리는 사연
다시 못 올 그대 모습 기다리는 사연"
애수,"2,010",진시몬,"아직도 모르겠어 난 정말

꿈이라 생각해야 하는지

너 떠난 그 길목에서
널 기다리는데

세월 모두 흘러가나
잊혀진건 아닌데

되돌아 오는 그길은
너무나도 멀었어

널 매일 생각했어

보이지 않는
환상을 쫓고있어

그리워 목이 메어
눈물흘려도 눈물닦아도

언젠간 돌아올거라 믿었는데

그대여 제발
내게로 돌아와줘요

내마음 오직 그대뿐인걸

꿈속에서도 눈을 떠봐도
온통 너의모습 그뿐인걸

널 매일 생각했어

보이지 않는
환상을 쫓고있어

그리워 목이 메어
눈물흘려도 눈물닦아도

언젠간 돌아올거라 믿었는데

그대여 제발
내게로 돌아와줘요

내마음 오직 그대뿐인걸

꿈속에서도 눈을 떠봐도
온통 너의모습 그뿐인걸"
아버지와 딸,"2,803",양지은,"내가 태어나서
두 번째로 배운 이름 아버지
가끔씩은 잊었다가 찾는 그 이름
우리 엄마 가슴을 아프게도 한 이름
그래 그래도 사랑하는 아버지
세상 벽에 부딪혀 내가 길을 잃을 땐
우리 집 앞에 마음을 매달고
힘을 내서 오라고 집 잘 찾아오라고
밤새도록 기다리던 아버지
내가 시집가던 날 눈시울을 붉히며
잘 살아라 하시던 아버지
사랑합니다 우리 아버지
아무리 바빠도 얼굴 한번 봅시다
만나서 차 한잔 합시다
우리 사랑을 가슴에 담고서"
상처,"1,585",조용필,"젖어 있는 두 눈 속에
감춰진 그 사연은
아직도 가슴에 아물지 않은
지난 날의 옛 상처
바람이 잠들은 내 가슴에
외로움을 달래면서 기대어
상처난 날개를 접어야 하는
외로운 사람아
당신은 내 사랑 영원한 내 사랑
외로워 마세요
이제는 내 품에서
다시 태어난 바람속의 여자

바람이 잠들은 내 가슴에
외로움을 달래면서 기대어
상처난 날개를 접어야 하는
외로운 사람아
당신은 내 사랑 영원한 내 사랑
외로워 마세요
이제는 내 품에서
다시 태어난 바람속의 여자"
붉은 입술,"13,809",임영웅,"밤을 새워 지는 달도
별을 두고 가는데
배 떠난 부둣가에는
검은 연기만 남아
맺지 못할 사연 두고
떠난 사람을
이렇게 밤을 새워
울어야 하나
잊지 못할 붉을 입술
나를 두고 가는 사람
원망도 했다마는
헤어질 운명이기에
웃으며 보냈지
단 하나의 사랑만은
믿어 주세요
사랑의 노래를 들려주던
잊지 못할 붉은 입술"
때,"2,486",조항조,"낮춰야 할 때는 낮춰야하고
물러나야 할 때는 물러나야지
오르고 오르면 끝이 있듯이
내려올 때도 끝이 있다네
막막한 하루하루 힘들다면은
하늘 한번 보고 힘껏 소리쳐
기회는 누구에게 다가오는 것
내게도 그럴 때가 올 거야
이왕이면 웃고 살면 행복해지고
기왕이면 웃고 살면 즐거워지고
영원히 힘들 것만 같았던
지난 일들도
돌아보면 추억 되겠지
지나간다 지나간다 지금 이 순간
때가 되면 돌아보면 웃는 날 온다
오늘도 힘차게 어깨를 펴고
가족사진보며 힘을 내야지
오오 오오오 오오
오오 오오오 오오오
오오 오오오 오오오 오
막막한 하루하루 힘들다면은
하늘 한번 보고 힘껏 소리쳐
기회는 누구에게 다가오는 것
내게도 그럴 때가 올 거야
이왕이면 웃고 살면 행복해지고
기왕이면 웃고 살면 즐거워지고
영원히 힘들 것만 같았던
지난 일들도
돌아보면 추억 되겠지
지나간다 지나간다 지금 이 순간
때가 되면 돌아보면 웃는 날 온다
오늘도 힘차게 어깨를 펴고
가족사진보며 힘을 내야지
지나간다 지나간다 지금 이 순간
때가 되면 돌아보면 웃는 날 온다
오늘도 힘차게 어깨를 펴고
가족사진보며 힘을 내야지
오오 오오오 오오
오오 오오오 오오오
오오 오오오 오오오 오오
지나간다 지나간다 지금 이 순간
때가 되면 돌아보면 웃는 날 온다
오늘도 힘차게 어깨를 펴고
가족사진보며 힘을 내야지"
옥수수밭 옆에 당신을 묻고,"1,148",윤태화,"견우직녀도 이날만은
만나게 하는 칠석날
나는 당신을 땅에 묻고 돌아오네
안개꽃 몇 송이 함께 묻고 돌아오네
살아평생 당신께 옷 한 벌 못해주고
당신 죽어 처음으로
베옷 한 벌 해 입혔네
당신 손수 베틀로 짠
옷가지 몇 벌 이웃에 나눠 주고
옥수수밭 옆에
당신을 묻고 돌아오네
은하 건너 구름 건너
한 해 한 번 만나게 하는 이 밤
은핫물 동쪽 서쪽 그 멀고 먼 거리가
하늘과 땅의 거리인 걸 알게 하네
당신 나중 흙이 되고
내가 훗날 바람 되어
다시 만나지는 길임을 알게 하네
내 남아 밭 갈고 씨 뿌리고
땀 흘리며 살아야
한 해 한 번
당신 만나는 길임을 알게 하네"
니나노,270,윤수현,"니나노 니나노 니나노

에헤라 뭐 하고 있나
에헤라 왜 그리 사나
고생을 사서 하는구나

에헤라 사랑 한 바퀴
에헤라 인생 한 바퀴
한 가락 니나노란다

욕심 근심 버려라
마음 편한 게
살아보니 최고로구나

니나노야 니나노야
놀다가 가련다
지나간 건 생각말자

세상사가 인생사가
니나노란다
어차피 니나노란다

에헤라 사랑 한 바퀴
에헤라 인생 한 바퀴
한 가락 니나노란다

욕심 근심 버려라
마음 편한 게
살아보니 최고로구나

니나노야 니나노야
놀다가 가련다
지나간 건 생각말자

세상사가 인생사가
니나노란다
어차피 니나노란다
어차피 니나노란다"
애모,"2,105",김수희,"그대 가슴에 얼굴을 묻고
오늘은 울고 싶어라
세월의 강 넘어 우리 사랑은
눈물 속에 흔들리는데
얼만큼 나 더 살아야
그대를 잊을 수 있나
한 마디 말이 모자라서
다가설 수 없는 사람아
그대 앞에만 서면
나는 왜 작아지는가
그대 등 뒤에 서면
내 눈은 젖어드는데
사랑 때문에 침묵해야 할
나는 당신의 여자
그리고 추억이 있는 한
당신은 나의 남자여
그대 앞에만 서면
나는 왜 작아지는가
그대 등 뒤에 서면
내 눈은 젖어 드는데
사랑 때문에 침묵해야 할
나는 당신의 여자
그리고 추억이 있는 한
당신은 나의 남자여
당신은 나의 남자여"
엄마아리랑,"4,118",홍지윤,"엄마아리랑 아리랑
아리아리랑 아라리요
우리 엄마 무병장수
정성으로 기원하오
엄마 아리랑
사랑하는 내 어머니
보고싶소 울 어머니
서산마루 해가 지고 달이 뜨는구나
아 리 랑 아 리 랑
사랑 음 사랑 음 엄마 아리랑
아리아리랑 아라리요
쓰리쓰리랑 아라리요
우리 엄마 사랑은 아리랑
엄마 아리랑
아 리 랑 아 리 랑
사랑 음 사랑 음
엄마 엄마
우리 어머니 아 리 랑
에야디야 에헤라디야디야
에야디야 에헤라디야디야
에야디야 에헤라디야디야
엄마 아리랑"
공주님 (Prod. 플레이사운드),"2,742",안성훈,"공주님 나의 공주님
영원히 아름다운 꽃이여
공주님 나의 공주님
내가 가장 사랑하는 공주님
당신을 생각하면 생각할수록
가슴이 두근거려요
마법 같은 이 시간을
내가 내가 선물할게요
내 손을 잡고서 턴을 해요
영원을 약속할게요
공주님 나의 공주님
영원히 아름다운 꽃이여
공주님 나의 공주님
내가 가장 사랑하는 공주님
당신을 생각하면 생각할수록
가슴이 두근거려요
마법 같은 이 시간을
내가 내가 선물할게요
내 손을 잡고서 턴을 해요
영원을 약속할게요
공주님 나의 공주님
영원히 아름다운 꽃이여
공주님 나의 공주님
내가 가장 사랑하는 공주님
내가 가장 사랑하는 공주님"
IN MY LIFE,"2,696",손태진,"무언갈 찾으려고 했었나
흩어진 생각들

무엇을 쫓아가고 있었나
어느덧 다다른 곳

복잡하게 꼬여져가 모든 게
풀 수 없는 매듭처럼 더

갈수록 알 수 없는 미로 속을
벗어나려 나 발버둥 친다

알 수 없는 길을 떠나고 있네
희미한 끝을 그리며

벼랑 끝에 서있는 이 마음은
되돌아갈 수 없어
이대로

오 이대로

세상이 원하는 정반대로
걷고 걷다 보니

잠깐의 후회 같은 건 내게
아무 의미가 없어

지금 내가 서있는 이곳에서
나는 대체 무엇이 됐나

갈수록 알 수 없는 미로 속을
벗어나려 나 발버둥 친다

알 수 없는 길을 떠나고 있네
희미한 끝을 그리며

벼랑 끝에 서있는 이 마음은
되돌아갈 수 없어

매일 잠에서 깰 때면
여기 나는 누구 인가

한숨조차 내쉴 여유도 없어
드리워진 저 석양을 향해

일어날 거야
낡은 생각 따윈 모두 버리고

짙어지는 밤들이 알려 주네
외로운 빛이 향한 곳

벼랑 끝에 서있는 이 마음은
날 멈출 수는 없어

이대로
이대로
이대로

IN MY LIFE"
별,"1,249",장윤정,"당신은 내게 그런 사람이에요
늘 가슴에 품고 살아요
당신에게서 나는 어떤 사람일까
가끔은 생각을 해줄까
별처럼 반짝이던
우리의 시간도 지나갔죠
꿈처럼 다시 볼 수는 없나요
바람처럼 스쳐만 가나요
사랑아 내 사랑아 나를 떠나지 말아
다시 만날 수는 없는 내 사랑아
내 맘속에 별이 되어
언제라도 그렇게
영원히 빛나고 있어줘
그리워 지새우던
우리의 시간도 지나갔죠
꿈처럼 다시 볼 수는 없나요
구름처럼 흘러만 가나요
사랑아 내 사랑아 나를 떠나지 말아
다시 만날 수는 없는 내 사랑아
내 맘속에 별이 되어
언제라도 그렇게
영원히 빛나고 있어줘
사랑아 내 사랑아 나를 잊지 말아줘
기다려도 오지 않을 사랑아
내 맘속에 별이 되어
언제라도 그렇게
영원히 빛나고 있어줘
사랑아 나의 사랑아"
벚꽃길,"1,665",장윤정,"남인가 내가 남인가요
나 없인 안되면서
없을 때 찾지 말고
있을 때나 잘해주지
남자들은 모른다
여자의 속마음을
허전해 옷을 사입고
사랑이 고파 배고픈 거야
철이 없는 당신 무정한 당신
당신이 얄미워요
때로는 나도 때로는 나도
여자이니까
벚꽃이 날리는 하얗게 날리는
그 좋은 계절엔
살림의 여왕 보다는
애인이고 싶어요
벚꽃 길 걸으면 그 길을 걸으면
향기에 취해서
왠지 울컥해 지는걸
남자들은 모른다
조금만 날 웃겨주면
아주 많이 웃을 텐데
못한다 화내지 말고
괜찮다고 말해주지
남자들은 모른다
여자의 속마음을
허전해 옷을 사 입고
사랑이 고파 배고픈 거야
철이 없는 당신 무정한 당신
당신이 얄미워요
때로는 나도 때로는 나도
여자이니까
벚꽃이 날리는 하얗게 날리는
그 좋은 계절엔
살림의 여왕 보다는
애인이고 싶어요
벚꽃 길 걸으면 그 길을 걸으면
향기에 취해서
왠지 울컥해 지는걸
남자들은 모른다
왠지 울컥해 지는걸
남자들은 모른다"
진정인가요,"3,611",송가인,"미련 없다 그 말이 진정인가요
냉정했던 그 마음이 진정인가요
바닷가를 거닐며 수 놓았던 그 추억
잊을 수가 있을까요
돌아설 때 눈물 짓던 당신이라면
영원토록 영원토록
죽어도 못 잊을 겁니다
잊어달라 그 말이 진정인가요
돌아서던 그 마음이 진정인가요
오솔길을 거닐며 주고 받던 그 사랑
잊을 수가 있을까요
돌아설 때 울음 참던 당신이라면
잊으려도 잊으려도
죽어도 못 잊을 겁니다
죽어도 못 잊을 겁니다"
만년사랑,98,오강혁,"이렇게 너를 사랑해
바람불고 비가오면 그날에 기억 떠 올라
흘러가는 강물따라 너를 찾고있어
사랑하고 또 사랑해서 추억만 되뇌이고
낙엽지면 내 마음도 멈출 수 있나요

사랑해 내 맘속에 전부 너로 물들였어
이 모든 걸 대신 할수 있는 사람없어
사랑해 내 모든 걸 전부 다 줘도 아깝지 않아
나를 한번 돌아봐 줘 이렇게 너를 사랑해


바람불고 비가오면 그날에 기억 떠 올라
흘러가는 강물따라 너를 찾고있어
사랑하고 또 사랑해서 추억만 되뇌이고
낙엽지면 내 마음도 멈출 수 있나요

사랑해 내 맘속에 전부 너로 물들였어
이 모든 걸 대신 할수 있는 사람없어
사랑해 내 모든 걸 전부 다 줘도 아깝지 않아
나를 한번 돌아봐 줘 이렇게 너를 사랑해

사랑해 내 맘속에 전부 너로 물들였어
이 모든 걸 대신 할수 있는 사람없어
사랑해 내 모든 걸 전부 다 줘도 아깝지 않아
나를 한번 돌아봐 줘 이렇게 너를 사랑해"
숨어우는 바람소리,"2,510",이정옥,"갈대밭이 보이는 언덕
통나무집 창가에
길 떠난 소녀 같이
하얗게 밤을 세우네
김이 나는 차 한잔을
마주하고 앉으면
그 사람 목소린가
숨어우는 바람소리
둘이서 걷던 갈대 밭길에
달은 지고 있는데
잊는다 하고 무슨 이유로
눈물이 날까요
길 잃은 사슴 처럼
그리움이 돌아오면
쓸쓸한 갈대숲에
숨어우는 바람소리

둘이서 걷던 갈대 밭길에
달은 지고 있는데
잊는다 하고 무슨 이유로
눈물이 날까요
길 잃은 사슴 처럼
그리움이 돌아오면
쓸쓸한 갈대숲에
숨어우는 바람소리"
잠자는 공주,"3,743",신유,"세상이 미워졌나요
누군가 잊어야만 하나
날마다 쓰러지고
또 다시 일어서지만
달라진건 없는가요
세상길 걷다가 보면
삥 돌아 가는 길도 있어
하루를 울었으면 하루는 웃어야 해요
그래야만 견딜 수 있어
앵두 빛 그 고운 두 볼에
살며시 키스를 해주면
그대는 잠에서 깨어나
나에게 하얀 미소 지을까
그대여 어서 일어나
차가운 가슴을 녹여요
또다시 시작되는 아침을 걸어봐요
그대 곁에 나 있을게

앵두 빛 그 고운 두 볼에
살며시 키스를 해주면
그대는 잠에서 깨어나
나에게 하얀 미소 지을까
그대여 어서 일어나
차가운 가슴을 녹여요
또다시 시작되는 아침을 걸어봐요
그대 곁에 나 있을게
또다시 시작되는 아침을 걸어봐요
그대 곁에 나 있을게
그대 곁에 나 있을게"
숨어 우는 바람 소리,"1,985",진해성,"갈대밭이 보이는 언덕
통나무집 창가에
길 떠난 소녀 같이
하얗게 밤을 세우네
김이 나는 차 한잔을
마주하고 앉으면
그 사람 목소린가
숨어우는 바람소리
둘이서 걷던 갈대 밭길에
달은 지고 있는데
잊는다 하고 무슨 이유로
눈물이 날까요
아 길 잃은 사슴처럼
그리움이 돌아오면
쓸쓸한 갈대숲에
숨어우는 바람소리
둘이서 걷던 갈대 밭길에
달은 지고 있는데
잊는다 하고 무슨 이유로
눈물이 날까요
아 길 잃은 사슴 처럼
그리움이 돌아오면
쓸쓸한 갈대숲에
숨어우는 바람소리
둘이서 걷던 갈대 밭길에
달은 지고 있는데
잊는다 하고 무슨 이유로
눈물이 날까요
아 길 잃은 사슴처럼
그리움이 돌아오면
쓸쓸한 갈대숲에
숨어우는 바람소리
숨어우는 바람소리"
간대요 글쎄,181,나영,"가야 한대요
가야 한대요
이 한 잔 커피를 마시고 나면
처음으로 돌아가야 한대요
자기밖에 모르도록
모르도록 만들어 놓고
남의 사람 되려고 간대요 글쎄
남의 사람 되려고 간대요 글쎄
싸늘한 커피 잔에 이별을 남기고
돌아가야 한대요

자기밖에 모르도록
모르도록 만들어 놓고
남의 사람 되려고 간대요 글쎄
남의 사람 되려고 간대요 글쎄
텅 빈 커피잔에 눈물을 남기고
글쎄 가야 한대요"
목포의 눈물,"7,836",송가인,"사공의 뱃노래
가물거리면
삼학도 파도깊이
스며드는데
부두의 새악씨
아롱 젖은 옷자락
이별의 눈물이냐
목포의 설움
삼백년 원안풍은
노적봉 밑에
님 자취 완연하다
애달픈 정조
유달산 바람도
영산강을 안으니
님 그려 우는 마음
목포의 사랑"
무정 부르스,"2,036",강승모,"이제는 애원해도 소용없겠지
변해 버린 당신이기에
내 곁에 있어 달라 말도 못하고
떠나야 할 이 마음
추억 같은
불빛들이
흐느껴 우는 이 밤에
상처만 남겨 두고
떠나 갈 길을
무엇하러 왔던가

자꾸만 바라 보면 미워지겠지
믿어 왔던 당신이기에
쏟아져 흐른 눈물 가슴에 안고
돌아서는 이 발길
사랑했던
기억들이
갈 길을 막아서지만
추억이 아름답게
남아 있을때
미련 없이 가야지"
좋은 당신,"2,689",장윤정,"사랑한다 말해주세요
보고픈 맘 안아주세요
이 순간 나를 숨쉬게 하는 건
그대 사랑 때문이니까
인생이란 고단한 먼 길을
나와 함께 걸어갈 사람아
좋은 당신 내 곁에 있음에
모든 날이 난 꽃길입니다
라라라라 라라라라라라
내 곁에만 있어주세요
나 하나만 바라봐 주세요
세상에 나를 빛나게 하는 건
그대 사랑 때문이니까
인생이란 고단한 먼 길을
나와 함께 걸어갈 사람아
좋은 당신 내 곁에 있음에
모든 날이 난 꽃길입니다
라라라라
다음생이 또 내게 있다면
그래도 당신 당신입니다
사랑한다 말해주세요
언제 들어도 좋은 내 당신
언제 보아도 좋은 내 당신"
남행열차,"22,151",임영웅,"비 내리는 호남선 남행열차에
흔들리는 차창 너머로
빗물이 흐르고 내 눈물도 흐르고
잃어버린 첫사랑도 흐르네
깜빡 깜빡이는 희미한 기억 속에
그때 만난 그 사람
말이 없던 그 사람
자꾸만 멀어지는데
만날 순 없어도 잊지는 말아요
당신을 사랑했어요
비 내리는 호남선 마지막 열차
기적소리 슬피 우는데
빗물이 흐르고 내 눈물도 흐르고
잃어버린 첫사랑도 흐르네
깜빡 깜빡이는 희미한 기억 속에
그때 만난 그 사람
말이 없던 그 사람
자꾸만 멀어지는데
만날 순 없어도 잊지는 말아요
당신을 사랑했어요
만날 순 없어도 잊지는 말아요
당신을 사랑했어요"
어머님 사랑합니다,"8,864",송가인,"꽃다운 열아홉에 연지 찍고 시집와서
손발이 터지도록 고생하신 어머님
백날을 하루같이
자식걱정에 보낸 한평생
주름진 그 모습이 안타까워요
너무나 안타까워요
어머님 사랑합니다
이 자식 키우시며 가슴엔 멍이 들어
고왔던 그 얼굴이 주름지셨네
이제는 무거운 짐
내려놓고서 편히 쉬세요
언제나 그 정성에 목이 맵니다
너무나 고맙습니다
어머님 사랑합니다
어머님 사랑합니다"
무명배우,"4,036",송가인,"사랑을 하죠
멜로 영화 뜨겁던 그 장면처럼
인생의 마지막 컷이라도 나는 좋아요
사랑을 했죠
대본도 없이 울던 무명배우처럼
당신을 원망 안 해요
사랑은 영화니까
사랑이 사랑을 사랑하면
저 별처럼 빛날까요
아름다웠던 추억
기억 모두 다 영원히
한방 울 또 한 방울
눈물이 흘러 내리죠
나 슬퍼서 아냐
행복해서 울죠
안아줘요 나를
날 많이 사랑하나요
당신의 품 안에선 나는 주연배우
사랑을 해요
멜로 영화 무명배우로 산대도
당신을 원망 안 해요
사랑은 영화니까
사랑이 사랑을 사랑하면
저 별처럼 빛날까요
아름다웠던 추억
기억 모두 다 영원히
한 방울 또 한 방울
눈물이 흘러 내리죠
나 슬퍼서 아냐
행복해서 울죠
안아줘요 나를
날 많이 사랑하나요
당신의 품 안에선 나는 주연배우"
아버지의 한가락,"1,158",진해성,"밤새 천둥새 울다 가고
어머니 보며 가슴이 메어
한가락 노래 뽑으시며 맘 달래시던
아버지가 짠합니다
노래 자락에 위로하시며
그 오랜 세월 견뎌온 당신
아버지의 한가락에 어머니 웃고
나는 나는 울고 말았소
밤새 천둥새 울다 가고
어머니 보며 가슴이 메어
한가락 노래 뽑으시며 맘 달래시던
아버지가 짠합니다
그리 곱던 울어머니 어디 가시고
내가 지킬 소중한 당신
아버지의 한가락에 어머니 웃고
나는 나는 울고 말았소
아버지의 주름살이 너무 깊어서
나는 나는 울고 말았소
나는 나는 울고 말았소"
찍어,"11,998",송가인,"내마음을 뺏어간 그대
나의 사랑 모두 가져간 그대
무뚝뚝해도 매력적이야
끌리네 더 끌리네
사랑이란 얄미운 장난
열번 찍어봐도 안되면
백번 천번더 다가가 볼래
마지막인 것처럼
아 이세상에 못할게 뭐야
금도끼로 찍어 은도끼로 찍어
내사전에 포기는 없어 오
난 될 때까지 찍어
난 될 때까지 찍어
인생이란 길고 긴 여행
앞이 막막하고 한숨이 날때
내일 걱정은 내일해도돼
오늘을 더 즐겨봐
남들은 잘나가보여도
걱정없는 사람 없단다
단한번 사는 인생이잖아
마음이 가는 대로해
아 이세상에 못할게 뭐야
금도끼로 찍어 은도끼로 찍어
내사전에 포기는 없어 오
난 될 때까지 찍어
난 될 때까지 찍어
사랑도 인생도 내가 만들어 갈래
후회없도록 미련없도록
하나뿐인 내인생
아름다운 내사랑
반짝이는 내 인생이여
금도끼로 찍어 은도끼로 찍어
내사전에 포기는 없어 오
난 될 때까지 찍어
난 될 때까지 찍어"
내 이름 아시죠,"1,039",박성온,"어두운 그 길을
어찌 홀로 가나요
새들도 나무들도
슬피 우는 밤
조심 조심 가세요
넘어지면 안돼요
달님이 그 먼길을
지킬겁니다
내 이름 아시죠
한 글자 한 글자
지어주신 이름
내 이름 아시죠
가시다가 외로울 때
불러주세요
길 잃으면 안돼요
꿈에 한 번 오세요
잘 도착했다 말해요
내 이름 아시죠
한 글자 한 글자
지어주신 이름
내 이름 아시죠
가시다가 외로울 때
불러주세요
내 이름 아시죠
가시다가 외로울 때
불러주세요
길 잃으면 안돼요
꿈에 한 번 오세요
잘 도착했다 말해요
잘 도착했다 말해요"
소풍 같은 인생,"17,667",임영웅,"너도 한번 나도 한번
누구나 한 번 왔다가는 인생
바람 같은 시간이야
멈추지 않는 세월
하루하루 소중하지
미련이야 많겠지만
후회도 많겠지만
어차피 한 번 왔다가는 걸
붙잡을 수 없다면
소풍가듯 소풍가듯
웃으며 행복하게 살아야지
너도 한번 나도 한번
누구나 한 번 왔다가는 인생
바람 같은 시간이야
멈추지 않는 세월
하루하루 소중하지
미련이야 많겠지만
후회도 많겠지만
어차피 한 번 왔다가는 걸
붙잡을 수 없다면
소풍가듯 소풍가듯
웃으며 행복하게 살아야지
미련이야 많겠지만
후회도 많겠지만
어차피 한 번 왔다가는 걸
붙잡을 수 없다면
소풍가듯 소풍가듯
웃으며 행복하게 살아야지
웃으며 행복하게 살아야지"
편의점,"17,243",이찬원,"오늘 하루 길었다
퇴근길이 고되구나
맥주 한 캔 생각난다
편의점에 들러야지
밤새 환한 불빛 꺼지지 않는
날 반기는 저 간판
술이나 한잔하고 자야지
오늘도 고생 많았다
삼각김밥 라면 하나
사는 게 다 그런 거지
홀로 가는 내 인생 위로하네
우리 동네 편의점
사랑땜에 외롭고
돈 때문에 힘이 들 때
소주 한 잔 생각난다
편의점에 들러야지
밤새 환한 불빛 꺼지지 않는
날 반기는 저 간판
술이나 한잔하고 자야지
오늘도 고생 많았다
삼각김밥 라면 하나
사는 게 다 그런 거지
홀로 가는 내 인생 위로하네
우리 동네 편의점
삼각김밥 라면 하나
사는 게 다 그런 거지
홀로 가는 내 인생 위로하네
우리 동네 편의점
홀로 가는 내 인생 위로하네
우리 동네 편의점"
너는 내남자,"1,951",한혜진,"꽉낀 청바지 갈아입고
거리에 나섰다
오늘따라 보고 싶어
너무나 보고 싶어
그 까페를 찾아갔지만
너의 모습은 보이지 않았어
너를 의식 못한 내 방식대로
사랑한 탓으로
왠지 너를 놓칠것 같은
예감 때문에
돌아오는 길이
난 무척 힘들었어
내가 미워도 한눈 팔지마
너는 내남자
그래도 언제나 너는 내남자

다시 한 번 마음돌려
내게로 돌아와
오늘따라 보고 싶어
너무나 보고 싶어
그 까페를 찾아갔지만
너의 모습은 보이지 않았어
너를 이해 못한 내 방식대로
사랑한 탓으로
왠지 너를 놓칠것 같은
예감 때문에
돌아오는 길이
난 무척 힘들었어
내가 미워도 한눈 팔지마
너는 내남자
그래도 언제나 너는 내남자
너를 의식 못한 내 방식대로
사랑한 탓으로
왠지 너를 놓칠것 같은
예감 때문에
돌아온는 길이
난 무척 힘들었어
내가 미워도 한눈 팔지마
너는 내 남자
그래도 언제나 너는 내 남자"
자옥아,"1,928",박상철,"짜라라라 짠짠
내 곁을 떠나간 그 사람 이름은
자옥 자옥 자옥이였어요
그 사람 어께엔 날개가 있어
멀리 멀리 날아갔어요
자옥아 자옥아
내가 내가 못잊을 사람아
자옥아 자옥아
내가 정말 사랑한 자옥아
내 어깨 위엔 날개가 없어
널 찾아 못간다
내 자옥아 자옥아
지금은 어디서 무엇을하는지
어디서 어떻게 살고있는지
바람만 불어도 구름만 떠가도
깜빡 깜빡 생각이 난다
자옥아 (자옥아) 자옥아 (자옥아)
내가 내가 못잊을 사람아
자옥아 (자옥아) 자옥아 (자옥아)
내가 정말 사랑한 자옥아
내 어깨 위엔 날개가 없어
널 찾아 못간다
내 자옥아 자옥아
내 어깨 위엔 날개가 없어
널 찾아 못간다
내 자옥아 자옥아
(자옥아)"
초혼 (2015 Ver.),"3,107",장윤정,"살아서는 갖지 못하는
그런 이름 하나 때문에
그리움만 눈물 속에
난 띄워 보낼 뿐이죠
스치듯 보낼 사람이
어쩌다 내게 들어와
장미의 가시로 남아서
날 아프게 지켜보네요
따라가면 만날 수 있나
멀고 먼 세상 끝까지
그대라면 어디라도
난 그저 행복할 테니
살아서는 갖지 못하는
그런 이름 하나 때문에
그리움만 눈물 속에
난 띄워 보낼 뿐이죠
스치듯 보낼 사람이
어쩌다 내게 들어와
장미의 가시로 남아서
날 아프게 지켜보네요
따라가면 만날 수 있나
멀고 먼 세상 끝까지
그대라면 어디라도
난 그저 행복할 테니
난 너무 행복할 테니"
금지된 사랑,"5,177",송가인,"금지된 사랑을 알면서
늪에 빠진 여자예요
너무나 달콤해 두려운줄 몰랐죠
그댈 사랑한 것도 죄가 되나요
사랑이 죄라면 아픈벌
얼마든지 받을게요
아프고 아려도 멈출수가 없어요
그댈 가슴이 먼저 품고 있네요
그리움의 날개를 펴서 품고 살았죠
무거워 날아갈수 없었어요
사랑이란 다 그런거죠 늘 아픈거죠
보고 싶어요 보고 싶어요 내사랑
고운정 미운정 다들여 놓고간 사람
고운정 미운정 가슴에 남겨진 사람
고운정 미운정 되돌아 갈수 없나요
사랑해요 미안해요 책임 지세요
세월가면 사람도 가고 변해 가지만
추억은 항상 눈물속에 있죠
나뭇잎은 왜 떨어지고 또 흙이될까
나를 닮았나 내가 닮았나 내사랑
고운정 미운정 다들여 놓고간 사람
고운정 미운정 가슴에 남겨진 사람
고운정 미운정 되돌아 갈수 없나요
사랑해요 미안해요 책임 지세요
고운정 미운정 한켠에 여백도 없이
고운정 미운정 가슴에 남겨진 사람
아련한 그리움 되돌아 갈수 없나요
사랑해요 미안해요 책임 지세요
내인생에 화려했던 어느 멋진날"
소금꽃,223,진성,"초승달 길 벗 삼아 짙은 새벽길
발길 재촉하는 우리 아버지
천근만근 가장의 무게 짊어지시고
허덕이는 한숨소리
세월 강 건너다 휘어진 뼈마디
눈물도 말라버린
가시밭 땀방울
서러움에 꽃이 된
아버지 등 뒤에 핀 하얀 소금꽃

새벽잠 눈 비비며 싸립문 열고
발길 재촉하는 우리 아버지
천근만근 가장의 무게 짊어지시고
허덕이는 한숨소리
세월 강 건너다 휘어진 뼈마디
눈물도 말라버린
고독의 몸부림
서러움에 꽃이 된
아버지 등 뒤에 핀 하얀 소금꽃
아버지 등 뒤에 핀 하얀 소금꽃"
그때 그 사람,990,심수봉,"비가 오면 생각 나는 그 사람
언제나 말이 없던 그 사람
사랑의 괴로움을 몰래 감추고
떠난 사람 못 잊어서 울던 그 사람
그 어느날 차안에서 내게 물었지
세상에서 제일 슬픈게 뭐냐고
사랑보다 더 슬픈건 정이라며
고개를 떨구던 그때 그 사람
외로운 병실에서 기타를 쳐주고
위로하며 다정했던 사랑한 사람
안녕이란 단 한마디 말도 없이
지금은 어디에서 행복할까
어쩌다 한번쯤은 생각해줄까
지금도 보고싶은 그때 그 사람
외로운 내 가슴에 살며시 다가와서
언제라도 감싸주던 다정했던 사람
그러니까 미워하면은 안되겠지
다시는 생각해서도 안되겠지
철없이 사랑인줄 알았었네
이제는 잊어야할 그때 그 사람
이제는 잊어야할 그때 그 사람
이제는 잊어야할 그때 그 사람"
어떻게 살아,"4,770",홍자,"사랑이 떠나요
날 잊으면 어떡해요
멀어져 가는 사랑이
안타까워 울게 해요
뒤돌아 다시 올까 봐
한걸음도 움직일 수 없네요
사랑아 날 데려가
너 없이 어떻게 살아
사랑아 날 데려가
너 없이 나 어떻게 살아
사랑이 떠나요
보고프면 어떡해요
멀어 져가는 사랑이
서러워서 울게 해요
뒤돌아 다시 올까 봐
한걸음도 움직일 수 없네요
없네요
사랑아 날 데려가
너 없이 어떻게 살아
사랑아 날 데려가
너 없이 나 어떻게 살아
너 없이 어떻게 살아"
한 많은 대동강,"7,669",송가인,"한 많은 대동강아
변함없이 잘 있느냐
모란봉아 을밀대야
네 모양이 그립구나
철조망이 가로막혀
다시 만날 그때까지
아 소식을 물어본다
한 많은 대동강아
대동강 부벽루야
변함없이 잘 있느냐
귀에 익은 수심가를
다시 한 번 불러본다
편지 한 장 전할 길이
이다지도 없을소냐
아 썼다가 찢어버린
한 많은 대동강아"
당신께만,"1,090",이은하,"나 없으면 당신마음 찬비가 내린다 했지
그 이야기 너무나 고와 내맘속에 감추었지
먼훗날 그말을 잊고서 내곁을 멀리할때면
누가 안듣게 당신께만 그말그말 들려주려고

사랑이란 마음속에 영원한 꽃이라지만
바람결에 덧없이 지는 그런꽃도 있으니까
먼 훗날 그말을 잊고서 내마음 아프게 하면
아무도 몰래 당신께만 그말 그말 들려주려고
그말 그말 들려주려고"
애원,"2,240",박지현,"나에게 남아 있는 사랑을
이제는 다 줄 수밖에
이 사랑일 거라고
이 사랑뿐이라고
그렇게 믿었었는데
단 한 번도 나에겐 사랑은
기회를 주지를 않아
내 앞에 누워 있는
이 사람만은 안돼
차라리 나를 데려가
사랑한다고 행복하라고
이렇게라도 볼 수만 있다면
안돼요 이번만은 나 어떻게 살라고
마지막 마지막 사랑을
어떻게 하면 돼요
나 뭐든지 다 할게요
한 번만 사랑하게 해줘요

사랑한다고 행복하라고
이렇게라도 볼 수만 있다면
안돼요 이번만은
나 어떻게 살라고
마지막 마지막 사랑을
어떻게 하면 돼요
나 뭐든지 다 할게요
한 번만 사랑하게 해줘요
한 번만 사랑하게 해줘요"
꿈(夢),"6,581",송가인,"에헤라디야
에헤라디야 에헤라디야 에헤라디야
에헤라디야 에헤라디야 에헤라디야
에헤라디야
보고싶은 나의 님은 언제 오려나
내님의 사랑 사이에 거리를 두고
보고픈 내님 언제 쯤이면 보이려나
서글퍼 울고 불고 내님도 울고
희망 찾아서 가련다
그댈 위해 웃으련다
에헤라 디야 에헤라 디야
에헤라 디야 에헤라 디야 아
또 다시 꿈만 같은 세상을 기다리니
이놈의 썩을놈아 썩 사라지겠느냐
아이고 아이고 아이고
에헤라 디야 에헤라 디야
아이고 아이고 아이고
에헤라 디야 에헤라 디야
이풍진 세상살이 내님과 웃으련다
사랑한 나의 그대 이제 웃어요
바람이 차게 불어도 서로를 안고
불안한 님은 언제쯤이면 웃으려나
서글퍼 울고 불고 내님도 울고
희망 찾아서 가련다
그댈 위해 웃으련다
에헤라 디야 에헤라 디야
에헤라 디야 에헤라 디야 아
또 다시 꿈만 같은 세상을 기다리니
이놈의 썩을놈아 썩 사라지겠느냐
에헤라 디야 에헤라 디야
에헤라 디야 에헤라 디야
에헤라 디야 에헤라 디야
에헤라 디야 에헤라 디야 아
또 다시 꿈만 같은 세상을 기다리니
이놈의 썩을놈아 썩 사라지겠느냐
아이고 아이고 아이고
에헤라디야 에헤라디야
아이고 아이고 아이고
에헤라디야 에헤라디야
이풍진 세상살이 내님과 웃으련다"
님이라 부르리까,220,미스김,"님이라 부르리까
당신이라고 부르리까
사랑을 하면서도
사랑을 참고 사는
마음으로만 그리워
마음으로만 사무쳐
애타는 가슴
그 무슨 잘못이라도
있는 것처럼
울어야만 됩니까
울어야만 됩니까

잊지 못하고 언제나
가슴속에만 간직한
못난 이 마음
그 무슨 잘못이라도
있는 것처럼
울어야만 됩니까
울어야만 됩니까"
상사화,"1,323",남진,"모란이 피면 모란으로
동백이 피면 넌 다시 동백으로
나에게 찾아와 꿈을 주고
너는 또 어디로 가버리나
인연이란 끈을 놓고 보내긴 싫었다
향기마저 떠나보내고
바람에 날리는 저 꽃잎 속에
내 사랑도 진다
아아 모란이 아아 동백이
계절을 바꾸어 다시피면
아아 세월이 휭 또 가도
내 안에 그대는 영원하리
모란이 피면 모란으로
동백이 피면 넌 다시 동백으로
나에게 찾아와 꿈을 주고
너는 또 어디로 가버리나
인연이란 끈을 놓고 보내긴 싫었다
향기마저 떠나보내고
바람에 날리는 저 꽃잎 속에
내 사랑도 진다
아아 모란이 아아 동백이
계절을 바꾸어 다시피면
아아 세월이 휭 또 가도
내 안에 그대는 영원하리"
미스고,181,미스김,"미스고 미스고
나는 너를 사랑했었다
짧은 순간 내 가슴에 머물다간
그 흔적 너무 크더라
시인처럼 사랑하고
시인처럼 스쳐간 너
계곡처럼 깊이 패인
그리움만 남긴 너
미스고 미스고
나는 나는 사랑의 삐에로

미스고 미스고
나는 너를 잊지 못했다
짧은 순간 내 가슴에 머물다간
그 흔적 너무 깊더라
시인처럼 사랑하고
시인처럼 가버린 너
계곡처럼 깊이 패인
그리움만 남긴 너
미스고 미스고
나는 나는 사랑의 삐에로
미스고 미스고
나는 나는 사랑의 삐에로"
소나기,"42,839",임영웅,"소나기만 뿌려주고 가네요
하늘에 구름이 흘러가듯이
내 맘을 홀리는 사람
못 본 척 돌아서며
찬비만 뿌릴 때면
가슴이 가슴이 저려온다
강물 같은 세월에
그림 같은 집 짓고
알콩달콩 살고 싶은데
아 사랑아 내 사랑
냉정하기만 한 사랑
이럴 거면 눈길은 왜 줘
아 사랑아 내 사랑
눈물없는 내 사랑
소나기만 뿌려주고 가네요
소나기만 뿌려주고 가네요
사나이 가슴에 불을 붙이고
심장을 달구는 그대
첫눈에 반해도 두 눈에 반해도
내 맘을 내 맘을 몰라준다
살짝 웃는 모습에
내 가슴은 타올라
터질 듯이 폭발하는데
아 사랑아 내 사랑
냉정하기만 한 사랑
이럴 거면 눈길은 왜 줘
아 사랑아 내 사랑
눈물없는 내 사랑
소나기만 뿌려주고 가네요
소나기만 뿌려주고 가네요
소나기만 뿌려주고 가네요"
천년지기,"5,329",박민수,"너는 정말 좋은 친구야
내가 지쳐 있을 때
내가 울고 있을 때
위로가 되어준 친구
너는 나의 힘이야(힘이야)
너는 나의 보배야(보배야)
천년지기 나의 벗이야
형님아 우리 우정의 잔을
높이 들어 건배를 하자
같은 배를 함께 타고
떠나는 인생길
네가 있어 외롭지 않아
너는 정말 좋은 친구야
너는 정말 좋은 친구야
내가 외로워할 때
내가 방황을 할 때
위로가 되어준 친구
너는 나의 힘이야(힘이야)
너는 나의 보배야(보배야)
천년지기 나의 벗이야
민수야 우리 우정의 잔을
높이 들어 건배를 하자
같은 배를 함께 타고
떠나는 인생길
네가 있어 외롭지 않아
너는 정말 좋은 친구야
친구야(친구야)
우리 우정의 잔을(우리 우정의 잔을)
높이 들어 건배를 하자
같은 배를 함께 타고
떠나는 인생길
네가 있어 외롭지 않아
너는 정말 좋은 친구야
너는 정말 좋은 친구야
우린 정말 멋진 친구야"
사랑없인 못살아요,"2,111",조영남,"밤 깊으면 너무조용해
책 덮으면 너무 쓸쓸해
불을끄면 너무 외로워
누가 내곁에 있어며 좋겠네

이세상 사랑없인 어이 살수있나요
다른사람 몰라도 사랑없인 난 못살아요

한낮에도 너무 허전해
사람틈에 너무 막막해
오가는 말 너무덧없어
누가 내곁에 있으면 좋겠네

이세상 사랑없인 어이 살 수 있나요
다른 사람몰라도 사랑없인 난 못살아요
다른 사람몰라도 사랑없인 난 못살아요"
안동역에서,"1,129",전유진,"안타까운 내 마음만 녹고 녹는다
밤이 깊은 안동역에서
바람에 날려버린 허무한 맹세였나
첫눈이 내리는 날 안동역 앞에서
만나자고 약속한 사람
새벽부터 오는 눈이 무릎까지 덮는데
안 오는 건지 못 오는 건지
오지 않는 사람아
안타까운 내 마음만 녹고 녹는다
기적소리 끊어진 밤에
오지 않는 사람아
어차피 지워야 할 사랑은 꿈이었나
첫눈이 내리는 날 안동역 앞에서
만나자고 약속한 사람
새벽부터 오는 눈이 무릎까지 덮는데
안 오는 건지 못 오는 건지
대답 없는 사람아
기다리는 내 마음만 녹고 녹는다
밤이 깊은 안동역에서
안타까운 내 마음만 녹고 녹는다
밤이 깊은 안동역에서
기다리는 내 마음만 녹고 녹는다
밤이 깊은 안동역에서
기다리는 내 마음만 녹고 녹는다
밤이 깊은 안동역에서
밤이 깊은 안동역에서"
돌릴 수 없는 세월,194,류원정,"곤히 잠든 그대 모습
지긋이 바라 봅니다
함께한 날들 모두가
멈춘 것만 같아요

꽃다운 날 나를 만나
모든 걸 맡긴 사람
때론 속고 속는데도
떠나지 않은 사람

왜 이리 작아졌나요
늘 맘 조린 탓인가요
왜 이리 가벼운가요
돌릴 수없는 세월에

눈물이 나요 눈물이 흘러요

철없던 날 나를 만나
속 많이 썩은 사람
그 모두가 날 떠나도
믿어준 단 한사람

왜 이리 작아졌나요
늘 맘 조린 탓인가요
왜 이리 가벼운가요
돌릴 수 없는 세월에

눈물이 나요 눈물이 흘러요
당신이 나를 살게 한 사람이요"
비나리,"7,314",손태진,"큐피트 화살이 가슴을 뚫고
사랑이 시작된 날
또 다시 운명의 페이지는 넘어가네
나 당신 사랑해도 될까요
말도 못하고
한없이 애타는 나의 눈짓들
세상이 온통 그대 하나로
변해 버렸어
우리 사랑 연습도 없이
벌써 무대로 올려졌네
생각하면 덧없는 꿈일지도 몰라
꿈일지도 몰라
하늘이여, 저 사람 언제
또 갈라놓을거요
하늘이여, 간절한 이 소망
또 외면할거요
하늘이여 아- 아- 아-
예기치 못했던 운명의 그 시간
당신을 만나던 날
드러난 내 상처 어느새 싸매졌네
나만을 사랑하면 안될까요
마음만 달아 올라
오늘도 애타는 나의 몸짓들
따사로운 그대 눈빛 따라 도는
해바라기처럼
사랑이란 작은 배 하나
이미 바다로 올려졌네
생각하면 허무한 꿈일지도 몰라
꿈일지도 몰라
하늘이여, 이 사랑 다시
또 눈물이면 안돼요
하늘이여, 저 사람 영원히
사랑하게 해줘요
아 하늘이여 영원히
아- 아-
사랑하게 해줘요"
인생은 알록달록,"1,878",안성훈,"반짝반짝 인생은 알록달록해
찌릿찌릿 사랑이 왔다갔다해
짜릿짜릿 성공에 울다웃다해
살다보면 인생은 알록달록해
인생을 금빛만 칠한다 생각마라
사랑을 빨강만 칠한다 생각마라
남들처럼 칠하면 노잼인생이란다
살아있는 인생은 알록달록하단다
반짝반짝 인생은 알록달록해
찌릿찌릿 사랑이 왔다갔다해
짜릿짜릿 성공에 울다웃다해
살다보면 인생은 알록달록해
남자를 블루로 새긴다오해마라
여자를 핑크로 새긴다오해마라
늘 똑같이 새기면
노잼 인생이란다
살아있는 인생은 알록달록하단다
반짝반짝 인생은 알록달록해
찌릿찌릿 사랑이 왔다갔다해
짜릿짜릿 성공에 울다웃다해
살다보면 인생은 알록달록해
반짝반짝 인생은 알록달록해
찌릿찌릿 사랑이 왔다갔다해
짜릿짜릿 성공에 울다웃다해
살다보면 인생은 알록달록해
그게 바로 예쁜 인생 인거야"
미운 사내,"2,139",유지나,"순진한 여자의 가슴에다
돌을 던진 사내야
떠나버릴 사람이라면
사랑한다 말은 왜 했나
활짝 핀 꽃처럼 웃던 얼굴이
왠일인지 요즈음 우울해졌네
순진한 내 가슴에
돌을 던진 사내야
미운 사내 미운 사내
얄미운 사내야
순진한 여자의 가슴에다
돌을 던진 사내야
떠나버릴 사람이라면
사랑한다 말은 왜 했나
활짝 핀 꽃처럼 웃던 얼굴이
왠일인지 요즈음 우울해졌네
순진한 내 가슴에
돌을 던진 사내야
미운 사내 미운 사내
얄미운 사내야
미운 사내 미운 사내
얄미운 사내야"
분내음,454,홍지윤,"손목을 잡힌지
달포가 지났다
어찌하여 말이 없느냐
달콤한 술잔에
시 한수도 좋지만
글공부는 집에 가서 하거라
연지를 개어서 입술을 바르고
초생 달 같은 눈썹을 그리고
복숭아 빛 두 뺨을 살살 두드려
분내음을 피워 내리라
네가 진짜 사내인지
겉모습만 남자인지
오늘 밤에 확인하리라

달빛도 취하고
내 맘도 취했다
어찌하여 아이가 되느냐
흥겨운 가락에
어깻짓도 좋지만
어리광은 엄마한테 하거라
연지를 개어서 입술을 바르고
초생 달 같은 눈썹을 그리고
복숭아 빛 두 뺨을 살살 두드려
분내음을 피워 내리라
네가 진짜 사내인지
겉모습만 남자인지
오늘 밤에 확인하리라

오늘 밤에 확인하리라"
멍에,"1,761",김수희,"사랑의 기로에서서
슬픔을 갖지말아요
어차피 헤어져야 할거면
미련을 두지말아요
이별의 기로에서서
미움을 갖지말아요
뒤돌아 아쉬움을 남기면
마음만 괴로우니까
아무리 아름답던 추억도
괴로운 이야기로
사랑의 상처를 남기네
이제는 헤어졌는데
그래도 내게는 소중했던
그날들이
한동안 떠나지 않으리
마음이 괴로울때면
아무리 아름답던 추억도
괴로운 이야기로
사랑의 상처를 남기네
이제는 헤어졌는데
그래도 내게는 소중했던
그 날들이
한동안 떠나지 않으리
마음이 괴로울때면
한동안 떠나지 않으리
마음이 괴로울때면"
내장산,"1,968",김용임,"동녘바람 불어 오면
곱게 물든 내장산아
저녁 노을 붉게 타면
고운 애기단풍은
어이해 떨어지나
망부석의 사연인가
서리서리 눈물인가
내장산 쇠 북 소리 밤새도
동지를 찾아 날개를 접는다
가을빛 물들면 애기단풍 지면은
찾아올까나 어느 고운임
나를 찾아 올까나 내장산으로
남녘바람 깊어지면
내 마음도 깊어만 간다
법당 앞 댓돌 위에 새하얀 고무신
깊어가는 가을달빛
망부석의 사연인가
서리서리 눈물인가
내장산 쇠 북 소리 밤새도
동지를 찾아 날개를 접는다
가을빛 물들면 애기단풍지면은
찾아올까나 어느 고운임
나를 찾아 올까나 내장산으로"
비상,"22,788",임영웅,"누구나 한번쯤은 자기만의 세계로
빠져들게되는 순간이 있지
그렇지만 나는 제자리로 오지 못했어
되돌아 나오는 길을 모르니
너무 많은 생각과 너무 많은 걱정에
온통 내 자신을 가둬 두었지
이젠 이런 내 모습 나 조차 불안해 보여
어디 부터 시작할지 몰라서
나도 세상에 나가고 싶어
당당히 내꿈들을 보여줘야해
그토록 오랫동안 움츠렸던 날개
하늘로 더 넓게 펼쳐보이며 날고싶어
감당할수 없어서 버려둔 그 모든건
나를 기다리지 않고 떠났지
그렇게 많은 걸 잃었지만 후회는 없어
그래서 더멀리 갈수 있다면
상처받는것 보다 혼자를 택한거지
고독이 꼭 나쁜것은 아니야
외로움은 나에게 누구도 말하지 않은
소중한걸 깨닫게 했으니깐
이젠 세상에 나갈수 있어
당당히 내 꿈들을 보여 줄꺼야
그토록 오랫동안 움츠렸던 날개
하늘로 더넓게 펼쳐보이며
다시 새롭게 시작할꺼야
더이상 아무것도 피하지 않아
이 세상 견뎌 낼 그 힘이 되줄꺼야
힘겨웠던 방황을"
전선야곡,"3,815",송가인,"가랑잎이 휘날리는
전선의 달밤
소리 없이 내리는
이슬도 차가운데
단잠을 못 이루고
돌아눕는 귓가에
장부의 길 일러주신
어머님의 목소리
아아아 아아아아아
그 목소리 그리워
들려오는 총소리를
자장가 삼아
꿈길 속에 달려간
내 고향 내 집에는
정안수 떠놓고서
이 아들의 공비는
어머니의 흰머리가
눈부시어 울었소
아아아 아아아아아
쓸어안고 싶었소
아아아 아아아아아
쓸어안고 싶었소"
사랑의 밧줄,"1,468",김용임,"밧줄로 꽁꽁 밧줄로 꽁꽁 단단히 묶어라
그사람이 떠날 수 없게
사랑의 밧줄로 꽁꽁 묶어라
내 사랑이 떠날 수 없게
당신없는 세상은 단 하루도
나 혼자서 살 수가 없네
바보같이 떠난다니 바보같이 떠난다니
나는 나는 어떻하라고
밧줄로 꽁꽁 밧줄로 꽁꽁 단단히 묶어라
내사랑이 떠날 수 없게

밧줄로 꽁꽁 밧줄로 꽁꽁 단단히 묶어라
내사랑이 떠날 수 없게
사랑의 밧줄로 꽁꽁 묶어라
그사람이 떠날 수 없게
당신없는 세상은 나 혼자서
아무것도 할 수가 없네
나를 두고 떠난다니 나를 두고 떠난다니
정말 정말 믿을 수 없어
밧줄로 꽁꽁 밧줄로 꽁꽁 단단히 묶어라
그사람이 떠날 수 없게
밧줄로 꽁꽁 밧줄로 꽁꽁 단단히 묶어라
내사랑이 떠날 수 없게"
홍시,"10,979",영탁,"생각이 난다 홍시가 열리면
울 엄마가 생각이 난다
자장가 대신 젖가슴을 내주던
울 엄마가 생각이 난다
눈이 오면 눈맞을 세라
비가 오면 비젖을 세라
험한 세상 넘어질 세라
사랑 땜에 울먹일 세라
그리워진다 홍시가 열리면
울 엄마가 그리워진다
눈에 넣어도 아프지도 않겠다던
울 엄마가 그리워진다
생각이 난다 홍시가 열리면
울 엄마가 생각이 난다
회초리 치고 돌아 앉아 우시던
울 엄마가 생각이 난다
바람 불면 감기들 세라
안먹어서 약해 질 세라
힘든 세상 뒤쳐질 세라
사랑 땜에 아파 할 세라
그리워진다 홍시가 열리면
울 엄마가 그리워진다
생각만 해도 눈물이 핑도는
울 엄마가 그리워진다
생각만 해도 가슴이 찡하는
울 엄마가 그리워진다
울 엄마가 생각이 난다
울 엄마가 보고파진다"
나이가 든다는게 화가나,713,김충훈,"나이가 든다는게 화가나
지나간 시간들이 아쉬워
하늘에 떠다니는 구름과
세상에 떠다니는 나
늙어 간다는게
창피한 일도 아닌데
저 멀리 지는 석양과
닮아서 맘이 서글퍼
길을 잃어도 좋아
두렵지도 않을 나이야
이별 두번 한대도
웃어넘길 그럴 나이야
나이가 든다는게 화가나
떠나간 내 사랑이 그리워
고독을 달래 주던 친구도
하나 둘 떠나 가누나
늙어 간다는게
창피한 일도 아닌데
저 멀리 지는 석양과
닮아서 맘이 서글퍼
길을 잃어도 좋아
두렵지도 않을 나이야
이별 두번 한대도
웃어넘길 그럴 나이야
외로움에 지쳐도
웃어버릴 그럴 나이야
웃어버릴 그럴 나이야"
눈물비,"7,089",정동원,"눈물비 주루루 내리면
내겐 우산 같던 한 사람
세상 아픔들을 대신 맞아주고
나를 지켜주던 한 사람
미안해요 미안해요
사랑해요 사랑해요
비 개인 하늘은 저리 맑은데
마음에 빗물은 그치지 않아
미안한 마음은 먹물이 되어
가슴에 번져가네요
오오 못해준 기억이 많아
너무 멀리 가버린 사람
눈물비 주루루 내리면
내겐 우산 같던 한 사람
세상 아픔들을 대신 맞아주고
나를 지켜주던 한 사람
미안해요 미안해요
사랑해요 사랑해요
오오 못해준 기억이 많아
너무 멀리 가버린 사람
눈물비 주루루 내리면
내겐 우산 같던 한 사람
세상 아픔들을 대신 맞아주고
나를 지켜주던 한 사람
미안해요 미안해요
사랑해요 사랑해요"
딱! 풀,"21,419",이찬원,"붙어라 딱 붙어라 딱 붙어 있어라
딱 딱 딱 딱 딱 붙어 있어라
세월도 인생도 왔다가는 거야
아등바등 살 필요 없어
사랑에 배신당한 당신이라도
걱정 마라 지나갈 테니
아아아 아아 외로워 마라
당신 곁에 붙어 있을게
붙어라 딱 붙어라 딱 붙어 있어라
내 마음에 불을 붙여라
붙어라 딱 붙어라 딱 붙어 있어라
딱 딱 딱 딱 딱 붙어 있어라
붙어라 딱 붙어라 딱 붙어 있어라
딱 딱 딱 딱 딱 붙어 있어라
사랑도 우정도 왔다가는 거야
허전하면 채우면 되지
꽃피는 봄이 가고 추운 겨울 와도
걱정 마라 지나갈 테니
아아아 아아 힘겨워 마라
당신 곁에 붙어 있을게
붙어라 붙어라 붙어라 붙어라
붙어라 붙어라 붙어라
붙어라 딱 붙어라 딱 붙어 있어라
내 마음에 불을 붙여라
붙어라 딱 붙어라 딱 붙어 있어라
딱 딱 딱 딱 딱 붙어 있어라
딱 딱 딱 딱 딱 붙어 있어라"
암연,"18,921",임영웅,"내겐 너무나 슬픈
이별을 말할때
그댄 아니 슬픈듯
웃음을 보이다
정작 내가 일어나
집으로 가려 할때는
그땐 꼭 잡은 손을
놓치 않았어
울음을 참으려고
하늘만 보다가
끝내 참지 못하고
내 품에 안겨와
마주댄 그대 볼에
눈물이 느껴 질 때는
나도 참지못하고
울어 버렸어
사랑이란것은
나에게 아픔만주고
내 마음속에는
멍울로 다가와
우리가 잡으려 하면
이미 먼 곳에
그땐 때가 너무 늦었다는데
차마 어서 가라는
그 말은 못하고
나도 뒤돌아 서서
눈물만 흘리다
이젠 갔겠지하고
뒤를 돌아보면
아직도 그대는 그 자리
사랑이란것은
나에게 아픔만주고
내 마음속에는
멍울로 다가와
우리가 잡으려 하면
이미 먼 곳에
그땐 때가 너무 늦었다는데
차마 어서 가라는
그 말은 못하고
나도 뒤돌아 서서
눈물만 흘리다
이젠 갔겠지하고
뒤를 돌아보면
아직도 그대는 그 자리
아직도 그대는 그 자리"
붓,837,강진,"힘겨운 세월을 버티고 보니
오늘 같은 날도 있구나
그 설움 어찌 다 말할까
이리 오게 고생 많았네
칠십년 세월
그까짓 게 무슨 대수요
함께 산 건 오천년인데
잊어버리자 다 용서하자
우린 함께 살아야 한다
백두산 천지를 먹물 삼아
한 줄 한 줄 적어나가세
여보게 친구여
붓을 하나 줄 수 있겠나
붓을 하나 줄 수 있겠나
힘겨운 세월을 버티고 보니
오늘 같은 날도 있구나
그 설움 어찌 다 말할까
이리 오게 고생 많았네
칠십년 세월
그까짓 게 무슨 대수요
함께 산 건 오천년인데
잊어버리자 다 용서하자
우린 함께 살아야 한다
한라산 구름을 화폭 삼아
한 점 한 점 찍어나가세
여보게 친구여
붓을 하나 줄 수 있겠나
붓을 하나 줄 수 있겠나
붓을 하나 줄 수 있겠나"
말해줄게요,529,정서주,"말해줄게요 그대가 맞아요
걸어온 길 그대로요
한 숨이 씨앗 되어 꽃이 됐다면
걸어온 길 다 꽃밭이지요
잡아줄게요 그대의 손을요
거칠고 따뜻한 두 손
매일이 힘에 겨워 지쳐있다면
내 손 잡고 같이 쉬어요
그대 찬란한 찬란한 찬란한
그날 위해
아쉬운 지난날 버티며 지냈네요
못다 핀 꽃이라 생각지 말아줘요
그댄 시들지 않는 꽃이에요
말해줄게요 그대가 맞아요
지나온 길 그대로요
아픔 모두 별이 되어 하늘에 있다면
온밤은 환하게 빛나죠
그대 찬란한 찬란한 찬란한
그날 위해
아쉬운 지난날 버티며 지냈네요
못다 핀 꽃이라 생각지 말아줘요
그댄 시들지 않는 꽃이에요
그대 찬란한 찬란한 찬란한
그날 위해
아쉬운 지난날 버티며 지냈네요
못다 핀 꽃이라 생각지 말아줘요
그댄 시들지 않는 꽃이에요
그대가 바로 꽃이에요
당신이 꽃이에요"
내일을 기다려,"2,018",박강성,"잊어야 한다고 눈을 감으면
가까운 빛으로 다가오는 것은
낙엽이 지기전에 돌아서려니
벌써 눈이 내리네
하지만 어쩌다 그리울때면
지나간 날들을 사랑이라 여기고
흐르는 시간속에 나를 달래며
잊을수는 없을까
아는지 모르는지
웃음만 보이던 그대가
커피한잔의 추억은 아닌거야
이렇게 흘러가는 세월속에서
슬픈사랑의 비밀을 간직한채
또 다시 내일을 기다려
내일을 기다려

아는지 모르는지
웃음만 보이던 그대가
커피한잔의 추억은 아닌거야
이렇게 흘러가는 세월속에서
슬픈사랑의 비밀을 간직한채
또 다시 내일을 기다려
내일을 기다려
내일을 기다려"
갈무리,"1,261",나훈아,"내가 왜 이런지 몰라
도대체 왜 이런지 몰라
꼬집어 말할 순 없어도
서러운 맘 나도 몰라
잊어야 하는 줄은 알아
이제는 남인줄도 알아
알면서 왜 이런지 몰라
두 눈에 눈물 고였잖아
이러는 내가 정말 싫어
이러는 내가 정말 미워
이제는 정말 잊어야지
오늘도 사랑 갈무리
이래선 안되는 줄 알아
지난간 꿈인 줄도 알아
그런 줄 뻔히 알면서도
마음을 잡지 못하잖아
이러는 내가 정말 싫어
이러는 내가 정말 미워
다시는 생각 말아야지
오늘도 사랑 갈무리"
정말 좋았네,"2,759",송가인,"사랑 그 사랑이 정말 좋았네
세월 그 세월이 가는 줄도 모르고
불타던 두 가슴에 그 정을 새기면서
사랑을 주고 사랑을 받고
그 밤이 좋았네
사랑 그 사랑이 정말 좋았네
사랑 그 사랑이 정말 좋았네
이별 그 이별이 오는 줄도 모르고
푸르던 두 가슴에 참사랑 새기면서
마음을 주고 마음을 받고
그때가 좋았네
사랑 그 사랑이 정말 좋았네
정말 좋았네"
막걸리 한잔,"3,485",강진,"온동네 소문 났던
천덕꾸러기
막내아들 장가 가던 날
앓던 이가 빠졌다며 덩실더덩실
춤을 추던 우리 아버지
아버지 우리 아들
많이 컸지요
인물은 그래도 내가 낫지요
고사리 손으로 따라주는
막걸리 한잔
아버지 생각나네
황소처럼 일만 하셔도
살림살이는 마냥 그 자리
우리 엄마 고생시키는
아버지 원망했어요
아빠처럼 살긴 싫다며
가슴에 대못을 박던
못난 아들을 달래주시며
따라주던 막걸리 한잔
따라주던 막걸리 한잔
아장아장 아들 놈이
어느새 자라
내 모습을 닮아버렸네
오늘따라 아버지가
보고싶어서 그날처럼
막걸리 한잔
아버지 우리 아들
많이 컸지요
인물은 그래도 내가 낫지요
고사리 손으로 따라주는
막걸리 한잔
아버지 생각나네
황소처럼 일만 하셔도
살림살이는 마냥 그 자리
우리 엄마 고생시키는
아버지 원망했어요
아빠처럼 살긴 싫다며
가슴에 대못을 박던
못난 아들을 달래주시며
따라주던 막걸리 한잔
따라주던 막걸리 한잔"
일편단심,"2,646",금잔디,"나도 몰래 사랑했나봐
아프도록 사랑했나봐
시간 흐르고 흐르고 흘러도
그대라는 사람 못 잊을것 같아요
나도 몰래 사랑했나봐
가슴아픈 사연을 담고
눈물 흐르고 흐르고 흘러도
나를 위로 해줄 그대라는 사람을
아~ 두번 다시
아~ 못할 사랑
가슴 찢어지는 아픔이 와도
그대만 사랑할래요
내 평생에 단 하나 소원
그대 사랑하다 죽는 일
다음 세상 외면 말아요
그때 꼭 다시 만나요

나도 몰래 사랑했나봐
아프도록 사랑했나봐
시간 흐르고 흐르고 흘러도
그대라는 사람 못 잊을것 같아요
나도 몰래 사랑했나봐
가슴아픈 사연을 담고
눈물 흐르고 흐르고 흘러도
나를 위로 해 줄 그대라는 사람을
아~ 두번 다시
아~ 못할 사랑
가슴 찢어지는 아픔이 와도
그대만 사랑할래요
내 평생에 단 하나 소원
그대 사랑하다 죽는 일
다음 세상 외면 말아요
그때 꼭 다시 만나요
그때 꼭 다시 만나요"
너나 나나,"1,905",진시몬,"너나 나나 나나 너나 똑같은 인생
나나 너나 너나 나나 똑같은 세상
지지고 볶고 살아보아도
너나 나나 거기서 거기
니꺼냐 내꺼냐 따져보아도
너나 나나 거기서 거기
바람처럼 살아가다
바람처럼 사라지리라
낮은 곳에 내려놓고
웃으며 살아보자
너나 나나 나나 너나 똑같은 인생
나나 너나 너나 나나 똑같은 세상
너나 나나 나나 너나 수많은 사연
나나 너나 너나 나나 수많은 눈물
지지고 볶고 살아보아도
너나 나나 거기서 거기
니꺼냐 내꺼냐 따져보아도
너나 나나 거기서 거기
먼지처럼 살아가다
먼지처럼 사라지리라
낮은 곳에 내려놓고
웃으며 살아보자
너나 나나 나나 너나 수많은 사연
나나 너나 너나 나나 수많은 눈물
너나 나나 나나 너나 똑같은 인생
나나 너나 너나 나나 똑같은 세상
똑같은 세상"
인생길,739,김범룡,"울퉁불퉁 시골길 구불구불 고갯길
가다가 돌아서는 막다른 골목길
돌고 도는 이 세상
사연 많은 내 인생
오늘도 홀로 외로이 간다
아하 마음 하나 못 비우고
아하 한치 앞도 모르면서
왜 이리 근심으로 사는가
욕심내지 않기를 미워하지 않기를
서두르지 않기를 어렵지 않아
사랑하는 사람들 가슴 아픈 사람들
모두가 함께 놀다가는 인생이라네
시끄러운 시장길 향기로운 꽃길
답답하고 답답한 꽉 막힌 서울길
돌고 도는 이 세상
사연 많은 내 인생
오늘도 홀로 외로이 간다
아하 마음 하나 못 비우고
아하 한치 앞도 모르면서
왜 이리 근심으로 사는가
욕심내지 않기를 미워하지 않기를
서두르지 않기를 어렵지 않아
사랑하는 사람들 가슴 아픈 사람들
모두가 함께 놀다가는 인생이라네
욕심내지 않기를 미워하지 않기를
서두르지 않기를 어렵지 않아
사랑하는 사람들 가슴 아픈 사람들
모두가 함께 놀다가는 인생이라네"
인생이란,"2,035",윤시내,"우리는 어떤 존재인가
어디서 왔다 어디로 가나
아무리 몸부림쳐도
인생이란 알 수가 없네
험한 길도 가게 되더라
좋은 길은 보이질 않고
비가 올 땐 비를 맞고
눈이 올 땐 눈도 맞았네
살아 갈수록 눈물이
살아 갈수록 외로움이
웃어도 가슴이 아프다
검은 머리만 하얘지니까
가만히 생각해보니
당연한데 왜 눈물이 날까
세상을 보며 느낀 게 많아
지친 세상에 사람들 보며
욕심을 버린 후 알았네
내가 얼마나 바보였는지
살아 갈수록 눈물이
살아 갈수록 외로움이
웃어도 가슴이 아프다
검은 머리만 하얘지니까
가만히 생각해보니
당연한데 왜 눈물이 날까
어제보다 오늘이 좋아
또 다른 희망이 있으니
당신만 내 곁에 있다면
진흙 길도 나는 행복해
당신만 내 곁에 있다면
진흙 길도 나는 행복해
진흙 길도 나는 행복해"
당신편,"3,017",장윤정,"사랑한 당신 내 편인 당신
나는 항상 당신 편인 걸
꿈을 꾸며 들을까 몰라
나는 항상 당신 편인 걸
힘든 당신은 술이 물이고
내 맘은 물도 술인데
사랑한 당신 내 편인 당신
오늘도 고생 많았네
꿈을 꾸며 들어주세요
나는 항상 당신 편이요
영원토록 잊지 말아요
나는 항상 당신 편이야
나는 항상 당신 편인 걸
꿈을 꾸며 들을까 몰라
나는 항상 당신 편인 걸
힘든 당신은 술이 물이고
내 맘은 물도 술인데
사랑한 당신 내 편인 당신
오늘도 고생 많았네
꿈을 꾸며 들어주세요
나는 항상 당신 편이요
영원토록 잊지 말아요
나는 항상 당신 편이야
사랑한 당신 내 편인 당신
오늘도 고생 많았네
꿈을 꾸며 들어주세요
나는 항상 당신 편이요
사는 내내 잊지 말아요
나는 항상 당신 편이야
나는 항상 당신 편이야"
애모,"15,169",임영웅,"그대 가슴에 얼굴을 묻고
오늘은 울고 싶어라
세월의 강 넘어 우리 사랑은
눈물 속에 흔들리는데
얼만큼 나 더 살아야
그대를 잊을 수 있나
한마디 말이 모자라서
다가설 수 없는 사람아
그대 앞에만 서면
나는 왜 작아지는가
그대 등 뒤에 서면
내 눈은 젖어 드는데
사랑 때문에 침묵해야 할
나는 당신의 남자
그리고 추억이 있는 한
당신은 나의 여자여
그대 앞에만 서면
나는 왜 작아지는가
그대 등 뒤에 서면
내 눈은 젖어 드는데
사랑 때문에 침묵해야 할
나는 당신의 남자
그리고 추억이 있는 한
당신은 나의 여자여
당신은 나의 여자여"
둥지,"17,947",임영웅,"너 빈자리 채워 주고 싶어
내 인생을 전부 주고 싶어
이제는 너를 내 곁에다 앉히고
언제까지나 사랑 할까봐
우리 더 이상 방황하지마
한눈 팔지마 여기 둥지를 틀어
지난날의 아픔은 잊어버려
스쳐 지나가는 바람처럼
이제 너는 혼자가 아니잖아
사랑하는 나 있잖아
너는 그냥 가만히 있어
다 내가 해 줄게
현실일까 꿈일까 사실일까 아닐까
헷갈리고 서 있지마 우 ?
사랑이 뭔지 그동안 몰랐지
내 품에 둥지를 틀어봐
너 빈자리 채워 주고 싶어
내 인생을 전부 주고 싶어
이제는 너를 내 곁에다 앉히고
언제까지나 사랑 할까봐
우리 더 이상 방황하지마
한눈 팔지마 여기 둥지를 틀어
지난날의 아픔은 잊어버려
스쳐 지나가는 바람처럼
이제 너는 혼자가 아니잖아
사랑하는 나 있잖아
너는 그냥 가만히 있어
다 내가 해 줄게
현실일까 꿈일까 사실일까 아닐까
헷갈리고 서 있지마 우
사랑이 뭔지 그동안 몰랐지
내 품에 둥지를 틀어봐
내 품에 둥지를 틀어봐"
진도아리랑,"3,880",송가인,"아리아리랑 쓰리 쓰리랑
아라리가 났네
아리랑 음음음 아라리가 났네
문경새제는 왠 고갠가 구부야
구부구부가 눈물이로구나
아리 아리랑 쓰리 쓰리랑
아라리가 났네
아리랑 음음음 아라리가 났네
우리가 여기 왔다 그냥 갈 수가
있나 노래 부르고
춤추며 놀다나 가세
아리 아리랑 쓰리 쓰리랑
아라리가 났네
아리랑 음음음 아라리가 났네
만경창파에 둥둥둥 뜬 배 어기여차
어야 디여라 노를 저어라
아리 아리랑 쓰리 쓰리랑
아라리가 났네
아리랑 음음음 아라리가 났네"
모란 (母(어미모) 糷(밥 짓다 란)) (Long ver.),555,유지나,"엄마를 닮았구나 거울 속 나의 모습이
엄마를 닮았구나 눈가에 내린 주름도
모든 걸 닮았구나 세상을 사는 모습도
눈물도 웃음도 입맛까지도
엄마가 그랬었지 나처럼 살지 말아라
엄마가 그랬었지 남 하는 것 다 해봐라
여자라 참지마라 어떠한 순간에도
언제나 엄마는 너의 편이라고
엄마 엄마 엄마 엄마
부를수록 먹먹한 그 이름 엄마
엄마 엄마 엄마 엄마
제발 아프지 마세요
사랑합니다 죄송합니다
아기처럼 점점 작아지는 울 엄마
다음 세상엔 그때는 엄마가
나의 딸로 태어나주세요
엄마를 닮았구나 나이가 들어 갈수록
엄마를 닮았구나 아파도 참는 모습이
별걸 다 닮았구나 용서에 넉넉해지고
예쁜 것 앞에선 미소를 짓고
엄마가 그랬었지 내 나이 되면 안다고
엄마가 그랬었지 철들면 이별이라고
가진 것 그보다 더 몇 천 배 더 준 사랑
엄마가 지어준 밥이 먹고 싶다
엄마 엄마 엄마 엄마
부를수록 먹먹한 그 이름 엄마
엄마 엄마 엄마 엄마
제발 아프지 마세요
사랑합니다 죄송합니다
아기처럼 점점 작아지는 울 엄마
다음 세상엔 그땐 엄마가
나의 딸로 태어나주세요"
그 겨울의 찻집,"3,245",조용필,"바람 속으로 걸어갔어요
이른 아침의 그 찻집
마른 꽃 걸린 창가에 앉아
외로움을 마셔요
아름다운 죄 사랑 때문에
홀로 지샌 긴 밤이여
뜨거운 이름 가슴에 두면
왜 한숨이 나는 걸까
아 웃고 있어도 눈물이 난다
그대 나의 사랑아
아름다운 죄 사랑 때문에
홀로 지샌 긴 밤이여
뜨거운 이름 가슴에 두면
왜 한숨이 나는 걸까
아 웃고 있어도 눈물이 난다
그대 나의 사랑아"
가슴 아프게,153,나영,"당신과 나 사이에
저 바다가 없었다면
쓰라린 이별만은 없었을 것을
해 저문 부두에서
떠나가는 연락선을
가슴 아프게 가슴 아프게
바라보지 않았으리
갈매기도 내 마음같이
목메어 운다

아득히 바다 멀리
떠나가는 연락선을
가슴 아프게 가슴 아프게
바라보지 않았으리
갈매기도 내 마음같이
목메어 운다
가슴 아프게 가슴 아프게
바라보지 않았으리
갈매기도 내 마음같이
목메어 운다"
집시여인,"2,301",이치현과 벗님들,"그댄 외롭고 쓸쓸한 여인
끝이 없는 방랑을 하는
밤에는 별따라 낮에는 꽃다라
먼길을 떠나가네
때론 고독에 묻혀 있다네
하염없는 눈물 흘리네
밤에는 별보며 낮에는 꽃보며
사랑을 생각하네
내마음에도 사랑은 있어
난 밤마다 꿈을 꾸네
오늘밤에도 초원에 누워
별을 보며 생각하네
집시 집시 집시 집시여인
끝이 없는 방랑을 하는
밤에는 별따라 낮에는 꽃따라
외로운 집시여인
때론 고독에 묻혀 있다네
하염없는 눈물 흘리네
밤에는 별보며 낮에는 꽃보며
사랑을 생각하네
내마음에도 사랑은 있어
난 밤마다 꿈을 꾸네
오늘밤에도 초원에 누워
별을 보며 생각하네
집시 집시 집시 집시여인
끝이 없는 방랑을 하는
밤에는 별따라 낮에는 꽃따라
외로운 집시여인
집시 집시 집시 집시여인
끝이 없는 방랑을 하는
밤에는 별따라 낮에는 꽃따라
외로운 집시여인
외로운 집시여인
외로운 집시여인
외로운 집시여인"
세월아,"2,925",장윤정,"가려거든 먼저 가거라
쉬엄쉬엄 쉬었다 가게
세월아 가지 말어라
가려거든 혼자서 가지
애꿎은 이내몸은 어이하라구
세월아 야속도 하구나
찬바람도 비바람도
견뎌온 내 청춘아
그 누가 알아주나
그 누가 알아주나
속절없이 살아온 세월
가려거든 먼저 가거라
쉬엄쉬엄 쉬었다 가게
세월아 가지 말어라
가려거든 혼자서 가지
애꿎은 이내몸은 어이하라구
세월아 야속도 하구나
찬바람도 비바람도
견뎌온 내 청춘아
그 누가 알아주나
그 누가 알아주나
속절없이 살아온 세월
가려거든 먼저 가거라
쉬엄쉬엄 쉬었다 가게"
나이가 든다는 게 화가 나,565,별사랑,"나이가 든다는 게 화가 나
지나간 시간들이 아쉬워
하늘에 떠다니는 구름과
세상에 떠다니는 나
늙어 간다는 게
창피한 일도 아닌데
저 멀리 지는 석양과
닮아서 맘이 서글퍼
길을 잃어도 좋아
두렵지도 않을 나이야
이별 두 번 한대도
웃어넘길 그럴 나이야
나이가 든다는 게 화가 나
떠나간 내 사랑이 그리워
고독을 달래 주던 친구도
하나 둘 떠나 가누나
늙어 간다는 게
창피한 일도 아닌데
저 멀리 지는 석양과
닮아서 맘이 서글퍼
길을 잃어도 좋아
두렵지도 않을 나이야
이별 두 번 한대도
웃어넘길 그럴 나이야
외로움에 지쳐도
웃어버릴 그럴 나이야
웃어버릴 그럴 나이야"
사모,"3,793",남승민,"오소서 님이여 님이시여
촉촉이 젖은 입술로
바람에 업히여 구름에 실려
살짝이 오소서
낙숫물에 머리를 감고
달빛에 머리를 빗고
님이 오시는 길목에 서서
사모하는 가슴앓이 아신다면은
오소서 님이여 님이시여
살짝이 오소서
낙숫물에 머리를 감고
달빛에 머리를 빗고
님이 오시는 길목에 서서
사모하는 가슴앓이 아신다면은
오소서 님이여 님이시여
잽싸게 오소서
오소서 님이여 님이시여
잽싸게 오소서"
아잉,113,곽지은,"아잉 아잉 좋아요
당신이 좋아요
수더분한 당신 모습에
난 맘이 떨려
아잉 아잉 오늘은
딱 여기까지만
아아 아아 아아
사랑을 나눠요
가만히 당신을 보면
가슴이 콩닥거려요
착하게 선한 눈빛을 보면
이 남자 믿을만하죠
어두운 밤 길을 걸을 때
내 손을 잡아준 그대
이 사람만큼 든든한 남자
세상 어디에도 없어요
아아잉 기다려주세요
그대를 사랑하는 내 맘이
커다란 파도가 될 때까지
아잉 아잉 좋아요
당신이 좋아요
수더분한 당신 모습에
난 맘이 떨려
아잉 아잉 오늘은
딱 여기까지만
아아 아아 아아
사랑을 나눠요

살짝 올린 셔츠 사이로
힘줄이 참 멋져 보여
당신과 손을 맞대어 보면
나는 참 아기 같아요
한두 잔 술에 취한 날
안전히 지켜준 그대
이 사람만큼 든든한 남자
세상 어디에도 없어요
아아잉 기다려주세요
그대를 사랑하는 내 맘이
커다란 파도가 될 때까지
아잉 아잉 좋아요
당신이 좋아요
수더분한 당신 모습에
난 맘이 떨려
아잉 아잉 오늘은
딱 여기까지만
아아 아아 아아
사랑을 나눠요"
밤열차,"1,581",김연자,"밤 열차는 미련없이 떠나갑니다
뜨거운 눈물 흘려야하는 사랑
빈 가슴 부여잡고 차창에 기대어
밤 이슬 내리는 창 밖을 보며
아쉬움에 자꾸만 뒤돌아보는데
기적소리 울음소리
나를 나를 나를 울리네
이제 가면 못 볼 사랑 보고플 사랑
다시 오면 안 됩니까 말을 해 줘요
밤 열차는 미련없이 떠나가는데

밤 열차는 미련없이 떠나갑니다
뜨거운 눈물 흘려야하는 사랑
빈 가슴 부여잡고 차창에 기대어
밤 이슬 내리는 창 밖을 보며
아쉬움에 자꾸만 뒤돌아보는데
기적소리 울음소리
나를 나를 나를 울리네
이제 가면 못 볼 사랑 보고플 사랑
다시 오면 안 됩니까 말을 해 줘요
밤 열차는 미련없이 떠나가는데
다시 오면 안 됩니까 말을 해 줘요
밤 열차는 미련없이 떠나가는데"
뭣이 중헌디,"41,337",임영웅,"뭣이 중헌디 뭣이 중헌디
정답은 바로 사랑이더라
어머니의 끝도 없는 자식들 사랑
그 누가 어찌 다 아랴
시집장가가 자식 나봐야
그제야 그 사랑을 알겠지
이쁜 사람 잘난 사람 많고 많지만
그 누가 내 마음 아랴
슬플 때에도 기쁠 때에도
함께한 내 사랑이 최고지
어차피 인생살이 새옹지마
딱 한번만 살고 가는 세상
뭣이 중헌디 뭣이 중헌디
정답은 바로 사랑이더라
금은보화 부귀영화 가진다 해도
어차피 두고 갈 것을
춤추고 노래하자
웃으며 살아가자
아리랑 아리랑 아라리요
어차피 인생살이 새옹지마
딱 한번만 살고 가는 세상
뭣이 중헌디 뭣이 중헌디
정답은 바로 사랑이더라
어차피 인생살이 새옹지마
딱 한번만 살고 가는 세상
뭣이 중헌디 뭣이 중헌디
정답은 바로 사랑이더라
정답은 바로 사랑이더라"
채석강,504,진성,"서해 바다 수평선아
너는 왜 말이 없느냐
떠난 님 그리워서 망부석 되어버린
채석강 운명
기폭에 꿈을 싣고 온다던 사람
피고 지고 피고 지고 꽃은 피었건만
파도 소리 갈매기만 슬피 울고 있네요
방파제 여인의 설움 그 누가 알까
채석강아 말 좀 해다오
서해 바다 수평선아
너는 왜 말이 없느냐
떠난 님 그리워서 망부석 되어버린
채석강 운명
기폭에 꿈을 싣고 온다던 사람
피고 지고 피고 지고 꽃은 피었건만
파도 소리 갈매기만 슬피 울고 있네요
방파제 여인의 설움 그 누가 알까
채석강아 말 좀 해다오
방파제 여인의 설움 그 누가 알까
채석강아 말 좀 해다오"
단장의 미아리 고개,"2,851",송가인,"미아리 눈물고개
임이 넘던 이별 고개
화약 연기 앞을 가려
눈 못 뜨고 헤매일 때
당신은
철사 줄로 두 손 꽁꽁 묶인 채로
뒤돌아보고 또 돌아보고
맨발로 절며 절며
끌려가신 이 고개여
한 많은
미아리 고개
여보 당신은 지금
어디서 무얼 하고 계세요
어린 용구는 오늘 밤도
아빠를 그리다가
이제 막 잠이 들었어요
동지섣달 기나긴 밤
북풍한설 몰아칠 때
당신은 감옥살이 얼마나
고생을 하고 계세요
십 년이 가도 백 년이 가도
부디 살아만 돌아오세요 네
여보
아빠를 그리다가
어린 것은 잠이 들고
동지섣달 기나긴 밤
북풍한설 몰아칠 때
당신은
감옥살이 그 얼마나 고생을 하오
십 년이 가고 백 년이 가도
살아만 돌아오소
울고 넘던 이 고개여
한 많은 미아리 고개
한 많은 미아리 고개"
무명배우,"8,404",송가인,"사랑을 하죠
Melo 영화 뜨겁던 그 장면처럼
인생의 마지막 컷이 라도
나는 좋아요
사랑을 했죠
대본도 없이 울던 무명배우처럼
당신을 원망 안 해요
사랑은 영화니까
사랑이 사랑을 사랑하면
저 별처럼 빛날까요
아름다웠던 추억 기억
모두 다 영원히
한방 울 또 한 방울
눈물이 흘러 내리죠
나 슬퍼서 아냐 행복해서 울죠
안아줘요 나를 날 많이 사랑하나요
당신의 품 안에선 나는 주연배우
사랑을 해요
Melo 영화 무명배우로 산대도
당신을 원망 안해요 사랑은 영화니까
사랑이 사랑을 사랑하면
저 별처럼 빛날까요
아름다웠던 추억 기억
모두 다 영원히
한방 울 또 한 방울
눈물이 흘러 내리죠
나 슬퍼서 아냐 행복해서 울죠
안아줘요 나를 날 많이 사랑하나요
당신의 품 안에선 나는 주연배우"
비가 온다,"1,679",김대훈,"빗소리가 들린다
추억이 너를 부른다
깊은 정을 남기고
떠나버린 여인아
구슬프게 비가 내리면
술잔을 비워내며 울고 싶어라
비가 온다 나의 가슴에
시리도록 마음이 춥다
미련이란 못된 눈물
빗물처럼 가슴에 흘러내린다
깊은 정을 남기고
떠나버린 여인아
구슬프게 비가 내리면
술잔을 비워내며 울고 싶어라
비가 온다 나의 가슴에
시리도록 마음이 춥다
미련이란 못된 눈물
빗물처럼 가슴에 흘러내린다
가슴에 흘러내린다"
신사동 그사람,"1,799",주현미,"희미한 불빛사이로
마주치는
그 눈길 피할 수 없어
나도 몰래 사랑을
느끼며 만났던
그 사람 행여
오늘도 다시 만날까
그날밤 그 자리에
기다리는데
그 사람 오지않고
나를 울리네
시간은 자정넘어
새벽으로 가는데
아 그날밤 만났던 사람
나를 잊으셨나봐
희미한 불빛사이로
오고가던
그 눈길 어쩔 수 없어
나도 몰래
마음을 주면서
사랑한 그 사람
오늘밤도 행여
만날까 그날밤
그 자리에 마음
설레며 그 사람
기다려도 오지를 않네
자정은 벌써 지나
새벽으로 가는데
아 내 마음 가져간 사람
신사동 그 사람
희미한 불빛사이로
마주치는 그 눈길
피할 수 없어
나도 몰래 사랑을
느끼며 만났던
그 사람 행여
오늘도 다시 만날까
그날밤 그 자리에
기다리는데
그 사람 오지않고
나를 울리네
시간은 자정 넘어
새벽으로 가는데
아 그날밤 만났던 사람
나를 잊으셨나봐"
나이가 든다는 건,720,조항조,"나이가 든다는 건
조금도 솔직해지고
스스로 더 많이
관대해지면서 여물어 가는것
타인에 잘못도 내탓이 라면서
다 웃어넘기며
나이든다는건 더 멋져 지는것
눈이침침 한건
필요한 것만 보라고 하는것
이가 시린건 연한음식만
먹으라하는 것
세월에 허들을 넘다 지치면
숨고르기하며
나이든다는건 그 누군가에게
위로 받으란 것
나이가 든다는 건
조금도 솔직해지고
스스로 더 많이
관대해지면서 여물어 가는것
타인에 잘못도 내탓이 라면서
다 웃어넘기며
나이든다는건 더 멋져 지는것
깜박하는건 좋은 추억만
기억하라는 것
머리가 하얀건 더멀리에서도
잘 보이란 것
세월에 허들을 넘다 지치면
숨고르기하면
나이든다는건 그 누군가에게
위로 받으란 것
세월에 허들을 뛰어
저 멀리 더 높이 나르면
나이든다는건
또 다른 나에게 대답하라는 것
숨고르고 다 내려놓고
더 크게 웃으며
더 많이 더 나를 사랑하는 것"
10분 내로,"1,579",김연자,"그래요 믿어 줄게요
나만 사랑한다면
딱 한 가지만 약속해 줘요
내가 전화할 땐
늦어도 십 분 내로
내게로 달려와요
꾸물대지 말고 핑계 대지 말고
옆길로 새지도 말고
여자는 꽃이랍니다
혼자 두지 말아요
당신 가슴에 영원히 지지 않는
꽃이 될래요 십 분 내로
그래요 믿어 줄게요
나만 사랑한다면
딱 한 가지만 약속해 줘요
세상 끝나도록
바람이 분다 해도
눈보라 친다 해도
나만 사랑한다 나만 생각한다
그렇게 약속해 줘요
당신은 나만의 남자
나는 당신의 여자
언제나 멋진 당신 가슴에 안겨
꽃이 될래요 십 분 내로
여자는 꽃이랍니다
혼자 두지 말아요
당신 가슴에 영원히 지지 않는
꽃이 될래요 십 분 내로
꽃이 될래요 십 분 내로"
무심 세월,848,민수현,"무심한 세월아
냉정한 세월아
너는 어찌 그리도 빠르니
너 따라 가려니
이젠 힘이 들구나
우리 잠시 쉬었다가자
얄궂은 세월아
변덕쟁이 세월아
나 어릴 땐 그리도 늦더니
숨 가쁜 한 세상
앞만 보고 왔는데
어서 따라 오라는 세월
나는 쉬엄쉬엄 쉬며 갈 테다
허리 한번 쭉 펴고
좋은 사람들과 놀다 갈 테니
제발 나 좀 두고 가거라
함께 온 세월아
오랜 친구 세월아
우리 잠시 헤어졌다가
이 다음 천천히
만났으면 좋겠다
너 혼자만 먼저 가거라
나는 쉬엄쉬엄 쉬며 갈 테다
허리 한번 쭉 펴고
좋은 사람들과 놀다 갈 테니
제발 나 좀 두고 가거라
함께 온 세월아
오랜 친구 세월아
우리 잠시 헤어졌다가
이 다음 천천히
만났으면 좋겠다
너 혼자만 먼저 가거라
너 혼자만 먼저 가거라"
서울의 달,"2,876",송가인,"서울살이 타향살이 고달픈 날에
우리 엄마가 생각이 난다
조물조물 무쳐주신 나물 반찬에
된장찌개 먹고 싶구나
겁도 없이 떠나온 머나먼 길에
보고 싶은 내 고향 눈에 밟힌다
언젠가 서울에 가서 성공을 해서
돌아온다 약속했는데
세상에 울고 웃다가 바쁘다 보니
꿈에서나 갈 수 있구나
서울의 달 바라보면서
서울살이 타향살이 외로운 날에
우리 엄마가 보고 싶구나
차 창가에 부딪히는 달빛을 보며
엄마 소원 빌어도 본다
겁도 없이 떠나온 머나먼 길에
남쪽 바다 내 고향 눈에 밟힌다
언젠가 서울에 가서 성공을 해서
돌아온다 약속했는데
세상에 울고 웃다가 바쁘다 보니
꿈에서나 갈 수 있구나
언젠가 서울에 가서 성공을 해서
돌아온다 약속했는데
손편지 한 장 갖고는 너무 모자란
내 인생의 일기를 쓴다
서울의 달 바라보면서
바라보면서"
친정 엄마 (아내의 엄마),539,나훈아,"시집가면 넘이라고
친정 생각 말라시며
쌀쌀맞게 딴청 하며
잘 살거라 하던 엄마
부엌 창문 저 너머로 南風
따라 흘러가는
조각구름 끄트머리에
웃고 있는 우리 엄마
어쩌나 아아 어쩌나
생각하면 눈물부터
어쩌나 아아 어쩌나
떠올리면 목 메이는
이 세상 엄마 중에 가장 고운 친정엄마
사위 생각한답시고
고추 마늘 무우 된장
이 보따리 저 보따리
바리바리 이고 지고
그 마음 누가 몰라
그 속을 누가 몰라
애지중지 키운 내 딸
애껴달란 그 말이지
어쩌나 아아 어쩌나
생각하면 눈물부터
어쩌나 아아 어쩌나
떠올리면 목 메이는
이 세상 엄마 중에 제일 예쁜 친정엄마
이 세상 엄마 중에 가장 고운 친정엄마"
오늘이 젊은 날,"1,181",오유진,"나이야 가라 나이야 가라
나이가 대수냐 오늘이 가장 젊은 날
내 과거 묻지를 마세요
알아서 무엇 하나요
지난 일은 지난 밤에 묻어요
살다 보면 다 그렇지
마음엔 나이가 없는 거란 걸
세월도 비켜가는 걸
잊지는 말아요
오늘 이 순간이
내 인생에 가장 젊은 날
나이야 가라 나이야 가라
나이가 대수냐 오늘이 가장 젊은 날"
미운 사내,"9,966",이찬원,"순진한 여자의 가슴에다
돌을 던진 사내야
떠나버릴 사람이라면
사랑한다 말은 왜 했나
활짝 핀 꽃처럼 웃던 얼굴이
왠일인지 요즈음 우울해졌네
순진한 내 가슴에
돌을 던진 사내야
미운 사내 미운 사내
얄미운 사내야
순진한 여자의 가슴에다
돌을 던진 사내야
떠나버릴 사람이라면
사랑한다 말은 왜 했나
활짝 핀 꽃처럼 웃던 얼굴이
왠일인지 요즈음 우울해졌네
순진한 내 가슴에
돌을 던진 사내야
미운 사내 미운 사내
얄미운 사내야
미운 사내 미운 사내
얄미운 사내야"
Despacito,"32,244",임영웅,"Ay
Fonsi
DY
Ohhh
Oh no oh no
Hey yeah
Si sabes que ya llevo
un rato mirandote
Tengo que bailar contigo hoy
Vi que tu mirada ya
estaba llamandome
Muestrame el camino que yo voy oh
Tu tu eres el iman
y yo soy el metal
Me voy acercando
y voy armando el plan
Solo con pensarlo se
acelera el pulso
Oh yeah
Ya ya me esta gustando
mas de lo normal
Todos mis sentidos
van pidiendo mas
Esto hay que tomarlo
sin ningun apuro
Des pa cito
Quiero respirar tu
cuello despacito
Deja que te diga cosas al oido
Para que te acuerdes
si no estas conmigo
Des pa cito
Quiero desnudarte
a besos despacito
Firmo en las paredes
de tu laberinto
Y hacer de tu cuerpo
todo un manuscrito Oh
Quiero ver bailar tu pelo
Quiero ser tu ritmo
Que le ensenes a mi boca
Tus lugares favoritos
Dejame sobrepasar tus
zonas de peligro
Hasta provocar tus gritos
Y que olvides tu apellido
Des pa cito
Des pa cito"
진정인가요,"2,887",송가인,"미련 없다
그 말이 진정인가요
냉정했던
그 마음이 진정인가요
바닷가를 거닐며
수 놓았던 그 추억
잊을 수가 있을까요
돌아설 때 눈물짓던
당신이라면
영원토록 영원토록
죽어도 못 잊을 겁니다
잊어달라
그 말이 진정인가요
돌아서던 그 마음이
진정인가요
오솔길을 거닐며
주고받던 그 사랑
잊을 수가 있을까요
돌아설 때 울음 참던
당신이라면
잊으려도 잊으려도
죽어도 못 잊을 겁니다
죽어도 못 잊을 겁니다"
민들레 홀씨되어,"2,465",박미경,"달빛 부서지는 강뚝에
홀로 앉아있네
소리없이 흐르는
저강물을 바라보며
가슴을 헤이며 밀려오는
그리움 그리움
우리는 들길에 홀로핀
이름모를 꽃을 보면서
외로운 맘을 나누며
손에 손을 잡고 걸었지
산등성이의 해질녘은
너무나 아름다웠었지
그 님의 두 눈속에는
눈물이 가득 고였지
어느새 내마음
민들레 홀씨되어
강바람 타고 훨 훨 네 곁으로 간다

산등성이의 해질녘은
너무나 아름다웠었지
그 님의 두 눈속에는
눈물이 가득 고였지
어느새 내마음 민들레 홀씨되어
강바람 타고 훨 훨 네 곁으로 간다
어느새 내마음 민들레 홀씨 되어
강바람타고 훨훨 네 곁으로 간다"
내 이름 아시죠,654,진해성,"어두운 그 길을 어찌 홀로 가나요
새들도 나무들도 슬피 우는 밤
조심조심 가세요
넘어지면 안 돼요
달님이 그 먼 길을 지킬 겁니다
내 이름 아시죠
한 글자 한 글자
지어주신 이름
내 이름 아시죠
가시다가 외로울 때 불러주세요
길 잃으면 안 돼요
꿈에 한 번 오세요
잘 도착했다 말해요

조심조심 가세요
넘어지면 안 돼요
달님이 그 먼 길을 지킬 겁니다
내 이름 아시죠
한 글자 한 글자
지어주신 이름
내 이름 아시죠
가시다가 외로울 때 불러주세요
길 잃으면 안 돼요
꿈에 한 번 오세요
잘 도착했다 말해요
길 잃으면 안 돼요
꿈에 한 번 오세요
잘 도착했다 말해요"
집밥,"1,732",안성훈,"세상에 지치고 일에 치이고
따뜻한 위로가 필요한 날에
생각나는 엄마의 그 밥상
맛 따라 멋 따라 다녀봤지만
아무리 찾아도 그 맛이 안 나
그리운 건 엄마의 그 사랑
아 벌써 생각만 해도
너무 배가 고파
집밥 엄마 집밥 (집밥)
이 세상 최고의 손맛
집밥 그리워지네
세상살이 너무 바빠도
밥은 꼭 챙겨 먹어라
듣고 싶은 엄마의 목소리
(집밥 엄마 집밥 집밥
집밥 엄마 집밥 집밥)
바쁘게 그렇게 살다가보니
떠나온 내 고향 그리워지네
생각나는 엄마의 그 밥상
아 벌써 생각만 해도
너무 배가 고파
집밥 엄마 집밥 (집밥)
이 세상 최고의 손맛
집밥 그리워지네
세상살이 너무 바빠도
밥은 꼭 챙겨 먹어라
듣고 싶은 엄마의 목소리
보고 싶은 엄마의 목소리
(집밥 엄마 집밥 집밥
집밥 엄마 집밥 집밥)
보고 싶은 엄마의 목소리"
삼각관계,"3,090",강진,"누군가 한 사람이
울어야 하는 사랑에
삼각형을 만들어 놓고
기로에선 세 사람 세 사람
사랑을 고집하면
친구가 울고
우정을 따르자니
내가 우네 사랑이 우네
하필이면 왜 내가 너를
하필이면 왜 내가 너를
사랑했나 우는 세 사람
누군가 한 사람이
울어야 하는 사랑에
삼각형을 만들어 놓고
기로에선 세 사람 세 사람
사랑을 고집하면 친구가 울고
우정을 따르자니
내가 우네 사랑이 우네
하필이면 왜 내가 너를
하필이면 왜 내가 너를
사랑했나 우는 세 사람
사랑했나 우는 세 사람"
애모,"3,966",김수희,"그대 가슴에 얼굴을 묻고 오늘은 울고 싶어라
세월의 강 넘어 우리 사랑은 눈물속에 흔들리는데
얼만큼 말이 모자라서 다가설 수 없는 사람아~
그대 앞에만 서면 나는 왜 작아지는가.
그대 등 뒤에 서면 내눈은 젖어드는데
사랑 때문에 침묵해야 할 나는 당신의 여자
그리고 추억이 있는 한 당신은 나의 남자여.



그대 앞에만 서면 나는 왜 작아지는가
그대 등 뒤에 서면 내 눈은 젖어 드는데..
사랑 때문에 침묵해야할 나는 당신의 여자
그리고 당신은 나의 남자여."
바람의 노래,"3,398",은가은,"살면서 듣게 될까
언젠가는 바람의 노래를
세월 가면 그때는 알게 될까
꽃이 지는 이유를
나를 떠난 사람들과
만나게 될 또 다른 사람들
스쳐가는 인연과 그리움은
어느 곳으로 가는가
나의 작은 지혜로는 알 수가 없네
내가 아는 건 살아가는 방법뿐이야
보다 많은 실패와 고뇌의 시간이
비켜갈 수 없다는 걸 우린 깨달았네
이제 그 해답이 사랑이라면
나는 이 세상
모든 것들을 사랑하겠네
나를 떠난 사람들과
만나게 될 또 다른 사람들
스쳐 가는 인연과 그리움은
어느 곳으로 가는가
나의 작은 지혜로는 알 수가 없네
내가 아는 건 살아가는 방법뿐이야
보다 많은 실패와 고뇌의 시간이
비켜갈 수 없다는 걸 우린 깨달았네
이제 그 해답이 사랑이라면
나는 이 세상
모든 것들을 사랑하겠네
보다 많은 실패와 고뇌의 시간이
보다 많은 실패와 고뇌의 시간이
비켜갈 수 없다는 걸 우린 깨달았네
이제 그 해답이 사랑이라면
나는 이 세상
모든 것들을 사랑하겠네
나는 이 세상
모든 것들을 사랑하겠네
나는 이 세상
모든 것들을 사랑하겠네"
슬퍼하지 마,"1,545",김종환,"아무말도 하지 않는거야~~~
나에게 말을 해줘~~
너에게 무슨일이 생긴건지~~
속 시원히 말을 해줘~~
이세상 모두가 변한다고 해도~~
나는 너를 사랑해~~
너에게 나를 준걸 후회는 안해~~
이 대로 함께 있을께~~
2 사랑할수 있을때 사랑 해야해~~
서로 후회하지 않도록~~
너의 곁에는 내가 있잖아~~
너를 지킬 테니까~~
용서할수 있을때 용서 해야해~~
가슴이 아프지 않도록~~
차라리 그것이 속편한 거야~~
이젠~~슬퍼하지마~~


2 이세상에 여자는 너 하나뿐인데~~
슬퍼하면 나는 어떻해~~
니가~~힘이들면 내게로와~~
내가 널 책임 지겠어~~"
고장난 벽시계,"5,711",박민수,"세월아 너는 어찌
돌아도 보지 않느냐
나를 속인 사람보다
네가 더욱 야속하더라
한 두 번 사랑땜에 울고 났더니
저만큼 가버린 세월
고장 난 벽시계는 멈추었는데
저 세월은 고장도 없네
청춘아 너는 어찌
모른 척하고 있느냐
나를 버린 사람 보다
네가 더욱 무정하더라
뜬구름 쫓아가다 돌아봤더니
어느새 흘러간 청춘
고장 난 벽시계는 멈추었는데
저 세월은 고장도 없네
고장 난 벽시계는 멈추었는데
저 세월은 고장도 없네"
Q,"27,448",임영웅,"너를 마지막으로 나의 청춘은 끝이 났다
우리의 사랑은 모두 끝났다
램프가 켜져 있는 작은 찻집에서
나 홀로 우리의 추억을 태워 버렸다
사랑 눈 감으면 모르리
사랑 돌아서면 잊으리
사랑 내 오늘은 울지만
다시는 울지 않겠다
하얀 꽃송이 송이 웨딩드레스 수 놓던 날
우리는 영원히 남남이 되고
고통의 자물쇠에 갇혀 버리던 날
그 날은 나도 술잔도 함께 울었다
사랑 눈 감으면 모르리
사랑 돌아서면 잊으리
사랑 내 오늘은 울지만
다시는 울지 않겠다
너를 용서 않으니 내가 괴로워 안되겠다
나의 용서는 너를 잊는 것
너는 나의 인생을 쥐고 있다 놓아 버렸다
그대를 이제는 내가 보낸다
사랑 눈 감으면 모르리
사랑 돌아서면 잊으리
사랑 내 오늘은 울지만
다시는 울지 않겠다
사랑 눈 감으면 모르리
사랑 돌아서면 잊으리
사랑 내 오늘은 울지만
다시는 울지 않겠다"
당신의 눈물,"1,202",별사랑,"어젯밤 잠든 그댈
바라보던 내 눈엔
한줄기 뜨거운 눈물이
흐르고 말았소
그렇게 살아온 긴 세월 동안
외로워도 힘들어도
말도 못하고
아 당신은 언제나
눈물을 감추고 있었나
세상이 날 버리고
돌아갈 곳 없는데
괜찮단 그 말 한마디에
난 울고 말았소
언제나 말없이
기다려준 당신
미안해서 아무 말도
할 순 없지만
아 당신은 언제나
눈물을 감추고 있었나
아 당신은
당신은 언제나
눈물을 감추고 있었나
감추고 있었나"
가버린 사랑,758,김다현,"백년해로 맺은 언약
마음속에 새겼거늘
무정할 사 그대로다
나 예두고 어디 갔나
그대 이왕 가려거든
정마저 가져가야지
정은 두고 몸만 가니
남은 이 몸 어이 하리
백년해로 맺은 언약
마음속에 새겼거늘
무정할 사 그대로다
나 예두고 어디 갔나
그대 이왕 가려거든
정마저 가져가야지
남은 이 몸 생각 말고
만수무강 하옵소서
만수무강 하옵소서"
맞짱,871,나훈아,"세월을 이길 장사 어디 있겠소
어느 누가 세월을 막을 수 있겠소
눈 한번 깜빡이면 벌써 이만큼
돌아보면 벌써 저만큼
아 사랑은 이제부터 시작인데
아 청춘도 아직은 시퍼런데
아아아 세월아 맞짱 한번 뜨고 싶다
아 아 웃프다 인생아
세월을 돈을 주고 살 수 있다면
누구라도 천년을 사려고 않겠소
새벽닭 울어대면 또 하루 시작
노을 꽃 피면 하루는 안녕
아 사랑은 끝나지도 않았는데
아 청춘도 아직은 펄펄한데
아아아 세월아 맞짱 한번 뜨고 싶다
아 아 웃프다 인생아
아아아 세월아 맞짱 한번 뜨고 싶다
아 아 웃프다 인생아"
희망가,"28,065",김호중,"이 풍진 세상을 만났으니
너의 희망이 무엇이냐
부귀와 영화를 누렸으니
희망이 족할까
푸른 하늘 밝은 달 아래
곰곰이 생각하니
세상만사가 춘몽 중에
또 다시 꿈 같도다
이 풍진 세상을 만났으니
너의 희망이 무엇이냐
부귀와 영화를 누렸으면
희망이 족할까
담소화락에 엄벙덤벙
주색잡기에 침몰하랴
세상 만사를 잊었으면
희망이 족할까
푸른 하늘 밝은 달 아래
곰곰이 생각하니
또 다시 꿈 같도다
또 다시 꿈 같도다
이 풍진 세상을 만났으니
너의 희망이 무엇이냐
부귀와 영화를 누렸으면
희망이 족할까"
연안부두,338,박강선,"어쩌다 한번 오는 저배는 무슨 사연 싣고오길래
오는 사람 가는 사람 마음마다 설레게 하나
부두에 꿈을 두고 떠나는 배야 갈매기 우는 마음
너는 알겠지 말해다오 말해다오 연안부두 떠나는 배야
바람이 불면 파도가 울고 배떠나면 나도 운단다
안개속에 가물가물 정든 사람 손을 흔드네
저무는 연안부두 외로운 불빛 홀로선 이 마음을 달래주는데
말해다오 말해다오 연안부두 떠나는 배야"
그 강을 건너지마오,288,천가연,"바람도 쉬어넘고 구름도 쉬어넘는
천리라도 따라가고 만리라도 갈까 보다
검은 머리 파뿌리 되는 날까지
지켜준다고
내 손 잡고 눈물로 맺은
언약을 잊지 마시오
강물에 떠내려가는
마지막 꽃잎일세라
이손을 놓지 못하오
님이여 움켜쥐시오
가지 마오 가지를 마오
그 강을 건너지 마오
가려거든 가시려거든
이 언약 가져가시오

강물에 떠내려가는
마지막 꽃잎일세라
이손을 놓지 못하오
님이여 움켜쥐시오
가지 마오 가지를 마오
그 강을 건너지 마오
가려거든 가시려거든
이 언약 가져가시오
가지 마오 가지를 마오
그 강을 건너지 마오
가려거든 가시려거든
이 언약 가져가시오
이 언약 가져가시오"
연리지 (連理枝),"5,436",장민호,"살아도 같이 살아요
죽어도 같이 죽어요
끝내 이렇게 만나게 될 걸
왜 우리 먼 길 돌았나요
엇갈린 슬픈 운명
세찬 비바람 불고
또 불어도
세월에 등 기댄채
정을 나누며
이렇게 한 자리에
서 있던 우리
힘들면 내게 기대요
눈물을 내게 쏟아요
꼭 잡은 두 손은
놓치진 말아요
우리의 사랑 연리지
엇갈린 슬픈 운명
세찬 비바람 불고
또 불어도
세월에 등 기댄채
정을 나누며
이렇게 한 자리에
서 있던 우리
힘들면 내게 기대요
눈물을 내게 쏟아요
꼭 잡은 두 손은
놓치진 말아요
우리의 사랑 연리지
꼭 잡은 두 손은
놓치진 말아요
우리의 사랑 연리지"
제비처럼,"33,919",임영웅,"꽃피는 봄이오면
내 곁으로 온다고 말했지
노래하는 제비처럼
언덕에 올라보면
지저귀는 즐거운 노래 소리
꽃이 피는 봄을 알리네
그러나 당신은 소식이 없고
오늘도 언덕에 혼자 서있네
푸르른 하늘 보면 당신이 생각나서
한 마리 제비처럼 마음만 날아가네
당신은 제비처럼
반짝이는 날개를 가졌나
다시 오지 않는 님이여
따뜻한 봄날
미스터트롯 TOP7과 함께하는
사랑의 콜센타
주저말고 전화주세요
그러나 당신은 소식이 없고
오늘도 언덕에 혼자 서있네
푸르른 하늘 보면 당신이 생각나서
한 마리 제비처럼 마음만 날아가네
당신은 제비처럼
반짝이는 날개를 가졌나
다시 오지 않는 님이여
다시 오지 않는 님이여"
영일만 친구,"32,606",임영웅,"바닷가에서 오두막집을 짓고
사는 어릴 적 내 친구
푸른 파도 마시며
넓은 바다의 아침을 맞는다
누가 뭐래도 나의 친구는
바다가 고향이란다
갈매기 나래 위에
시를 적어 띄우는
젊은 날
뛰는 가슴 안고
수평선까지 달려나가는
돛을 높이 올리자
거친 바다를 달려라
영일만 친구야
갈매기 나래 위에
시를 적어 띄우는
젊은 날
뛰는 가슴 안고
수평선까지 달려나가는
돛을 높이 올리자
거친 바다를 달려라
영일만 친구야
영일만 친구야
영일만 친구야"
애련,"1,714",전유진,"그렇게 슬픈 표정 짓지 말아요.
어차피 우린 이제 남남 인걸요.
눈물이 주루루룩 흘러 내려요.
이제는 나를 잊고 돌아 서봐요.
아~ 아아아아~ 아~ 아아아아~
그렇게 가슴 시러 슬퍼 말아요.
담아둔 추억 마저 멍이 드네요.
서로가 미련 없이 헤어 진다면
이제는 모두 모두 잊고 살래요.
아~이제 다시 우리 사랑 아쉽다 해도
언젠가 다시 올 거야.
하지만 지금은 가슴이 가슴이 아파 오네요.
그렇게 가슴 시려 슬퍼 말아요.
담아둔 추억 마저 멍이 드네요.
서로가 미련 없이 헤어 진다면
이제는 모두 모두 잊고 살래요.
아~ 이제 다시 우리 사랑 아쉽다 해도
언젠가 다시 올 거야.
하지만 지금은 가슴이 가슴이 아파 오네요."
오.내.언.사 (Guitar Ver.),"9,448",이찬원,"복사꽃 피어나는 달콤한 날에
사랑으로 다가온 당신
그댄 나에게 힘이 돼주고
아픔을 다 잊게 해줬죠
사랑을 잊고 살던 메마른 날에
행복으로 다가온 당신
기억할게요 당신의 사랑
가슴 깊이 간직할게요
힘들고 지쳐 쓰러지고 싶을 때
나의 손을 잡아주었고
슬프고 고단함에 맘이 힘들 때
나의 눈물 닦아주었죠
사랑스러워 사랑스러워
나를 보는 당신의 얼굴이
사랑스러워 사랑스러워
오내언사 영원한 내 사람
오늘도 내일도 언제나 사랑합니다"
18세 순이,"1,265",나훈아,"살구꽃이 필때면
돌아온다던
내 사랑 순이는
돌아올줄 모르고
서쪽하늘 문틈새로
스며드는 바람에
떨어진 꽃냄새가
나를 울리네
가야해 가야해
나는 가야해
순이 찾아 가야해
가야해 가야해
나는 가야해
순이 찾아 가야해
누가 이런 사랑을
본적이 있나요
나이는 18세
이름은 순이
가야해 가야해
나는 가야해
순이 찾아 가야해
가야해 가야해
나는 가야해
순이 찾아 가야해
누가 이런 사랑을
본적이 있나요
나이는 18세
이름은 순이
나이는 18세
이름은 순이"
동백 아가씨,"2,512",이미자,"헤일 수 없이 수많은 밤을

내 가슴 도려내는 아픔에 겨워

얼마나 울었던가 동백아가씨

그리움에 지쳐서 울다 지쳐서

꽃잎은 빨갛게 멍이 들었오



동백꽃잎에 새겨진 사연

말못할 그 사연을 가슴에 안고

오늘도 기다리는 동백아가씨

가신님은 그 언제 그 어느날에

외로운 동백꽃 찾아 오려나"
나이야 가라,"1,998",김용임,"나이야 가라 나이야 가라
나이가 대수냐
오늘이 가장 젊은 날
내 과거 묻지를 마세요
알아서 무엇 하나요
지난 일은 지난 밤에 묻어요
살다 보면 다 그렇지
마음엔 나이가 없는 거란 걸
세월도 비켜가는 걸
잊지는 말아요 오늘 이 순간이
내 인생에 가장 젊은 날
나이야 가라 나이야 가라
나이야 가라 나이야 가라
나이가 대수냐
오늘이 가장 젊은 날
인생을 돌아보지 마세요
그렇게 흘려보내요
아쉬워도 시간 속에 묻어요
인생이란 다 그렇지
청춘엔 기준이 없는 거란 걸
지금도 한창때란 걸
잊지는 말아요 오늘 이 순간이
내 인생에 가장 젊은 날
나이야 가라 나이야 가라
나이가 대수냐
오늘이 가장 젊은 날
오늘이 가장 젊은 날"
애가 타,"21,701",임영웅,"이대로 나를 바라봐
눈으로 나를 안아줘
만날 때마다 자꾸만
가슴이 먼저 하는말
사랑에 빠진 건가요
어떻게 하면 좋아요
이제는 아닌 척 해도
아무런 소용이 없어
그냥 바라만 봐도 애가 타
맘이 너무 아파서 애가 타
이러는게 아닌데
흘린 눈물 때문에
사랑하는 마음 들켜버렸어요
가까이 내게 와줘요
뭐라고 말 좀 해봐요
이렇게 애가 타도록 사랑하고 있는데
그냥 바라만 봐도 애가타
맘이 너무 아파서 애가타
이러는게 아닌데
흘린 눈물 때문에
사랑하는 마음 들켜버렸어요
가까이 내게 와줘요
뭐라고 말 좀 해봐요
이렇게 애가 타도록 사랑하고 있는데
사랑하고 있는데"
바다에 누워,144,정슬,"나 하나의 모습으로 태어나
바다에 누워
해 저문 노을을 바라다본다
설익은 햇살에
젖은 파도는
눈물인 듯 씻기워 간다
일만의 눈부심이 가라앉고
밀물의 움직임 속에
뭇 별도 제각기 누워 잠잔다
마음은 물결처럼 흘러만 간다
저 바다에 누워
외로운 물새 될까
물살의 깊은 속을 항구는 알까
저 바다에 누워
외로운 물새 될까
딥띠리 딥띱 띠비디비딥
딥딥딥띠리
딥딥딥띠리
딥딥띠리 딥띱띠비딥
딥딥딥띠리
딥딥딥띠리
딥딥띠리 딥띱띠비딥

일만의 눈부심이 가라앉고
밀물의 움직임 속에
뭇 별도 제각기 누워 잠잔다
마음은 물결처럼 흘러만 간다
저 바다에 누워
외로운 물새 될까
물살의 깊은 속을 항구는 알까
저 바다에 누워
외로운 물새 될까
딥띠리 딥띱 띠비디비딥
딥딥딥띠리
딥딥딥띠리
딥딥띠리 딥띱띠비딥
저 바다에 누워
저 바다에 누워
외로운 물새 될까
물살의 깊은 속을 항구는 알까
저 바다에 누워
외로운 물새 될까
딥띠리 딥띱 띠비디비딥
저 바다에 누워"
남자라는 이유로,"6,734",장민호,"누구나 웃으면서 세상을 살면서도
말 못할 사연 숨기고 살아도
나 역시 그런 저런 슬픔을 간직하고
당신 앞에 멍하니 서있네
언제 한 번 가슴을 열고 소리 내어
소리 내어 울어 볼 날이
남자라는 이유로 묻어두고 지낸
그 세월이 너무 길었어
저마다 처음인 듯 사랑을 하면서도
쓰라린 이별 숨기고 있어도
당신도 그런 저런 과거가 있겠지만
내 앞에선 미소를 짓네
언제 한 번 가슴을 열고 소리 내어
소리 내어 울어 볼 날이
남자라는 이유로 묻어두고 지낸
그 세월이 너무 길었어
언제 한 번 그런 날 올까요
가슴을 열고
소리 내어 울어 울어 볼 날이
남자라는 이유로 묻어두고 지낸
그 세월이 너무 길어요"
꽃바람,472,배아현,"아 바람 불면
꽃바람이 살랑살랑
꿈에서도 그리던
님이 찾아 오려나
두근두근 설레는 가슴
나만을 사랑해 영원히 사랑해
그 한마디 남기고 떠난 사람
버들피리 불던 내 고향
시냇가에 무지개 뜨면
징검다리 건너서
님이 돌아온다고
두근두근 설레는 가슴
아 꽃비 내리면
봄바람이 산들 산들
꿈에서도 그리던
님이 찾아 오려나
두근두근 설레는 가슴
나만을 사랑해 영원히 사랑해
그 한마디 남기고 떠난 사람
하모니카 불던 내 고향
뒷동산에 보름달이 뜨면
산모퉁이 돌아서
님이 돌아온다고
두근두근 설레는 가슴
산모퉁이 돌아서
님이 돌아온다고
두근두근 설레는 가슴"
사모곡,"3,243",양지은,"앞산 노을 질때까지
호미자루 벗을 삼아
화전밭 일구시고 흙에 살던 어머니
땀에 찌든 삼베 적삼
기워 입고 살으시다
소쩍새 울음 따라 하늘 가신 어머님
그 모습 그리워서
이 한밤을 지샙니다
무명 치마 졸라 매고
새벽 이슬 맞으시며
한평생 모진 가난 참아 내신 어머니
자나 깨나 자식 위해
신령님전 빌고 빌며
학처럼 선녀처럼 살다가신 어머님
이제는 눈물 말고
그 무엇을 바치리까
자나 깨나 자식 위해
신령님전 빌고 빌며
학처럼 선녀처럼 살다가신 어머님
이제는 눈물 말고
그 무엇을 바치리까
이제는 눈물 말고
그 무엇을 바치리까
무엇을 바치리까"
사모,"5,639",정다한,"오소서 님이여 님이시여
촉촉히 젖은 입술로
바람에 업히어 구름에 실려
살짝이 오소서
오소서 님이여 님이시여
선바람 모습 그대로
풋서리길 말고 꽃길을 따라
살짝이 오소서
낙숫물에 머리를 감고
달빛에 머리를 빗고
님이 오시는 길목에 서서
사모하는 가슴앓이 아신다면은
오소서 님이여 님이시여
살짝이 오소서
낙숫물에 머리를 감고
달빛에 머리를 빗고
님이 오시는 길목에 서서
사모하는 가슴앓이 아신다면은
오소서 님이여 님이시여
잽싸게 오소서
오소서 님이여 님이시여
잽싸게 오소서"
돌리도,"2,021",서지오,"잘해 잘해 잘해 바라볼때 잘해
너만 바라볼때 잘해 잘해 잘해
있을때 잘해 옆에 있을때
돌리도 돌리도 내사랑 돌리도
첫눈에 뿅갔다고
나없이는 못산다고
죽자살자 매달린
요놈의 사랑아
당신 사랑 깊이를
자로자로 재보니
일미터도 못되더라
잘해 잘해 잘해 바라볼때 잘해
너만 바라볼때 잘해 잘해 잘해
있을때 잘해 옆에 있을때
한번 떠난 사랑은 다시 오지않아
후회할 때는 이미 늦었어
돌리도 돌리도 내사랑 돌리도
돌리도 돌리도 내사랑 돌리도
잘해 잘해 잘해 바라볼때 잘해
너만 바라볼때 잘해 잘해 잘해
있을때 잘해 옆에 있을때
돌리도 돌리도 내사랑 돌리도
첫눈에 뿅갔다고
나없이는 못산다고
죽자살자 매달린
요놈의 사랑아
당신 사랑 깊이를
자로자로 재보니
일미터도 못되더라
잘해 잘해 잘해 바라볼때 잘해
너만 바라볼때 잘해 잘해 잘해
있을때 잘해 옆에 있을때
한번 떠난 사랑은 다시 오지않아
후회할 때는 이미 늦었어
돌리도 돌리도 내사랑 돌리도
돌리도 돌리도 내사랑 돌리도
내사랑 돌리도 돌려줘"
비바 라 비다,"1,961",홍진영,"매일 똑같은 하루하루
의미 없이 또 지나가네요
내일 또 후회하긴 싫어
그래 행복이 별거겠어
야 이 야이야 날 따라와요
야 이 야이야
손끝에 스치는 이 바람
정말 세상을 다 가진 기분
눈부신 태양보다 뜨겁게
그깟 눈물 저 멀리
bye bye bye bye
빛나는 별빛보다 환하게
반짝이는 내 인생 viva la vida
오늘은 이만 좀 쉴게요
그냥 신나게 즐겨볼래요
누가 뭐라 해도 안 들려
그래 행복이 별거겠어
야 이 야이야 날 따라와요
야 이 야이야
코끝에 스치는 이 바람
정말 세상을 다 가진 기분
눈부신 태양보다 뜨겁게
그깟 눈물 저 멀리
bye bye bye bye
빛나는 별빛보다 환하게
반짝이는 내 인생 viva la vida
오늘만 살 것처럼 즐겨봐
괜한 걱정 저 멀리
bye bye bye bye
마지막인 것처럼 사랑해
아름다운 내 인생 viva la vida
눈부신 태양보다
빛나는 별빛보다
아름다운 내 인생"
다시 한번만,"1,002",설운도,"너를 보내고 너를 잊으려
아무리 애를 써 봐도
자꾸만 자꾸만 떠오르는
너와 나의 지난 이야기
나쁜 날보다 좋은 날들이
왜 그리도 많고 많은지
눈물이 난다 눈물이 난다
보고싶어 눈물이 난다
너보다 좋은 사람 만날 수 없어
나 혼자 살지도 몰라
가지 말라고 가지 말라고
매달리고 애원할 것을
그까짓 자존심에 너를 보내고
가슴 치며 후회를 한다
나쁜 날보다 좋은 날들이
왜 그리도 많고 많은지
눈물이 난다 눈물이 난다
보고싶어 눈물이 난다
네가 내게 다시 한번 돌아온다면
너를 위해 죽어도 좋아
나쁜 날보다 좋은 날들이
왜 그리도 많고 많은지
눈물이 난다 눈물이 난다
보고싶어 눈물이 난다
네가 내게 다시 한번 돌아온다면
너를 위해 죽어도 좋아"
사랑에 빠져봅시다,"8,750",송가인,"당신은 어떤 사랑을 원하시나요
소설 속의 주인공 같은
그런 사랑이겠죠
사랑에 눈이 멀면
모든 것이 곱게 보여
호박꽃도 장미처럼 예쁘다나요
이 세상에 못난 꽃
어디 있나요 어디 있나요
이 세상에 모두가
예쁜 꽃이요 장미꽃처럼
아아아 우리 모두
사랑에 취해봅시다
아아아 우리 모두
사랑에 빠져봅시다
당신은 어떤 사랑을 원하시나요
소설 속의 주인공 같은
그런 사랑이겠죠
사랑에 눈이 멀면
모든 것이 곱게 보여
호박꽃도 장미처럼 예쁘다나요
이 세상에 못난 꽃
어디 있나요 어디 있나요
이 세상에 모두가
예쁜 꽃이요 장미꽃처럼
아아아 우리 모두
사랑에 취해봅시다
아아아 우리 모두
사랑에 빠져봅시다
사랑에 빠져봅시다"
내 마음의 사진 (사랑의불시착OST),"4,319",송가인,"너와 마주 앉아 입 맞춰 부르던
노랫소릴 기억합니다
살며시 감은 나의 두 눈 속에
그대 모습 담아봅니다
함께 걸었던 이곳에 홀로이
그대 이름 불러봅니다
시린 겨울도 어두운 밤도
함께 있음에 난 웃었지
그대 내게 준 그 봄에
우리 영원을 기도했죠
두 눈에 담은 작은 사진처럼
그대 여전히 남아있네요
꿈 같은 운명 사라진대도
마음 깊은 곳에 새겨져
이 길에 홀로 남아 있어도
이렇게 그댈 보죠
그대의 얼굴 그대의 숨결
내게 피었던 모든 순간
지울 수 없는 작은 그 사진처럼
영원히 내 맘속에 영원히
알고 있나요 그대 때문에
오늘도 내가 살아가요
외롭지 마요 다시 아프지 마요
이렇게 내 마음에 살아가요
너와 마주 앉아 입 맞춰 부르던
노랫소릴 기억합니다"
훨훨훨,"2,195",김다현,"사랑도 부질없어 미움도 부질없어
청산은 나를 보고 말없이 살라 하네
버려라 훨훨 벗어 버려라 훨훨
사랑도 미움도 버려라 벗어라 훨훨훨
아 아 물같이 바람같이 살라 하네
탐욕도 벗어 놓고 성냄도 벗어 놓고
창공은 나를 보고 티없이 살라 하네
버려라 훨훨 벗어 버려라 훨훨
탐욕도 성냄도 버려라 벗어라 훨훨훨
아 아 물같이 바람같이 살라 하네
물같이 바람같이 살라 하네"
대한가수의 노래,"1,210",남진,"우리는 가수다 국민의 꽃이다
노래를 부르자 희망의 노래를
대,한,민,국, 여러분 모두 모여서
행복한 노래로 사랑의 노래로
우리 모두 함께 불러요
동서남북 어디든지 우리는 찾아간다
사랑찾아 행복을 찾아
우리는 가수다 국민의 꽃이다
우리는 꽃이다 희망의 꽃이다
사랑과 꿈으로 가득찬
우리들은 대한 가수다
우리는 국민의 가수다
대한의 가수다
동서남북 어디든지 우리는 찾아간다
사랑찾아 행복을 찾아
우리는 가수다 국민의 꽃이다
우리는 꽃이다 희망의 꽃이다
사랑과 꿈으로 가득찬
우리들은 대한 가수다
우리는 국민의 가수다
대한의 가수다
가수다"
바람길,881,진욱,"길을 걷는다
끝이 없는 이 길
걷다가 울다가
서러워서 웃는다
스치듯 지나는
바람의 기억보다 더
에일 듯 시리운
텅 빈 내 가슴
울다가 웃다가
꺼내본 사진 속엔
빛 바랜 기억들이
나를 더 아프게 해
길을 걷는다
끝이 없는 이 길
걷다가 울다가
서러워서 웃는다
울다가 웃다가
꺼내본 사진 속엔
빛 바랜 기억들이
나를 더 아프게 해
길을 걷는다
끝이 없는 이 길
걷다가 울다가
서러워서 웃는다"
종로 3가,137,풍금,"종로 3가 익선동 골목 가로등 밑에
내 품에 안겨있던 그대 실루엣
돌아온다던 약속 무정한 맹세였나
쓰디쓴 소주잔에 그리움 담아
꾹 삼킨다

비가 오면 그리워요
그리우면 비가 와요
한시도 뗄 수 없는 지독한 내 사랑아
기다리다 잠들어요 꿈속에서 기다려요
눈시울 반짝이는 깊은 밤
돌아온다 했잖아요
겨울 지나 벚꽃 피는 봄날에
돌아온다 했잖아요
이미 떨어져 버린 그대

비가 오면 그리워요
그리우면 비가 와요
한시도 뗄 수 없는 지독한 내 사랑아
기다리다 잠들어요 꿈속에서 기다려요
눈시울 반짝이는 깊은 밤
돌아온다 했잖아요
겨울 지나 벚꽃 피는 봄날에
돌아온다 했잖아요
이미 떨어져 버린 그대
돌아온다 했잖아요
겨울 지나 벚꽃 피는 봄날에
돌아온다 했잖아요
이미 떨어져 버린
이미 떨어져 버린
이미 떨어져 버린 그대"
립스틱 짙게 바르고,"1,985",임주리,"내일이면 잊으리 꼭 잊으리
립스틱 짙게 바르고
사랑이란 길지가 않더라
영원하지도 않더라
아침에 피웠다가
저녁에 지고 마는
나팔꽃보다 짧은 사랑아
속절없는 사랑아
마지막선물 잊어 주리라
립스틱 짙게 바르고
별이 지고 이밤도 가고나면
내 정녕 당신을 잊어주리라
아침에 피웠다가
저녁에 지고마는
나팔꽃보다 짧은 사랑아
속절없는 사랑아
마지막 선물 잊어주리라
립스틱 짙게 바르고
별이 지고 이밤도 가고나면
내정녕 당신을 잊어주리라
별이 지고 이밤도 가고나면
내 정녕 당신을 잊어 주리라"
못잊어,327,안성훈,"못 잊어 못 잊어
못 잊을 사랑이라면
언제까지 당신 곁에
나를 버리고 살 것을
못 잊어 못 잊어
못 잊을 슬픔이라면
사랑하는 당신 품에
돌아가서 안길 것을
낙엽 진 가을의 눈물
눈에 덮인 긴 겨울밤
못 잊어 못 잊어
당신을 못 잊어

못 잊어 못 잊어
못 잊을 슬픔이라면
사랑하는 당신 품에
돌아가서 안길 것을
낙엽 진 가을의 눈물
눈에 덮인 긴 겨울밤
못 잊어 못 잊어
당신을 못 잊어"
정말 좋았네,"1,954",주현미,"사랑 그사랑이 정말 좋았네
세월 그 세월이 가는줄도 모르고
불타던 두 가슴에 그정을 새기면서
사랑을 주고 사랑을 받고 그밤이 좋았네
사랑 그 사랑이 정말 좋았네

사랑 그 사랑이 정말 좋았네
이별 그 이별이 오는줄도 모르고
푸르던 두 가슴에 참사랑 새기면서
마음을 주고 마음을 받고 그때가 좋았네
사랑 그 사랑이 정말 좋았네
정말 좋았네"
머나먼 고향,107,류원정,"머나먼 남쪽 하늘 아래
그리운 고향
사랑하는 부모 형제
이 몸을 기다려

천 리 타향 낯선 거리
헤매는 발길

한 잔 술에 설움을
타서 마셔도
마음은 고향 하늘을
달려갑니다

천 리 타향 낯선 거리
헤매는 발길

한 잔 술에 설움을
타서 마셔도
마음은 고향 하늘을
달려갑니다

한 잔 술에
한 잔 술에 설움을
타서 마셔도
마음은 고향 하늘을
달려갑니다
달려갑니다"
오라,"4,494",홍지윤,"가라가라가라 휘익 가라
새로운 내 님 찾아서
산을 넘고 바다를 건너
오라 오라 오라 오라 사랑아 오라
돌고 돌아 가는 인생
내 님아 별거 있더냐
사랑이란 거짓말은
오늘 밤도 눈감으면 생각나
오라오라 내게 사랑아 오라
가라가라가라 쌔앵 가라
새로운 인생 찾아서
1막 넘고 2장을 건너
오라 오라 오라 오라 사랑아 오라
나란 여잔 쉬운 여자
절대로 아니랍니다
꽃보라가 펄렁펄렁
오늘 밤도 당신 모습 생각나
오라오라 내게 사랑아 오라
오라오라오라오라 오라
오라오라오라오라 오라
사랑아 오라
오라오라오라오라 오라
오라오라오라오라 오라
사랑아 오라 오라"
오늘같이 좋은 날,"2,809",송가인,"푸른 바다에 배를 띄워라
근심 걱정 다 버리고
이렇게 좋은 날에
이렇게 좋은 날에
우리 모두 뱃놀이 가자
사람이 살면은
몇백 년 산다고
아등바등 욕심을 내나
오늘같이 좋은 날
오늘같이 좋은 날
아니 놀고 무엇하리
어차피 인생이란 한 번뿐인데
웃으면서 살아갑시다
푸른 바다에 노를 저어라
사랑하는 정든 님과
이렇게 좋은 날에
이렇게 좋은 날에
우리 모두 춤을 춰보자
사람이 살면은
몇백 년 산다고
아등바등 욕심을 내나
오늘같이 좋은 날
오늘같이 좋은 날
아니 놀고 무엇하리
어차피 인생이란 한 번뿐인데
사랑하며 살아갑시다
어차피 인생이란 한 번뿐인데
사랑하며 살아갑시다"
아리랑 낭랑,"2,599",송가인,"봄이 오는 아리랑 고개
제비 오는 아리랑 고개
가는 님은 밉상이요
오는 님은 곱상이라네
아리 아리랑 아리랑 고개는
님 오는 고개
넘어 넘어도
우리 님만은 안 넘어요
달이 뜨는 아리랑 고개
꽃도 뜯는 아리랑 고개
우는 님은 건달이요
웃는 님은 도련님이지
아리 아리랑 아리랑 고개는
도련님 고개
울어 울어도
우리 님만은 안 울어요"
나야 나,"2,019",남진,"바람이 분다 길가에 목롯집
그냥 가긴 서운하잖아

바람이 분다 길가에 목롯집
그냥 가긴 서운하잖아
나 한 잔 자네 한 잔 권커니
한 번은 내 세상도 오겠지
아자
내가 뭐 어때서 나 건들지 마
운명아 비켜라
이 몸께서 행차하신다
때로는 깃털처럼 휘날리며
때로는 먼지처럼 밟히며
아자
하루를 살아냈네
나야 나야 나
나야 나야 나
밤늦은 골목길 외쳐보아도
젖은 그림자 바람에 밀리고
거리엔 흔들리는 발자국
어둠은 내리고 바람찬데
아자 괜찮아 나 정도면

나 건들지 마 운명아 비켜라
이 몸께서 행차하신다
때로는 깃털처럼 휘날리며
때로는 먼지처럼 밟히며
아자
하루를 살아냈네
나야 나야 나
나야 나야 나
밤늦은 골목길 외쳐보아도
젖은 그림자 바람에 밀리고
거리엔 흔들리는 발자국
어둠은 내리고 바람찬데
아자 괜찮아 나 정도면
아자 괜찮아 나 정도면"
시간이 머문자리,"2,523",송가인,"세월이 흘러 머리엔 눈이 내려
바람 머문곳 기억
머문곳 가려진 시간
나홀로 머문 시간이 머문자리
할미된소녀 별이된소녀
지켜주지 못했어
추운 겨울날 끌려간 그곳
죽음의 사선
살아도 산게 아냐
언제나 내게 고개숙일까
언제나 내게 손을 내밀까
나홀로 머문 시간이 머문자리
할미된소녀 별이된소녀
지켜주지 못했어
추운 겨울날 끌려간 그곳
죽음의 사선
살아도 산게 아냐
언제나 내게 고개숙일까
언제나 내게 손을 내밀까
지켜줄께요 우리 할머니여
시간이 머문자리 기억해줘"
수은등,"2,725",김연자,"어스름 저녁길에 하나 둘
수은등 꽃이 피며는
그대와 단둘이서 거닐던
이 길을 서성입니다
수은등 은은한 빛 변함 없어도
당신은 변했구려 보이질 않네
아 수은등 불빛아래
이 발길은 떠날 줄 몰라
어두운 밤 거리에 하나 둘
오색불 깜빡거리면
그대의 웃음소리 들려 올듯
내 가슴은 설레이네
바람부는 이 거리는 변함이 없건만
당신은 변했구려 보이질 않네
아 오색불 깜빡이는
이 거리를 잊으셨구려"
처녀뱃사공,"3,960",송가인,"낙동강 강바람이 치마폭을 스치면
군인간 오라버니 소식이 오네
큰애기 사공이면 누가 뭐라나
늙으신 부모님을 내가 모시고
에 헤야 데 헤야 노를 저어라
삿대를 저어라
낙동강 강바람이 치마폭을 스치면
군인간 오라버니 소식이 오네
큰애기 사공이면 누가 뭐라나
늙으신 부모님을 내가 모시고
에 헤야 데 헤야 노를 저어라
삿대를 저어라
낙동강 강바람이 앞가슴을 헤치면
고요한 처녀 가슴 물결이 이네
오라비 제대하면 시집 보내마
어머님 그 말씀에 수줍어 질 때
에 헤야 데 헤야 노를 저어라
삿대를 저어라
이날 여기오신분들 만사가
대길하게 우리 모두 노래나 부릅시다
삿대를 저어라"
비 내리는 금강산(내레이션ver.),"2,549",송가인,"비에 젖은 금강산이 한 맺혀 우는데
흐느껴 외쳐봐도 목놓아 불러봐도
대답이 없네
고향 땅 그려보며 지새운 세월
울다가 지친 날이 그 언제던가
떠나올 때 눈물짓던 어머니 모습
헤매도는 불효자식
불러 나 주오
어머니 살아생전 보고픈 맘에
그 모습이 이제는 점점 흐려져만 갑니다
우리 엄니 보고파 울며 나 홀로 잠든 밤이
몇 날 몇 해 였던가
꿈속에서나 다시 만날 거나
보고픈 우리엄니
고향 땅 그려보며 지새운 세월
울다가 지친 날이 몇 해였던가
이제는 기억 속에 멀어져 가네
저녁달도 홀로 지는 이국 하늘에
헤매도는 불효자식 불러 나 주오"
별빛 같은 나의 사랑아,"2,695",박지현,"당신이 얼마나 내게
소중한 사람인지
세월이 흐르고 보니
이제 알 것 같아요
당신이 얼마나 내게
필요한 사람인지
세월이 지나고 보니
이제 알 것 같아요
밤하늘에 빛나는
별빛 같은 나의 사랑아
당신은 나의 영원한 사랑
사랑해요 사랑해요
날 믿고 따라준 사람
고마워요 행복합니다
왜 이리 눈물이 나요
밤하늘에 빛나는
별빛 같은 나의 사랑아
당신은 나의 영원한 사랑
사랑해요 사랑해요
날 믿고 따라준 사람
고마워요 행복합니다
왜 이리 눈물이 나요
왜 이리 눈물이 나요"
메아리,"1,065",송민준,"꽃피는 계절은 꽃이라 그립소
들꽃꺾어주신 고운 손이
소낙비 내리면 빗소리에 그립소
나를 지켜주신 님
마음 둘곳 없는 날엔
언덕에 올라
보고싶소 보고싶소
님 계신 하늘에 띄우네
보고싶소 보고싶소
돌아오는 소리
님이라면 좋으련만
오 님이라면 기쁘련만
낙엽이 진다오 낙엽이 진다오
푸르던 사랑은 끝이났고
눈꽃에 그려본 하이얀 그얼굴이
창백히 나를 보네
마음 둘곳 없는 날엔
언덕에 올라
보고싶소 보고싶소
님 계신 하늘에 띄우네
보고싶소 보고싶소
돌아오는 소리
아아아 부탁하오
저 생에 아프면 안되오
아아아 불러봐도
돌아오지 않아
님이라면 좋으련만
오 님이라면 기쁘련만
기쁘련만
아아아아"
돌릴 수 없는 세월,898,진욱,"곤히 잠든 그대 모습
지긋이 바라봅니다
함께한 날들 모두가
멈춘 것만 같아요
꽃다운 날 나를 만나
모든걸 맡긴 사람
때론 속고 속는데도
떠나지 않은 사람
왜 이리 작아졌나요
늘 맘조린 탓인가요
왜 이리 가벼운가요
돌릴 수 없는 세월에
눈물이 나요 눈물이 흘러요
철없던 날 나를 만나
속 많이 썩은 사람
그 모두가 날 떠나도
믿어준 단 한사람
왜 이리 작아졌나요
늘 맘조린 탓인가요
왜 이리 가벼운가요
돌릴 수 없는 세월에
눈물이 나요 눈물이 흘러요
당신이 나를 살게한 사람이요"
대박이야!,"6,362",대성,"2009년 복 많이 받으시고
여러분 대박나세요
대박이군 대대대대박이야
세세세세상 사람
모든 이가 대박이야
형님도 대박 언니도 대박
너도 나도 우리 모두 대박이야
세상살이 힘들다해도
애인이 없다 하여도
난 괜찮아 난 괜찮아
속 좁게 그르지 말아
해가 뜨고 달이 뜨고 나도 뜬다
궁지에 몰려도 쥐구멍은 있단다
I say 대 You say 박 대 박 대 박
웃음꽃 활짝 피며
아자아자 화이팅
대박이군 대대대대박이야
세세세세상 사람
모든 이가 대박이야
형님도 대박 언니도 대박
너도 나도 우리 모두 대박이야
수백번 넘어진데도
혼자라 느껴질때도
난 괜찮아 난 괜찮아
속 좁게 그르지 말아
해가 뜨고 달이 뜨고 나도 뜬다
궁지에 몰려도 쥐구멍은 있단다
I say 대 You say 박 대 박 대 박
자신있게 눈 부릅뜨고 I can do it
대박이군 대대대대박이야
세세세세상 사람
모든 이가 대박이야
형님도 대박 언니도 대박
너도 나도 우리 모두 대박이야
오메 사업에 실패했어
사랑에 실패했어
아따 거시기
참말로 답답하구마잉 얼쑤
벌떡 일어나셔 축 쳐진 어깰 털고
I say 대 You say 박 대 박 대 박
해가 뜨고 달이 뜨고 나도 뜬다
인생 역전 한 방이 눈 앞에 있단다
우리네 정겨운 이웃들과 손 꼭 잡고
I say 대 You say 성 대성합시다
대박이군 대대대대박이야
세세세세상 사람
모든 이가 대박이야
형님도 대박 언니도 대박
너도 나도 우리 모두 대박이야
대박이군 대대대대박이야
세세세세상 사람
모든 이가 대박이야
형님도 대박 언니도 대박
너도 나도 우리 모두 대박이야"
빈지게,"1,232",남진,"바람속으로 걸어왔어요 지난날의 나의 청춘아

비틀거리며 걸어왔어요 지난날의 사랑아

돌아보면 흔적도 없는 인생길은 빈술잔

빈지게만 덜렁 매고서 내가 여기 서있네

아~ 나의 청춘아  아~ 나의 사랑아

무슨 미련 남아 있겠니

빈지게를 내려놓고 취하고 싶다 술아 내 맘 알겠지

 

바람속으로 걸어왔어요 지난날의 나의 청춘아

비틀거리며 걸어왔어요 지난날의 사랑아

돌아보면 흔적도 없는 인생길은 빈술잔

빈지게만 덜렁 매고서 내가 여기 서있네

아~ 나의 청춘아  아~ 나의 사랑아

무슨 미련 남아 있겠니

빈지게를 내려놓고 취하고 싶다 술아 내 맘 알겠지



 "
사랑,"3,908",노사연,"사랑

그때는 사랑을 몰랐죠
당신이 힘든 것조차
받으려고만 했었던 날
그런 세월만 갔죠
어두운 밤이 지나가고
새벽이 오는 것처럼
오직 나 위한 그 마음을
이제야 느낄 수 있죠
고마워요 오랜 그 시간
끝없는 당신의 사랑
이제 다시 꿈을 꾸어요
모든 걸 드릴게요
하루 하루 당신 볼 때마다
난 다시 태어나죠
천 번 만 번 하고 싶은 말
듣고 있나요
사랑해요
고마워요
오랜 그 시간
끝없는 당신의 사랑
이제 다시 꿈을 꾸어요
모든 걸 드릴게요
하루 하루 당신 볼 때마다
난 다시 태어나죠
천 번 만 번 하고 싶은 말
듣고 있나요
하루 하루 당신 볼 때마다
난 다시 태어나죠
자꾸자꾸 눈물이 나요
듣고 있나요
사랑해요"
미워요,"2,071",심수봉,"죽도록 사랑하면서 두 번 다시 만나지 못해
보고 싶단 말도 한 마디 전하지 못한 채
세월은 자꾸 변해만 가는데
잊으려고 애를 써도 못잊고
술잔을 붙잡고 사랑의 노래를 붙잡고
남자 남자 남자의 눈물이 미워요

따르고 싶었지만 그럴 수가 없었어요
언젠가는 찾아 주겠지 산 넘고 바다 건너
어젯 밤 꿈에 당신을 보았죠
다시 한 번 뜨겁게 사랑을 해 주던
마지막 그 모습이 오늘 밤 또 나를 울리네
남자 남자 남자의 작별이 미워요

바보 같은 여자랍니다
단 한 번의 추억만을 간직한
그래도 당신만이 당신만이 사랑이예요
남자 남자 남자의 약속이 미워요"
花柳春夢,"7,147",송가인,"꽃다운 이팔 소년 울려도 보았으며
철 없는 첫사랑에 울기도 했더란다
연지와 분을 발라 다듬는 얼굴 위에
청춘이 바스러진 낙화 신세
마음마저 기생이란 이름이 원수다
연지와 분을 발라 다듬는 얼굴 위에
마음마저 기생이란
이름이 원수구나
점잖은 사람한테 귀염도 받았으며
나 젊은 사람한테 사랑도 했더란다
밤 늦은 인력거에 취하는 몸을 실어
손수건 적신 적이 몇 번인고
이름조차 기생이면 마음도 그러냐
빛나는 금강석을 탐내도 보았으며
겁나는 세력 앞에 아양도 부렸단다
호강도 시들하고 사랑도 시들해진
한 떨기 짓밟히운 낙화 신세
마음마저 썩는 것이 기생의 도리냐"
미운 사랑,"6,781",이찬원,"남몰래 기다리다가
가슴만 태우는 사랑
어제는 기다림에
오늘은 외로움
그리움에 적셔진 긴 세월
이렇게 살라고 인연을 맺었나
차라리 저 멀리 둘 걸
미워졌다고 갈 수 있나요
행여나 찾아올까 봐
가슴이 사랑을 잊지 못해
이별로 끝난다 해도
그 끈을 놓을 순 없어
너와 난 운명인 거야
이렇게 살라고 인연을 맺었나
차라리 저 멀리 둘 걸
미워졌다고 갈 수 있나요
행여나 찾아 올까봐
가슴이 사랑을 잊지 못해
이별로 끝난다해도
그 끈을 놓을 순 없어
너와 난 운명인 거야
그 끈을 놓을 순 없어
너와 난 운명인 거야"
정말 좋았네,77,염유리,"사랑 그 사랑이
정말 좋았네
세월 그 세월이
가는 줄도 모르고
불타던 두 가슴에
그 정을 새기면서
사랑을 주고 사랑을 받고
그 밤이 좋았네
사랑 그 사랑이
정말 좋았네

사랑 그 사랑이
정말 좋았네
이별 그 이별이
오는 줄도 모르고
푸르던 두 가슴에
참사랑 새기면서
마음을 주고 마음을 받고
그때가 좋았네
사랑 그 사랑이
정말 좋았네
사랑 사랑 사랑
정말 좋았네
정말 좋았네"
한 많은 대동강,"2,733",송가인,"한 많은 대동강아
변함없이 잘 있느냐
모란봉아 을밀대야
네 모양이 그립구나
철조망이 가로막혀
다시 만날 그때까지
아아아 소식을 물어 본다
한 많은 대동강아
대동강 부벽루야
뱃노래가 그립구나
귀에 익은 수심가를
다시 한 번 불러본다
편지 한 장 전할 길이
이다지도 없을 쏘냐
아아아
썼다가 찢어버린
한 많은 대동강아
한 많은 대동강아"
무명배우,"2,694",송가인,"사랑을 하죠 Melo 영화
뜨겁던 그 장면처럼
인생의 마지막 컷이라도
나는 좋아요
사랑을 했죠 대본도 없이
울던 무명배우처럼
당신을 원망 안 해요
사랑은 영화니까
사랑이 사랑을 사랑하면
저 별처럼 빛날까요
아름다웠던 추억
기억 모두 다 영원히
한 방울 또 한 방울
눈물이 흘러내리죠
나 슬퍼서 아냐
행복해서 울죠
안아줘요 나를
날 많이 사랑하나요
당신의 품 안에선
나는 주연배우
안아 줘요 나를
날 많이 사랑하나요
당신의 품 안에선 나는 주연배우
당신의 품 안에선 나는 주연배우"
겨울장미,476,이은하,"철이 없어 그땐 몰랐어요
그 눈길이 무얼 말하는지
바람 불면 그대 잊지 못해
조용히 창문을 열면서 나는 생각해요
겨울에 피는 흰장미야
아직도 나를 기다리나
감춰진 마음 보고싶어
햇살을 향해 피었는가
사랑의 말 내게 들려줘요
그리움이 나를 반기도록
바람 불면 그대 잊지 못해
조용히 창문을 열면서 그대 기다려요

겨울에 피는 흰장미야
아직도 나를 기다리나
감춰진 마음 보고싶어
햇살을 향해 피었는가
사랑의 말 내게 들려줘요
그리움이 나를 반기도록
바람 불면 그대 잊지 못해
조용히 창문을 열면서 그대 기다려요"
어머님 사랑합니다,"2,866",송가인,"꽃다운 열아홉에
연지 찍고 시집와서
손발이 터지도록
고생하신 어머님
백날을 하루같이
자식 걱정에 보낸 한평생
주름진 그 모습이 안타까워요
너무나 안타까워요
어머님 사랑합니다
이 자식 키우시며
가슴엔 멍이 들어
고왔던 그 얼굴이
주름지셨네
이제는 무거운 짐 내려놓고서
편히 쉬세요
언제나 그 정성에 목이 멥니다
너무나 고맙습니다
어머님 사랑합니다
어머님 사랑합니다"
고맙고 미안한 내사람,"5,027",장민호,"고맙고 미안한 내 사람
고맙고 미안한 내 사람
긴 세월 불안한 내 곁에서
나를 믿어준
그댈 위해 나는 노래 부르리
사랑한다는 그 말 미안하다는 그 말
따뜻한 한마디 못해준 못난 사람
약속할게요 그대 내 남은 모든 시간
그댈 위해 모두 쓰겠소
고맙고 미안한 내 사람
고맙고 미안한 내 사람
고운 그대 두 눈가에
항상 눈물만 남겨준
이런 나를 용서할 수 있나요
사랑한다는 그 말 미안하다는 그 말
따뜻한 한마디 못해준 못난 사람
약속할게요 그대 내 남은 모든 시간
그댈 위해 모두 쓰겠소
살다가 너무 힘이 들 때면
내 어깨에 기대 편히 쉬기를
행복하기를 그대 울지 말기를 이제
그댄 누구보다 행복해야 될 사람
내가 그대를 만나 사랑한 모든 날들
기적 같은 행운이었소
고맙고 미안한 내 사람"
아버지의 강,85,김소연,"아 저녁 바람에 억새 울고
강기슭에 물새 울면
어디선가 들려오는
아버지의 옛 노래
고기를 잡아 날 키우시고
옛 노래 불러 날 재우시던
아 아 아버지
불러봐도 대답 없이
흐르는 저 강은
아버지의 강이여

고기를 잡아 날 키우시고
옛 노래 불러 날 재우시던
아 아 아버지
불러봐도 대답 없이
흐르는 저 강은
아버지의 강이여
아버지의 강이여"
님이여,"1,002",정의송,"님이여 님이시어
기어이 가시나요
뒷산에 접동새가
여태도록 우는데
가시면 떠나시면
어쩌라 어쩌라고
아니되오 못 가오
나를 두고 못 가오
이 사랑 다 주기 전에
살아가는 오늘 또 내일이
님의 향기 뿐인데
님이여 님이시어
차라리 죽으려오
님이 없는 세상은
온통 암흑천지요
내 사모하는 님이여
아 내 님이여
가시면 떠나시면
어쩌라 어쩌라고
아니되오 못 가오
나를 두고 못 가오
그 사랑 다 받기 전에
가슴 가슴 마디 뼈마디 마다
님의 손길 뿐인데
님이여 님이시어
차라리 죽으려오
님이 없는 세상에
살아 무엇하리오
내 사모하는 님이여
아 내 님이여
아 내 님이여"
갈색추억,"2,074",한혜진,"희미한 갈색 등불 아래
싸늘히 식어가는 커피잔
사람들은 모두가 떠나고
나만 홀로 남은찻집
아무런 약속도 없는데
그 사람 올리도 없는데
나도 몰래 또 다시 찾아온
지난날 추억속의 찻집
우리는 나란히 커피를 마시며
뜨거운 가슴 나누었는데
음악에 취해서
사랑에 취해서
끝없이 행복했는데
어느날 갑자기
그대는 떠나고
갈색등불 빛만 남아
외로운 찻잔에
싸늘한 찻잔에
희미한 갈색 추억

우리는 나란히 커피를 마시며
뜨거운 가슴 나누었는데
음악에 취해서
사랑에 취해서
끝없이 행복했는데
어느날 갑자기
그대는 떠나고
갈색등불 빛만 남아
외로운 찻잔에
싸늘한 찻잔에
희미한 갈색추억
어느날 갑자기
그대는 떠나고
갈색등불 빛만 남아
외로운 찻잔에
싸늘한 찻잔에
희미한 갈색 추억"
영동 블루스,"7,443",송가인,"헤어지기 싫어서 애태우던 그 날 밤
피 눈물에 얼룩진 그대의 모습
어차피 떠나야 할 인연이기에
미련 없이 보냈건만 잊지 못할 그 추억
그날 밤 터미날엔 비가 내렸지
아아 영동 아아 영동 영동 부르스
그대와 만나던 곳 서초동 주점에는
들창문을 때리는 밤 비 소리뿐
되돌아올 수 없는 그대이지만
술잔을 마주 잡고 행복만을 빌었소
그 누가 불러주나 추억의 노래
아아 영동 아아 영동 영동 부르스
아아 영동 아아 영동 영동 부르스"
처녀뱃사공,"3,583",송가인,"낙동강 강바람이 치마폭을 스치면
군인간 오라버니 소식이 오네
큰애기 사공이면 누가 뭐라나
늙으신 부모님을 내가 모시고
에 헤야 데 헤야 노를 저어라
삿대를 저어라
낙동강 강바람이 치마폭을 스치면
군인간 오라버니 소식이 오네
큰애기 사공이면 누가 뭐라나
늙으신 부모님을 내가 모시고
에 헤야 데 헤야 노를 저어라
삿대를 저어라
낙동강 강바람이 앞가슴을 헤치면
고요한 처녀 가슴 물결이 이네
오라비 제대하면 시집 보내마
어머님 그 말씀에 수줍어 질 때
에 헤야 데 헤야 노를 저어라
삿대를 저어라
이날 여기오신분들 만사가 대길하게
우리 모두 노래나 부릅시다
삿대를 저어라"
마지막의 사랑,227,설운도,1. 이제야 만났습니다 나만을 사랑 해줄 사람-그사람을-그사람을 이제야 만났습니다 기다림도 끝났습니다 고통의 그세월도 오직 나만을 사랑 해줄 그사람 때문입니다 한번 더 나를 위해서 살아보지 못한 그 세월 당신과 함께 있으니 얼마나 행복한지 몰-라 당신과 마지막으로 나만의 사람이 되어 두번 다시는 사랑 때문에 울지 않게 해주세요 2. 이제야 만났습니다 나만을 사랑 해줄 사람-그사람을-그사람을 이제야 만났습니다 기다림도 끝났습니다 고통의 그 세월도 오직 나만을 사랑 해줄 그 사람 때문입니다 한번 더 나를 위해서 살아 보지 못한 그 세월 당신과 함께 있으니 얼마나 행복한지 몰-라 당신과 마지막으로 나만의 사람이 되어 두번 다시는 사랑 때문에 울지 않게 해주세요 두번 다시는 사랑 때문에 울지 않게 해주세요
용두산 엘레지,"7,454",송가인,"용두산아 용두산아
너만은 변치 말자
한발 올려 맹세하고
두발 딛어 언약하던
한 계단 두 계단
일백구십 사계단에
사랑 심어 다져놓은
그 사람은 어디 가고
나만 혼자 쓸쓸히도
그 시절 못 잊어
아 못 잊어 운다
둘이서 거닐던
일백구십 사계단에
즐거웠던 그 시절은
그 어디로 가버렸나
잘 있거라 나는 간다
꽃피던 용두산아
아 용두산 엘레지"
멋진인생,"19,612",임영웅,"아리 아리 아리 동동
쓰리 쓰리 쓰리 동동
잘났다고 못났다고 누가 말했나
서로 믿고 사랑하면
그것이 멋진인생
많고 많은 사람 중에
우리 만남은
하늘에서 맺어주신 천생연분일세
아리랑 쓰리랑 아라리가 났구나
아리 아리 아리 동동
쓰리 쓰리 쓰리 동동
아름다운 이 세상에
한 번 왔다 가는 인생
멋지게 살아보세
아리 아리 아리 동동
쓰리 쓰리 쓰리 동동
아리랑 쓰리랑 아라리가 났구나
아리 아리 아리 동동
쓰리 쓰리 쓰리 동동
아름다운 이 세상에
한 번 왔다 가는 인생
멋지게 살아보세
멋지게 살아보세
멋 진 인 생"
비에 젖은 터미널,100,마리아,"밤비가 하염없이 내리는
비에 젖은 터미널
인적도 끊어지고
밤바람도 차가운데

기다리는 그 사람은 오지를 않고
어이해서 내 마음을 울려주는가

당신은 무정한 사람
내 마음을 울리는 사람

가로등 비에 젖어 애절히
흐느끼는 터미널
초라한 내 모습이
너무나도 가엾구나

어젯밤도 오늘 밤도 기다렸건만
어이해서 내 마음을 몰라주는가

당신은 무정한 사람
내 마음을 울리는 사람"
세월아 멈춰라,632,마이진,"살다보니 어느 샌가 황혼 이더라
정도 주고 마음도 주며 살아온 그 세월
꽃잎도 피고 지거늘
우리 인생 돌아 보니 별거 없더라
아 사랑아 지난날들이 그리워
다시 한번 되돌아 가고 싶어라
우리 추억 희미해져도
세월아 멈춰라 내 사랑이여
내 모든걸 다 바치리라
시간아 멈춰라 내 님이시여
영원한 사랑 약속 하리라
눈떠보니 어느 샌가 황혼 이더라
정도 주고 마음도 주며 살아온 그 세월
꽃잎도 피고 지거늘
우리 인생 돌아 보니 별거 없더라
아 사랑아 지난날들이 그리워
다시 한번 되돌아 가고 싶어라
우리 기억 지워진대도
세월아 멈춰라 내 사랑이여
내 모든걸 다 바치리라
시간아 멈춰라 내 님이시여
영원한 사랑 약속 하리라
영원한 사랑 약속 하리라"
머나먼 고향,"1,578",나훈아,"머나먼 남쪽 하늘 아래 그리운 고향
사랑하는 부모형제 이 몸을 기다려
천리타향 낯선거리 헤매는 발길
한잔 술에 설움을 타서 마셔도
마음은 고향 하늘을 달려 갑니다

천리타향 낯선거리 헤매는 발길
한잔 술에 설움을 타서 마셔도
마음은 고향 하늘을 달려 갑니다"
만개 (Prod. 신지후),"36,300",김호중,"나는 혼자서 피울 수 없어
발이 묶여진 채로
기약도 없는 하늘을 보며
매일 하루를 살아가
언젠가 피어나기 위해
좀 더 비쳐줘 더 내려줘
하루 빨리 나는 사랑받고 싶다
피어나면 금방 시들고
못난 모습인 채로
다시 죽어간다해도
난 후회가 없으리오
만개하라 흩날려라 흩어져라
나는 오늘도 피울 수 없는
나를 끌어안고서
차가웠었던 어둠 끝에서
너의 온기를 찾아가
언젠가 피어나기 위해
좀 더 비쳐줘 더 내려줘
하루 빨리 나는 사랑받고 싶다
피어나면 금방 시들고
못난 모습인 채로
다시 죽어간다해도
난 후회가 없으리오
시들어 가는 그 날 원망하지 않을 테니
날 피워도 돼 사랑해줘
하루 빨리 나는 사랑받고 싶다
너를 만나 내가 물들고
화려하게 핀 채로
멀리 날아간다 해도
난 후회가 없으리오
만개하라 흩날려라 흩어져가는구나"
짠짠짠,"4,134",김희재,"만만한 게 하나 없어
비틀거리는 쓰디쓴 인생아
사랑에 속고
실패에 울고
가엽기 짝이 없구나
떠난 기차에 손 흔들어도
되돌릴 수 없는 것을
한잔 술에 비워버리자
속은 쓰리겠지만
진하게 한잔 받으시오
아픈 기억일랑 잊고
돌리고 돌리고 짠
돌리고 돌리고 짠
오늘은 비워버리자
진하게 한잔 받으시오
슬픈 사연일랑 묻고
돌리고 돌리고 짠
돌리고 돌리고 짠
사는 게 그런 거지 짠짠짠
사나이로 태어나서
이름 석 자는 남기고 가야지
어깨를 펴고
독하게 맞서
인생은 파도라더라
지나간 세월을 불러봐도
돌아오지 않는 것을
잊자 잊자 털어버리자
속은 쓰리겠지만
진하게 한잔 받으시오
아픈 기억일랑 잊고
돌리고 돌리고 짠
돌리고 돌리고 짠
오늘은 비워버리자
진하게 한잔 받으시오
슬픈 사연일랑 묻고
돌리고 돌리고 짠
돌리고 돌리고 짠
사는 게 그런 거지 짠짠짠
사는 게 야속해도
외롭고 힘들어도
세상살이 사연 없는
사람이 어딨겠어 가즈아
진하게 한잔 받으시오
아픈 기억일랑 잊고
돌리고 돌리고 짠
돌리고 돌리고 짠
오늘은 비워버리자
진하게 한잔 받으시오
슬픈 사연일랑 묻고
돌리고 돌리고 짠
돌리고 돌리고 짠
사는 게 그런 거지 짠짠짠
사는 게 그런 거지 짠짠짠"
걷고 싶다,"35,451",임영웅,"이런 날이 있지
물 흐르듯 살다가
행복이 살에 닿은 듯이
선명한 밤
내 곁에 있구나
네가 나의 빛이구나
멀리도 와주었다 나의 사랑아
고단한 나의 걸음이
언제나 돌아오던
고요함으로 사랑한다
말해주던 오 나의 사람아
난 널 안고 울었지만
넌 나를 품은 채로 웃었네
오늘 같은 밤엔
전부 놓고 모두 내려놓고서
너와 걷고 싶다
너와 걷고 싶어
소리 내 부르는 봄이 되는
네 이름을 크게 부르며
보드라운 니 손을 품에 넣고서
불안한 나의 마음을
언제나 쉬게 했던
모든 것이 다 괜찮을 거야
말해주던 오 나의 사람아
난 널 안고 울었지만
넌 나를 품은 채로 웃었네
오늘 같은 밤엔
전부 놓고 모두 내려놓고서
너와 걷고 싶다 너와 걷고 싶어
소리 내 부르는 봄이 되는
네 이름을 크게 부르며
보드라운 니 손을 품에 넣고서
난 널 안고 울었지만
넌 나를 품은 채로 웃었네
오늘 같은 밤엔
전부 놓고 모두 내려놓고서
너와 걷고 싶다 너와 걷고 싶어
소리 내 부르는 봄이 되는
네 이름을 크게 부르며
보드라운 니 손을 품에 넣고서"
벤치,"3,996",송가인,"내 무릎에 털썩 앉아봐
언제나 너의 벤치로 살 거야
아무 때라도 허전하면
내 가슴에다 기대봐
가다가 길 가다가 피곤해지면
내게 와 너만이 나의 주인이잖아
너만 쉬어 가도록
너 올 때까지 기다릴게
비를 맞고 와도 돼
술 취해서 와도 돼
나는야 너의 벤치야
내 무릎에 털썩 앉아봐
언제나 너의 벤치로 살 거야
아무 때라도 허전하면
내 가슴에다 기대봐
가다가 길 가다가 피곤해지면
내게 와 너만이 나의 주인이잖아
너만 쉬어 가도록
너 올 때까지 기다릴게
아침 일찍 와도 돼
저녁 늦게 와도 돼
나는야 너의 벤치야
비를 맞고 와도 돼
술 취해서 와도 돼
나는야 너의 벤치야"
벤치,"2,876",송가인,"내 무릎에 털썩 앉아봐
언제나 너의 벤치로 살 거야
아무 때라도 허전하면
내 가슴에다 기대봐
가다가 길 가다가
피곤해지면 내게 와
너만이 나의 주인이잖아
너만 쉬어 가도록
너 올 때까지 기다릴게
비를 맞고 와도 돼
술 취해서 와도 돼
나는야 너의 벤치야
내 무릎에 털썩 앉아봐
언제나 너의 벤치로 살 거야
아무 때라도 허전하면
내 가슴에다 기대봐
가다가 길 가다가
피곤해지면 내게 와
너만이 나의 주인이잖아
너만이 쉬어 가도록
너 올 때까지 기다릴게
아침 일찍 와도 돼
저녁 늦게 와도 돼
나는야 너의 벤치야
비를 맞고 와도 돼
술 취해서 와도 돼
나는야 너의 벤치야"
동행,"1,737",최성수,"아직도 내겐 슬픔이
우두커니 남아 있어요
그날을 생각하자니
어느새 흐려진 안개
빈 밤을 오가는 마음
어디로 가야만 하나
어둠에 갈 곳 모르고
외로워 헤매는 미로
누가 나와 같이 함께
울어줄 사람있나요
누가 나와 같이 함께
따뜻한 동행이 될까
사랑하고 싶어요
빈 가슴 채울 때까지
사랑하고 싶어요
사랑있는 날까지

누가 나와 같이 함께
울어줄 사람있나요
누가 나와 같이 함께
따뜻한 동행이 될까
사랑하고 싶어요
빈 가슴 채울 때까지
사랑하고 싶어요
사랑있는 날까지"
확 감아버려,"5,700",송가인,"바람결에 실려온 걸까
은은하던 그대의 향기
커피처럼 새까만 머릿결마저
내 맘을 흔들었어
이게 바로 운명인 걸까
머리부터 오 발끝까지
무엇 하나 절대로 빠지지 않아
완벽한 내 남자
아아 그 향길 잊을 수 없어
참으려 해도 참지 못해
널 그냥 내 남자로
확 감아 버려
확 감아 버려
감아 감아 감아 감아
확 감아 버려
이게 바로 운명인 걸까
머리부터 오 발끝까지
무엇 하나 절대로 빠지지 않아
완벽한 내 남자
아아 그 향길 잊을 수 없어
참으려 해도 참지 못해
널 그냥 내 남자로
확 감아 버려
확 감아 버려
감아 감아 감아 감아
확 감아 버려
당신은 나만의 V 당신은 럭키세븐
이대로 내 곁에서 영원히 머물러줘
찰나의 순간조차 놓치고 싶지 않아
그대 숨결 하나까지 느낄 수 있도록
확 감아 버려
확 감아 버려
감아 감아 감아 감아
확 감아 버려
감아 감아 감아 감아
확 감아 버려"
영암아리랑+강원도아리랑,"3,856",송가인,"달이 뜬다 달이 뜬다
영암 고을에 둥근 달이 뜬다
달이 뜬다 달이 뜬다
둥근 둥근 달이 뜬다
월출산 천왕봉에 보름달이 뜬다
아리랑 동동 쓰리랑 동동
에헤야 데헤야 어사와 데야
달 보는 아리랑 님 보는 아리랑
풍년이 온다 풍년이 온다
지화자자 좋구나
서호강 몽햇들에 풍년이 온다
아리랑 동동 쓰리랑 동동
에헤야 데헤야 어사와 데야
달 보는 아리랑 님 보는 아리랑
흥타령 부네 흥타령 부네
목화짐 지고 흥겹게 부네
용칠 도령 목화 짐은
장가 밑천이라네
아리랑 동동 쓰리랑 동동
에헤야 데헤야 어사와 데야
달 보는 아리랑 님 보는 아리랑
아리아리 쓰리쓰리 아라리요
아리아리 고개로 넘어간다
아주까리 정자는 구경자리
살구나무 정자로만 만나보세
아리아리 쓰리쓰리 아라리요
아리아리 고개로 넘어간다
아리아리 고개로 넘어간다"
용두산 엘레지,"2,714",송가인,"용두산아 용두산아
너만은 변치 말자
한 발 올려 맹세하고
두 발 디뎌 언약하던
한 계단 두 계단
일백구십사 계단에
사랑 심어 다져놓은
그 사람은 어디 가고
나만 홀로 쓸쓸히도
그 시절 못 잊어
아 못 잊어 운다
용두산아 용두산아
그리운 용두산아
세월 따라 변하는 게
사람들의 마음이냐
둘이서 거닐던
일백구십사 계단에
즐거웠던 그 시절은
그 어디로 가버렸나
잘 있거라 나는 간다
꽃피던 용두산아
아 용두산 엘레지"
언제 벌써,371,윤정아,"내 나이 황혼이 오면
다 끝난 줄 알았는데
인생의 참맛을 다 보고 살아 온
지금 내 나이가 제일 좋더라
살기 바빠 가는 세월
모르고 살아 왔는데
내 나이 언제 벌써 여기까지 왔는지
언제 벌써 여기까지 왔는지
내 나이 황혼이 오면
다 끝난 줄 알았는데
인생의 참맛을 다 보고 살아 온
지금 내 나이가 제일 좋더라
가는 세월 막을 수 없고
지는 해 잡을 수 없어
내 나이 언제 벌써 여기까지 왔는지
언제 벌써 여기까지 왔는지
살기 바빠 가는 세월
모르고 살아왔는데
내 나이 언제 벌써 여기까지 왔는지
언제 벌써 여기까지 왔는지
언제 벌써 여기까지 왔는지"
운명 같은 여인,"19,165",임영웅,"갈색머리가 너무나 잘 어울리는
그런 여인을 만난건 행운이였어
밤 늦은카페 달콤한 음악속에서
사랑을 나눠 마셨다
하늘이 허락한 우리의 사랑이라면
질투따윈 나는 두렵지않아
때로는 서로의 양보가 필요한 후에
사랑의 그때 완성되니까
먼훗날 돌아보며 우리들의
선택을 후회 할수는없어
사랑하고 미워하며 깊어가는
그 정에 인생을 건다
누굴만나 사랑해도 지금처럼
행복할까 운명같은 여인
사랑을 그대 가슴에
갈색 립스틱 촉촉히 젖은 입술로
웃는모습이 너무나 아름다웠어
밤깊은 거리 희미한 불빛속에서
사랑을 태워 마셨다
하늘이 허락한 우리의 사랑이라면
질투따윈 나는 두렵지않아
때로는 서로의 양보가 필요한 후에
사랑은 그때 완성되니까
먼훗날 돌아보며 우리들의
선택을 후회할수는 없어
사랑하고 미워하며 깊어가는
그 정에 인생을 건다
누굴만나 사랑해도 지금처럼
행복할까 운명같은 여인
사랑을 그대 가슴에"
트로트가 나는 좋아요 (Disco Ver.),"4,620",송가인,"쿵짝 쿵짝 리듬에 맞춰
야야 야야 노래를 해요
춤추는 세상 신나는 세상
마음껏 즐겨 보아요
삑삑 삑삑 꾀꼬리 되어
야야 야야 따라해 봐요
즐거운 세상 행복한 세상
십년은 젊어 진대요
모이자 트로트 전국팔도 모두 모이자
부르자 트로트 남녀노소 모두 부르자
즐기자 트로트 안방1열 국민 트로트
모이자 부르자 트로트가 나는 좋아요
뽕짝 뽕짝 리듬에 맞춰
룰루 랄라 노래를 해요
당신이 좋아 기분이 좋아
인생은 정말 즐거워
삑삑 삑삑 꾀꼬리 되어
룰루 랄라 따라해 봐요
즐거운 세상 행복한 세상
십년은 젊어 진대요
모이자 트로트 전국팔도 모두 모이자
부르자 트로트 남녀노소 모두 부르자
즐기자 트로트 안방1열 국민 트로트
모이자 부르자 트로트가 나는 좋아요
근심걱정 하지마요 콧노래를 불러요
노래하고 춤을춰요 브라보 화이팅
세상이 아름다워요
모이자 트로트 전국팔도 모두 모이자
부르자 트로트 남녀노소 모두 부르자
즐기자 트로트 안방1열
국민 트로트 모이자 부르자
트로트가 나는 좋아요
트로트가 나는 좋아요
노래하며 춤을 춥시다"
사랑의 아픔 딛고,"23,085",임영웅,"어느 날 갑자기 운명처럼 만난 그대
사랑의 아픔을 딛고 다시 일어나
나를 바라보아요 나를 바라보아요
당신의 힘이 되어 줄게요
나를 바라보아요 나를 바라보아요
사랑의 버팀목 되어 줄게요
그러니 다시 한번 나를 보아요
당신 곁에 내가 있어요
그러니 다시 한번 나를 보아요
사랑의 아픔 딛고
어느 날 갑자기 운명처럼 만난 그대
사랑의 아픔을 딛고 다시 일어나
나를 바라보아요 나를 바라보아요
당신의 힘이 되어 줄게요
나를 바라보아요 나를 바라보아요
사랑의 버팀목 되어 줄게요
그러니 다시 한번 나를 보아요
당신 곁에 내가 있어요
그러니 다시 한번 나를 보아요
사랑의 아픔 딛고
사랑의 아픔 딛고"
부산 갈매기,318,최수호,"지금은 그 어디서
내 생각 잊었는가
꽃처럼 어여쁜 그 이름도
고왔던 순이 순이야
파도치는 부둣가에
지나간 일들이 가슴에 남았는데
부산 갈매기 부산 갈매기
너는 정녕 나를 잊었나

지금은 그 어디서
내 모습 잊었는가
꽃처럼 어여쁜 그 이름도
고왔던 순이 순이야
그리움이 물결치면
오늘도 못 잊어 내 이름 부르는데
부산 갈매기 부산 갈매기
너는 벌써 나를 잊었나
부산 갈매기 부산 갈매기
너는 벌써 나를 잊었나"
사랑의 밧줄,"7,157",송가인,"밧줄로 꽁꽁 밧줄로 꽁꽁
단단히 묶어라
내 사랑이 떠날 수 없게
사랑의 밧줄로 꽁꽁 묶어라
내 사랑이 떠날 수 없게
당신 없는 세상은 단 하루도
나 혼자서 살 수가 없네
바보같이 떠난다니
바보같이 떠난다니
나는 나는 어떡하라고
밧줄로 꽁꽁 밧줄로 꽁꽁
단단히 묶어라
내 사랑이 떠날 수 없게
밧줄로 꽁꽁 밧줄로 꽁꽁
단단히 묶어라
내 사랑이 떠날 수 없게
사랑의 밧줄로 꽁꽁 묶어라
그 사랑이 떠날 수 없게
당신 없는 세상은
나 혼자서
아무것도 할 수가 없네
나를 두고 떠난다니
나를 두고 떠난다니
정말 정말 믿을 수 없어
밧줄로 꽁꽁 밧줄로 꽁꽁
단단히 묶어라
그 사람이 떠날 수 없게
밧줄로 꽁꽁 밧줄로 꽁꽁
단단히 묶어라
내 사랑이 떠날 수 없게"
엄마아리랑 (Ballad Ver.),"8,041",송가인,"엄마아리랑 아리랑
아리아리랑 아라리요
아들딸아 잘되거라
밤낮으로 기도한다
엄마 아리랑
사랑하는 내 아가야
보고 싶다 우리 아가
천년만년 지지 않는 꽃이 피는구나
아 리 랑 아 리 랑
사랑 음 사랑 음 엄마 아리랑
엄마아리랑 아리랑
아리아리랑 아라리요
우리 엄마 무병장수
정성으로 기원하오
엄마 아리랑
사랑하는 내 어머니
보고싶소 울 어머니
서산마루 해가 지고 달이 뜨는구나
아 리 랑 아 리 랑
사랑 음 사랑 음 엄마아리랑
아리아리랑 아라리요
쓰리쓰리랑 아라리요
우리 엄마 사랑은 아리랑
엄마 엄마
우리 어머니
아리랑"
사는 맛 (Prod. 조영수),"6,558",양지은,"에헤라 에헤라 사는 맛 좋구나
참 많이 힘든가요
괜히 눈물도 나시나요
시계추 같은 하루
무슨 낙에 사시나요
오 힘겨운 고생 끝에
웃을 날 온다는데
오 다 잘 될 거야
살아내느라 애쓴 그대
살아가다 보면 또 지나가고 지나면
이것도 추억인데
에헤라 에헤라 사는 맛 좋구나
그래 사는 거야
천금을 준다 해도
살 수 없는 게 지금이야
행복이 거저 오나
아픈 날도 있어야지
오 세월에 늙어지면 추억에 산다는데
오 내 생애 봄날
그때가 바로 오늘이야
살아가다 보면 또 지나가고 지나면
이것도 추억인데
에헤라 에헤라 사는 맛 좋구나
그래 사는 거야
라라라라 라 라라라라
사는 게 그런 거죠
그대 걱정 마요 견디다 보면
내일은 좋은 날 올 테니까
찬 겨울 지나면 꽃 피는 봄이 오고
웃을 날 올 거야
에헤라 에헤라 사는 맛 좋구나
다시 사는 거야"
상사화,"6,468",홍자,"사랑이 왜 이리 고된가요
이게 맞는가요 나만 이런가요
고운 얼굴 한 번 못 보고서
이리 보낼 수 없는데
사랑이 왜 이리 아픈가요
이게 맞는가요 나만 이런가요
하얀 손 한 번을 못 잡고서
이리 보낼 순 없는데
다시 돌아올 수 없는 그 험한
길 위에 어찌하다 오르셨소
내가 가야만 했었던 그 험한
길 위에 그대가 왜 오르셨소
기다리던 봄이 오고 있는데
이리 나를 떠나오
긴긴 겨울이 모두 지났는데
왜 나를 떠나가오"
성주풀이,"3,778",송가인,"에라만수 에라 대신이야
대활연으로 설설이 나리소서
에라만수 에라 대신이야
성주야 성주로구나
성주 근본이 어디메뇨
경상도 안동땅에
제비원에 솔씨받어
봄동산에 던졌더니마는
그 솔이 점점 자라나서
황장목이 되었구나
돌이 기둥이 되었네
낙락장송이 쩍 벌어졌구나
대활연으로 설설이 나리소서
왕왕헌 왕왕헌 북소리는
태평연월을 자랑허고
둘이 부는 피리소리
쌍봉황이 춤을 추고
소상반죽 젓대소리
어깨춤이 절로 나누나
에라만수 에라 대신이야
대활연으로 설설이 나리소서"
인생,291,강혜연,"운명이 나를 안고 살았나
내가 운명을 안고 살았나
굽이굽이 살아온 자욱마다
가시밭길 서러운 내 인생
다시 가라하면 나는 못 가네
마디마디 서러워서 나는 못 가네
지는 해에 실려 보낸 내 사랑아
바람처럼 사라져 간 내 인생아
아 사랑이여 눈물이여
묻어버린 내 청춘이여
사랑은 다시 오라 나를 부르고
인생은 눈물 되어 나를 떠미네
다시 가라하면 나는 못 가네
마디마디 서러워서 나는 못 가네
지는 해에 실려 보낸 내 사랑아
바람처럼 사라져 간 내 인생아
아 사랑이여 눈물이여
묻어버린 내 청춘이여
사랑은 다시 오라 나를 부르고
인생은 눈물 되어 나를 떠미네"
모란 동백,"2,542",조영남,"모란은 벌써 지고 없는데
먼 산에 뻐꾸기 울면
상냥한 얼굴 모란 아가씨
꿈 속에 웃고 오네
세상은 바람 불고 고달파라
나 어느 변방에 떠돌다 떠돌다
어느 나무 그늘에 고요히
고요히 잠든다 해도
또 한 번 모란이 필 때까지
나를 잊지 마세요
동백은 벌써 지고 없는데
먼 산에 눈이 내리면 상냥한 얼굴
동백 아가씨 웃으며 봄이 오네
세상은 바람 불고 덧없어라
나 어느 바다에 떠돌다 떠돌다
어느 모랫벌에
세상은 바람 불고
세상은 바람 불고 덧없어라
나 어느 바다에 떠돌다 떠돌다
어느 모랫벌에
외로이 외로이 잠든다 해도
또 한 번 동백이 필 때까지
나를 잊지 마세요
또 한 번 모란이 필 때까지
나를 잊지 말아요"
가라지,"2,490",진해성,"간다면 누가 너를 못 보낼 줄 알고
가라지 누가 너를 잡을 줄 알고
이렇게 날 울리고 가면
발걸음 꽤나 가볍겠다
이렇게 날 버리고 가면
마음 꽤나 편하겠다
너 괴롭고 나 괴로운 것을
왜 왜 너는 모르니
너 떠나면 나 외로운 것을
넌 넌 뻔히 알잖니
가라면 누가 너를 못 보낼 줄 알고
가라지 누가 너를 잡을 줄 알고
너 괴롭고 나 괴로운 것을
왜 왜 너는 모르니
너 떠나면 나 외로운 것을
넌 넌 뻔히 알잖니
가라면 누가 너를 못 보낼 줄 알고
가라지 누가 너를 잡을 줄 알고"
사랑껌,"1,652",금잔디,"왜 이리힘들어 산다는게
여자라는이유만으로
더 힘든게있어 사랑이야
겉만보고 속은보질않아
너를위해 나를버렸어
광대처럼 울고웃었지
그것이 여자의
삶인줄알았어
남자라는이유만으로
살아가기쉬운 이세상
하지만 사랑은 달라
난 다시 울지않을래
사랑도 하지않을래
달면씹고 쓰다고 뱉는
껌 보다도 못한 세상
참다가 화가나면은
크게 한번 소리 치지 뭐
그래 그렇게 살다보면은
사랑은 올꺼야
왜 이리힘들어 산다는게
여자라는이유만으로
더 힘든게있어 사랑이야
겉만보고 속은보질않아
아무때나 갖고놀다가
버려지는 장난감처럼
자존심 마저도
버릴수는없어
남자라는 이유만으로
살아가기쉬운 이세상
하지만 사랑은 달라
난 다시 울지않을래
사랑도하지않을래
달면씹고 쓰다고
뱉는 껌보다도 못한세상
참다가 화가나면은
크게 한 번 소리치지 뭐
그래 그렇게 살다보면은
사랑은올꺼야
그래 그렇게 살다보면은
사랑은올꺼야 예"
따라 따라,"41,698",임영웅,"딱 한잔만 짠하고 갑시다
힘이 드나요 지쳐있나요
하루하루 성할 날이 없죠
막막한 인생길
오늘도 구비구비
그대여 오늘 고생 많았어요
따라따라 따라따라
꽉 채워서 한잔 따라
세상살이 다 그런 거지 뭐
아 아쉬워서 그러지
딱 한잔만 짠하고 갑시다
사랑에 상처받고
사람에게 상처받고
사는 게 참 만만치가 않죠
슬픔도 외로움도
가슴에 묻어버린
그대여 오늘 고생 많았어요
따라따라 따라따라
꽉 채워서 한잔 따라
세상살이 다 그런 거지 뭐
아 아쉬워서 그러지
딱 한잔만 짠하고 갑시다
따라따라 따라따라
꽉 채워서 한잔 따라
세상살이 다 그런 거지 뭐
아 아쉬워서 그러지
딱 한잔만 짠하고 갑시다
딱 한잔만 짠하고 갑시다"
신 사랑고개,910,오유진,"미아리 눈물 고개
님이 넘던 이별 고개
아주 오래전에 미아리 고개
울며불며 매달리던 눈물 고개
오늘날에 현재 미아리 고개
갈 테면 가라지 냅두는 고개
내가 뭐 잡을 줄 아니
천만의 만만의 콩떡
여자답게 상냥하게 보내는 거야
미아리 눈물 고개
네가 떠난 이별 고개
네가 없어도 남자는 많아
갈 테면 어서 가라지
행여 나에게 돌아올 생각
꿈에도 하지 말아줘
아주 오래전에 미아리 고개
울며불며 헤어지던 눈물 고개
오늘날에 현재 미아리 고개
갈 테면 가라지 냅두는 고개
내가 뭐 잡을 줄 아니
천만의 만만의 콩떡
여자답게 깔끔하게 보내는 거야
미아리 눈물 고개
네가 떠난 이별 고개
네가 없어도 남자는 많아
갈 테면 어서 가라지
행여 나에게 연락할 생각
꿈에도 하지 말아줘
행여 나에게 돌아올 생각
꿈에도 하지 말아줘
닐리리 닐리리 닐니리"
트로트가 나는 좋아요 (DISCO Ver.),"2,707",송가인,"쿵짝쿵짝 리듬에 맞춰
야야야야 노래를 해요
춤추는 세상 신나는 세상
마음껏 즐겨보아요
삑삑삑삑 꾀꼬리 되어
야야야야 따라 해봐요
즐거운 세상 행복한 세상
십 년은 젊어진대요
모이자 트로트
전국 팔도 모두 모이자
부르자 트로트 남녀노소 모두 부르자
즐기자 트로트
안방 1열 국민 트로트
모이자 부르자 트로트가 나는 좋아요
쿵짝쿵짝 리듬에 맞춰
룰루랄라 노래를 해요
당신이 좋아 기분이 좋아
인생은 정말 즐거워
삑삑삑삑 꾀꼬리 되어
룰루랄라 따라 해봐요
즐거운 세상 행복한 세상
십 년은 젊어진대요
모이자 트로트
전국 팔도 모두 모이자
부르자 트로트 남녀노소 모두 부르자
즐기자 트로트
안방 1열 국민 트로트
모이자 부르자 트로트가 나는 좋아요
근심걱정 하지 마요
콧노래를 불러요
노래하고 춤을 춰요
브라보 파이팅 세상이 아름다워요
모이자 트로트 전국 팔도 모두 모이자
부르자 트로트 남녀노소 모두 부르자
즐기자 트로트 안방 1열 국민 트로트
모이자 부르자 트로트가 나는 좋아요
트로트가 나는 좋아요
노래하며 춤을 춥시다"
콕콕콕,764,나상도,"콕 콕 콕 콕찍어줘요
두근두근 사랑의 포크로
콕 콕 콕 콕찍어줘요
포크처럼 콕찍어줘요
화끈하게 아쌀하게 달려와요
누나 이미 나의 꽃사슴
님도 보고 뽕 뽕도 따고 따고
나는 이미 사랑의 포로
미꾸라지 누나 싫어요
밀당 말고 잡아줘요
화끈하게 꼭 안아주세요
콕 콕 콕 콕찍어줘요
두근두근 사랑의 포크로
콕 콕 콕 콕찍어줘요
포크처럼 콕찍어줘요
화르르르 애간장을 태워줘요
누난 이미 나의 불나비
한눈 팔지 마 나만 찍어줘요
내 가슴에 날아 오세요
변덕스런 누나 미워요
딴 놈 보지 말아줘요
아쌀하게 꼭 안아주세요
콕 콕 콕 콕찍어줘요
두근두근 사랑의 포크로
콕 콕 콕 콕찍어줘요
포크처럼 콕찍어줘요
콕 콕 콕 콕찍어줘요
두근두근 사랑의 포크로
콕 콕 콕 콕찍어줘요
포크처럼 콕찍어줘요
포크처럼 콕찍어줘요"
정든님,122,천가연,"이제 와서 어쩌라고
이제 와서 어쩌라고
나를 두고 떠나시나요
다시 한번 생각해 봐요
그날 밤은 잊을 수 없어
사랑한다 사랑한다고
그 말은 왜 했나요
떠난다면 떠나신다면
내 가슴은 내 가슴은
멍든 채로 살아갈 겁니다
사랑한다 사랑한다고
그 말은 왜 했나요
가신다면 가시겠다면
내 마음은 내 마음은
멍든 채로 살아갈 겁니다"
아이라예 (아닙니다),"1,672",나훈아,"니 내를 사랑하나 아이라예
거라먼 싫어하나 아이라예
아이라예 아이라예 수줍어하던
그 사람이 생각이 난다
손목 한번 잡는 것도 눈치 보였고
언불생심 키스까지 천만의 말씀
몰라예 아이라예 부끄러버예
보고 싶다 부산 아가씨
내 니를 우째하꼬 모릅니더
거라먼 누가 아노 모릅니더
모릅니더 모릅니더 얼굴 붉히던
첫사랑이 그리워진다
철철 끓는 타는 가슴 콩닥거렸고
보다덤고 싶었지만 천만의 말씀
몰라예 아이라예 부끄러버예
보고 싶다 부산 아가씨
몰라예 아이라예 부끄러버예
보고 싶다 부산 아가씨"
저어라,"3,793",장민호,"누구나 눈뜨면 떠나야만 하네
두손에 노를 쥐고서
가기 싫어도 멈추고 싶어도
운명의 배는 띄워 졌다오
저어라 노를 저어라
청춘의 울 지나서
저어라 노를 저어라
욕심의 돌을 던지며
눈뜨니 다다른 천계의 바다
깊어진 마음만이 남았구나
산새의 울음도 품어야만 하네
꽃잎의 웃음소리도
한번 인생길 추억을 실고서
취한 듯 그리 살아가세
저어라 노를 저어라
세월의 물 따라서
저어라 노를 저어라
욕심의 돌을 던지며
눈뜨니 다다른 천계의 바다
깊어진 마음만이 남았구나
깊어진 마음만이 남았구나
아아
운명은 배는 띄워졌다오"
님은 먼 곳에,"2,320",김추자,"사랑한다고 말할걸 그랬지
님이아니면 못산다 할 것을
사랑한다고 말 할걸 그랬지
망설이다가 가버린 사람
마음주고 눈물 주고 꿈도 주고
멀어져 갔네
님은 먼 곳에
영원히 먼곳에 망설이다가
님은 먼 곳에

사랑한다고 말할걸 그랬지
망설이다가 가버린 사람
마음주고 눈물주고 꿈도 주고
멀어져 갔네
님은 먼 곳에
영원히 먼곳에 망설이다가
님은 먼 곳에"
단장의 미아리 고개,"7,520",송가인,"미아리 눈물고개
임이 넘던 이별 고개
화약 연기 앞을 가려
눈 못 뜨고 헤매일 때
당신은 철사 줄로
두 손 꽁꽁 묶인 채로
뒤돌아보고 또 돌아보고
맨발로 절며 절며
끌려가신 이 고개여
한 많은 미아리 고개
여보 당신은 지금 어디서
무얼 하고 계세요
어린 용구는 오늘 밤도
아빠를 그리다가
이제 막 잠이 들었어요
동지섣달 기나긴 밤
북풍한설 몰아칠 때
당신은 감옥살이
얼마나 고생을 하고 계세요
십 년이 가도 백 년이 가도
부디 살아만 돌아오세요 네
여보
아빠를 그리다가
어린 것은 잠이 들고
동지섣달 기나긴 밤
북풍한설 몰아칠 때
당신은 감옥살이
그 얼마나 고생을 하오
십 년이 가고 백 년이 가도
살아만 돌아오소
울고 넘던 이 고개여
한 많은 미아리 고개
한 많은 미아리 고개"
한잔의 인생,"13,187",임영웅,"한세상 치고 받고 살다가 보면
그냥 저냥 살고픈 날들 있지만
세월 속 청춘을 지나
아등바등 달려오니
술 한 잔이 간절하구나
당신도 마셔 본 적 있는가
한잔의 맹물 같은 인생
인생아 눈물을 마셔라
꿈 찾아 헤매던 그 열정 삼키네
인생아 사랑을 마셔라
님 찾아 헤매던 그 순정 삼키네
빈 술잔에 채워나 보자
한잔의 눈물 같은 인생
당신도 마셔 본 적 있는가
한잔의 맹물 같은 인생
인생아 눈물을 마셔라
꿈 찾아 헤매던 그 열정 삼키네
인생아 사랑을 마셔라
님 찾아 헤매던 그 순정 삼키네
빈 술잔에 채워나 보자
한잔의 눈물 같은 인생
빈 술잔에 채워나 보자
한잔의 눈물 같은 인생"
가인이어라,"2,730",송가인,"가인 가인이어라
운명 같은 사람이어라
보고 또 보고 싶은 가인이어라
정도 많은 사람이어라
어느 한 날 똑같은 시간에 만나
서로에게 끌려버린 맘
좋아 좋아한다면 죄라도 되나요
이제 나는 어쩔 수 없네
아 영원히 안고 싶어라
시간아 멈추어라
가인 가인이어라
필연적인 사람이어라
보고 또 보고 싶은 가인이어라
내 인생의 귀인이어라
사랑해요 그 말을 하고 싶나요
내 마음도 그렇답니다
애간장을 녹이는 다정한 목소리
누가 내게 보내셨나요
아 영원히 닮고 싶어라
세월아 멈추어라
가인 가인이어라
운명 같은 사람이어라
보고 또 보고 싶은 사람이어라
내 인생의 귀인이어라
가인 가인 가인이어라"
진정인가요,"1,219",김연자,"미련없다 그 말이 진정인가요
냉정했던 그 마음이 진정인가요
바닷가를 거닐며 수놓았던 그 추억
잊을 수가 있을까요
돌아설 때 눈물짓던 당신이라면
영원토록 영원토록
죽어도 못 잊을 겁니다
잊어달라 그 말이 진정인가요
돌아서던 그 마음이 진정인가요
오솔길을 거닐며 주고받던 그 사랑
잊을 수가 있을까요
돌아설 때 울음 참던 당신이라면
잊으려도 잊으려도
죽어도 못 잊을 겁니다"
어느 60대 노부부이야기,"1,516",나훈아,"곱고 희던 그 손으로
넥타이를 매어주던 때
어렴풋이 생각나오
여보 그때를 기억하오
막내아들 대학시험
뜬눈으로 지내던 밤들
어렴풋이 생각나오
여보 그때를 기억하오
세월은 그렇게 흘러 여기까지 왔는데
인생은 그렇게 흘러 황혼에 기우는데
큰딸아이 결혼식 날 흘리던 눈물방울이
이제는 모두 말라
여보 그 눈물을 기억하오
세월이 흘러감에 흰머리가 늘어가네
모두 다 떠난다고
여보 내손을 꼭 잡았소
세월은 그렇게 흘러 여기까지 왔는데
인생은 그렇게 흘러 황혼에 기우는데
다시 못 올 그 먼 길을
어찌 혼자 가시려하오
여기 날 홀로 두고
여보 왜 한마디 말이 없소
여보 안녕히 잘 가시게 안녕히 잘 가시게"
섬마을 선생님,"2,025",이미자,"해당화 피고지는 섬 마을에
철새 따라 찾아온 총각 선생님
19살 섬색시가 순정을 바쳐
사랑한 그 이름은 총각 선생님
서울엘랑 가지를 마오 가지를 마오

구름도 쫓겨 가는 섬마을에
무엇하러 왔는가 총각 선생님
그리움이 별처럼 쌓이는 바닷가에
시름을 달래보는 총각 선생님
서울엘랑 가지를 마오 떠나지 마오"
애수의 소야곡,"6,975",송가인,"운다고 옛사랑이 오리요만은
눈물로 달래보는 구슬픈 이밤
고요히 창을 열고 별빛을 보면
그 누가 불어주나 휘파람 소리
차라리 잊으리라 맹세하건만
못 생긴 미련인가 생각하는 밤
가슴에 손을 얹고 눈을 감으면
애타는 숨결마저 싸늘 하구나"
사랑아니,637,은가은,"사랑아 넌 아니
넌 나를 다 안다고 생각하지만
아니! (아니) 너의 착각이야
나를 만나기 위해 아닌 척 하던 너
아니? (아니) 난 알고 있었어
물어도 보고 달래도 보고
사랑인거냐고 따져도 봤지만
사랑아 넌 아니
아니아니 떠나가는 내 맘 넌 아니
아니야 넌 몰라
미쳐가는 내 마음을 어떻게 알아
차라리 내게
상처주고 네 멋대로 떠나가 버려
다시는 사랑이란 말은 하지 마
물어도 보고 달래도 보고
사랑인거냐고 따져도 봤지만
사랑아 넌 아니
아니아니 떠나가는 내 맘 넌 아니
아니야 넌 몰라
미쳐가는 내 마음을 어떻게 알아
차라리 내게
상처주고 네 멋대로 떠나가 버려
다시는 사랑이란 말은 하지 마
사랑아 너 아니
다시는 사랑이란 말을 하지 마
다시는 사랑이란 말을 하지 마"
연정,"1,172",양지은,"연꽃이 피고 질 때면
떠나간 내님 생각에
비라도 장대같이 내리면 사모했던 연정이어라
잊혀져라 내 사랑아
세월 지나가듯 천천히
깍지 끼고 했던 그 약속
가슴 한켠에 남아있으니
떠날 때 두고 가셨던
애석한 마음 때문에
비라도 장대같이 내리면 슬피 우는 연정이어라
잊혀져라 내 사랑아
세월 지나가듯 천천히
깍지 끼고 했던 그 약속
가슴 한켠에 남아있으니
잊혀지리 내 사랑아
세월 흘러가듯 천천히
깍지 끼고 했던 그 약속
가슴 한켠에 묻어뒀으니"
인연이라 슬펐노라,"3,182",김다현,"서럽기도 해요
겨울 밤 너무 길어서
그립기도 해요
눈꽃이 너와 닮아서
눈감는 순간
잊을수 없을 거예요
돌고 도는 인생
언젠가 스칠 테니까
내 가슴 도려내듯 뒤돌아 가나요
이제는 난 아닌가요
살아서는 내것이 아닌
무로 돌아갈 인생
가지말라고 떠나지 말라고
부질없는 그바램
겨울이 봄이 되듯 되돌아 오나요
여기서 난 기다려요
무지렁이한 세상 살다
우연히 누린 행복
어여가라고 이젠 괜찮다고
행복했어 충분히
목 놓아 울던 모습 이제 잊어요
정처 없는 삶의 끝에 만날테니까
살아서는 내것이 아닌
무로 돌아갈 인생
가지말라고 떠나지말라고
부질없는 그바램"
꿀맛,"2,734",정미애,"이리 보아도 내 사랑
얼씨구 좋구나 좋다 좋아
저리 보아도 내 사랑
꿀맛 같은 내 사랑
내 님 따라서 마실 간다
이길이 꽃길이구나
사는 게 사는 게 별거더냐
이런 게 꿀맛이지
사랑만 하기도 짧은 인생
알콩달콩 살다가
오손도손 아기자기
사는 게 인생인 거지
이리 보아도 내 사랑
얼씨구 좋구나 좋다 좋아
저리 보아도 내 사랑
꿀맛 같은 내 사랑
내 님 따라서 마실 간다
이길이 꽃길이구나
사는 게 사는 게 별거더냐
이런 게 꿀맛이지
사랑만 하기도 짧은 인생
알콩달콩 살다가
오손도손 아기자기
사는 게 인생인 거지
이리 보아도 내 사랑
얼씨구 좋구나 좋다 좋아
저리 보아도 내 사랑
꿀맛 같은 내 사랑
이리 보아도 내 사랑
얼씨구 좋구나 좋다 좋아
저리 보아도 내 사랑
꿀맛 같은 내 사랑
꿀맛 같은 내 사랑
헤이"
용두산엘레지,"3,791",송가인,"용두산아 용두산아
너만은 변치 말자
한발 올려 맹세하고
두발 딛어 언약하던
한 계단 두 계단
일백구십사 계단에
사랑 심어 다져놓은
그 사람은 어디 가고
나만 홀로 쓸쓸히도
그 시절 못 잊어
아 못 잊어 운다
둘이서 거닐던
일백구십사 계단에
즐거웠던 그 시절은
그 어디로 가버렸나
잘 있거라 나는 간다
꽃피던 용두산아
아 용두산 엘레지"
영동 부르스,"2,834",송가인,"헤어지기 싫어서 애태우던 그 날 밤
피눈물에 얼룩진 그대의 모습
어차피 떠나야 할
인연이기에
미련 없이 보냈건만
잊지 못할 그 추억
그날 밤 터미널에는
비가 내렸지
아아 영동 아아 영동
영동 부르스
그대와 만나던 곳
서초동 주점에는
들창문을 때리는
밤비 소리 뿐
되돌아올 수 없는
그대이지만
술잔을 마주 잡고
행복만을 빌었어
그 누가 불러주나
추억의 노래
아아 영동 아아 영동
영동 부르스
아아 영동 아아 영동
영동 부르스"
팔자,"2,829",박지현,"꿈에서 깨어 보니
10년 전이었다면
당신은 무슨 일을
하고 싶으신가요
지나왔던 10년을
당신이 알고 있다면
같은 길을
걷진 않겠지
천만에 천만에
이렇게는 살 수 없네
이 고생을
내가 왜 하나
돈이라도
원 없이 벌어서
팔자 한번
고쳐 보겠네
다시 한 번만
10년만 젊어도
이렇게는
살지 않겠네
만약에 이 세상을
두 번 다시 산다면
당신은 무엇으로
살고 싶으신가요
살아왔던 과거를
당신이 알고 있다면
그대로는
살진 않겠지
천만에 천만에
이렇게는 살 수 없네
내 팔자에
내가 왜 속나
이름이라도
원 없이 날려서
팔자 한번
고쳐 보겠네
아니 정말로
5년만 젊어도
이렇게는
살지 않겠네
하다 못해서
3년만 젊어도
이렇게는
살지 않겠네"
망부석,"2,328",홍지윤,"간밤에 울던 제비
날이 밝아 찾아보니
처마 끝엔 빈 둥지만이
구구 만리 머나먼 길
다시 오마 찾아 가나
저 하늘에 가물거리네
에헤야 날아라
헤이야 꿈이여
그리운 내 님 계신 곳에
푸른 하늘의 구름도
둥실 둥실 떠가네
높고 높은 저 산 너머로
내 꿈마저 떠가라 두리둥실 떠가라
오매불망 내 님에게로
얼씨구 좋다
깊은 밤 잠 못이뤄
창문 열고 밖을 보니
초생달만 외로이 떴네
멀리 떠난 내 님 소식
그 언제나 오시려나
가슴 조여 기다려지네
에헤야 날아라
헤이야 꿈이여
그리운 내 님 계신 곳에
달 아래 구름도 둥실둥실 떠가네
높고 높은 저 산 너머로
내 꿈마저 떠가라 두리둥실 떠가라
오매불망 내 님에게로
내 꿈마저 떠가라 두리둥실 떠가라
오매불망 내 님에게로
오매불망 내 님에게로
오매불망 내 님에게로"
쓰러집니다,"2,022",서주경,"쓰러집니다 쓰러집니다 쓰러집니다
올때는 내게 예고없이 다가왔다가
이제와서 날 떠나요
말도 안돼 핑계 어쩌면
잘 갖다 붙여 뻔뻔하게도
차라리 내가 싫어졌다 말을 한다면
잡을 나도 아니겠지만
사랑해서 떠난다는 말
지금 뭐하자는 겁니까
쓰러집니다 쓰러집니다
그대 말을 듣고 있으면
뭐가 어때서 그런건가요
사랑이 장난인가요
가던길 그냥 떠나지 왜 돌려요
이제는 그만 나를 울려요
가던길 그냥 떠나지 왜 돌려요
가던길 그냥 떠나지
하루가 멀다 나를 찾던 그대 사랑은
모두 연극이란 말이죠
나 없으면 못산다는말
없던 걸로 하잔 말이죠
쓰러집니다 쓰러집니다
그대 말을 듣고 있으면
뭐가 어때서 그런건가요
사랑이 장난인가요
가던길 그냥 떠나지 왜 돌려요
이제는 그만 나를 울려요
가던길 그냥 떠나지 왜 돌려요
가던길 그냥 떠나지
가던길 그냥 떠나지 왜 돌려요
이제는 그만 나를 울려요
가던길 돌려 왔다가 다시 가면
나 정말 쓰러집니다
쓰러집니다 쓰러집니다 쓰러집니다"
항구 아가씨,"7,443",송가인,"사랑을 드릴까요 님이시여
순정을 드릴까요 님이시여
갈매기 짝을 지어 다정히 날면
사랑도 깊어가네
사랑할땐 무지개처럼
이별할땐 파도처럼
아 오늘밤도 백사장에
그 이름 새깁니다
사랑을 드릴까요 님이시여
동백꽃 드릴까요 님이시여
수평선 꽃 구름이 다정히 가면
사랑도 깊어가네
사랑할땐 무지개처럼
이별할땐 파도처럼
아 오늘밤도 백사장에
그 이름 새깁니다
사랑할땐 무지개처럼
이별할땐 파도처럼
아 오늘밤도 백사장에
그 이름 새깁니다"
빈잔,"1,597",남진,"그대의 싸늘한 눈가에 고이는
이슬이 아름다워
하염없이 바라보네
내 마음도 따라우네
가여운 나의 여인이여
외로운 사람끼리
아 만나서 그렇게 또 정이 들고
어차피 인생은
빈 술잔 들고 취하는 것
그대여 나머지 설움은
나의 빈잔에 채워주
그대의 싸늘한 눈가에 고이는
이슬이 아름다워
하염없이 바라보네
내 마음도 따라우네
가여운 나의 여인이여
외로운 사람끼리
아 만나서 그렇게
또 정이 들고
어차피 인생은
빈 술잔 들고 취하는 것
그대여 나머지 설움은
나의 빈잔에 채워주
나의 빈잔에 채워주"
영동블루스,"3,806",송가인,"헤어지기 싫어서 애태우던 그 날 밤
피 눈물에 얼룩진 그대의 모습
어차피 떠나야 할 인연이기에
미련 없이 보냈건만
잊지 못할 그 추억
그날 밤 터미널엔 비가 내렸지
아아 영동 아아 영동 영동 부르스
그대와 만나던 곳 서초동 주점에는
들창문을 때리는 밤 비 소리뿐
되돌아올 수 없는 그대이지만
술잔을 마주 잡고 행복만을 빌었소
그 누가 불러주나 추억의 노래
아아 영동 아아 영동 영동 부르스
아아 영동 아아 영동 영동 부르스"
케 세라 세라,"1,566",손태진,"그 날 케 세라 세라

누구나 가슴 한편엔
꿈이 남아있겠지
사는 게 녹록지 않아
잠시 묻어뒀겠지

현실이 힘들게 하지만
사랑이 나를 외롭게 하지만

케 세라 세라
아직 끝이 아니야
오라 온다 내 꿈속에 사는 날
그 날 케세라세라

저 하늘 아래 점 하나
안되는 나이지만
내 마음만은 이 세상 한껏
품고 남는다

현실이 힘들게 하지만
사랑이 나를 외롭게 하지만

케 세라 세라
아직 끝이 아니야
오라 온다 내 꿈속에 사는 날
그 날 케세라세라

케 세라 세라
아직 끝이 아니야
오라 온다 내 꿈 속에 사는 날
그 날 케세라세라

그 날 케세라세라"
진도아리랑,"3,293",송가인,"아리아리랑 쓰리
쓰리랑 아라리가 났네
아리랑 음음음 아라리가 났네
문경새제는 왠 고갠가 구부야
구부구부가 눈물이로구나
아리 아리랑 쓰리
쓰리랑 아라리가 났네
아리랑 음음음 아라리가 났네
우리가 여기 왔다 그냥 갈 수가 있나
노래 부르고 춤추며 놀다나 가세
아리 아리랑 쓰리 쓰리랑
아라리가 났네
아리랑 음음음 아라리가 났네
만경창파에 둥둥둥 뜬 배
어기여차 어야 디여라 노를 저어라
아리 아리랑 쓰리 쓰리랑
아라리가 났네
아리랑 음음음 아라리가 났네"
남원산성,"3,712",송가인,"남원 산성 올라가 이화문전 바라보니
수진이 날진이 해동청 보라매 떴다
봐라 저 종달새
석양은 늘어져 갈매기 울고
능수 버들 가지 휘늘어질 때
꾀꼬리는 짝을 지어
이산으로 가면 꾀꼬리 쑤루룩
음허 어허야 에헤야 뒤여 둥가
어허 둥가 둥가 내 사랑이로다
사랑 거짓말 옛날 사랑도 거짓말
꿈에 와서 보였다는 것도
그것 또한 거짓말
어야 뒤 여 어허 둥가
허허 둥가 둥가 내사랑이로구나"
땡벌,427,강진,"아 당신은 못믿을 사람
아 당신은 철없는 사람
아무리 달래봐도
어쩔순 없지만
마음 하나는
괜찮은 사람
오늘은 들국화
또 내일은 장미꽃
치근 치근 치근 대다가
잠이들겠지
난 이제 지쳤어요
땡벌(땡벌)
기다리다지쳤어요
땡벌(땡벌)
혼자서는 이 밤이
너무너무추워요--
당신은 못말리는
땡벌(땡벌)
당신은 날 울리는
땡벌(땡벌)
혼자서는 이 밤이
너무너무길어요

아 당신은 야속한 사람
아 당신은 모를 사람
밉다가도 돌아서면
마음에 걸리는
마음 하나는
따뜻한 사람
바람이 맴돌다
또 맴돌다 어딘가
기웃 기웃 기웃 대다가
잠이 들겠지
난 이제 지쳤어요
땡벌(땡벌)
기다리다지쳤어요
땡벌(땡벌)
혼자서는 이 밤이
너무너무추워요--
당신은 못말리는
땡벌(땡벌)
당신은 날 울리는
땡벌(땡벌)
혼자서는 이 밤이
너무너무길어요
당신을 사랑해요
땡벌(땡벌)
당신을 좋아해요
땡벌(땡벌)
밉지만 당신을
너무너무사랑해"
단장의 미아리 고개,"3,807",송가인,"미아리 눈물고개
임이 넘던 이별 고개
화약 연기 앞을 가려
눈 못 뜨고 헤매일 때
당신은 철사 줄로
두 손 꽁꽁 묶인 채로
뒤돌아보고 또 돌아보고
맨발로 절며 절며
끌려가신 이 고개여
한 많은 미아리 고개
여보 당신은 지금 어디서
무얼 하고 계세요
어린 용구는 오늘 밤도
아빠를 그리다가
이제 막 잠이 들었어요
동지섣달 기나긴 밤
북풍한설 몰아칠 때
당신은 감옥살이
그 얼마나 고생을 하오
십 년이 가고 백 년이 가도
살아만 돌아오소
아빠를 그리다가
어린 것은 잠이 들고
동지섣달 기나긴 밤
북풍한설 몰아칠 때
당신은 감옥살이
그 얼마나 고생을 하오
십 년이 가고 백 년이 가도
살아만 돌아오소
울고 넘던 이 고개여
한 많은 미아리 고개
한 많은 미아리 고개"
진정인가요,"3,800",송가인,"미련 없다 그 말이 진정인가요
냉정했던 그 마음이 진정인가요
바닷가를 거닐며 수 놓았던 그 추억
잊을 수가 있을까요
돌아설 때 눈물 짓던 당신이라면
영원토록 영원토록
죽어도 못 잊을 겁니다
잊어달라 그 말이 진정인가요
돌아서던 그 마음이 진정인가요
오솔길을 거닐며 주고 받던 그 사랑
잊을 수가 있을까요
돌아설 때 울음 참던 당신이라면
잊으려도 잊으려도
죽어도 못 잊을 겁니다
죽어도 못 잊을 겁니다"
비나리,"4,487",홍자,"큐피트 화살이 가슴을 뚫고
사랑이 시작된 날
또 다시 운명의 페이지는 넘어가네
나 당신 사랑해도 될까요
말도 못하고
한없이 애타는 나의 눈짓들
세상이 온통 그대 하나로 변해 버렸어
우리 사랑 연습도 없이
벌써 무대로 올려졌네
생각하면 덧없는 꿈일지도 몰라
꿈일지도 몰라
하늘이여 저 사람 언제
또 갈라놓을 거요
하늘이여 간절한 이 소망
또 외면할거요
그 남자를 사랑하게 해줘요
나 당신을 사랑하게 해줘요 워워
사랑하게 해줘요"
고맙소 (Orchestra Ver.),"24,401",김호중,"이 나이 먹도록
세상을 잘 모르나 보다
진심을 다해도 나에게 상처를 주네
이 나이 먹도록
사람을 잘 모르나 보다
사람은 보여도 마음은 보이질 않아
이 나이 되어서
그래도 당신을 만나서
고맙소 고맙소 늘 사랑하오
술 취한 그날 밤
손등에 눈물을 떨굴 때
내 손을 감싸며 괜찮아 울어준 사람
세상이 등져도
나라서 함께 할 거라고
등 뒤에 번지던 눈물이 참 뜨거웠소
이 나이 되어서
그래도 당신을 만나서
고맙소 고맙소 늘 사랑하오
못난 나를 만나서
긴 세월 고생만 시킨 사람
이런 사람이라서 미안하고 아픈 사람
나 당신을 위해 살아가겠소
남겨진 세월도 함께 갑시다
고맙소 고맙소 늘 사랑하오
늘 사랑하오
고맙소 고맙소 늘 사랑하오"
트로트가 나는 좋아요 (A cappella Ver.),"3,932",송가인,"모이자 트로트 안방1열
국민트로트 부르자 트로트
트로트가 나는 좋아요
쿵짝 쿵짝 리듬에 맞춰
야야 야야 노래를 해요
춤추는 세상 신나는 세상
마음껏 즐겨 보아요
삑삑 삑삑 꾀꼬리 되어
야야 야야 따라해 봐요
즐거운 세상 행복한 세상
십년은 젊어 진대요
모이자 트로트 전국팔도 모두 모이자
부르자 트로트 남녀노소 모두 부르자
즐기자 트로트 안방1열
국민 트로트 모이자 부르자
트로트가 나는 좋아요
뽕짝 뽕짝 리듬에 맞춰
룰루 랄라 노래를 해요
당신이 좋아 기분이 좋아
인생은 정말 즐거워
삑삑 삑삑 꾀꼬리 되어
룰루 랄라 따라해 봐요
즐거운 세상 행복한 세상
십년은 젊어 진대요
모이자 트로트 전국팔도 모두 모이자
부르자 트로트 남녀노소 모두 부르자
즐기자 트로트 안방1열
국민 트로트 모이자 부르자
트로트가 나는 좋아요
근심걱정 하지마요 콧노래를 불러요
노래하고 춤을춰요 브라보 화이팅
세상이 아름다워요
모이자 트로트 전국팔도
모두 모이자 부르자
트로트 남녀노소 모두 부르자
즐기자 트로트 안방1열
국민 트로트 모이자 부르자
트로트가 나는 좋아요
트로트가 나는 좋아요
노래하며 춤을 춥시다"
내 나이가 어때서,"6,756",홍진영,"야 야 야 내 나이가 어때서
사랑에 나이가 있나요
마음은 하나요
느낌도 하나요
그대만이 정말 내 사랑인데
눈물이 나네요
내 나이가 어때서
사랑하기 딱 좋은 나인데
어느 날 우연히 거울 속에 비춰진
내 모습을 바라보면서
세월아 비켜라
내 나이가 어때서
사랑하기 딱 좋은 나인데
야 야 야
야 야 야
야 야 야 내 나이가 어때서
사랑에 나이가 있나요
마음은 하나요
느낌도 하나요
그대만이 정말 내 사랑인데
눈물이 나네요
내 나이가 어때서
사랑하기 딱 좋은 나인데
어느 날 우연히 거울 속에 비춰진
내 모습을 바라보면서
세월아 비켜라
내 나이가 어때서
사랑하기 딱 좋은 나인데
어느 날 우연히 거울 속에 비춰진
내 모습을 바라보면서
세월아 비켜라
내 나이가 어때서
사랑하기 딱 좋은 나인데
사랑하기 딱 좋은 나인데"
독백,"1,042",혜은이,"이 세상 모든 빛은 꺼지고
멀리서 밀려드는 그리움
조그만 내가슴에 퍼지면
아련히 떠오르는 그 모습
아직도 내 귀에는 들리네
언제나 헤어지지
말자던 그 말이
그러나 헛된 꿈이 되었네
이제는 기다리며 살리라
오 그 모습 지워버리려
눈을 감아도
감겨진 두눈에
눈물만 흘러 내리네 아

사랑한다는 말도 못하고
그렇게 멀어져야 했나요
그대가 떠나버린 날부터
이별의 서러움을 알았죠
아직도 내 귀에는 들리네
언제나 헤어지지
말자던 그 말이
그러나 헛된 꿈이 되었네
이제는 기다리며 살리라
오 그 모습 지워버리려
눈을 감아도
감겨진 두눈에
눈물만 흘러내리네 아"
무명배우,153,서윤,"사랑을 하죠
멜로 영화 뜨겁던 그 장면처럼
인생의 마지막 컷이라도 나는 좋아요
사랑을 했죠
대본도 없이 울던 무명배우처럼
당신을 원망 안 해요
사랑은 영화니까
사랑이 사랑을 사랑하면
저 별처럼 빛날까요
아름다웠던 추억
기억 모두 다 영원히
한 방울 또 한 방울
눈물이 흘러내리죠
나 슬퍼서 아냐
행복해서 울죠
안아줘요 나를
날 많이 사랑하나요
당신의 품 안에선 나는 주연배우

사랑을 해요
멜로 영화 무명배우로 산대도
당신을 원망 안 해요
사랑은 영화니까
사랑이 사랑을 사랑하면
저 별처럼 빛날까요
아름다웠던 추억
기억 모두 다 영원히
한 방울 또 한 방울
눈물이 흘러내리죠
나 슬퍼서 아냐
행복해서 울죠
안아줘요 나를
날 많이 사랑하나요
당신의 품 안에선 나는 주연배우
당신의 품 안에선 나는 주연배우"
단장의 미아리 고개,"3,288",송가인,"미아리 눈물고개
임이 넘던 이별 고개
화약 연기 앞을 가려
눈 못 뜨고 헤매일 때
당신은 철사 줄로
두 손 꽁꽁 묶인 채로
뒤돌아보고 또 돌아보고
맨발로 절며 절며
끌려가신 이 고개여
한 많은 미아리 고개
여보 당신은 지금 어디서
무얼 하고 계세요
어린 용구는 오늘 밤도
아빠를 그리다가
이제 막 잠이 들었어요
동지섣달 기나긴 밤
북풍한설 몰아칠 때
당신은 감옥살이
그 얼마나 고생을 하오
십 년이 가고 백 년이 가도
살아만 돌아오소
아빠를 그리다가
어린 것은 잠이 들고
동지섣달 기나긴 밤
북풍한설 몰아칠 때
당신은 감옥살이
그 얼마나 고생을 하오
십 년이 가고 백 년이 가도
살아만 돌아오소
울고 넘던 이 고개여
한 많은 미아리 고개
한 많은 미아리 고개"
모란,194,김소유,"엄마를 닮았구나 거울 속 나의 모습이
엄마를 닮았구나 눈가에 내린 주름도
모든 걸 닮았구나 세상을 사는 모습도
눈물도 웃음도 입맛까지도

엄마가 그랬었지 나처럼 살지 말아라
엄마가 그랬었지 남 하는 것 다 해봐라
여자라 참지마라 어떠한 순간에도
언제나 엄마는 너의 편이라고

엄마 엄마 엄마 엄마
부를수록 먹먹한 그 이름 엄마
엄마 엄마 엄마 엄마
제발 아프지 마세요

사랑합니다 죄송합니다
아기처럼 점점 작아지는 울 엄마
다음 세상엔 그때는 엄마가
나의 딸로 태어나주세요

엄마가 그랬었지 내 나이 되면 안다고
엄마가 그랬었지 철들면 이별이라고
가진 것 그보다 더 몇 천 배 더 준 사랑
엄마가 지어준 밥이 먹고 싶다

엄마 엄마 엄마 엄마
부를수록 먹먹한 그 이름 엄마
엄마 엄마 엄마 엄마
제발 아프지 마세요

사랑합니다 죄송합니다
아기처럼 점점 작아지는 울 엄마
다음 세상엔 그때는 엄마가
나의 딸로 태어나주세요
나의 딸로 태어나주세요"
사랑은 아무나 하나,"1,453",태진아,"사랑은 아무나 하나
사랑은 아무나 하나
사랑은 아무나 하나
눈이라도 마주쳐야지
만남의 기쁨도 이별의 아픔도
두사람이 만드는걸
어느 세월에 너와 내가 만나
점 하나를 찍을까
사랑은 아무나 하나
어느누가 쉽다고 했나

사랑은 아무나 하나
사랑은 아무나 하나
사랑은 아무나 하나
흔히하는 얘기가 아니지
만나고 만나도 느끼지 못하면
외로운건 마찬가지야
어느 세월에 너와 내가 만나
점 하나를 찍을까
사랑은 아무나 하나
어느누가 쉽다고 했나
어느 세월에 너와 내가 만나
점 하나를 찍을까
사랑은 아무나 하나
어느누가 쉽다고 했나"
고장난벽시계,"7,411",송가인,"세월아 너는 어찌
돌아도 보지 않느냐
나를 속인 사랑보다
니가 더욱 야속하더라
한두번 사랑 땜에 울고 났더니
저만큼 가버린 세월
고장난 벽시계는 멈추었는데
저 세월은 고장도 없네
청춘아 너는 어찌
모른 척 하고 있느냐
나를 버린 사람보다
니가 더욱 무정하더라
뜬구름 쫒아가다 돌아 봤더니
어느새 흘러간 청춘
고장난 벽시계는 멈추었는데
저 세월은 고장도 없네
고장난 벽시계는 멈추었는데
저 세월은 고장도 없네"
나쁜남자,"17,696",임영웅,"여기가 끝인가 봐요
추억이 남아있는데
당신과나 사랑한건
하늘도 땅도 알아요
당신을 다시 한번
안고 싶지만
한 번더 안아 달라
그 눈으로 말하지만
더 이상은 아니란걸
당신도 나도 알잖아
뜨거운 그 눈물 마르거든
잊어요 나쁜 이 남자
이것이 정인가봐요
가슴이 무너지는데
당신과나 어쩌자고
그 약속 잊었던가요
당신을 다시 한번
안고 싶지만
한 번더 안아 달라
그 눈으로 말하지만
더 이상은 아니란걸
당신도 나도 알잖아
뜨거운 그 눈물 마르거든
잊어요 나쁜 이 남자"
사랑에 빠져 봅시다,"2,669",송가인,"당신은 어떤 사랑을
원하시나요
소설 속의 주인공 같은
그런 사랑이겠죠
사랑에 눈이 멀면
모든 것이 곱게 보여
호박꽃도 장미처럼
예쁘다나요
이 세상에 못난 꽃
어디 있나요 어디 있나요
이 세상에 모두가
예쁜 꽃이요 장미꽃처럼
아아아 우리 모두
사랑에 취해봅시다
아아아 우리 모두
사랑에 빠져봅시다
당신은 어떤 사랑을
원하시나요
소설 속의 주인공 같은
그런 사랑이겠죠
사랑에 눈이 멀면
모든 것이 곱게 보여
호박꽃도 장미처럼
예쁘다나요
이 세상에 못난 꽃
어디 있나요 어디 있나요
이 세상에 모두가
예쁜 꽃이요 장미꽃처럼
아아아 우리 모두
사랑에 취해봅시다
아아아 우리 모두
사랑에 빠져봅시다
사랑에 빠져봅시다"
아버지의 강,"1,037",강문경,"아 저녁바람에 억새울고
강기슭에 물새울면
어디선가 들려오는
아버지의 옛노래
고기를 잡아 날키우시고 옛노래
불러 날 재우시던
아 아 아버지 불러봐도 대답없이
흐르는 저강은 아버지의 강이여
저 강건너 나루터에
물새 한마리 슬피울면
강바람에 검게타신
아버지가 그리워
고기를잡아 날키우시고 옛노래
불러 날재우시던
아 아 아버지 불러봐도 대답없이
흐르는 저강은 아버지의 강이여
고기를잡아 날키우시고 옛노래
불러 날재우시던
아 아 아버지 불러봐도 대답없이
흐르는 저강은 아버지의 강이여"
아슬아슬,"1,761",진시몬,"1.사랑하다 헤어지면 남이 되는 걸 오래전에 알고 있었다

오늘 한번 더 느껴본 그 기분은 예나 지금이나 좋지않네

다른 사람 찾기에도 지쳐버린 나 세월이란 이런 것인가

하루하루 지날수록 불안해지는 바람 같은 내 인생아

사랑은 무슨 사랑 눈물은 무슨 눈물

친구야 보고 싶다 술잔이 또 비었다

언제나 외로운 인생아 사랑아

아슬아슬 아슬아슬 아슬아슬한 인생아

2.뛰고뛰고 뛰어 봐도 제자리란다 시작할 때 그 자리구나

변함없다 변함없다 변한게 없다 난 돈도 없고 변한게 없다

사랑은 무슨 사랑 눈물은 무슨 눈물

친구야 보고 싶다 술잔이 또 비었다

영남아 승철아 윤정아 보고싶다

아슬아슬 아슬아슬 아슬아슬한 인생아"
진진자라,"7,740",태진아,"진진자라 지리지리자
진진자라 지리지리자
진진자라 지리지리자
진진자라 지리지리자
바람처럼 왔다가
불꽃처럼 사랑하고
구름처럼 흘러가는
진진자라 지리지리자
진진자라 지리지리자
진진자라 지리지리자
진진자라 지리지리자
진진자라 지리지리자
강물이 흘러 흘러서
넓은 바다가 되듯이
사랑이 흘러 흘러서
진진자라 지리지리자
진진자라 지리지리자
진진자라 지리지리자
진진자라 지리지리자
진진자라 지리지리자
사랑은 장난이 아니야
사랑은 믿음인 거야
사랑은 소망인 거야
사랑은 기쁨인 거야
진진자라 지리지리자
진진자라 지리지리자
진진자라 지리지리자
진진자라 지리지리자
사랑해요 여러분
사랑해요 여러분
우리 모두 다같이
진진자라 지리지리자
진진자라 지리지리자
진진자라 지리지리자
진진자라 지리지리자
진진자라 지리지리자
진진자라 지리지리자
진진자라 지리지리자
진진자라 지리지리자
진진자라 지리지리자
보석 같은 사랑이
하늘에서 내려와
나를 사랑하네요
진진자라 지리지리자
진진자라 지리지리자
진진자라 지리지리자
진진자라 지리지리자
진진자라 지리지리자
사랑해요 사랑해
당신만을 사랑해
목숨 바쳐 사랑해
진진자라 지리지리자
진진자라 지리지리자
진진자라 지리지리자
진진자라 지리지리자
진진자라 지리지리자
사랑은 장난이 아니야
사랑은 믿음인 거야
사랑은 소망인 거야
사랑은 기쁨인 거야
진진자라 지리지리자
진진자라 지리지리자
진진자라 지리지리자
진진자라 지리지리자
사랑해요 여러분
사랑해요 여러분
우리 모두 다같이
진진자라 지리지리자
진진자라 지리지리자
진진자라 지리지리자
진진자라 지리지리자
진진자라 지리지리자
진진자라 지리지리자
진진자라 지리지리자
진진자라 지리지리자
진진자라 지리지리자"
경아,"1,313",박혜성,"메마른 가지에 파아란 새싹이
하얗게 돋아날 때
경아 너와의 처음
만남이였었지
한없는 기쁨이었지
하지만 지금은 아름다운
너의 마음만을 남긴 채
아무 말도 없이 멀리
먼 곳으로 떠나 버린 너
나의 눈에 이슬 맺히고
내 마음 가득히
경아 생각 넘쳐날 때 너를 그린다
경아 나 지금 너의
사진을 보며 생각에 젖는다
경아 오늘도 나는
네가 오기만 손 모아 기다려
돌아와다오 돌아와다오
기다리는 내게로
돌아와 경아 돌아와 경아
기다리는 내게로
하지만 지금은 아름다운
너의 마음만을 남긴 채
아무 말도 없이 멀리
먼 곳으로 떠나 버린 너
나의 눈에 이슬 맺히고
내 마음 가득히
경아 생각 넘쳐날 때 너를 그린다
경아 나 지금 너의
사진을 보며 생각에 젖는다
경아 오늘도 나는
네가 오기만 손 모아 기다려
돌아와다오 돌아와다오
기다리는 내게로
돌아와 경아 돌아와 경아
기다리는 내게로
기다리는 내게로"
花柳春夢(1막2장),"6,241",송가인,"달빛아래 오동잎 모두 지고
서리 맞은 들국화 노랗게 피었구나
누각은 높아 하늘에 닿고
오가는 술잔은 취해고 끝 없네
흐르는 물은 거문고처럼 차고
매화는 피리에 서려 향기롭도다
내일 아침 님 보내고 나면
무치는 정 푸른 물결처럼
끝이 없으리
꽃다운 이팔 소년 울려도 보았으며
철 없는 첫사랑에 울기도 했더란다
연지와 분을 발라 다듬는 얼굴 위에
청춘이 바스러진 낙화 신세
마음마저 기생이란 이름이 원수다
연지와 분을 발라 다듬는 얼굴 위에
마음마저 기생이란 이름이
원수로구나
점잖은 사람한테 귀염도 받았으며
나 젊은 사람한테 사랑도 했더란다
밤 늦은 인력거에 취하는 몸을 실어
손수건 적신 적이 몇 번인고
이름조차 기생이면 마음도 그러냐
빛나는 금강석을 탐내도 보았으며
겁나는 세력 앞에 아양도 부렸단다
호강도 시들하고 사랑도 시들해진
한 떨기 짓밟히운 낙화 신세
마음마저 썩는 것이 기생의 도리냐"
내 마음속 최고,"11,815",정동원,"누가 뭐라 해도 최고 최고
내 마음속에 최고
세상만사 다 제쳐두고
어디든 부르면 달려갈 거야
이 세상에 하나뿐인 그대
내 마음속에 저장
언제나 그댄 내 마음속 최고야
좋은 날 제일 먼저 생각나는 사람
맛있는 거 먹을 때 떠오르는 그 사람
만약에 그대가 없었더라면
난 어떻게 살았을까
그대가 있어서 참 다행이야
온 세상이 그대 향기로 가득 차고
나도 따라 덩실덩실 춤을 추고
언제나 그대는 영원한 기쁨이야
지금도 난 그댈 생각해
누가 뭐라 해도 최고 최고
내 마음속에 최고
세상만사 다 제쳐두고
어디든 부르면 달려갈 거야
이 세상에 하나뿐인 그대
내 마음속에 저장
언제나 그댄 내 마음속 최고야
눈 뜨면 제일 먼저 생각나는 사람
내 눈앞에 없으면 걱정되는 한 사람
언제나 내 곁에 있어 준다면
난 뭐든지 할 수 있어
그대가 있어서 참 고마워요
온 세상이 그대 향기로 가득 차고
나도 따라 덩실덩실 춤을 추고
언제나 그대는 영원한 기쁨이야
지금도 난 그댈 생각해
누가 뭐라 해도 최고 최고
내 마음속에 최고
세상만사 다 제쳐두고
어디든 부르면 달려갈 거야
이 세상에 하나뿐인 그대
내 마음속에 저장
언제나 그댄 내 마음속 최고야
누가 뭐라 해도 최고 최고
내 마음속에 최고
세상만사 다 제쳐두고
어디든 부르면 달려갈 거야
이 세상에 하나뿐인 그대
내 마음속에 저장
언제나 그댄 내 마음속 최고야
언제나 그댄 내 마음속 최고야"
모르고,831,나훈아,"사랑했어요 사랑했어요
당신을 사랑 했어요
아무것도 모르고 모르고
사랑했어요 당신을
사랑이 이렇게 아픈줄도 모르고
당신을 사랑했어요
사랑은 날마다 행복한줄 알았고
사랑은 꿀처럼 달콤한줄 알았지
나는 몰랐네 나는 몰랐네
아픈줄 나는 몰랐네
사랑했어요 사랑했어요
당신을 사랑 했어요
이제 나는 알았네 알았네
사랑이 뭔지 알았네
이별의 눈물을 흘려보고 나서야
사랑의 진실 알았네
사랑은 유리잔 깨어질까 두렵고
사랑은 카멜레온 떠날까봐 무섭고
나는 알았네 나는 알았네
이제야 나는 알았네
사랑은 봄처럼 따뜻한줄 알았고
사랑은 별처럼 예쁜줄만 알았지
나는 몰랐네 나는 몰랐네
아픈줄 나는 몰랐네
아픈줄 나는 몰랐네"
아! 사루비아,201,풍금,"아 사루비아 사루비아 비아
사루비아 꽃을 든 사람
아 사루비아 사루비아 비아
사루비아 꽃을 단 여자

아 사루비아 사루비아 비아
사루비아 꽃을 든 사람
아 사루비아 사루비아 비아
사루비아 꽃을 단 여자
저 멀리 불빛 속에
걸어가는 사람
무척이나 낯익은 뒷모습
가슴에 내 가슴에 눈물을 주고
떠난 바로 그 사람
너무나도 사랑한
그대 모습 잊기엔
너무나도 아파
내 가슴이 아파서
지금도 나를 부르며
올 것만 같은 사람
아 사루비아 사루비아 비아
사루비아 꽃을 든 사람
아 사루비아 사루비아 비아
사루비아 꽃을 단 여자

너무나도 사랑한
그대 모습 잊기엔
너무나도 아파
내 가슴이 아파서
지금도 나를 부르며
올 것만 같은 사람
아 사루비아 사루비아 비아
사루비아 꽃을 든 사람
아 사루비아 사루비아 비아
사루비아 꽃을 단 여자

아 사루비아 사루비아 비아
사루비아 꽃을 든 사람
아 사루비아 사루비아 비아
사루비아 꽃을 단 여자
아 사루비아 사루비아 비아
사루비아 꽃을 든 사람
아 사루비아 사루비아 비아
사루비아 꽃을 단 여자
사루비아 꽃을 단 여자
사루비아 꽃을 단 여자
아 사루비아"
한 많은 대동강,"3,770",송가인,"한 많은 대동강아
변함없이 잘 있느냐
모란봉아 을밀대야
네 모양이 그립구나
철조망이 가로막혀
다시 만날 그때까지
아 소식을 물어본다
한 많은 대동강아
대동강 부벽루야
뱃노래가 그립구나
귀에 익은 수심가를
다시 한 번 불러본다
편지 한 장 전할 길이
이다지도 없을소냐
아 썼다가 찢어버린
한 많은 대동강아"
사랑가,"7,101",송가인,"에라 좋구나 에라 좋구나
우리 함께 춤을 춰 보자
세상 시름 다 잊고 흥에 겨워서
얼싸안고 춤을 춰보자
부어라 마시어라 한잔의 술을
그대와 둘이서 정들어 가는 밤
시간아 가지를 마라
나를 두고 가지를 마라
날이 새면 내사랑 떠나간다
에라 좋구나 정말 좋구나
우리 함께 춤을 춰 보자
슬픔일랑 저 강물에 던저버리고
얼싸안고 춤을 춰 보자
가슴에 타오르는 사랑의 불꽃
빨갛게 빨갛게 물들어 가는밤
시간아 가지를 마라
나를 두고 가지를 마라
날이 새면 내사랑 떠나간다
부어라 마시어라 한잔의 술을
그대와 둘이서 정들어 가는밤
시간아 가지를 마라
나를 두고 가지를 마라
날이 새면 내사랑 떠나간다"
정말좋았네,"7,515",송가인,"사랑 그 사랑이 정말 좋았네
세월 그 세월이 가는 줄도 모르고
불타던 두 가슴에
그 정을 새기면서
사랑을 주고 사랑을 받고
그 밤이 좋았네
사랑 그 사랑이 정말 좋았네
사랑 그 사랑이 정말 좋았네
이별 그 이별이 오는 줄도 모르고
푸르던 두 가슴에
참사랑 새기면서
마음을 주고 마음을 받고
그 때가 좋았네
사랑 그 사랑이 정말 좋았네
정말 좋았네"
돌리도,"8,441",김희재,"잘해 잘해 잘해 바라볼때 잘해
너만 바라볼때 잘해 잘해 잘해
있을때 잘해 옆에 있을때
돌리도 돌리도 내사랑 돌리도
첫눈에 뿅갔다고
나없이는 못산다고
죽자살자 매달린
요놈의 사랑아
당신 사랑 깊이를
자로자로 재보니
일미터도 못되더라
잘해 잘해 잘해 바라볼때 잘해
너만 바라볼때 잘해 잘해 잘해
있을때 잘해 옆에 있을때
한번 떠난 사랑은 다시 오지않아
후회할 때는 이미 늦었어
돌리도 돌리도 내사랑 돌리도
돌리도 돌리도 내사랑 돌리도
잘해 잘해 잘해 바라볼때 잘해
너만 바라볼때 잘해 잘해 잘해
있을때 잘해 옆에 있을때
한번 떠난 사랑은 다시 오지않아
후회할 때는 이미 늦었어
돌리도 돌리도 내사랑 돌리도
돌리도 돌리도 내사랑 돌리도
내사랑 돌리도 돌려줘"
비망록 (스물의 노래),"13,551",임영웅,"아름답다고
난 스물의 세상을 꿈꿨지
오늘부터 다 날 어른으로 부르네
어제 오늘은
단 하루가 차이 날 뿐인데
마치 꿈인 듯 다 변했어
알았던 모든 것은
전부 허구였어
꿈이란 결코
마법처럼 되지 않아
칼과 창 방패에 말을 타는
서부의 총잡이 돼볼까
순례자든 방랑자든 다
밀림의 도시 벗어나 볼까
난 또 다른 삶의 길 위에서
새로운 방황을 시작해
스무 살의 어린 비망록
난 펼쳐드네
나의 노래로
조금 서툴게
되고 싶은 것
또 하고픈 일들을 알았네
왠지 자꾸만 난 불안해
알았던 모든 것은
전부 허구였어
꿈이란 결코
마법처럼 되지 않아
저 거친 들판에 모래바람
다지는 소 떼를 몰거야
투우사든 집시 또는 나
돈키호테도 괜찮을거야
난 세상에 발을 딛고 서는
평범한 일상이 싫은 걸
다른 삶의 오직 나만의
길을 가고 싶어 나를 꿈꾸며
칼과 창 방패에 말을 타는
서부의 총잡이 돼볼까
순례자든 방랑자든 다
밀림의 도시 벗어나 볼까
나 세상에 발을 딛고 서는
평범한 일상이 싫은 걸
다른 삶의 오직 나만의
길을 가고싶어 나를 꿈꾸며"
어매,"1,022",나훈아,"어매 어매 우리어매
뭣 할라고 날 낳았던가
낳을라거든 잘 낳거나
못 낳을라면 못 낳거나
살자하니 고생이요
죽자하니 청춘이라
요놈 신세 말이 아니네
어매 어매 우리어매
뭣 할라고 날 낳았던가
님아 님아 우리님아
속알머리 없는 님아
겉이 타야 님이 알제
속만 타면 누가 아나
어떤 친구 팔자 좋아
장가 한 번 잘도 가는데
몹쓸 놈의 요 내 팔자
어매 어매 우리 어매
뭣 할라고 날 낳았던가
어매 어매 우리 어매
뭣 할라고 날 낳았던가"
우수,305,진욱,"맺지 못할 인연일랑 생각을 말자
마음에 다짐을 받고 또 받아
한 백 번 달랬지만 어쩔 수 없네
잊으려 해도 잊지 못할
그대 모습 그려볼 때
밤비는 끝없이 소리 없이
내 마음 들창가에 흘러내린다

맺지 못할 사랑일랑 생각을 말자
아쉬운 미련만 남고 또 남아
잊으려 애썼지만 잊을 길 없네
빗줄기 속에 추억 실어
그대 이름 불러볼 때
밤비는 끝없이 하염없이
마음의 슬픔처럼 흘러내린다"
무명배우,"3,275",송가인,"사랑을 하죠
멜로 영화 뜨겁던 그 장면처럼
인생의 마지막 컷이라도 나는
좋아요
사랑을 했죠
대본도 없이 울던 무명배우처럼
당신을 원망 안 해요
사랑은 영화니까
사랑이 사랑을 사랑하면
저 별처럼 빛날까요
아름다웠던 추억
기억 모두 다 영원히
한방 울 또 한 방울
눈물이 흘러 내리죠
나 슬퍼서 아냐
행복해서 울죠
안아줘요 나를
날 많이 사랑하나요
당신의 품 안에선 나는 주연배우
사랑을 해요
멜로 영화 무명배우로 산대도
당신을 원망 안 해요
사랑은 영화니까
사랑이 사랑을 사랑하면
저 별처럼 빛날까요
아름다웠던 추억
기억 모두 다 영원히
한 방울 또 한 방울
눈물이 흘러 내리죠
나 슬퍼서 아냐
행복해서 울죠
안아줘요 나를
날 많이 사랑하나요
당신의 품 안에선 나는 주연배우"
벤치,"3,358",송가인,"내 무릎에 털썩 앉아봐
언제나 너의 벤치로 살 거야
아무 때라도 허전하면
내 가슴에다 기대봐
가다가 길 가다가 피곤해지면
내게 와 너만이 나의 주인이잖아
너만 쉬어 가도록
너 올 때까지 기다릴게
비를 맞고 와도 돼
술 취해서 와도 돼
나는야 너의 벤치야
내 무릎에 털썩 앉아봐
언제나 너의 벤치로 살 거야
아무 때라도 허전하면
내 가슴에다 기대봐
가다가 길 가다가 피곤해지면
내게 와 너만이 나의 주인이잖아
너만 쉬어 가도록
너 올 때까지 기다릴게
아침 일찍 와도 돼
저녁 늦게 와도 돼
나는야 너의 벤치야
비를 맞고 와도 돼
술 취해서 와도 돼
나는야 너의 벤치야"
영암아리랑 + 강원도아리랑,"3,321",송가인,"달이 뜬다 달이 뜬다
영암 고을에 둥근 달이 뜬다
달이 뜬다 달이 뜬다
둥근 둥근 달이 뜬다
월출산 천왕봉에 보름달이 뜬다
아리랑 동동 쓰리랑
동동 에헤야 데헤야 어사와 데야
달 보는 아리랑 님 보는 아리랑
풍년이 온다 풍년이 온다
지화자자 좋구나
서호강 몽햇들에 풍년이 온다
아리랑 동동 쓰리랑
동동 에헤야 데헤야 어사와 데야
달 보는 아리랑 님 보는 아리랑
흥타령 부네 흥타령 부네
목화짐 지고 흥겹게 부네
용칠 도령 목화 짐은
장가 밑천이라네
아리랑 동동 쓰리랑 동동
에헤야 데헤야 어사와 데야
달 보는 아리랑 님 보는 아리랑
아리아리 쓰리쓰리 아라리요
아리아리 고개로 넘어간다
아주까리 정자는 구경자리
살구나무 정자로만 만나보세
아리아리 쓰리쓰리 아라리요
아리아리 고개로 넘어간다
아리아리 고개로 넘어간다"
대찬인생,"1,930",박현빈,"박차고 태어나서
겁날게 뭐가있냐
깨지고 박살나도
제대로 한판붙어봐
딱한번 인생인데
기죽고 살지마라
가슴을 활짝펴고
멋있게 사는거야
세상만사 그런거지
가끔은 꼬일 때도 있지
소주한잔 걸치고 이렇게 소리쳐봐
한번죽지 두번죽냐 덤빌테면
모두 덤벼봐
깡으로 치자면
둘째가라면 섭섭해
한번뽑은 칼이라면 찔러야지
호박이라도
까지것 어떠냐 목숨한번 걸어봐

대차게 살기위해
이땅에 태어났다
실패를 하더라도
뼈빠지게 한번 살아봐
뛰는놈 머리위로
나는놈 있다지만
그런건 상관없어
오십보 백보니까
청춘이야 갔다지만
불같은 열정 없다지만
그렇다고 내인생
파김치 된건아냐
한번죽지 두번죽냐
덤빌테면 모두 덤벼봐
깡으로 치자면 둘째가라면 섭섭해
한번뽑은 칼이라면 찔러야지
호박이라도
까지것 어떠냐 목숨한번 걸어봐
까지것 어떠냐
목숨한번 걸어봐"
이별의 영동선 (K-Trot Ver.),"7,972",송가인,"눈물이 난다
잘 견뎌 왔는데
나도 몰래
눈물이 난다
영동선 기차
몸을 싣고
무정하게
가버린 사람
떠나는 사람이
뭐가 바쁜지
뒤도 한번 안 돌아 보고
남겨진 나만
울고 서있네
빈자리만 바라보면서
사랑해서 그리워서
나도 몰래
눈물이 나
떠나는 사람이
뭐가 바쁜지
뒤도 한번 안 돌아 보고
남겨진 나만
울고 서있네
빈자리만 바라보면서
사랑을 몰랐다면 아픔도 몰라
사랑을 또 미워하다가
사랑해서 그리워서
나도 몰래
눈물이 나
사랑해서 그리워서
나도 몰래
눈물이 나"
청춘을 돌려다오,101,강혜연,"청춘을 돌려다오
젊음을 다오

흐르는 내 인생의
애원이란다

못 다한 그 사랑도
태산같은데

가는 세월 막을 수는
없지 않느냐

청춘아 내 청춘아
어딜 가느냐

청춘을 돌려다오
젊음을 다오

흐르는 내 인생의
애원이란다

지나간 그 옛날이
어제 같은데

가는 세월 막을수는
없지 않느냐

청춘아 내 청춘아
어딜 가느냐"
가을을 남기고 간 사랑,"2,332",패티김,"가을을 남기고 떠난 사랑
겨울은 아직 멀리 있는데
사랑할수록 깊어가는 슬픔에
눈물은 향기로운 꿈이었나
당신의 눈물이 생각날때
기억에 남아있는 꿈들이
눈을 감으면 수많은 별이되어
어두운 밤하늘에 흘러가리
아 그대곁에 잠들고 싶어라
날개를 접은 철새처럼
눈물로 쓰여진 그 편지는
눈물로 다시 지우렵니다
내 가슴에 봄은 멀리 있지만
내 사랑 꽃이 되고 싶어라
아 그대곁에 잠들고 싶어라
날개를 접은 철새처럼
눈물로 쓰여진 그 편지는
눈물로 다시 지우렵니다
내 가슴에 봄은 멀리 있지만
내 사랑 꽃이 되고 싶어라"
부초같은 인생,"1,849","미스유랑단(김태연,양지은,윤태화,윤희,전유진)","내 인생 고달프다 울어본다고
누가 내 맘 알리요
어차피 내가 택한 길이 아니냐
웃으면서 살아가보자
천 년을 살리요
몇백 년을 살다 가리요
세상은 가만있는데
우리만 변하는구려
아아아아 아아아아
부초 같은 우리네 인생
아아아아아 우리네 인생
천 년을 살리요
몇백 년을 살다 가리요
세상은 가만있는데
우리만 변하는구려
아아아아 아아아아
부초 같은 우리네 인생
아아아아아 우리네 인생
아아아아아 우리네 인생"
청춘열차,"1,456",박서진,"뜨겁게 불타오르는
가슴엔 사랑이 차고
싱그런 이야기로 펼치는 내일이여
장밋빛 젊은 영혼이
만나는 간이역마다
고독한 너와 나는 오늘도 꿈을 꾼다
어디쯤 가야만 하나
끝없이 이어진 이길
아직은 우리 서로 서툴고 낯설지만
그러나 누가 멈출까
달리는 청춘의 열차
바람 찬 언덕 넘어 꽃 피는 에덴으로
차표 없이 가는 인생이여
머물 곳이 따로 없다 해도
사랑하는 그대 함께 가는
너와 나의 청춘열차여

차표 없이 가는 인생이여
머물 곳이 따로 없다 해도
사랑하는 그대 함께 가는
너와 나의 청춘열차여
차표 없이 가는 인생이여
머물 곳이 따로 없다 해도
사랑하는 그대 함께 가는
너와 나의 청춘열차여
너와 나의 청춘열차여"
엄마의 노래,"1,823",금잔디,"섬마을에 한 소녀와
총각선생님 이야기
부엌에서 들리던 엄마의 그 노래
오늘따라 눈물이 납니다
맛나고 좋은건 아니 아니
딸래미 아들래미 키우시며
까맣게 타버린 눈물에 그 세월들을
어떻게 말로 다 할까요
고왔던 봄처녀를 무심히 데리고 간
그 세월이 너무 미워요
철없던 작은 아이가
이젠 나이를 먹었죠
세상살이 힘들어 지치는 날이면
듣고 싶은 엄마의 노래
맛나고 좋은것 아니아니
딸래미 아들래미 키우시며
까맣게 타버린 눈물의 그 세월들을
어떻게 말로 다 할까요
고왔던 봄처녀를 무심히 데리고 간
그 세월이 너무 미워요
그 세월이 너무 미워요"
미움인지 그리움인지,139,박혜신,"잊어야 한다고
다짐하면서
돌아섰던
가슴속에
미움인지 그리움인지
알 수 없는 그대 생각
잊으면
모두 그만인 것을
왜 이렇게
잊지 못할까
오지 않을 그 사람을
행여 올까 기다리는
바보 같은 미련일까
잊으면
모두 그만인 것을
왜 이렇게
잊지 못할까
오지 않을 그 사람을
행여 올까 기다리는
바보 같은 미련일까
바보 같은 미련일까"
용두산엘레지,"3,260",송가인,"용두산아 용두산아
너만은 변치 말자
한발 올려 맹세하고
두발 딛어 언약하던
한 계단 두 계단
일백구십사 계단에
사랑 심어 다져놓은
그 사람은 어디 가고
나만 홀로 쓸쓸히도
그 시절 못 잊어
아 못 잊어 운다
둘이서 거닐던
일백구십사 계단에
즐거웠던 그 시절은
그 어디로 가버렸나
잘 있거라 나는 간다
꽃피던 용두산아
아 용두산 엘레지
용두산 엘레지"
황진이,235,복지은,"황진이 황진이 진이 진이야
나야 황진이
어얼씨구 저절씨구
너를 안고 내가 내가 돌아간다
황진이 황진이 황진이
내일이면 간다 너를 두고 간다
황진이 너를 두고(간다 간다 간다 간다)
이제 떠나면 언제 또 올까
사랑아 사랑아 내 사랑아
개나리도 피고 진달래도 피고
뻐꾸기가 울텐데
그리워서 어떻게 살까
능수버들 늘어지고 소나기 내리면
보고파서 어떻게 살까
그래도 가야지 너를 위해 가야지
황진이 너를 위해(간다 간다 간다 간다)
내가 사랑한 나의 황진이
사랑아 사랑아 내 사랑아

얼씨구 (어얼씨구)
저절씨구 (저절씨구)
얼씨구 (어얼씨구)
저절씨구 (저절씨구)
어얼씨구 저절씨구
너를 안고 내가 내가 돌아간다
황진이 황진이 황진이
황진이 황진이 황진이"
잃어버린 정,"1,142",김수희,"당신의 고운 눈매에 할말을 잊었지만은
냉정히 돌아선 무정한 사람은 눈물을 모르겠지요
말문이 막혀서인지 할말을 잊었지만은
다정한 그날의 뜨거운 추억을 어떻게 잊을 수 있나
미소가 머물다간 시간도 없이 떠나는 사람이면
아쉬운 미련도 아쉬운 마음도 남기지 말아요
잃어버린 정이 그리워지면 그때는 어찌하나요"
산다는 건,"2,878",홍진영,"산다는 건 다 그런 거래요
힘들고 아픈 날도 많지만
산다는 건 참 좋은 거래요
오늘도 수고 많으셨어요
어떻게 지내셨나요
오늘도 한잔 걸치셨네요
뜻대로 되는 일 없어
한숨이 나도 슬퍼마세요
어느 구름 속에
비가 들었는지 누가 알아
살다보면 나에게도
좋은 날이 온답니다
산다는 건 다 그런 거래요
힘들고 아픈 날도 많지만
산다는 건 참 좋은 거래요
오늘도 수고 많으셨어요
옆집이 부러운가요
친구가 요즘 잘나가나요
남들은 다 좋아 보여
속상해져도 슬퍼마세요
사람마다 알고 보면
말 못할 사연도 많아
인생이 별거 있나요
거기서 거기인거지
산다는 건 다 그런 거래요
힘들고 아픈 날도 많지만
산다는 건 참 좋은 거래요
오늘도 수고 많으셨어요
산다는 건 다 그런 거래요
세상일이란 알 수 없지만
산다는 건 참 멋진 거래요
모두다 내일도 힘내세요
오늘도 수고 많으셨어요"
시계바늘,"17,833",임영웅,"사는게 뭐 별거있더냐
욕 안먹고 살면 되는거지
술한잔에 시름을 털고
너털웃음 한번웃어보자 세상아
시계바늘처럼 돌고 돌다가
가는길을 잃은사람아
미련따위 없는거야
후회해도 없는거야 아 아
세상살이 뭐 다 그런거지 뭐
돈이좋아 여자가좋아
술이좋아 친구가좋아
싫다하는 사람은 없어
너도 한번 해보고
나도 한번 해본다
시계바늘처럼 돌고 돌다가
가는길을 잃은사람아
미련 따위 없는거야
후회도 없는거야 아 아
세상살이뭐 다 그런거지 뭐
세상살이뭐 다 그런거지 뭐"
기도합니다,232,진성,"기도합니다 기도합니다
천지신명께 기도합니다
우리 어머니 정안수 놓고
손발이 다 닳도록
객지 떠난 우리 장남
아프지 말기를
공부하는 우리 둘째 잘 되기를
재간둥이 우리 셋째 꿈 이뤄지기를
걱정 많은 막내아들 아픈 손가락
기도합니다 기도합니다
하늘님께 기도합니다
우리 아버지 말은 없어도
밤을 새워 기도합니다
기도합니다 기도합니다
천지신명께 기도합니다
우리 어머니 정안수 놓고
손발이 다 닳도록
객지 떠난 우리 장남 아프지 말기를
공부하는 우리 둘째 잘 되기를
재간둥이 우리 셋째 꿈 이뤄지기를
걱정 많은 막내아들 아픈 손가락
기도합니다 기도합니다
하늘님께 기도합니다
우리 아버지 말은 없어도
별이 되어 기도합니다
기도합니다 기도합니다
하늘님께 기도합니다
우리 어머니 말은 없어도
달이 되어 기도합니다"
대전 부르스,"3,074",박지현,"잘 있거라 나는 간다
이별의 말도 없이
떠나가는 새벽 열차
대전발 영시 오십 분
세상은 잠이 들어
고요한 이 밤
나만이 소리치며 울 줄이야
아~ 붙잡아도 뿌리치는
목포행 완행열차
기적소리 슬피 우는
눈물의 플랫트폼
무정하게 떠나가는
대전발 영시 오십 분
영원히 변치 말자 맹세했건만
눈물로 헤어지는 쓰라린 심정
아 보슬비에 젖어 우는
목포행 완행열차
아 보슬비에 젖어 우는
목포행 완행 열차"
앵두,904,최헌,"믿어도 되나요 당신의 마음을 흘러가는 구름은
아니겠지요 믿어도 되나요 당신의 눈동자
구름속의 태양은 아니겠지요 사랑한단 그 말
너무 정다워 영원히 잊지를 못해 철없이 믿어버린
당신의 그 입술 떨어지는 앵두는 아니겠지요

사랑한단 그 말 너무 정다워 영원히 잊지를 못해
철없이 믿어버린 당신의 그 입술
떨어지는 앵두는 아니겠지요"
성주풀이,"3,281",송가인,"에라만수 에라 대신이야
대활연으로 설설이 나리소서
에라만수 에라 대신이야
성주야 성주로구나
성주 근본이 어디메뇨
경상도 안동땅에
제비원에 솔씨받어
봄동산에 던졌더니마는
그 솔이 점점 자라나서
황장목이 되었구나
돌이 기둥이 되었네
낙락장송이 쩍 벌어졌구나
대활연으로 설설이 나리소서
왕왕헌 왕왕헌 북소리는
태평연월을 자랑허고
둘이 부는 피리소리
쌍봉황이 춤을 추고
소상반죽 젓대소리
어깨춤이 절로 나누나
에라만수 에라 대신이야
대활연으로 설설이 나리소서"
있을 때 잘해,"1,243",오승근,"있을 때 잘해 후회하지 말고
있을 때 잘해 후회하지 말고
있을 때 잘해 흔들리지 말고
있을 때 잘해 흔들리지 말고
가까이 있을 때 붙잡지 그랬어
있을 때 잘해 그러니까 잘해
있을 때 잘해 그러니까 잘해
이번이 마지막 마지막 기회야
이제는 마음에 그 문을 열어줘
아무도 모르게 보고파질 때
그럴 때마다 너를 찾는거야
바라보고 있잖아 있잖아
사랑하고 있잖아 있잖아
더 이상 내게 무얼 바라나
있을 때 잘해 있을 때 잘해

있을 때 잘해 후회하지 말고
있을 때 잘해 후회하지 말고
있을 때 잘해 흔들리지 말고
있을 때 잘해 흔들리지 말고
가까이 있을 때 붙잡지 그랬어
있을 때 잘해 그러니까 잘해
있을 때 잘해 그러니까 잘해
이번이 마지막 마지막 기회야
이제는 마음에 그 문을 열어줘
아무도 모르게 보고파질 때
그럴 때마다 너를 찾는거야
바라보고 있잖아 있잖아
사랑하고 있잖아 있잖아
더 이상 내게 무얼 바라나
있을 때 잘해 있을 때 잘해"
고장난 벽시계,"3,623",안성훈,"세월아 너는 어찌
돌아도 보지 않느냐
나를 속인 사람보다
네가 더욱 야속하더라
한두 번 사랑땜에 울고 났더니
저만큼 가버린 세월
고장 난 벽시계는 멈추었는데
저 세월은 고장도 없네
청춘아 너는 어찌
모른 척하고 있느냐
나를 버린 사람 보다
네가 더욱 무정하더라
뜬구름 쫓아가다 돌아봤더니
어느새 흘러간 청춘
고장 난 벽시계는 멈추었는데
저 세월은 고장도 없네
고장 난 벽시계는 멈추었는데
저 세월은 고장도 없네"
만남,"2,201",노사연,"우리 만남은 우연이 아니야
그것은 우리의 바램이었어
잊기엔 너무한 나의 운명이었기에
바랄 수는 없지만 영원을 태우리
돌아보지 마라 후회하지 마라
아 바보같은 눈물 보이지 마라
사랑해 사랑해 너를 너를 사랑해

돌아보지 마라 후회하지 마라
아 바보같은 눈물 보이지 마라
사랑해 사랑해 너를 너를 사랑해
사랑해 사랑해 너를너를 사랑해"
이대로 돌이 되어,141,김소연,"사랑을 하면서도 보내야 했던
당신과 나이기에 아쉬워했고
긴 세월 흐르도록 못 잊어 사네
기다리다 기다리다
이대로 돌이 되어도
사랑하는 님 곁에 있고 싶어라
찬 이슬에 젖어 우는 돌이 되어도
돌이 되어도

사랑을 하면서도 보내야 했던
당신과 나이기에 못 잊어 했고
긴 세월 다 가도록 그리워 사네
기다리다 기다리다
차라리 돌이 되어서
영원토록 님 곁에 있고 싶어라
찬 이슬에 젖어 우는 돌이 되어도
돌이 되어도
기다리다 기다리다
차라리 돌이 되어도
영원토록 님 곁에 있고 싶어라
못다 이룬 그 사랑이 돌이 되어서
돌이 되어서
돌이 되어서"
눈물비 (정동원 Ver.),"14,189",정동원,"눈물비 주루루 내리면
내겐 우산 같던 한 사람
세상 아픔들을 대신 맞아주고
나를 지켜주던 한 사람
미안해요 미안해요
사랑해요 사랑해요
비 개인 하늘은 저리 맑은데
마음에 빗물은 그치지 않아
미안한 마음은 먹물이 되어
가슴에 번져가네요
오오 못해준 기억이 많아
너무 멀리 가버린 사람
눈물비 주루루 내리면
내겐 우산 같던 한 사람
세상 아픔들을 대신 맞아주고
나를 지켜주던 한 사람
미안해요 미안해요
사랑해요 사랑해요
오오 못해준 기억이 많아
너무 멀리 가버린 사람
눈물비 주루루 내리면
내겐 우산 같던 한 사람
세상 아픔들을 대신 맞아주고
나를 지켜주던 한 사람
미안해요 미안해요
사랑해요 사랑해요"
옆집오빠,"13,884",영탁,"옆집 오빠랍니다
몸매도 스타일도 짱인
알고 보면 속도 깊고
자상한 남자랍니다
심심하다면 와요
집에 놀러 와요
빵빵 웃겨 줄게요
답답할 때면 와요
사이다가 되어
막힌 가슴 뚫어 줄게
날 보러 와요
보고 싶을 때
날 보러 와요
오빠가 생각날 땐 언제든
옆집 오빠랍니다
몸매도 스타일도 짱인
알고 보면 속도 깊고
자상한 남자랍니다
뭐든 안되면 와요
오빠 손은 금손
뚝딱 해결해줄게
힘이 들 때면 와요
아무 때나 좋아
내가 토닥토닥 할게
날 보러 와요
보고 싶을 땐
날 보러 와요
탁이가 생각날 땐 언제든
옆집 탁이랍니다
몸매도 스타일도 짱인
알고 보면 속도 깊고
자상한 남자랍니다
좋은 오빠랍니다
재밌고 매너 좋은 남자
센스 하나 끝내주는
옆집 오빠랍니다
다 주고 싶어
전부 주고 싶어
당신 향한 내 마음
나에게 와요
지금 당장 와요
내가 아껴 줄게요
멋진 오빠랍니다
끝까지 변치 않을 남자
한 여자만 사랑하는
당신의 남자랍니다
옆집 오빠랍니다"
영동블루스,"3,260",송가인,"헤어지기 싫어서 애태우던 그 날 밤
피 눈물에 얼룩진 그대의 모습
어차피 떠나야 할 인연이기에
미련 없이 보냈건만
잊지 못할 그 추억
그날 밤 터미널엔 비가 내렸지
아아 영동 아아 영동 영동 부르스
그대와 만나던 곳 서초동 주점에는
들창문을 때리는 밤 비 소리뿐
되돌아올 수 없는 그대이지만
술잔을 마주 잡고 행복만을 빌었소
그 누가 불러주나 추억의 노래
아아 영동 아아 영동 영동 부르스
아아 영동 아아 영동 영동 부르스"
한 많은 대동강,"3,283",송가인,"한 많은 대동강아
변함없이 잘 있느냐
모란봉아 을밀대야
네 모양이 그립구나
철조망이 가로막혀
다시 만날 그때까지
아 소식을 물어본다
한 많은 대동강아
대동강 부벽루야
뱃노래가 그립구나
귀에 익은 수심가를
다시 한 번 불러본다
편지 한 장 전할 길이
이다지도 없을소냐
아 썼다가 찢어버린
한 많은 대동강아"
남원산성,"3,235",송가인,"남원 산성 올라가
이화문전 바라보니
수진이 날진이 해동청
보라매 떴다 봐라 저 종달새
석양은 늘어져 갈매기 울고
능수 버들 가지 휘늘어질 때
꾀꼬리는 짝을 지어
이산으로 가면 꾀꼬리 쑤루룩
음허- 어허야 에헤야 뒤-여-- 둥가
어허 둥가 둥가 내 사랑이로다
사랑 거짓말 옛날 사랑도
거짓말 꿈에 와서 보였다는 것도
그것 또한 거짓말
어야 뒤 여 어허 둥가 허허
둥가 둥가 내사랑이로구나"
바람 바람 바람,441,안성훈,"문밖에는 귀뚜라미 울고
산새들 지저귀는데
내 님은 오시지는 않고
어둠만이 짙어가네
저 멀리엔 기타 소리
귓가에 들려오는데
언제 님은 오시려나
바람만 휭하니 부네
내 님은 바람이련가
스치고 지나가는 바람
오늘도 잠 못 이루고
어둠 속에 잠기네
그대 이름은 바람 바람 바람
왔다가 사라지는 바람
그대 이름은 바람 바람 바람
날 울려 놓고 가는 바람

창가에 우두커니 앉아
어두운 창밖 바라보면
힘없는 내 손잡아 주며
님은 곧 오실 것 같아
저 멀리엔 교회 종소리
귓가에 들려오는데
언제 님은 오시려나
바람만 휭하니 부네
내 님은 바람이련가
스치고 지나가는 바람
오늘도 잠 못 이루고
어둠 속에 잠기네
그대 이름은 바람 바람 바람
왔다가 사라지는 바람
그대 이름은 바람 바람 바람
날 울려 놓고 가는 바람
날 울려 놓고 가는 바람
날 울려 놓고 가는 바람"
추억의 소야곡,130,마리아,"다시 한 번 그 얼굴이
보고 싶어라
몸부림치며 울며
떠난 사람아

저 달이 밝혀주는
이 창가에서
이 밤도 너를 찾는
이 밤도 너를 찾는 노래 부른다

바람결에 너의 소식
전해 들으면
행복을 비는 마음
애달프구나

불러도 대답 없는
흘러간 사랑
차라리 잊으리라
차라리 잊으리라
맹세 슬프다

맹세 슬프다"
누이,981,설운도,"언제나 내겐
오랜 친구같은
사랑스런
누이가 있어요
보면 볼수록
매력이 넘치는
내가 제일
좋아하는 누이
마음이 외로워
하소연할 때도
사랑으로
내게 다가와
예쁜 미소로
예쁜 마음으로
내 마음을
달래주던 누이
나의 가슴에
그대 향한 마음은
언제나
사랑하고 있어요

언제나 내겐
오랜 친구같은
사랑스런
누이가 있어요
보면 볼수록
매력이 넘치는
내가 제일
좋아하는 누이
마음이 외로워
하소연할 때도
사랑으로
내게 다가와
예쁜 미소로
예쁜 눈빛으로
내 마음을
감싸주던 누이
나의 가슴에
그대 향한 마음은
언제나
사랑하고 있어요
영원히
사랑하고 있어요"
모르나봐,"6,978",송가인,"모르나봐 모르나봐
내 마음 모르시나봐
빨간 립스틱 바른 이유
립스틱을 바른 이유를
모르나봐 모르나봐
정말로 모르시나봐
빨간 매니큐어 바른 이유
매니큐어 바른이유를
어떻게 말로하나
지금 내 심정을
어떻게 표현하나
이 내 마음을
살며시 내손을 잡아준다면
애인이 되어 줄텐데
모르나봐 모르나봐
정말로 모르시나봐
모르나봐 모르나봐
내 마음 모르시나봐
빨간 립스틱 바른 이유
립스틱을 바른 이유를
모르나봐 모르나봐
정말로 모르시나봐
빨간 매니큐어 바른 이유
매니큐어 바른이유를
어떻게 말로하나
지금 내 심정을
어떻게 표현하나
이 내 마음을
살며시 내 손을 잡아준다면
애인이 되어줄텐데
모르나봐 모르나봐
정말로 모르시나봐
정말로 모르시나봐"
남자의 다짐,"11,458",이찬원,"나야 나야 그대 남자야
비바람에 당신 지킬 한 사람이야
마주보는 눈빛처럼 따뜻한 것이
남자의 가슴이야
묻지마라 사랑이란 게
이유가 어딨더냐
한 평생 당신을 사랑하자던
남자의 다짐 뿐이야
너야 너야 나의 여자야
거친 내 맘 잠재워줄 한 사람이야
소란한 밤 피어나는 달맞이 꽃은
당신의 얼굴이야
묻지마라 사랑이란 게
이유가 어딨더냐
한 평생 당신을 사랑하자던
남자의 다짐 뿐이야
한 평생 당신을 사랑하자던
남자의 다짐 뿐이야"
먹물같은 사랑,"2,377",박서진,"내 사랑은 먹물 같아요
해가 뜨고 달이 뜰 때도
하루하루 돌고 돌아
내 사랑은 제자립니다
잘났건 못났건
못났건 잘났건
정해진 운명
아야야야 아야야야
내 사랑인데
맺지 못할 사랑이면
떠나가야지
내 사랑은 먹물 같아요

내 사랑은 먹물 같아요
해가 뜨고 달이 뜰 때도
하루하루 돌고 돌아
내 사랑은 제자립니다
잘났건 못났건
못났건 잘났건
정해진 운명
아야야야 아야야야
내 사랑인데
맺지 못할 사랑이면
떠나가야지
내 사랑은 먹물 같아요
잘났건 못났건
못났건 잘났건
정해진 운명
아야야야 아야야야
내 사랑인데
맺지 못할 사랑이면
떠나가야지
내 사랑은 먹물 같아요
내 사랑은 먹물 같아요"
아파트,"6,624",영탁,"별빛이 흐르는 다리를 건너
바람 부는 갈대 숲을 지나
언제나 나를 언제나
나를 기다리던 너의 아파트
그리운 마음에 전화를 하면
아름다운 너의 목소리
언제나 내게 언제나 내게
속삭이던 너의 목소리
흘러가는 강물처럼
흘러가는 구름처럼 머물지 못해
떠나가 버린 너를 못 잊어
오늘도 바보처럼 미련 때문에
다시 또 찾아왔지만 아무도 없는
아무도 없는 쓸쓸한 너의 아파트
흘러가는 강물처럼
흘러가는 구름처럼 머물지 못해
떠나가 버린 너를 못 잊어
오늘도 바보처럼 미련 때문에
다시 또 찾아왔지만 아무도 없는
아무도 없는 쓸쓸한 너의 아파트
아무도 없는 아무도 없는
쓸쓸한 너의 아파트
아무도 아무도 없는
아무도 없는 쓸쓸한 너의 아파트"
비내리는 영동교,422,주현미,"밤비 내리는 영동교를 홀로 걷는 이 마음
그 사람은 모를 거야 모르실 거야
비에 젖어 슬픔에 젖어 눈물에 젖어
하염없이 걷고 있네 밤비 내리는 영동교
잊어야지 하면서도 못 잊는 것은
미련 미련 미련 때문인가 봐

밤비 내리는 영동교를 헤매도는 이 마음
그 사람은 모를 거야 모르실 거야
비에 젖어 슬픔에 젖어 아픔에 젖어
하염없이 헤매이네 밤비 내리는 영동교
생각말자 하면서도 생각하는 건
미련 미련 미련 때문인가 봐"
약손,187,진혜언,"세상에 다친 맘
낫는 약이 없을까
고단한 마음을
감출 길이 없구나
어릴 적 어미 품
배를 어루만지시던
약보다 따뜻한
그 손길이 생각난다
나아라 나아라
울 아가 울지 마라
나아라 나아라
세상에 지지 마라
엄마 손은 약손
울 아가 배는 똥배
엄마 손은 약손
울 아가 배는 똥배

나아라 나아라
울 아가 울지 마라
나아라 나아라
세상에 지지 마라

엄마 손은 약손
울 아가 배는 똥배
엄마 손은 약손
울 아가 배는 똥배
울 아가 배는 똥배"
울산 아리랑,58,복지은,"운무를 품에 안고
사랑 찾는 무룡산아
산딸기 머루 다래
따다 주던 그 손길
앵두 같은 내 입술에
그 이름 새겨 놓고
꿈을 찾아 떠난 사람아
둘이서 거닐던
태화 강변엔
대나무 숲들은
그대로인데
어느 곳에 정을 두고 나를 잊었나
나를 나를 잊었나
돌아온단 그 약속에
내 청춘이 시든다
까치들이 울어주니 님 오시려나
아아 울산 아리랑

둘이서 거닐던
정자 바닷가
하얀 파도는
그대로인데
어느 곳에 정을 두고 나를 잊었나
나를 나를 잊었나
돌아온단 그 약속에
내 청춘이 시든다
까치들이 울어주니 님 오시려나
아아 울산 아리랑
아아 울산 아리랑"
성산 일출봉,"6,800",송가인,"해가뜬다 해가뜬다
아침해가 떠오른다
희망이 샘솟는 성산 일출봉
붉은해가 떠오른다
소원한번 빌어봐요
일출봉에서
만사형통 잘될겁니다
구경한번 오세요
제주도로 오세요
성산포로 놀러오세요
달이뜬다 달이뜬다
둥근달이 떠오른다
파도가 춤추는 성산 일출봉
둥근달이 떠오른다
소원한번 빌어봐요
일출봉에서
만사형통 잘될겁니다
구경한번 오세요
제주도로 오세요
성산포로 놀러오세요
성산포로 놀러오세요"
텍사스 룸바,630,송민준,"앞을 보고 옆을 보고 뒤돌아 봐도
보이는 것 낯선얼굴 낯선 사람들
이 밤도 내게 들려온다 추억의 그 노래가
룸바 룸바 룸바 룸바
룸바 룸바 룸바 룸바 텍사스 룸바
한때는 사랑을 했다 그 누구보다
지금은 가고 없는 첫사랑 여인
이 밤도 내가 운다 사랑아
세월 흘러가도 나는 너를 못 잊어
룸바 룸바 룸바 룸바 룸바 룸바 룸바 룸바
텍사스 루리 루리 루리 룸바
세월 가고 너도 가고 사랑도 가고
눈물처럼 쏟아지는 슬픈 추억들
이 밤도 내게 들려온다 추억의 그 노래가
룸바 룸바 룸바 룸바
룸바 룸바 룸바 룸바 텍사스 룸바
지금은 어느 하늘 어디에선가
나보다 행복하게 살아갈 당신
이 밤도 내가 운다 사랑아
세월 흘러가도 나는 너를 못 잊어
룸바 룸바 룸바 룸바 룸바 룸바 룸바 룸바
텍사스 루리 루리 루리 룸바
한때는 사랑을 했다 그 누구보다
지금은 가고 없는 첫사랑 여인
이 밤도 내가 운다 사랑아
세월 흘러가도 나는 너를 못 잊어
룸바 룸바 룸바 룸바 룸바 룸바 룸바 룸바
텍사스 루리 루리 루리 룸바
텍사스 루리 루리 루리 룸바"
눌러주세요,"2,407",설하윤,"그대여 사랑의 사랑의
사랑의 초인종을 눌러주세요
그대가 원하면 원하면
원하면 언제든지 눌러주세요
아아아아아아아
내 마음을 열어주세요
못 생겨도 좋아 돈 없어도 좋아
나만 사랑해 줄 한 남자
아무에게나 쉬운 여자 아니죠
아무에게나 여는 여자 아니죠
그대라면 그대라면
내 모든걸 줄래요
그대 눈빛은 너무 따뜻한걸요
그대 입술은 너무 짜릿한걸요
딩동 딩동 딩동 딩동 눌러주세요
그대여 사랑의 사랑의
사랑의 초인종을 눌러주세요
그대가 원하면 원하면
원하면 언제든지 눌러주세요
아아아아아아아
내 마음을 열어주세요
못 생겨도 좋아 돈 없어도 좋아
나만 사랑해 줄 한 남자
그대 향기는 너무 포근한걸요
그대 말투는 너무 달콤한걸요
딩동 딩동 딩동 딩동 눌러주세요
그대여 사랑의 사랑의
사랑의 초인종을 눌러주세요
그대가 원하면 원하면
원하면 언제든지 눌러주세요
아아아아아아아
내 마음을 열어주세요
못 생겨도 좋아 돈 없어도 좋아
나만 사랑해 줄 한 남자
힘들고 지칠 때 외롭고
슬플 때 내게 오면 되요
사랑의 힘으로 그댈 낫게 해줄
그대만의 여자
그대여 사랑의 사랑의
사랑의 초인종을 눌러주세요
그대가 원하면 원하면
원하면 언제든지 눌러주세요
아아아아아아아
내 마음을 열어주세요
못 생겨도 좋아 돈 없어도 좋아
나만 사랑해 줄 한 남자
언제라도 좋아 그대라면 좋아
내사랑"
사랑의 트위스트,"30,290",임영웅,"학창시절에 함께 추었던
잊지 못할 샹하이 트위스트
나팔바지에 빵집을 누비던
추억속의 사랑의 트위스트
샹하이 샹하이 샹하이
트위스트 추면서
난생처음 그녀를 알았고
샹하이 샹하이 샹하이
트위스트 추면서
온 동네를 주름 잡았던
사랑했던 모든 사람들
잊지 못할 추억의 트위스트
그녀와 함께 신나게 추던
잊지 못할 샹하이 트위스트
단발머리에 미소가 예뻤던
추억속의 사랑의 트위스트
샹하이 샹하이 샹하이
트위스트 추면서
난생처음 그녀를 알았고
샹하이 샹하이 샹하이
트위스트 추면서
그녀에게 빠져버렸던
터질것만 같은 이 가슴
잊지못할 사랑의 트위스트
잊지못할 사랑의 트위스트"
어차피 떠난 사람,114,풍금,"눈물을 보였나요
내가 울고 말았나요
아니야 아니야
소리 없이 내리는
빗물에 젖었을 뿐이야
싫다고 갔는데
밉다고 갔는데
울기는 내가 왜 울어
잊어야지 잊어야지
어차피 떠난 사람

싫다고 갔는데
밉다고 갔는데
울기는 내가 왜 울어
잊어야지 잊어야지
어차피 떠난 사람"
추억의 소야곡,145,채수현,"다시 한번 그 얼굴이
보고 싶어라
몸부림치며 울며
떠난 사람아
저 달이 밝혀주는
이 창가에서
이 밤도 너를 찾는 이 밤도
너를 찾는 노래 부른다

불러도 대답 없는
흘러간 사랑
차라리 잊으리라
차라리 잊으리라
맹세 슬프다"
홍랑,"18,288",임영웅,"쓰라린 이별에 우는 맘
버들가지 꺾어 보내노라
진한 사랑 진한 정을
어이 두고 떠나갔나요
백년이 흘러가도 천년이 가도
나는 그대 여자랍니다
객창에 피는 묏버들 보면
날인가 홍랑인가 여기소서
소리없이 울면서 지샌 밤
방울방울 띄워 보내노라
진한 사랑 진한 정을
어이 두고 떠나갔나요
백년이 흘러가도 천년이 가도
나는 그대 여자랍니다
객창에 우는 두견새 보면
날인가 홍랑인가 여기소서
객창에 우는 두견새 보면
날인가 홍랑인가 여기소서"
청담동 부르스,502,마이진,"달빛이 내리는 설레는 이 밤
나의 님은 어디 있는지
허전한 내 인생
한방에 채워줄
인생역전 나의 사랑아
화려한 거리 멋진 사람들
나와 다른 세상 사람들
돈 없고 백도 없으면
사랑도 못한다더냐
아아아 청담동 부르스
얼굴은 몰라도 성격은 최곤데
누가 봐도 최고의 명품
꼬인 내 인생
한방에 풀어줄
인생역전 나의 사랑아
화려한 거리 멋진 사람들
나와 다른 세상 사람들
돈 없고 백도 없으면
사랑도 못한다더냐
아아아 청담동 부르스
돈 없고 백도 없으면
사랑도 못한다더냐
아아아 청담동 부르스
아아아 청담동 부르스"
새벽차,833,홍지윤,"떠나갑니까 나를 두고 떠나갑니까
가로등 불빛아래 새벽차 타고

안개 낀 서해대교 바람만 불어오네
이 내 가슴을 모른척하고

영영히 보지 말자 말은 말은 했지만
다시 오마 돌아보는 못난 이 내마음

새벽차는 말없이 떠나갑니다
이 마음은 못 떠납니다

가시렵니까 나를 두고 가시렵니까
희미한 달빛아래 새벽차 타고

안개 낀 서해대교 바람만 불어오네
이 내 가슴을 모른척하고

영영히 보지 말자 말은 말은 했지만
다시 오마 돌아보는 못난 이내마음

새벽차는 말없이 떠나갑니다
이마음은 못 떠납니다

새벽차는 말없이 떠나갑니다
이마음은 못 떠납니다

이마음은 못 떠납니다"
그댈 만나러 갑니다,"11,866",이찬원,"꽃을 닮은 사람이에요
그대가 내 사랑입니다
꽃보다 더 아름다운
그댈 만나러 난 갑니다
별을 닮은 사람이에요
그대가 내 행복입니다
별보다 더 반짝이는
그댈 만나러 난 갑니다
아름다워요 내 삶이
그대가 있어 빛나요
아름다워요 내 사랑
내 생에 최고의 선물
이 세상에 오직 하나뿐
그대가 내 기적입니다
꽃보다 더 아름다운
그댈 만나러 난 갑니다
그대와 난 살고 싶어
그대 곁에 잠 들고 싶어
이 세상 다 주고 싶은
그댈 만나러 난 갑니다
아름다워요 내 삶이
그대가 있어 빛나요
아름다워요 내 사랑
내 생에 최고의 선물
이 세상에 오직 하나뿐
그대가 내 기적입니다
꽃보다 더 아름다운
그댈 만나러 난 갑니다
이 세상에 오직 하나
그댈 만나러 난 갑니다"
연모,"2,852",박서진,"이도 저도 못하면서 사랑했었다
앞이 캄캄 안 보이지만
당신과 나 약속이나 한 듯
돌아가는 길을 지웠다
시간은 우리 편이 아니라 해도
이제 와 왔던 길을 바꿀 수 있나
천 번이고 만 번이고
내 마음 물어보지만
당신을 떠나서는 나도 없다고
뜨거운 가슴이 말하네

시간은 우리 편이 아니라 해도
이제 와 가는 길을 멈출 수 있나
천 번이고 만 번이고
내 마음 물어보지만
당신을 떠나서는 나도 없다고
뜨거운 눈물이 말하네
뜨거운 가슴이 말하네"
머선일이고,195,송민경,"인생은 알 수 없는
차트 위 비틀대는
커다란 그래프처럼
이번엔 해내리라
큰 꿈을 품어봐도
맘 같지 않은 세상사
(가자 가짜짜짜)
한 번뿐인 나의 인생
큰 꿈 한 번 품은 채
영혼까지 끌어모아
힘차게 달렸는데
그랬는데 와
이게 머선일이고
이게 머선일이고
한 방을 노리다가 한방 병원 가
미련이 많을수록 미련해져 가
엄마나 아빠가 하는 말 들을 걸 그랬다
끝까지 버텨보니 넝쿨째로 굴러들어 오는
쪽박 (아니 잭팟)
이게 머선일이고
이게 머선일이고
모든 게 휴지 조각
정신은 조각조각
다비드 울고 가겠네
인생의 파도 속에
지금이 바닥이면
또다시 올라가겠지
(가자 가짜짜짜)
사랑도 재물도
다 때가 있는 법
내게로 돌아올 때
꽉 잡아야지
티끌을 모아봐도
뒷골만 땡기네
늦었다 생각할 땐
진짜로 늦은 거네
마지막 비나이다
간절히 비나이다
이번엔 되는 거다
자 가즈아
이게 머선일이고
이게 머선일이고
이게 머선일이고
이게 머선일이고
이게 머선일이고"
잡초,414,나훈아,"아무도 찾지 않는
바람부는 언덕에
이름 모를 잡초야
한송이 꽃이라면
향기라도 있을텐데
이것저것 아무것도 없는
잡초라네
발이라도 있으면은
님 찾아갈텐데
손이라도 있으면은
님 부를텐데
이것저것 아무것도
가진게 없어
아무것도 가진게 없네
아무도 찾지않는
바람부는 언덕에
이름 모를 잡초야
한송이 꽃이라면
향기라도 있을텐데
이것저것 아무것도 없는
잡초라네
발이라도 있으면은
님 찾아갈텐데
손이라도 있으면은
님 부를텐데
이것저것 아무것도
가진게 없어
아무것도 가진게 없네
아무도 찾지않는
바람부는 언덕에
이름 모를 잡초야
한송이 꽃이라면
향기라도 있을텐데
이것저것 아무것도 없는
잡초라네
이것저것 아무것도 없는
잡초라네
이것저것 아무것도 없는
잡초라네"
사랑은 눈물의 씨앗,"10,991",정동원,"사랑이 무어냐고 물으신다면
눈물의 씨앗이라고 말하겠어요
먼 훗날 당신이
나를 버리지 않겠지요
서로가 헤어지면
모두가 괴로워서 울테니까요
이별이 무어냐고 물으신다면
눈물의 씨앗이라고 대답할테요
먼 훗날 당신이
나를 버리지 않겠지요
서로가 헤어지면
모두가 괴로워서 울테니까요
울테니까요"
걱정 마라 지나간다,"1,675",조항조,"울지 마라 지나간다 버티고 버텨라
사는 게 힘들어도
절대로 기죽지 마라
벼랑 끝 내 인생은 잃을 것도 없다
막혀버린 이 현실에 갇혀 살아도
나를 위한 태양이 떠오를 거야
울지 마라 지나간다 외롭게 살아도
한 세상 잘 살았다 누가 뭐래도
걱정마라 지나간다 힘겨운 나날들
꼭 온다 좋은 날이 버티고 버텨라
막혀버린 이 현실에 갇혀 살아도
나를 위한 태양이 떠오를 거야
울지 마라 지나간다 외롭게 살아도
한 세상 잘 살았다 누가 뭐래도
걱정마라 지나간다 힘겨운 나날들
꼭 온다 좋은 날이 버티고 버텨라
꼭 온다 좋은 날이 버티고 버텨라"
보약 같은 친구,"7,578",이찬원,"같이 가세 같이 가세
보약같은 친구
같이 가세
같이 가세
아침에 눈을 뜨면
제일 먼저 생각나는
자네는 좋은 친구야
보약같은 친구
피한방울 섞이지 않은
우리 두사람
전생에 인연일거야
자식보다 자네가 좋고
돈보다 자네가 좋아
자네와 난 보약같은 친구야
아아아 사는날까지
같이 가세 보약같은 친구야
같이 가세 같이 가세
보약같은 친구
같이 가세
같이 가세
사랑도 해봤고
이별도 해봤지
사는거 별거 없더라
보약같은 친구
언제갈지 모르는 인생
우리 둘이서
웃으며 살아가보자
자식보다 자네가 좋고
돈보다 자네가 좋아
자네와 난 보약같은 친구야
아아아 사는날까지
같이 가세 보약같은 친구야
자식보다 자네가 좋고
돈보다 자네가 좋아
자네와 난 보약같은 친구야
아아아 사는날까지
같이 가세 보약같은 친구야
같이 가세 보약같은 엄마야
보약같은 친구
엄마"
말리꽃,710,장윤정,"얼마나 더 견뎌야 하는지
짙은 어둠을 헤매고 있어
내가 바란 꿈이라는 것은
없는 걸까
더 이상은 견딜 수 없는 것
지친 두 눈을 뜨는 것마저
긴 한숨을 내쉬는 것조차
난 힘들어
이렇게 난 쓰러진 채로
끝나는 건 아닐까
항상 두려웠지만 지금
내가 가야 할
세상 속에 네가 있기에
지쳐 쓰러지며 되돌아가는
내 삶이 초라해 보인대도
죽어진 니모습과 함께한다면
이제 갈수 있어
소중하게 남긴 너의 꿈들을
껴안아 네게 가져가려 해
어두운 세상 속에 숨 쉴 날들이
이제 잊혀지도록
지쳐 쓰러지며 되돌아가는
내 삶이 초라해 보인대도
죽어진 니모습과 함께한다면
이제 갈수 있어
소중하게 남긴 너의 꿈들을
껴안아 네게 가져가려 해
어두운 세상 속에 숨 쉴 날들이
이제 잊혀지도록
이제 잊혀지도록"
그깟팔자,257,진성,"(짜라라라라 그깟 팔자!
가는 길은 너의 몫이다)
비바람 안고 피어난 거친 인생아
팔자인걸 어쩌누
꽃향기 물고 태어난 봄날 인생을
부러워마라 다 같은 한세상
(짜라짜라라라라 한세상)
(우~) 울창한 가지 비바람에 (우~우~)
뿌리 뽑히고 고목나무 꽃피듯
그깟 팔자 무슨 소용 있단 말이냐
이름 세자 걸고서 (하~)
가는 길은 너의 몫이다
(가는 길이 너의 몫이다)
비바람 안고 피어난 거친 인생아
팔자인걸 어쩌누
꽃향기 물고 태어난 봄날 인생을
부러워마라 다 같은 한세상
(짜라짜라라라라 한세상)
(우~) 울창한 가지 비바람에 (우~우~)
뿌리 뽑히고 고목나무 꽃피듯
그깟 팔자 무슨 소용 있단 말이냐
이름 세자 걸고서 (하~)
가는 길은 너의 몫이다
(우~) 울창한 가지 비바람에 (우~우~)
뿌리 뽑히고 고목나무 꽃피듯
그깟 팔자 무슨 소용 있단 말이냐
이름 세자 걸고서 (하~)
가는 길은 너의 몫이다"
단장의 미아리고개,"7,055",송가인,"미아리 눈물 고개
님이 떠난 이별 고개
화약연기 앞을 가려
눈 못 뜨고 헤매일 때
당신은 철사 줄로
두 손 꽁꽁 묶인 채로
뒤돌아보고 또 돌아보고
맨발로 절며 절며
끌려가신 이 고개여
한 많은 미아리 고개
아빠를 그리다가
어린 것은 잠이 들고
동지섣달 기나긴 밤
북풍한설 몰아칠 때
당신은 감옥살이
그 얼마나 고생을 하오
십년이 가고 백년이 가도
살아만 돌아 오소
울고 넘던 이 고개여
한 많은 미아리 고개"
낭만에 대하여,733,김용필,"궂은 비 내리는 날
그야말로 옛날식 다방에 앉아
도라지 위스키 한 잔에다
짙은 색소폰 소릴 들어 보렴
새빨간 립스틱에
나름대로 멋을 부린 마담에게
실없이 던지는 농담 사이로
짙은 색소폰 소릴 들어 보렴
이제와 새삼 이 나이에
실연의 달콤함이야 있겠냐만은
왠지 한 곳이 비어있는 내 가슴이
잃어버린 것에 대하여
이제와 새삼 이 나이에
청춘의 미련이야 있겠냐만은
왠지 한 곳이 비어있는 내 가슴에
다시 못 올 것에 대하여
낭만에 대하여"
마법의 성,"25,901",임영웅,"믿을 수 있나요 나의 꿈 속에서
너는 마법에 빠진 공주란걸
언제나 너를 향한 몸짓엔
수많은 어려움 뿐이지만
그러나 언제나 굳은 다짐 뿐이죠
다시 너를 구하고 말거라고
두 손을 모아 기도했죠
끝 없는 용기와 지혤 달라고
마법의 성을 지나 늪을 건너
어둠의 동굴 속 멀리 그대가 보여
이제 나의 손을 잡아보아요
우리의 몸이 떠오르는 것을 느끼죠
자유롭게 저 하늘을
날아가도 놀라지 말아요
우리 앞에 펼쳐질 세상이
너무나 소중해 함께라면
마법의 성을 지나 늪을 건너
어둠의 동굴 속 멀리 그대가 보여
이제 나의 손을 잡아보아요
우리의 몸이 떠오르는 것을 느끼죠
자유롭게 저 하늘을
날아가도 놀라지 말아요
우리 앞에 펼쳐질 세상이
너무나 소중해 함께 있다면"
그 겨울의 찻집,"2,717",손태진,"바람 속으로 걸어갔어요
이른 아침의 그 찻집
마른 꽃 걸린 창가에 앉아
외로움을 마셔요
아름다운 죄
사랑 때문에
홀로 지샌 긴 밤이여
뜨거운 이름 가슴에 두면
왜 한숨이 나는 걸까
아 웃고 있어도 눈물이 난다
그대 나의 사랑아
아름다운 죄
사랑 때문에
홀로 지샌 긴 밤이여
뜨거운 이름 가슴에 두면
왜 한숨이 나는 걸까
아 웃고 있어도 눈물이 난다
그대 나의 사랑아
그대 나의 사랑아"
고맙소,"1,884",양지은,"이 나이 먹도록 세상을 잘 모르나 보다
진심을 다해도 나에게 상처를 주네
이 나이 먹도록 사람을 잘 모르나 보다
사람은 보여도 마음은 보이지 않아
이 나이 되어서 그래도 당신을 만나서
고맙소 고맙소 늘 사랑하오
술 취한 그날 밤 손등에 눈물을 떨굴 때
내 손을 감싸며 괜찮아 울어준 사람
세상이 등져도 나라서 함께 할거라고
등뒤에 번지던 눈물이 참 뜨거웠소
이 나이 되어서 그래도 당신을 만나서
고맙소 고맙소 늘 사랑하오
못난 나를 만나서
긴 세월 고생만 시킨 사람
이런 사람이라서 미안하고 아픈 사람
나 당신을 위해 살아가겠소
남겨진 세월도 함께 갑시다
고맙소 고맙소 늘 사랑하오"
부산 갈매기,"1,632",문성재,"지금은 그 어디서
내 생각 잊었는가
꽃처럼 어여쁜 그이름도
고왔던 순이 순이야
파도치는 부두가에
지나간 일들이 가슴에 남았는데
부산 갈매기 부산 갈매기
너는 정녕 나를 잊었나

지금은 그어디서
내 모습 잊었는가
꽃처럼 어여쁜 그이름도
고왔던 순이 순이야
그리움이 물결치면
오늘도 못잊어 내이름 부르는데
부산 갈매기 부산 갈매기
너는 벌써 나를 잊었나
부산 갈매기 부산 갈매기
너는 벌써 나를 잊었나"
이정표,649,진욱,"맴돌다 가는 사랑처럼
맴돌다 가는 인생처럼
돌고 도는 쳇바퀴처럼 헤매다
이정표 없는 거리만 떠도네
이제는 잊은 거겠죠
나 없이 살고 있겠죠
난 너 없이 살 수 없는데
갈 곳을 잃은 새처럼
외로운 마음 달랠 길 없어
쓸쓸한 이 밤 나 홀로 외로이
이정표 없는 거리만 떠도네

맴돌다 가는 사랑처럼
맴돌다 가는 인생처럼
돌고 도는 쳇바퀴처럼 헤매다
이정표 없는 거리만 떠도네
이제는 잊은 거겠죠
나 없이 살고 있겠죠
난 너 없이 살 수 없는데
갈 곳을 잃은 새처럼
외로운 마음 달랠 길 없어
쓸쓸한 이 밤 나 홀로 외로이
이정표 없는 거리만 떠도네
쓸쓸한 이 밤 나 홀로 외로이
이정표 없는 거리만 떠도네
이정표 없는 거리만 떠도네"
내 눈물속의 그대,"1,303",강승모,"가슴 가득한 그대는
내 눈물속에 철없는 그대를
사랑할수록 깊어갈수록
아픔으로만 내게 돌아오네요
소리낼수 없는 사랑이
가슴속에서 소리내어 울어요
돌이킬수 없는 사랑이
내안에 울고 있어
같은 추억으로 살지만
다른 세상에 살아가야 하네요
우린 서로 다른 길에서
두손을 놓지 못해
어떡하나요 이 사랑을
돌아갈 길을 난 몰라요
그대 없이는 난 안돼요
어떡하나요 이 사랑을
내 사랑을

소리낼수 없는 사랑이
가슴속에서 소리내어 울어요
돌이킬수 없는 사랑이
내안에 울고 있어
같은 추억으로 살지만
다른 세상에 살아가야 하네요
우린 서로 다른 길에서
두손을 놓지 못해
어떡하나요 이 사랑을
돌아갈 길을 난 몰라요
그대 없이는 난 안돼요
어떡하나요 이 사랑을
내 사랑을"
반창고,"3,515",장윤정,"느낌대로 느낌대로 나를
짜릿짜릿한 눈빛으로 나를
한 번 두 번 만나고 다시
헤어지는 사랑은 싫어
나를 정말 진심으로
안아줄 사람
반창고 그대가 나에게
반창고 그대가 나에게
아물도록 내 상처에
딱딱 붙어서어
반창고 그대가 나에게
반창고가 되어줘
외로움을 멈추게 해줘요
소맷 깃이 새하얀 그런 남자
살짝살짝 보일 때 섹시한 남자
내 가슴을 떨리게 만들고
한밤중에 그리운 남자
보고보고 자꾸 봐도
보고 싶은 사람
반창고 그대가 나에게
반창고 그대가 나에게
아물도록 내 상처에
딱딱 붙어서어
반창고 그대가 나에게
반창고가 되어줘
외로움을 멈추게 해줘요
반창고 그대가 나에게
반창고가 되어줘
외로움을 멈추게 해줘요"
웃어버리자,552,조항조,"친구야 세월 참 빠르다
어느새 주름만 늘었네
자주 연락 못해서 미안하구나
그래 어떻게 지냈냐
늘 가던 그 선술집에서
우리 소주 한 잔 하세
사는게 그렇지 자네나 나나
제발 아프지만 말자
이보게 친구야 좀 웃어 보세
아무리 아무리 발버둥을 쳐봐도
어느 누구 하나 손 내밀지 않지만
그냥 그냥 웃어버리자
여전히 참 듬직하구나
자네가 학교 짱 이였지
그것만 믿고 나 개구졌었지
하하 웃음만 나오네
이보게 친구야 좀 웃어 보세
아무리 아무리 발버둥을 쳐봐도
어느 누구 하나 손 내밀지 않지만
그냥 그냥 웃어버리자
고개 들어 어깨를 쫙 펴고
우리 우리 건배나 하세
이보게 친구야 좀 살아보니
아무리 아무리 잘난 척을 해봐도
우리네 인생 빈손으로 가는 걸
그냥 그냥 웃어버리자 허허"
사랑의 트위스트,"2,489",설운도,"학창시절에 함께 추었던
잊지 못할 샹하이 트위스트
나팔바지에 빵집을 누비던
추억속의 사랑의 트위스트
샹하이 샹하이 샹하이
트위스트 추면서
난생처음 그녀를 알았고
샹하이 샹하이 샹하이
트위스트 추면서
온 동네를 주름 잡았던
사랑했던 모든 사람들
잊지 못할 추억의 트위스트
그녀와 함께 신나게 추던
잊지 못할 샹하이 트위스트
단발머리에 미소가 예뻤던
추억속의 사랑의 트위스트
샹하이 샹하이 샹하이
트위스트 추면서
난생처음 그녀를 알았고
샹하이 샹하이 샹하이
트위스트 추면서
그녀에게 빠져버렸던
터질것만 같은 이 가슴
잊지못할 사랑의트위스트
잊지못할 사랑의트위스트"
빈지게,"16,279",임영웅,"바람속으로 걸어왔어요
지난날의 나의 청춘아
비틀거리며 걸어 왔어요
지난날의 사랑아
돌아보면 흔적도 없는
인생길은 빈 술잔
빈지게만 덜렁 매고서
내가 여기 서있네
아 나의 청춘아
아 나의 사랑아
무슨 미련 남아 있겠니
빈지게를 내려놓고
취하고 싶다
술아 내 맘 알겠지
바람속으로 걸어왔어요
지난날의 나의 청춘아
비틀거리며 걸어 왔어요
지난날의 사랑아
돌아보면 흔적도 없는
인생길은 빈 술잔
빈지게만 덜렁 매고서
내가 여기 서있네
아 나의 청춘아
아 나의 사랑아
무슨 미련 남아 있겠니
빈지게를 내려놓고
취하고 싶다
술아 내 맘 알겠지
빈지게를 내려놓고
취하고 싶다
술아 내 맘 알겠지"
님이여,852,황민호,"님이여 님이시여
기여이 가시나요
뒷산에 접동새가
여태도록 우는데
가시면 떠나시면
어쩌라 어쩌라고
아니되오 못 가오
나를 두고 못 가오
이 사람 다 주기 전에
살아가는 오늘 또 내일이
님의 향기 뿐인데
님이여 님이시여
차라리 죽으려오
님이 없는 세상은
온통 암흑천지요
내 사모하는 님이여
아 내 님이여"
님의 등불,525,진성,"동쪽에서 부는바람 님에 옷깃 스칠라
서쪽에서 부는바람 님에 살갗 스칠라
하나밖에 없는 내님이여
누가볼까 두렵소
장독뒤에 숨길까
이내 등 뒤에 숨길까
세찬 비바람 불어도
거센 눈 보라가 닥쳐도
나는 영원한 당신의 등불이 되리라
세월 따라 변하는게 님의 얼굴이더냐
강물처럼 흘러가는
가는 세월 야속하오
내 영혼을 심어
사랑한 님 누가 볼까 두렵소
장독뒤에 숨길까
이내 등 뒤에 숨길까
세찬 비바람 불어도
거센 눈보라가 닥쳐도
나는 영원한 당신의 등불이 되리라
장독뒤에 숨길까 이내 등 뒤에숨길까
세찬 비바람 불어도
거센 눈보라가 닥쳐도
나는 영원한 당신의 등불이 되리라"
이제 나만 믿어요,"17,697",임영웅,"무얼 믿은 걸까 부족했던 내게서
나조차 못 믿던 내게 여태 머문 사람
무얼 봤던 걸까 가진 것도 없던 내게
무작정 내 손을 잡아 날 이끈 사람
최고였어
그대 눈 속에 비친 내 모습
이제는 내게서 그댈 비춰줄게
궂은 비가 오면
세상 가장 큰 그대 우산이 될게
그댄 편히 걸어가요
걷다가 지치면
내가 그대를 안고 어디든 갈게
이제 나만 믿어요
나만 두고 가던
나만 스쳐 간 행운이 모여
그대가 되어서 내게 와준 거야
궂은 비가 오면
세상 가장 큰 그대 우산이 될게
그댄 편히 걸어가요
걷다가 지치면
내가 그대를 안고 어디든 갈게
이제 나만 믿어요
나의 마지막 주인공이 되어
다신 누구 앞에서도
그대는 고개 숙이지 마요
내가 보지 못했던 홀로 고단했던 시간
고맙고 미안해요 사랑해요
이 세상은
우리를 두고 오랜 장난을 했고
우린 속지 않은 거야
이제 울지 마요
좋을 땐 밤새도록 맘껏 웃어요
전부 그대 꺼니까
그대는 걱정 말아요
이제 나만 믿어요"
자갈치 아지매,864,이혜리,"흥남 부두 돌아 돌아
국제시장 돌고 돌아
소리내어 울었네 소리내어 불렀네
당신을 찾아 헤맸네
반짝반짝 반짝이는
항구의 작은 별들아
우리 엄마 계신곳까지
나를 나를 데려가다오
영도다리 난간위에서
남포동 뒷골목에서
자갈치 아지매가
목놓아 부르는 이름
엄마 엄마 엄마를 찾는
자갈치 아지매
흥남 부두 돌아 돌아
국제시장 돌고 돌아
소리내어 울었네 소리내어 불렀네
당신을 찾아 헤맸네
반짝반짝 반짝이는
항구의 작은 별들아
우리 엄마 계신곳까지
나를 나를 데려가다오
영도다리 난간위에서
남포동 뒷골목에서
자갈치 아지매가
목놓아 부르는 이름
엄마 엄마 엄마를 찾는
자갈치 아지매
영도다리 난간위에서
남포동 뒷골목에서
자갈치 아지매가
목놓아 부르는 이름
엄마 엄마 엄마를 찾는
자갈치 아지매 자갈치 아지매"
"미안해, 사랑해, 고마워",905,조항조,"참 많이 싸웠소

우리만남을 어찌하오

늘 함께 할 줄 알고 못 해준것을 용서하오

이제와 당신이 없는 내 인생이

무슨 의미가 있겟소



정말 미안하오

한번도 잘 해주지 못한것같아

그저 앞만보고 달려온 탓에

내가 정말 무심했구려

용서하오

이 못난 사람을 그래도 내 마음만은 알아주오



누굴 탓하오리오

모진 세월 주름만 깊어

자식 걱정 이 몸생각에 당신도 이제 지쳤구려

고마워요 당신이 있어

우리 사랑을 모두 지킬 수 있었소



정말 미안하오

한번도 잘 해주지 못한것같아

그저 앞만보고 달려온 탓에

내가 정말 무심했구려

용서하오

이 못난 사람을 그래도 내 마음만은 알아주오



사랑하오 이 못난사람이

그래도 내 마음만은 알아주오"
사공,911,박성온,"건너마을 큰애기 아니냐
혼자서 어딜 가느냐
봇짐에 담긴 꿈을
알 것 같구나
더는 묻지 않으마
어야디야 어야디야
노를 저어라
이 강을 건너야 한다
홀로 계신 아버지
더 늙기 전에
언젠가 돌아오거라
어야디어 어기야디어
이 강을 건너야 한다
재너머 아지매 아이요
추운 날에 어딜 갑니까
따님이 손주를 낳았다더니
그 몸으로 돌보러 갑니까
어야디야 어야디야
노를 저어라
이 강을 건너야 한다
손주 얼굴 눈에다
가득 담고서
허리를 쭉 펴고 오소
어야디야 어야디야
노를 저어라
이 강을 건너야 한다
자욱한 안개속 저편 세상에
이 배는 닿아야 한다
이 강을 건너야 한다"
찔레꽃피면,175,김산하,"어 어매요 기다리오
물 한 잔 떠올터니
새벽녘 운 기침 소리
베갯잎을 적신다

잠 없는 풀벌레가
내 흉보듯 울어대도
뭐라 참 할 말 없구나

어매요 내가 당신 자식이요
내 보고 살아가오
고운 옷 넣어두고
찔레꽃 피면 가소

첫눈이 한 산이요
내 꼭 바래다줄 테니
서둘러 갈 생각 마오

어매요 내가 당신 자식이요
내 보고 살아가오-
내 마음을 어찌 어찌 벌하리오
이렇게 날 떠나시면-

어매 내 보고 사오
찔레꽃 피면 가소
찔레꽃 피면 가소"
영일만 친구,"1,488",최백호,"바닷가에서 오두막집을 짓고
사는 어릴 적 내 친구
푸른 파도 마시며 넓은 바다의
아침을 맞는다
누가 뭐래도 나의 친구는
바다가 고향이란다
갈매기 나래 위에
시를 적어 띄우는
젊은 날 뛰는 가슴 안고
수평선까지 달려나가는
돛을 높이 올리자 거친 바다를
달려라 영일만 친구야
갈매기 나래 위에
시를 적어 띄우는
젊은 날 뛰는 가슴 안고
수평선까지 달려나가는
돛을 높이 올리자 거친 바다를
달려라 영일만 친구야
영일만 친구야"
사랑병,348,조항조,"어쩌다 당신과 나 인연이 되어
서로 좋아 사랑 하고
못 다한 사랑 가슴에 안고
헤어져야 했던가요
기억하지 말아요 슬픈 지난 얘기는
아무 말도 말아요
그렇게 그렇게 세월이 가면
언젠가는 잊혀지겠죠
당신을 사랑한게 잘 못한거죠
사랑한게 잘 못한거죠
내가 또 울먹이면 당신이 놀랄까봐
아무말도 난 못했죠
시린 가슴을 혼자 여미고
돌아선게 잘 한거죠
사랑하다 헤어져 상처 받은 남자가
어디 나 뿐인가요
그렇게 그렇게 세월이 가면
언젠가는 지워지겠죠
사랑도 잘 못하면 병이 되네요
병이 되고 말았네요
병이 되고 말았네요"
시집갑니다,417,홍지윤,"나 오늘 시집갑니다
봄 바람 같은 드레스 입고
꽃들로 펼쳐진 길
사뿐히 걸어갑니다

아아 저기 저기 우시는 우리 아버지
눈물도 모르신 분이
이렇게 좋은 날인데
울기는 왜 우시나요

울지 마세요 잘살 거예요
당신의 딸이니까요
나 오늘 시집가는데
눈물 범벅이 됐어요

나 오늘 시집갑니다
운명 같은 사람을 만나
꿈꾸듯 펼쳐진 길
은은히 걸어갑니다

아아 저기 저기 우시는 우리 어머니
내색도 않으신 분이
이렇게 좋은 날인데
울기는 왜 우시나요

울지 마세요 잘살 거예요
당신의 딸이니까요
나 오늘 시집가는데
눈물 범벅이 됐어요

눈물 범벅이 됐어요 아아 아아

눈물 범벅이 됐어요"
손가락하트 (Finger Heart),"3,737",노지훈,"손가락하트 하트 하트
내 맘을 받아주세요
하트 하트 하트
작지만 진심이에요
엄지 엄지 엄지 엄지 검지 만나
사랑을 이루니
아 아 손가락하트
가까이 있었는데 왜 몰랐나
옆에 두고 딴사람을 왜 찾았나
아 등잔 밑이 어두웠나
이제는 내가 먼저 말해야지
옆에 있는 이 사람을 몰랐어요
아 당신 당신 내 거예요 예
손가락하트 하트 하트
내 맘을 받아주세요
하트 하트 하트
작지만 진심이에요
엄지 엄지 엄지 엄지 검지 만나
사랑을 이루니
아 아 손가락하트
가까이 있었는데 왜 몰랐나
옆에 두고 딴사람을 왜 찾았나
아 등잔 밑이 어두웠나
이제는 내가 먼저 말해야지
옆에 있는 이 사람을 몰랐어요
아 당신 당신 내 거예요 예
손가락하트 하트 하트
내 맘을 받아주세요
하트 하트 하트
작지만 진심이에요
엄지 엄지 엄지 엄지 검지 만나
사랑을 이루니
아 아 손가락하트
엄지 엄지 엄지 엄지 검지 만나
사랑을 이루니
아아아 아아아아 손가락하트"
아버지의 강,"1,589",김태연,"아 저녁바람에 억새 울고
강 기슭에 물새 울면
어디선가 들려오는
아버지의 뱃노래
사랑 하나로 날 키우시고
뱃노래 불러 날 재우셨던
아 아버지 불러봐도 대답 없이
흐르는 저 강은
아버지의 강이여
저 강 건너 나룻터에
물새 한 마리 슬피 울면
강바람에 검게 타신
아버지가 그리워
사랑 하나로 날 키우시고
뱃노래 불러 날 재우셨던
아 아버지 불러봐도 대답 없이
흐르는 저 강은
아버지의 강이여
아 아버지 불러봐도 대답 없이
흐르는 저 강은
아버지의 강이여
아버지의 강이여"
쓰리랑,123,강혜연,"아리 아리 아리랑
쓰리 쓰리 쓰리랑
아리 아리 쓰리 쓰리 넘어간다
아리랑 고개를 쓰리랑 고개를 넘어간다

노래하세 노래하세 모두 모여
꾀꼬리 같은 노래 한 곡조 불러보세
두견새 소쩍새 원앙새 봉황새 소리로다
닐리리 노래하세

놀아보세 놀아보세 흥겨웁게
한 잔 술에 물탄 듯이 놀아보세
어제도 오늘도 내일도 모레도 같은 세월
둥글둥글 놀아보세

아리 아리 아리랑 (아리 아리 아리랑)
쓰리 쓰리 쓰리랑 (쓰리 쓰리 쓰리랑)
아리 아리 쓰리 쓰리 넘어간다
아리랑 고개를 쓰리랑 고개를 넘어간다

여보시오 여보시오 날 좀 보소
나를 두고 떠나가면 아니 되오
이 사람 저 사람 요 사람 그 사람 찾아봐도
내 님이 최고로다

안아주소 안아주소 안아줘요
동지섣달 저 달님이 무심하오
지성이면 감천이라 꽃이 피네
찰떡궁합 우리로다

아리 아리 아리랑 (아리 아리 아리랑)
쓰리 쓰리 쓰리랑 (쓰리 쓰리 쓰리랑)
아리 아리 쓰리 쓰리 넘어간다
아리랑 고개를 쓰리랑 고개를 넘어간다

아리 아리 내 사랑 (아리 아리 내 사랑)
쓰리 쓰리 내 사랑 (쓰리 쓰리 내 사랑)
날 두고 떠나면
십리도 못가서 돌아와요
내 사랑 아리쓰리

아리 아리 아리랑 (아리 아리 아리랑)
쓰리 쓰리 쓰리랑 (쓰리 쓰리 쓰리랑)
아리 아리 쓰리 쓰리 넘어간다
아리랑 고개를 쓰리랑 고개를~
못 넘어간다"
목포의 눈물,84,신미래,"사공의 뱃노래
가물거리면

삼학도 파도 깊이
숨어드는데

부두의 새악시
아롱 젖은 옷자락

이별의 눈물이냐
목포의 설움

삼백년 원한 품은
노적봉 밑에

님 자취 완연하다
애달픈 정조

유달산 바람도
영산강을 안으니

님 그려 우는 마음
목포의 노래"
초연,"1,510",김연숙,"먼 산 부엉이
밤새워 울어대고
앞내 물소리
가슴을 적실때
나는 사랑이
무언줄 알았네
그러나 당신은
나를두고 어딜갔나
아 아 그대를 기다리네
돌아와요 내게 돌아와요
기다리는 내 사랑

나는 사랑이
무언줄 알았네
그러나 당신은
나를두고 어딜갔나
아 아 그대를 기다리네
돌아와요 내게 돌아와요
기다리는 내 사랑"
사랑..하시렵니까? (Prod. 유벤져스),"3,035",전유진,"사랑 사랑하시렵니까
나를 정말 정말로
사랑을 하다가 만다면
아니한 만 못합니다
열 손가락 깨물어서 안 아픈 사랑
안 아픈 사랑 없다는데
나는 아직 깨문 적 없어
그런데도 날 그런데도 날
사랑 사랑하시렵니까
좋아 좋아하시렵니까
한번 믿어 볼까요
사랑을 하다가 떠나면
내 마음에 상처랍니다
열 손가락 깨물어서 안 아픈 사랑
안 아픈 사랑 없다는데
나는 정말 자신이 없어
그런데도 날 그런데도 날
사랑 사랑하시렵니까
열 손가락 깨물어서 안 아픈 사랑
안 아픈 사랑 없다는데
나는 아직 깨문 적 없어
그런데도 날 그런데도 날
사랑 사랑하시렵니까
사랑 사랑하시렵니까"
외로운 술잔,389,송민준,"그대가 내게 남긴 건
차디찬 술잔과 눈물
이대로 아무 말 없이
아픔을 갖자
누구도 채울 수 없는
마음의 빈 잔과 같이
허공에 맴돌고 있네
사랑을 비워둔 채로
너는 내게 말했지
샘물이 되어달라고
너는 작은 돌이 되어
영원히 잠겨 있겠다고
그러나 덧없는 사랑
이별의 아쉬움만이
씁쓸한 술잔에 담겨
나를 울게 하네요
너는 내게 말했지
샘물이 되어달라고
너는 작은 돌이 되어
영원히 잠겨 있겠다고
그러나 덧없는 사랑
이별의 아쉬움만이
씁쓸한 술잔에 담겨
나를 울게 하네요"
아버지와 딸,"13,662",임영웅,"내가 태어나서
두 번째로 배운 이름 아버지
가끔씩은 잊었다가 찾는 그 이름
우리 엄마 가슴을 아프게도 한 이름
그래 그래도 사랑하는 아버지
세상 벽에 부딪혀
내가 길을 잃을 땐
우리 집 앞에 마음을 매달고
힘을 내서 오라고
집 잘 찾아오라고
밤새도록 기다리던 아버지
내가 시집가던 날
눈시울을 붉히며
잘 살아라 하시던 아버지
사랑합니다 우리 아버지
내가 처음 너를 만났던 그날 아침은
산까치가 너 가 왔다고 알려 주었지
너만 보면 온갖 시름
모두 모두 다 잊고
힘든 세상을 헤엄칠 수 있었지
공든 탑을 쌓듯이 소중하게 키워 온
사랑하는 딸아 내 딸아
징검다리 놓듯이 아낌없이 모아온
내 사랑을 꼭 안고 살아라
네가 시집가던 날 아쉽고도 기쁜게
아버지의 마음 이였단다
사랑한다 예쁜 내 딸아
아무리 바빠도 얼굴 한번 봅시다
만나서 차 한 잔 합시다
우리 사랑을 가슴에 담고서"
사랑이 이런건가요,990,에녹,"사랑이 이런 건가요
가슴이 떨려오네요
나 그대 생각하면은
자꾸만 가슴이 뛰네요
어쩌다 이렇게 멋진
그대를 만나게 됐는지
아무리 생각해도 난
행운의 남자인가 봐
난 이제 하루하루가
그대 있어 너무 행복해
그 깊은 사랑에 빠져
도대체 헤어 나올 수가 없어
사랑이 이런 건가요
가슴이 떨려오네요
나 그대 생각하면은
자꾸만 가슴이 뛰네요
난 이제 하루하루가
그대 있어 너무 행복해
그 깊은 사랑에 빠져
도대체 헤어 나올 수가 없어
사랑이 이런 건가요
가슴이 떨려오네요
나 그대 생각하면은
자꾸만 가슴이 뛰네요
나 그대 생각하면은
자꾸만 가슴이 뛰네요"
초혼,"20,144",김호중,"살아서는 갖지 못하는
그런 이름 하나 때문에
그리운 맘 눈물 속에
난 띄워 보낼 뿐이죠
스치듯 보낼 사람이
어쩌다 내게 들어와
장미의 가시로 남아서
날 아프게 지켜보네요
따라가면 만날 수 있나
멀고 먼 세상 끝까지
그대라면 어디라도
난 그저 행복할 테니
살아서는 갖지 못하는
그런 이름 하나 때문에
그리운 맘 눈물 속에
난 띄워 보낼 뿐이죠
스치듯 보낼 사람이
어쩌다 내게 들어와
장미의 가시로 남아서
날 아프게 지켜보네요
따라가면 만날 수 있나
멀고 먼 세상 끝까지
그대라면 어디라도
난 그저 행복할 테니
난 너무 행복할 테니"
옆집오빠,"4,294",붐,"옆집 오빠랍니다
몸매도 스타일도 짱인
알고 보면 속도 깊고
자상한 남자랍니다
심심하다면 와요
집에 놀러 와요
빵빵 웃겨 줄게요
답답할 때면 와요
사이다가 되어
막힌 가슴 뚫어 줄게
날 보러 와요
보고 싶을 때
날 보러 와요
오빠가 생각날 땐 언제든
옆집 오빠랍니다
몸매도 스타일도 짱인
알고 보면 속도 깊고
자상한 남자랍니다
뭐든 안되면 와요
오빠 손은 금손
뚝딱 해결해줄게
힘이 들 때면 와요
아무 때나 좋아
내가 토닥토닥 할게
날 보러 와요
보고 싶을 땐
날 보러 와요
오빠가 생각날 땐 언제든
옆집 오빠랍니다
몸매도 스타일도 짱인
알고 보면 속도 깊고
자상한 남자랍니다
좋은 오빠랍니다
재밌고 매너 좋은 남자
센스 하나 끝내주는
옆집 오빠랍니다
다 주고 싶어
전부 주고 싶어
당신 향한 내 마음
나에게 와요
지금 당장 와요
내가 아껴 줄게요
멋진 오빠랍니다
끝까지 변치 않을 남자
한 여자만 사랑하는
당신의 남자랍니다
옆집 오빠랍니다"
사랑의 여왕,"2,878",홍지윤,"별빛 쏟아지는 구름에 앉아
한 잔 술을 마셔요
권커니 잣거니 따라 따라요 오호호호
알쏭달쏭 정말 알쏭달쏭해
날 보는 눈빛
마음 주고 정 주는 당신이 난 좋아요
사랑아 취하지 마 아직 아니야
한 송이 두 송이 꺾어봐 내 꽃을
나는 사랑의 여왕
당신만 사랑할까 봐
난리 났네 난리 났어
나의 가슴에 불 질렀네
나는 여왕처럼 사랑의 여왕처럼
드레스를 휘날리며 밤새도록
나 춤출까 나
달빛 아래 우리 둘이 단둘이
사랑 노랠 불러요
주거니 받거니 뚜루 뚜루루 오호호호
알콩달콩 정말 알콩달콩해
날 보는 눈빛
마음 주고 정 주는 당신이 난 좋아요
사랑아 취하지 마 아직 아니야
한 송이 두 송이 꺾어봐 내 꽃을
나는 사랑의 여왕
당신만 사랑할까 봐
난리 났네 난리 났어
나의 가슴에 불 질렀네
나는 여왕처럼 사랑의 여왕처럼
드레스를 휘날리며 밤새도록
나 춤출까 나
사랑의 여왕"
천년학 (Long version),255,김용임,"님 만나러 가는 길이 가시밭 길이라도
당신이면 마다 않고 저 세상도 따르겠네
무거워진 발걸음도 새털같고
칠흑같은 밤중에도 대낮 같은데
아아아~ 아아아~ 그 님은 어디 있나
하루를 천년같이 찾아 헤매이는
애달픈 한 사람의 음음음~ 천년학 사연
(간주중)
밤을 새워 산까치는 눈물로 지새는데
그님은 소식 없고 긴 한슴만 쌓여가네
무거워진 발걸음도 새털같고
칠흑같은 밤중에도 대낮 같은데
아아아~ 아아아~ 그 님은 어디 있나
하루를 천년같이 찾아 헤매이는
애달픈 한 사람의 음음음음~ 천년학 사연
애달픈 한 사람의 음음음음~ 천년학 사연"
화양연화,"1,268",홍자,"그대여 어디로 가시나요
언제쯤 오시는가요
그대여 서로가 외로울 때
만나선 안 되는가요 헛된 바람인가요
사랑하는데 왜 말을 못 해
말을 못 해 왜 이래야 해
스쳐가는 게 더 아파오네
이제는 참을 수 없네
그 사람은 그 사람은
꿈에서만 안길 수 있고
꿈에서만 사랑한다고
말할 수 있는 사람입니다
사랑하는데 왜 말을 못 해
말을 못 해 왜 이래야 해
스쳐가는 게 더 아파오네
이제는 참을 수 없네
그 사람은 그 사람은
꿈에서만 안길 수 있고
꿈에서만 사랑한다고
말할 수 있는 사람입니다
이 사람은 이 사람은
그 사람을 갖기 위해서
운명마저 비껴가 버릴
그대만 아는 사람입니다
사랑에 미친 사람입니다
사랑에 미친 사람입니다"
그날들,"19,593",임영웅,"그대를 생각하는 것만으로
그대를 바라볼 수 있는 것만으로
그대의 음성을 듣는 것만으로도
기쁨을 느낄 수 있었던 그날들
그대는 기억조차 못하겠지만
이렇듯 소식조차 알 수 없지만
그대의 이름을 부르는 것만으로도
눈물이 흐르곤 했었던 그날들
잊어야 한다면 잊혀지면 좋겠어
부질없는 아픔과 이별할 수 있도록
잊어야 한다면 잊혀지면 좋겠어
다시 돌아올 수 없는 그대를
잊어야 한다면 잊혀지면 좋겠어
부질없는 아픔과 이별할 수 있도록
잊어야 한다면 잊혀지면 좋겠어
다시 돌아올 수 없는 그대를
잊어야 한다면 잊혀지면 좋겠어
부질없는 아픔과 이별할 수 있도록
잊어야 한다면 잊혀지면 좋겠어
다시 돌아올 수 없는 그대를
잊어야 한다면 잊혀지면 좋겠어
부질없는 아픔과 이별할 수 있도록
잊어야 한다면 잊혀지면 좋겠어
다시 돌아올 수 없는 그대를
그대를 생각하는 것만으로
그대를 바라볼 수 있는 것만으로
그대의 음성을 듣는 것만으로도
기쁨을 느낄 수 있었던 그날들
그렇듯 사랑했던 것만으로
그렇듯 아파해야 했던 것만으로
그 추억 속에서 침묵해야만 하는
다시 돌아올 수 없는 그날들"
영영,"1,223",최수호,"잊으라 했는데
잊어 달라 했는데
그런데도 아직 난
너를 잊지 못하네
어떻게 잊을까
어찌 하면 좋을까
세월 가도 아직 난
너를 못 잊어 하네
아직 나는 너를 사랑하고 있나 봐
아마 나는 너를
잊을 수가 없나 봐
영원히 영원히
내가 사는 날까지
아니 내가 죽어도
영영 못 잊을 거야
아직 나는 너를
사랑하고 있나봐
아직 나는 너를 사랑하고 있나봐
아마 나는 너를
잊을 수가 없나봐
영원히 영원히
내가 사는 날까지
아니 내가 죽어도
영영 못 잊을 거야
아니 내가 죽어도
영영 못 잊을 거야"
어디서 무엇이 되어 다시 만나랴,"1,348",유심초,"저렇게 많은 별들중에
별하나가 나를 내려본다
이렇게 많은 사람중에
그 별 하나를 쳐다본다
밤이 깊을수록 별은
밝음속에 사라지고
나는 어둠속으로 사라진다
이렇게 정다운 너하나 나하나는
어디서 무엇이 되어 다시 만나랴
너를 생각하면 문득
떠오르는 꽃한송이
나는 꽃잎에 숨어서 기다리리
이렇게 정다운 너하나 나하나는
나비와 꽃송이 되어 다시 만나자

밤이 깊을수록 별은
밝음속에 사라지고
나는 어둠속으로 사라진다
이렇게 정다운 너하나 나하나는
어디서 무엇이 되어 다시 만나랴
너를 생각하면 문득
떠오르는 꽃한송이
나는 꽃잎에 숨어서 기다리리
이렇게 정다운 너하나 나하나는
나비와 꽃송이 되어 다시만나자"
걱정 붙들어 매,655,정미애,"걱정 붙들어 매
떠나간 사랑에 미련 갖지 마
운명이 아닌 거야
다른 사랑 찾아올 거야
세상은 말을 하지 힘들 거라고
조용히 남은 인생 쉽게 살라고
세상이 두려워도 이겨낸다면
그 모든 순간들이 예술인 거야
마음이 이끌리는 대로 가
인생에 정답이란 없잖아
아무런 고민하지 말고 가
가슴에 맡겨봐
걱정 붙들어 매
지나간 인생에 매달리지 마
일백 번 넘어져도 괜찮아 상관없어
남은 인생이 있잖아
걱정 붙들어 매
떠나간 사랑에 미련 갖지 마
운명이 아닌 거야
다른 사랑 찾아올 거야
사랑이 말을 하지 부질없다고
이별이 다가오면 아플 거라고
아픔을 이겨내고 뒤돌아보면
그 모든 순간들이 추억인 거야
마음이 이끌리는 대로 가
인생에 정답이란 없잖아
아무런 고민하지 말고 가
가슴에 맡겨봐
걱정 붙들어 매
지나간 인생에 매달리지 마
일백 번 넘어져도 괜찮아 상관없어
남은 인생이 있잖아
걱정 붙들어 매
떠나간 사랑에 미련 갖지 마
운명이 아닌 거야
다른 사랑 찾아올 거야
인생은 오늘이 처음처럼
사랑은 내일이 엔딩처럼
멋대로 멋지게 사는 거야
걱정 붙들어 매"
그대라는 꽃,378,신승태,"얼마나 왔을까
뒤돌아 서보니
지나온 청춘이 보이네
기쁨과 슬픔에 만남과 이별에
울고 웃었던 인생길
굽어진 오솔길도
비탈진 언덕길도
걸음걸음마다
꿈을 꾸던 그대여
아 아
말없이 흐르는 강물 속에
근심 걱정
미련 없이 훌훌 벗어 던지고
아 아
끝없이 돌고 도는 계절처럼
다시 한번
새롭게 피어나리
그대라는 꽃
그저 앞만 보고
걷고 또 걸었던
외롭고 고단한 이 길에
평생의 친구와 인생의 노래를
만난 건 행운이었네
비 내리는 여름날도
얼어붙은 겨울날도
우릴 피워 내는
시간이라 나는 믿네
아 아
말없이 흐르는 강물 속에
근심 걱정
미련 없이 훌훌 벗어던지고
아 아
끝없이 돌고 도는 계절처럼
다시 한번
새롭게 피어나리
그대라는 꽃
아 아
말없이 흐르는 강물처럼
속절없이
야속한 세월은 흘러가도
아 아
끝없이 돌고 도는 계절처럼
영원토록
찬란히 피어나리
그대라는 꽃"
빈 지게,762,진해성,"바람 속으로 걸어왔어요
지난날의 나의 청춘아
비틀거리며 걸어왔어요
지난날의 사랑아
돌아보면 흔적도 없는
인생길은 빈 술잔
빈 지게만 덜렁 매고서
내가 여기 서 있네
아 나의 청춘아
아 나의 사랑아
무슨 미련 남아 있겠니
빈 지게를 내려놓고 취하고 싶다
술아 내 맘 알겠지

바람 속으로 걸어왔어요
지난날의 나의 청춘아
비틀거리며 걸어왔어요
지난날의 사랑아
돌아보면 흔적도 없는
인생길은 빈 술잔
빈 지게만 덜렁 매고서
내가 여기 서 있네
아 나의 청춘아
아 나의 사랑아
무슨 미련 남아 있겠니
빈 지게를 내려놓고 취하고 싶다
술아 내 맘 알겠지
빈 지게를 내려놓고 취하고 싶다
술아 내 맘 알겠지"
꽃당신,"1,018",나훈아,"천만번 불러 봐도
부르고 싶은 이름
내 마음을 뺏아버린
그대 이름은 꽃 당신
내가 힘들고 지칠 때면
꼭 안아 주면서
향기로운 꽃 입술로
힘내라던 그대 꽃 당신
보석 같은 그대 사랑
보기도 아까운 사람
꽃 당신 꽃 당신
내 사랑 내 사랑
그대 숨결 난 느껴요
당신은 정말 꽃 보다
아름다운 내 사랑
그대 이름은 꽃 당신
천년이 흘러가도
생각날 그 이름
내 가슴에 새겨놓은
그대 이름은 꽃 당신
내가 힘들고 지칠 때면
꼭 안아 주면서
향기로운 꽃 입술로
힘내라던 그대 꽃 당신
보석 같은 그대 사랑
보기도 아까운 사람
꽃 당신 꽃 당신
내 사랑 내 사랑
그대 숨결 난 느껴요
당신은 정말 꽃보다
아름다운 내 사랑
그대 이름은 꽃 당신
당신은 정말 꽃보다
아름다운 내 사랑
그대 이름은 꽃 당신
꽃 당신 꽃 당신"
천년바위,162,마리아,"동녘 저편에 먼동이 트면
철새처럼 떠나리라
세상 어딘가 마음 줄 곳을
집시 되어 찾으리라
생은 무엇인가요
삶은 무엇인가요
부질없는 욕심으로
살아야만 하나
서산 저 너머 해가 기울면
접으리라 날개를
내가 숨 쉬고 내가 있는 곳
기쁨으로 밝히리라
생은 무엇인가요
삶은 무엇인가요
부질없는 욕심으로
살아야만 하나
이제는 아무것도 그리워 말자
생각을 하지 말자
세월이 오가는 길목에 서서
천년바위 되리라
천년바위 되리라"
님과 함께,"2,297",남진,"저 푸른 초원 위에 그림 같은 집을 짓고
사랑하는 우리 님과 한 백년 살고 싶어
봄이면 씨앗 뿌려 여름이면 꽃이 피네
가을이면 풍년되어 겨울이면 행복하네

멋쟁이 높은빌딩 으시대지만
유행따라 사는것도 제멋이지만
반딧불 초가집도 님과 함께면
나는 좋아 나는 좋아 님과 함께면
님과 함께 같이 산다면

저 푸른 초원 위에 그림 같은 집을 짓고
사랑하는 우리 님과 한 백년 살고 싶어

멋쟁이 높은빌딩 으시대지만
유행따라 사는것도 제멋이지만
반딧불 초가집도 님과 함께면
나는 좋아 나는 좋아 님과 함께면
님과 함께 같이 산다면

저 푸른 초원 위에 그림 같은 집을 짓고
사랑하는 우리 님과 한 백년 살고 싶어 -"
사랑을 위하여,"1,924",김종환,"이른 아침에 잠에서 깨어
너를 바라볼 수 있다면
물안개 피는 강가에 서서
작은 미소로 너를 부르리
하루를 살아도
행복할 수 있다면
나는 그 길을 택하고 싶다
세상이 우리를 힘들게 하여도
우리들은 변하지 않아
너를 사랑하기에
저 하늘끝에
마지막 남은 진실 하나로
오래 두어도
진정 변하지 않는
사랑으로 남게 해주오

내가 아플 때보다
네가 아파할 때가
내 가슴을 철들게 했고
너의 사랑 앞에
나는 옷을 벗었다
거짓의 옷을 벗어버렸다
너를 사랑하기에
저 하늘 끝에
마지막 남은 진실하나로
오래 두어도 진정 변하지 않는
사랑으로 남게 해주오
너를 사랑하기에 저 하늘 끝에
마지막 남은 진실 하나로
오래 두어도 진정 변하지 않는
사랑으로 남게 해주오
사랑으로 남게 해주오"
천생연분,"32,630",임영웅,"너무 너무 예쁘다고 해도
너를 떠올리며 거절했지만
이번 한 번 뿐이라는걸 맹세해
약속을 정하고 그 날이왔어
신경써서 옷도 입고 머리도 하고
오랜만에 하는 소개팅에서
무슨 말을 할까 고민도 하고
널 만날때완 다른 느낌에
설레임을 안고 집을 나섰지
날씨도 좋고 기분도 좋고
아무튼 이래저래 좋았던거야
나를 믿고있는 너에게
정말 미안한 마음 뿐이야
이번 한 번만 용서해
십 분 정도 먼저 도착해서
어떤 여자일까 상상을했어
예뻤으면 키도 컸으면 좋겠어
혹시나 하고 주위를 살피고
흐르는 노래를 따라불렀어
드디어 내 친구의 모습보이고
난 수줍어 고개를 숙였여
국민학교 동창이란 친구얘기에
인사를 하려고 고개를 드니
내 앞에 있는건 다름아닌 너
황당한 나보다 더 당황하는 너
서로 믿고 있던 너와 나
그냥 맘껏 웃어 버렸어
서로 용서해 이번만
이래서 우리는 어쩔수가 없나봐
서로의 눈을 피해 만나보아도
결국엔 이렇게 우리 둘이서
또 만나게 되어있는 거잖아
이렇게 예쁜 너의 곁엔
이렇게 착한 내가 있었어
우리는 결코 헤어질 수 없어
영원히 사랑할 수 밖에 없어
그렇게 미안해 하지마
예쁜 추억을 만든것뿐야
너를 사랑해 영원히
난 너를 사랑해
난 너를 사랑해"
내게 애인이 생겼어요,764,진욱,"내게 애인이 생겼어요
너무 좋아 죽습니다
내가 사랑에 빠졌어요
자랑하고 싶다구요
난생 처음으로 향수도 뿌리고
핑크색 셔츠로 멋도 부리구요
교회도 가려구요
왜냐면 그녀가
기도하는 모습을 봤거든요
내게 애인이 생겼어요
꿈인가요 아닙니다
내가 사랑에 빠졌어요
아주 그냥 푹 빠졌어요
내게 애인이 생겼어요
엄마가 더 신났어요
내가 사랑에 빠졌어요
온 사방이 난리예요
난생 처음으로 무스도 바르고
물방울 넥타이로 멋도 부리구요
상상도 못했던 깜짝 이벤트로
멋지게 프로포즈 하려구요
내게 애인이 생겼어요
이제 나도 짝 있어요
내가 사랑에 빠졌어요
결혼까지 하려구요
올 가을에 하려구요
결혼식에 꼭 오세요"
곰배령,"15,790",임영웅,"바람마저 길을 잃으면 하늘에 닿는다
점봉산 마루 산새들도 쉬어가는 곳
곰배령은 말이 없는데
여인네 속치마 같은 능선을 허리에 감고
동자꽃 물봉선이 곱게도 피는 그날
사랑두고 님을 두고 그 누가 넘어가나
하늘고개 곰배령아
구불구불 산을 넘으면 하루가 다 간다
점봉산 마루 나그네도 길을 멈추면
곰배령의 구름이 되네
가엾이 떠돌아 가는 세월을 허리에 감고
산딸기 머루꽃이 곱게도 피는 그날
사랑두고 님을두고 그 누가 넘어가나
하늘고개 곰배령아"
가버린 당신,118,박혜신,"잊는다고 생각하면 또다시 당신생각
미웁다고 생각하면
오히려 웃던 그 얼굴
오지않을 사람인데 가버린 당신인데
기다려도 미워해도
모두가 부질없는데
사랑했던 그 순간들
이젠 모두 떠나가버린
한조각의 꿈인것을
왜 이렇게 잊지못할까
오지않을 사람인데 가버린 당신인데
기다려도 미워해도
모두가 부질없는데
사랑했던 그 순간들
이젠 모두 떠나가버린
한조각의 꿈인것을
왜 이렇게 잊지못할까
오지않을 사람인데 가버린 당신인데
기다려도 미워해도
모두가 부질없는데
모두가 부질없는데"
가시버시,320,나훈아,"난 당신을 사랑해
당신 전부를 사랑해
당신이 너무 좋아
당신 있으면 행복해
우리 껌딱지처럼 원앙새 짝처럼
우리 변치 말자 늘 푸른 소나무처럼
당신이 너무 좋아
하늘만큼 땅만큼
당신만을 사랑해
우린 영원한 가시버시

우리 노래 부르자 사랑의 하모니
우리 춤을 추자 꽃밭에 벌나비처럼
당신이 너무 좋아
하늘만큼 땅만큼
당신만을 사랑해
우린 영원한 가시버시
우린 영원한 가시버시"
당신을 사랑합니다,"1,308",유상록,"돌아오지 못한다면 가지마세요
이렇게 애원합니다
당신이 원한다면 그렇게 원한다면
차라리 내가갈게요
지키지도 못한약속 하지말아요
내가무슨 바보인가요
당신을 사랑해도 너무나 사랑해도
모든걸 잊어줄게요
그렇지만 당신밖에 몰랐던 나는 어떻게 살아 갑니까
가슴속에 당신밖에 채울수없는
이맘은어떻합니까
나는 당신을 당신을 사랑합니다

그렇지만 당신밖에 몰랐던 나는 어떻게살아갑니까
가슴속에 당신밖에 채울수없는
이맘은 어떻합니까
나는 당신을 당신을 사랑합니다
나는 당신을 당신을 사랑합니다"
여백,514,진욱,"얼굴이 잘생긴 사람은
늙어 가는 게 슬프겠지
아무리 화려한 옷을 입어도
저녁이면 벗게 되니까
내 손에 주름이 있는 건
길고 긴 내 인생에 훈장이고
마음에 주름이 있는 건
버리지 못한 욕심에 흔적
청춘은 붉은색도 아니고
사랑은 핑크빛도 아니더라
마음에 따라서 변하는
욕심 속 물감의 장난이지
그게 인생인 거야
전화기 충전은 잘 하면서
내 삶은 충전하지 못하고 사네
마음에 여백이 없어서
인생을 쫓기듯 그렸네
청춘은 붉은색도 아니고
사랑은 핑크빛도 아니더라
마음에 따라서 변하는
욕심 속 물감의 장난이지
그게 인생인 거야
전화기 충전은 잘 하면서
내 삶은 충전하지 못하고 사네
마음에 여백이 없어서
인생을 쫓기듯 그렸네
마지막 남은 나의 인생은
아름답게 피우리라"
철없던 사랑,119,두리 (DooRi),"철없는 마음으로 사랑을 나누었지
미움도 모르는 채 이별도 모르는 채

불타는 가슴으로 서로를 느끼면서
영원토록 향기로운 우리의 사랑이여

이별은 싫어 추억의 그림자가 너무 많아
그리워져요 철없던 우리 사랑이

내 사랑 그대 그대여 다시 한번 사랑해요
아름다워요 철없던 사랑이

이별은 싫어 추억의 그림자가 너무 많아
그리워져요 철없던 우리 사랑이

내 사랑 그대 그대여 다시 한번 사랑해요
아름다워요 철없던 사랑이

이별은 싫어 추억의 그림자가 너무 많아
그리워져요 철없던 우리 사랑이

내 사랑 그대 그대여 다시 한번 사랑해요
아름다워요 철없던 사랑이"
거문고야,729,최수호,"내 청춘이 못가게 붙잡아보자
오동잎 떨어진 달 밝은 밤에
너하고 나하고
이 밤이 가지 못하게 붙잡아보자
뚱따리뚱땅 뚱따리뚱땅 거문고야
내 청춘이 못가게 여섯줄을 퉁겨라
새파란 청춘 내 청춘을 어이 보내놓고
내가 너를 붙잡고 있으니
님이 생각난다 보고픈 내 님이
거문고야 여섯줄을 퉁겨라
달아나는 밤을 붙잡고 너를 붙잡고
뚱따리뚱땅 뚱따리뚱땅땅
오동잎 떨어진 달 밝은 밤에
너하고 나하고
이 밤이 못가게 붙잡아보자
내 청춘이 못가게 붙잡아보자
님이 생각난다 보고픈 내 님이
거문고야 여섯줄을 퉁겨라
달아나는 밤을 붙잡고 너를 붙잡고
뚱따리뚱땅 뚱따리뚱땅땅
오동잎 떨어진 달 밝은 밤에
너하고 나하고
이 밤이 못가게 붙잡아보자
내 청춘이 못가게 붙잡아보자"
쓰리랑+쾌지나 칭칭나네,123,오유진,"아리아리 아리랑 (아리아리 아리랑)
쓰리쓰리 쓰리랑 (쓰리쓰리 쓰리랑)
아리아리 쓰리쓰리 넘어간다
아리랑 고개를 쓰리랑 고개를 넘어간다
노래하세 노래하세 모두 모여 (모두 모여)
꾀꼬리 같은 노래 한 곡 불러보세 (불러보세)
두견새 서쪽새 원앙새 봉황새 소리로다
닐니리 노래하세
(얼쑤 좋다)

놀아보세 놀아보세 흥겨웁게
한잔 술에 물 탄 듯이 놀아보세
어제도 오늘도 내일도 모래도 같은 세월
둥글둥글 놀아보세
아리아리 아리랑 (아리아리 아리랑)
쓰리쓰리 쓰리랑 (쓰리 쓰리 쓰리랑)
아리아리 쓰리쓰리 넘어간다
아리랑 고개를 쓰리랑 고개를 넘어간다
쾌지나 칭칭나네 (쾌지나 칭칭나네)
쾌지나 칭칭나네 (쾌지나 칭칭나네)
날두고 떠나면 십리도 못가서 돌아와요
내 사랑 아리 쓰리
내 사랑 아
다시 만날 그 날을 (쾌지나 칭칭 나네)
우리는 고대하고 (쾌지나 칭칭 나네)
온 마음 다하여 (쾌지나 칭칭 나네)
박수 보내 드리오
쾌지나 칭칭 나네 (쾌지나 칭칭 나네)
쾌지나 칭칭 나네 (쾌지나 칭칭 나네)
쾌지나 칭칭 나네 (쾌지나 칭칭 나네)
쾌지나 칭칭 나네 (쾌지나 칭칭 나네)
쾌지나 칭칭 나네 (쾌지나 칭칭 나네)
쾌지나 칭칭 나네 (쾌지나 칭칭 나네)
쾌지나 칭칭 나네 (쾌지나 칭칭 나네)
쾌지나 칭칭 나네 (쾌지나 칭칭 나네)
쾌지나 쾌지나 쾌지나
칭칭 나네"
황홀한 고백,"2,177",윤수일,"네온이 불타는 거리
가로등 불빛 아래서
그 언젠가 만났던 너와 나
지금은 무엇을 할까
생각에 잠기면 하염없이
그날이 그리워지네
불타는 눈동자 목마른 그 입술
별들도 잠이 들고
이대로 영원히 너만을 사랑해
황홀한 그 한마디
지금도 늦지 않았어
내곁에 돌아 온다면
나는 너를 영원히 사랑할꺼야

네온이 불타는 거리
가로등 불빛 아래서
기약없이 헤어진 너와 나
지금은 어디있을까
추억에 잠기면
하염없이 내마음 외로워 지네
불타는 눈동자 목마른 그 입술
별들도 잠이 들고
이대로 영원히 너만을 사랑해
황홀한 그 한마디
지금도 늦지 않았어
내곁에 돌아 온다면
나는 너를 영원히 사랑할꺼야
나는 너를 영원히 사랑할꺼야
나는 너를 영원히 사랑할꺼야"
보고 싶다 내 사랑,"1,488",설운도,"가로등 불빛이 꺼져가는 서울의 밤
갈 곳을 잃은 이 마음
추억에 젖은 채 이 거리를 걸어 봐도
눈물이 앞을 가리네
돌이킬 수 없는 그 세월
돌아올 수 없는 그 여자
우연히 어디서라도
꼭 한번 보고 싶은 그때 그 여자
아 아 밤은 깊어 가는데
외로워 너무 외로워
사랑아 내 사랑아
보고싶다 내 사랑아
화려한 불빛이 쏟아지는 서울의 밤
갈 곳을 잃은 이 마음
추억에 젖은 채 이 거리를 걸어봐도
눈물이 앞을 가리네
돌아킬 수 없는 그 세월
돌아올 수 없는 그 여자
우연히 어디서라도
꼭 한 번 보고싶은 그때 그 여자
아 아 밤은 깊어가는데
외로워 너무 외로워
사랑아 내 사랑아
보고싶다 내 사랑아
보고싶다 내 사랑아"
떠나는 님아,934,오승근,"가려거든 울지 말아요
울려거든 가지 말아요
그리워 못 보내는 님
못잊어 못 보내는 님
당신이 떠나고나면
미움이 그치겠지만
당신을 보내고나면
사랑도 끝이 난다오
님아 못잊을 님아
님아 떠나는 님아
두눈에 가득 이슬이 맺혀
떠나는 나의 님아
가려거든 울지 말아요
울려거든 가지 말아요
그리워 못 보내는 님
못잊어 못 보내는 님

님아 못잊을 님아
님아 떠나는 님아
두눈에 가득 이슬이 맺혀
떠나는 나의 님아
가려거든 울지 말아요
울려거든 가지 말아요
그리워 못 보내는 님
못잊어 못 보내는 님
못잊어 못 보내는 님"
엄마꽃,693,박성온,"오래된 사진 속에
어여쁜 당신의 얼굴
청춘의 달콤했던 꿈들은 모두
과거로만 남아버렸나
아들딸을 키우시느라
버려야만 했던 것들
후회한 점 없으시다는
나밖에 모를 사람
꽃이 피었네 꽃이 피었네
우리 엄마 젊었을 적에
눈물이 나요 눈물이 나요
나 땜에 변한 것 같아
그래도 온 세상 제일 예쁘다
엄마 엄마 우리 엄마꽃
못난 자식 걱정하느라
뭉그러져버린 가슴
엄마라는 이유만으로
티 낼 수 없는 사람
꽃이 피었네 꽃이 피었네
우리 엄마 젊었을 적에
눈물이 나요 눈물이 나요
나 땜에 변한 것 같아
그래도 온 세상 제일 예쁘다
엄마 엄마 우리 엄마꽃
미안해요 우리 엄마꽃
엄마
엄마 엄마 우리 엄마꽃"
만약에,680,진욱,"만약에 당신이 그 누구와
사랑에 빠지면
그 사람을 위해서 무얼할 수 있나
텅 빈 세상 살아가는 이유가
만약에 너라면 어떡하겠니
사는동안 단 한 번의 사랑이
만약에 너라면 허락하겠니
얼마나 더 많이 외로워해야
널 끌어안고서 울어볼까
이제는 더 이상 지칠 몸조차
비워둘 마음조차 없는데
또 다른 이유로 널 못본다면
나 살아가는 의미도 없지
만약에 널 위해 나 죽을 수 있다면
날 받아주겠니
텅 빈 세상 살아가는 이유가
만약에 너라면 어떡하겠니
사는동안 단 한 번의 사랑이
만약에 너라면 허락하겠니
얼마나 더 많이 외로워해야
널 끌어안고서 울어볼까
이제는 더 이상 지칠 몸조차
비워둘 마음조차 없는데
또 다른 이유로 널 못본다면
나 살아가는 의미도 없지
만약에 널 위해 나 죽을 수 있다면
날 받아주겠니
만약에 널 위해 나 죽을 수 있다면
날 받아주겠니
만약에 당신이 그 누구와
사랑에 빠지면
그 사람을 위해서 다 해줄 수 있나"
나이스맨,660,민수현,"뭘 해도 잘 돼
지금도 어딜 가면 눈길을 끄는 남자
그래서 난 모든 걸 가진
그런 행복한 남자라오

한때는 나 나 나 나도 힘들어 울곤 했어
오늘부턴 굿 타임 힘을 내보자

아~ 고민은 NO 앞으로 가자
남자의 삶엔 정답은 없으니까

폼 나게 가자
가진 건 없어도 베풀 줄 아는 남자
브라보 마이 라이프
사는 게 뭐 있나 웃어버리자
모든 게 좋아 좋아 좋아라 완전 좋아라
어딜 가든 당당히 사는 거야

알고 있나요
행복은 남에게서 찾을 수 없다는 걸
스스로 정하는 게 인생
지금부터가 시작이야

이제는 나 나 나 나도 하늘을 날아볼까
잘나가는 인생 지금부터야

아~ 사랑은 (YES) 직진만 하자
남자의 삶엔 정답은 없으니까

폼 나게 가자
가진 건 없어도 베풀 줄 아는 남자
브라보 마이 라이프
사는 게 뭐 있나 웃어버리자
모든 게 좋아 좋아 좋아라 완전 좋아라
어딜 가든 당당히 사는 거야

폼 나게 가자
가진 건 없어도 베풀 줄 아는 남자
브라보 마이 라이프
사는 게 뭐 있나 웃어버리자
모든 게 좋아 좋아 좋아라 완전 좋아라
사랑하는 당신과 함께라면

나이스"
떠날 수 없는 당신,536,김상배,"나를 너무 모르시는 모르시는 당신이여
짙은 안개 때문입니까 무심한 탓입니까
사랑에 눈먼 당신이기에 이 가슴 멍들기전에
모두다 잊고 모두다 잊고
어디론가 떠나고 싶지만
미련이 많아 미련이 많아
떠날 수 없는 당신

나를 너무 모르시는 모르시는 당신이여
흐린 달 빛 때문입니까 무심한 탓입니까
사랑에 귀먼 당신이기에 이가슴 멍들기전에
모두다 잊고 모두다 잊고
어디론가 떠나고 싶지만
너무 정들어 너무 정들어
떠날 수 없는 당신"
카스바의 여인,"1,855",박지현,"담배연기 희미하게
자욱한 카스바에서
이름마저 잊은 채
나이마저 잊은 채
춤추는 슬픈 여인아
그날 그 카스바에
그날 그 자리에서
처음 만나 사랑을 하고
낯설은 내 가슴에 쓰러져
한없이 울던 그 사람
오늘 밤도 눈물에 젖어
춤추는 카스바의 여인

외로움 달래려고
찾아온 카스바에서
어디에서 본 듯한
한 번쯤은 만난 듯한
춤추는 슬픈 여인아
그날 그 카스바에
그날 그 자리에서
처음 만나 사랑을 하고
낯설은 내 가슴에 쓰러져
한없이 울던 그 사람
오늘 밤도 눈물에 젖어
춤추는 카스바의 여인"
알 수 없는 인생,"17,262",임영웅,"언제쯤 사랑을 다 알까요
언제쯤 세상을 다 알까요
얼마나 살아봐야 알까요
정말 그런 날이 올까요
시간을 되돌릴 순 없나요
조금만 늦춰줄 순 없나요
눈부신 그 시절 나의 지난날이
그리워요
오늘도 그저 그런 날이네요
하루가 왜 이리도 빠르죠
나 가끔은 거울 속에 비친
내가 무척 어색하죠
정말 몰라보게 변했네요
한때는 달콤한 꿈을꿨죠
가슴도 설레었죠
괜시리 하얀 밤을 지새곤 했죠
언제쯤 사랑을 다 알까요
언제쯤 세상을 다 알까요
얼마나 살아봐야 알까요
정말 그런 날이 올까요
시간을 되돌릴 순 없나요
조금만 늦춰줄 순 없나요
눈부신 그 시절 나의 지난날이
그리워요
어쩐지 옛 사랑이 생각났죠
당신도 나만큼은 변했겠죠
그래요 가끔 나 이렇게 당신
땜에 웃곤 해요
그땐 정말 우리 좋았었죠
하지만 이대로 괜찮아요 충분히
사랑했죠
추억은 추억일 때 아름답겠죠
언제쯤 사랑을 다 알까요
언제쯤 세상을 다 알까요
얼마나 살아봐야 알까요
정말 그런 날이 올까요
아직도 많은 날이 남았죠
난 다시 누군가를 사랑 할테죠
알 수 없는 인생이라 더욱
아름답죠
언젠가 내 사랑을 찾겠죠
언젠가 내 인생도 웃겠죠
그렇게 기대하며 살겠죠
그런대로 괜찮아요
아직도 많은 날이 남았죠
난 다시 누군가를 사랑 할테죠
알 수 없는 인생이라 더욱
아름답죠"
사랑한다 안한다,"10,765",홍진영,"날 사랑한다 안한다
사랑한다 안한다
꽃잎 떼어 보는 이 마음
날 사랑한다 안한다
애타는 이내가슴
난 그대 없이 못 산답니다
바람아 나를 어서 데려 가 주렴
내 님 있는 곳으로
달님아 환희 밝게 비추어다오
내 님이 어디 있는지
사는 동안 그리워 눈물 날 때면
내 마음 쉬도록 부르는 이름
서글플 때나 또 속상할 때나
생각나는 오직 한사람
날 사랑한다 안한다
사랑한다 안한다
꽃잎 떼어 보는 이 마음
날 사랑한다 안한다
애타는 이내가슴
난 그대 없이 못 산답니다
세상일에 쫓기며 하룰 살아도
어쩌면 그리 당신 생각이나
되는 일 없을 때 나 마음지칠 때
생각나는 오직 한사람
날 사랑한다 안한다
사랑한다 안한다
꽃잎 떼어 보는 이 마음
날 사랑한다 안한다
애타는 이내가슴
난 그대 없인 못 산답니다
어느 곳이든 갈수 있어요
세상의 어떤 곳이라 해도
슬픈 사랑은 싫어요
아픈 것도 싫어요
내 곁에 와줄수 없나요
날 사랑한다 안한다
애타는 이내가슴
난 그대 없인 못 산답니다"
외로운 사람들,"17,154",임영웅,"어쩌면 우리는
외로운 사람들
만나면 행복하여도
헤어지면 다시
혼자 남은 시간이
못 견디게 가슴 저리네
비라도 내리는
쓸쓸한 밤에는
남몰래 울기도 하고
누구라도 행여 찾아오지 않을까
마음 설레어보네
거리를 거닐고 사람을 만나고
수많은 얘기들을 나누다가
집에 돌아와 혼자 있으면
밀려오는 외로운 파도
우리는 서로가
외로운 사람들
어쩌다 어렵게 만나면
헤어지기 싫어
혼자 있기 싫어서
우린 사랑을 하네
거리를 거닐고 사람을 만나고
수많은 얘기들을 나누다가
집에 돌아와 혼자 있으면
밀려오는 외로운 파도
우리는 서로가
외로운 사람들
어쩌다 어렵게 만나면
헤어지기 싫어
혼자 있기 싫어서
우린 사랑을 하네
헤어지기 싫어
혼자 있기 싫어서
우린 사랑을 하네"
간대요 글쎄,"2,462",김태연,"가야 한대요
가야 한대요
이 한 잔 커피를 마시고 나면
처음으로 돌아가야 한대요
자기 밖에 모르도록
모르도록 만들어 놓고
남의 사람 되려고 간대요 글쎄
남의 사람 되려고 간대요 글쎄
싸늘한 커피 잔에 이별을 남기고
돌아가야 한대요
글쎄 간대요
글쎄 간대요
이 한 잔 커피를 마시고 나면
타인으로 돌아가야 한대요
자기 밖에 모르도록
모르도록 만들어 놓고
남의 사람 되려고 간대요 글쎄
남의 사람 되려고 간대요 글쎄
텅 빈 커피잔에 눈물을 남기고
글쎄 가야 한대요
글쎄 가야 한대요"
다시 한번만,904,에녹,"너를 보내고 너를 잊으려
아무리 애를 써 봐도
자꾸만 자꾸만 떠오르는
너와 나의 지난 이야기
나쁜 날보다 좋은 날들이
왜 그리도 많고 많은지
눈물이 난다 눈물이 난다
보고 싶어 눈물이 난다
너보다 좋은 사람 만날 수 없어
나 혼자 살지도 몰라
가지 말라고 가지 말라고
매달리고 애원할 것을
그까짓 자존심에 너를 보내고
가슴 치며 후회를 한다
나쁜 날보다 좋은 날들이
왜 그리도 많고 많은지
눈물이 난다 눈물이 난다
보고 싶어 눈물이 난다
네가 내게 다시 한 번 돌아온다면
너를 위해 죽어도 좋아
나쁜 날보다 좋은 날들이
왜 그리도 많고 많은지
눈물이 난다 눈물이 난다
보고 싶어 눈물이 난다
네가 내게 다시 한 번 돌아온다면
너를 위해 죽어도 좋아"
오세요,"3,987",김태연,"단비로 꽃비로 와주실래요
오세요 오세요 안아주세요
민들레 피어난 사랑길 따라
나에게 오세요
제발 주세요 당신의 사랑주세요
하트를 곱게 접어 날려주세요
하늘로 훨훨 반딧불이 날아 훨훨
당신이 오실 길을 밝혀주네요
오늘은 만나려나 언제 쯤 만나려나
내게로 오는 날이
당신이 와줄 그 날이
단비로 꽃비로 와주실래요
오세요 오세요 안아주세요
민들레 피어난 사랑길 따라
나에게 오세요
어서 오세요 내 품에 들어오세요
외롭고 힘든 날에 날 보러와요
하루 지나도 천년이 지난 것처럼
애타는 이 내마음 그댄 알까요
오늘은 만나려나 언제 쯤 만나려나
내게로 오는 날이
당신이 와줄 그 날이
단비로 꽃비로 와주실래요
오세요 오세요 안아주세요
민들레 피어난 사랑길 따라
나에게 오세요
단비로 꽃비로 와주실래요
오세요 오세요 안아주세요
민들레 피어난 사랑길 따라
나에게 오세요
나에게 오세요"
청춘열차,"1,424",양지은,"뜨겁게 불타오르는
가슴엔 사랑이 차고
싱그런 이야기로 펼치는 내일이여
그러나 누가 멈출까
달리는 청춘의 열차
바람 찬 언덕 넘어 꽃피는 에덴으로
차표 없이 가는 인생이여
머물 곳이 따로 없다 해도
사랑하는 그대 함께 가는
너와 나의 청춘열차여
차표 없이 가는 인생이여
머물 곳이 따로 없다 해도
사랑하는 그대 함께 가는
너와 나의 청춘열차여
너와 나의 청춘열차여"
공주님,111,오유진,"공주님 나의 공주님
영원히 아름다운 꽃이여
공주님 나의 공주님
내가 가장 사랑하는 공주님
당신을 생각하면 생각할수록
가슴이 두근거려요
마법 같은 이 시간을
내가 내가 선물할게요
내 손을 잡고서 턴을 해요
영원을 약속할게요
왕자님 나의 왕자님
영원히 아름다운 그대여
왕자님 나의 왕자님
내가 가장 사랑하는 왕자님"
그 또한 내 삶인데,"3,044",조용필,"작은 창에 기댄 노을이
남기고 간 짙은 고독이
벌써 내 곁에 다가와
더 없이 외로워져
보이는 건 어둠이 깔린
작은 하늘 뿐 이지만
내게 열려 있는 것 같아
다시 날 꿈꾸게 해
손 내밀면 닿을 듯한
추억이 그림자 되어
지친 내 마음 위로해주고
다시 나를 살아가게 해
계절 따라 피어나는
꽃 으로 세월을 느끼고
다시 고독이 찾아와도
그 또한 내 삶인데

손 내밀면 닿을 듯한
추억이 그림자 되어
지친 내 마음 위로해주고
다시 나를 살아가게 해
라라 라라라라 라 라라
라라 라라라라 라 라라
더는 사랑이 없다해도
남겨진 내 삶인데
가야할 내 길인데
그것이 내 삶인데"
숨어우는바람소리,"1,386",김연숙,"갈대밭이 보이는 언덕
통나무집 창가에
길떠난 소녀같이
하얗게 밤을 세우네
김이나는 차한잔을
마주하고 앉으면
그사람 목소린가
숨어우는 바람소리
둘이서 걷던 갈대밭길에
달은 지고있는데
잊는다하고 무슨이유로
눈물이 날까요
아 길잃은 사슴처럼
그리움이 돌아오면
쓸쓸한 갈대숲에
숨어우는 바람소리

둘이서 걷던 갈대밭길에
달은 지고 있는데
잊는다하고 무슨이유로
눈물이 날까요
아 길잃은 사슴처럼
그리움이 돌아오면
쓸쓸한 갈대숲에
숨어우는 바람소리"
너나 나나,"26,065",김호중,"너나 나나 나나 너나 똑같은 인생
나나 너나 너나 나나 똑같은 세상
지지고 볶고 살아보아도
너나 나나 거기서 거기
니꺼냐 내꺼냐 따져보아도
너나 나나 거기서 거기
바람처럼 살아가다
바람처럼 사라지리라
낮은 곳에 내려놓고
웃으며 살아보자
너나 나나 나나 너나 똑같은 인생
나나 너나 너나 나나 똑같은 세상
너나 나나 나나 너나 수많은 사연
나나 너나 너나 나나 수많은 눈물
지지고 볶고 살아보아도
너나 나나 거기서 거기
니꺼냐 내꺼냐 따져보아도
너나 나나 거기서 거기
먼지처럼 살아가다
먼지처럼 사라지리라
낮은 곳에 내려놓고
웃으며 살아보자
너나 나나 나나 너나 똑같은 인생
나나 너나 너나 나나 수많은 눈물
너나 나나 나나 너나 똑같은 인생
나나 너나 너나 나나 똑같은 세상
똑같은 세상"
꽃바람 여인,"1,303",조승구,"가슴이 터질 듯한
당신의 그 몸짓은
날 위한 사랑일까
섹시한 그대 모습
한 모금 담배연기
사랑을 그리며
한 잔의 샴페인에
영혼을 팔리라
세월에 향기인가
다가선 당신은
꽃바람 여인인가
나만의 사랑
사랑의 노예가
되어 버렸어
어쩔 수 없었네
꽃바람 여인

영혼의 사랑인가
숨이 막혀 오네요
망가진 내 모습은
어쩔 수 없는 사랑
한 모금 담배연기
사랑을 그리며
한 잔의 샴페인에
영혼을 팔리라
세월에 향기인가
다가선 당신은
꽃바람 여인인가
나만의 사랑
사랑의 노예가
되어 버렸어
어쩔 수 없었네
꽃바람 여인
사랑의 노예가
되어 버렸어
어쩔 수 없었네
꽃바람 여인"
친구야,"1,325","김범룡, 박진광","비바람 몰아치는 캄캄한 밤에
저 멀리 떠나버린 나의 친구야
지금은 어디에서 무얼하는지
너무도 그립구나
별들이 반짝이는 바다에 서면
밀려드는 파도같은 인생이구나
어디서 무얼하던 나의 친구야
너의 꿈 잊지마오
그늘진 니 얼굴에
환한 웃음을 띄우려마
저하늘이 무너져도
우린 뭐든지 할수가 있어
친구야 친구야
험한 세상에 다리가 될께
친구야 친구야
사랑한다 말해 친구야
어릴？？ 너는 내게 나의 형처럼
내 어깰 두드리며
날 일으켜 주었지
어디서 무얼하던 나의 친구야
너의 꿈 잊지마오
그늘진 니 얼굴에
환한 웃음을 띄우려마
저하늘이 무너져도
우린 뭐든지 할수가 있어
친구야 친구야
험한 세상에 다리가 될께
친구야 친구야
겸허한 나의 친구야
누구나 알고 있어
넌 쓰러지지 않는다는걸
너에겐 힘이 있어
친구야 친구야
험한세상에 다리가 될께
친구야 친구야
사랑하는 나의 친구야
친구야 친구야
영원한 나의 친구야"
내가 바보야,433,진성,"눈시울을 적시면서
떠나가는 당신에게
작별의 인사하고
이제와서 후회하며
눈물 짓네
가지말라 잡아볼걸
사랑한다 말해볼걸
이제와서 무슨 소용이야
내가 바보야
내가 바보야
잡지못한 내가 바보야
눈시울을 적시면서
그님에게 안녕하며
작별의 인사하고
이제와서 후회하며
울줄이야
뒤돌아 가는 당신
가지말라 잡아볼걸
이제와서 후회할줄이야
내가 바보야
내가 바보야
잡지못한 내가 바보야"
따라따라와 (Prod. by 영탁),"15,186",김희재,"날 따라따라와
날 따라따라와
착한 척은 그만 예쁜 척도 그만
너도 이미 모두 알고 있잖아
그대만을 원해 바로 오늘 밤에
이젠 외로워할 필요 없는 걸
오 우리 사랑 One more time
숨이 차올 때까지
날 따라따라와
날 바라바라봐
너와 나 둘이서 또 밤새 춤추는 거야
꼭 잡고 따라와
꼭 나만 바라봐
이 밤이 새도록 난 너를 사랑할 거야
랄랄라라랄라 랄랄라라랄라
랄랄라랄랄랄랄라라라라
랄랄라라랄라 랄랄라라랄라
랄랄라랄랄랄랄라라라라
아닌 척은 그만 부끄러운 척 그만
너도 이미 생각하고 있잖아
그대만을 원해 바로 오늘 밤에
이제 우리 둘만의 시간인 걸
오 우리 사랑 One more time
숨이 차올 때까지
날 따라따라와
날 바라바라봐
너와 나 둘이서 또 밤새 춤추는 거야
꼭 잡고 따라와
꼭 나만 바라봐
이 밤이 새도록 난 너를 사랑할 거야
랄랄라라랄라 랄랄라라랄라
랄랄라랄랄랄랄라라라라
랄랄라라랄라 랄랄라라랄라
랄랄라랄랄랄랄라라라라
날 따라따라와"
홍시 (울 엄마),"1,101",나훈아,"생각이 난다 홍시가 열리면
울 엄마가 생각이 난다
자장가 대신 젖가슴을
내 주던 울 엄마가 생각이 난다
눈이 오면 눈 맞을 세라
비가 오면 비 젖을 세라
험한 세상 넘어질 세라
사랑땜에 울먹일 세라
그리워진다 홍시가 열리면
울 엄마가 그리워진다
눈에 넣어도 아프지도 않겠다던
울 엄마가 그리워진다
생각이 난다 홍시가 열리면
울 엄마가 생각이 난다
회초리 치고 돌아앉아 우시던
울 엄마가 생각이 난다
바람 불면 감기들 세라
안 먹어서 약해질 세라
힘든 세상 뒤쳐질 세라
사랑땜에 아파할 세라
그리워진다 홍시가 열리면
울 엄마가 그리워진다
생각만 해도 눈물이 핑 도는
울 엄마가 그리워진다
생각만 해도 가슴이 찡하는
울 엄마가 그리워진다
울 엄마가 생각이 난다
울 엄마가 보고파진다"
누가 울어,"9,338",정동원,"소리 없이 흘러내리는
눈물같은 이슬비
누가 울어 이 한 밤
잊었던 추억인가
멀리 가버린 내 사랑은
돌아올 길 없는데
피가 맺히게
그 누가 울어 울어
검은 눈을 적시나
하염없이 흘러내리는
눈물같은 이슬비
누가 울어 이 한 밤
잊었던 상처인가
멀리 떠나간 내 사랑은
기약조차 없는데
애가 타도록
그 누가 울어 울어
검은 눈을 적시나
멀리 떠나간 내 사랑은
기약조차 없는데
애가 타도록
그 누가 울어 울어
검은 눈을 적시나"
무뚝뚝,"4,351",장민호,"이별한 남자에게 묻지마라
떠나는 남자에게 묻지마라
여자는 울고 남자는 무뚝뚝
뭐가 그리 냉정하냐고
남자 남자 남자 이별은
가슴으로 우는겁니다
여자 여자 여자 마음에
미련이 남겨질까봐
무뚝뚝 무뚝뚝 뒤돌아서 뚝뚝뚝
뜨거운 내가슴을 속여가며
차가운 바람되어 떠나간다
돌아선 걸음 걸음걸음마다
옛정이 터져버린다
남자 남자 남자 이별은
가슴으로 우는겁니다
여자 여자 여자 마음에
미련이 남겨질까봐
무뚝뚝 무뚝뚝 뒤돌아서 뚝뚝뚝
비가 내리네 비가 비가 내리네
바람이 부네 바람 바람이 부네
차가운 이별의 선명한 엔딩이
점점더 가까워지네
남자 남자 남자 이별은
가슴으로 우는겁니다
여자 여자 여자 마음에
미련이 남겨질까봐
무뚝뚝 무뚝뚝 뒤돌아서 뚝뚝뚝
뒤돌아서 뚝뚝뚝"
갈색우산 (Brown Umbrella),"10,371",영탁,"비에 젖은 눈빛이
말없이 돌아선다
한 걸음도 못 떼고
멍하니 바라본다

갈색 우산을 쓰고 있던
희미한 당신의 뒷모습
이 시간이 지나고 나면
나는 어디로 가야 하나

제발 떠나지 마요 우산 속 그대여
비가 그치고 나면 난 어떡해
보고 싶은 마음이 갈 길을 잃어
갈색 우산 속의 그대여

따뜻했던 손끝이
힘없이 놓아진다
이렇게도 간절한
내 마음 외면한다

갈색 우산을 쓰고 있던
희미한 당신의 뒷모습
이 시간이 지나고 나면
나는 어디로 가야 하나

제발 떠나지 마요 우산 속 그대여
비가 그치고 나면 난 어떡해
보고 싶은 마음이 갈 길을 잃어
갈색 우산 속의 그대여

그대 떠나지 마요 날 버리지 마요
비가 그치고 나면 난 어떡해
돌아서는 발길이 갈 곳을 잃어
갈색 우산 속의 그대여
갈색 우산 속의 그대여"
우리 어머니,491,최향,"긴 머리 땋아 틀어 은비녀 꽂으시고
옥색 치마 차려입고 사뿐사뿐 걸으시면
천사처럼 고왔던 우리 어머니
여섯 남매 배곯을까 치마끈 졸라매고
가시밭길 헤쳐가며 살아오셨네
해진 옷 기우시며 긴 밤을 지새울 때
어디선가 부엉이가 울어대면은
어머님도 울었답니다
긴 머리 빗어내려 동백기름 바르시고
분단장 곱게 하고 내 손 잡고 걸으실 때
마을 어귀 훤했었네 우리 어머니
여섯 남매 자식 걱정 밤잠을 못 이루고
칠십 평생 가시밭길 살아오셨네
천만년 사시는 줄 알았었는데
떠나신 날 그다지도 멀지 않아서
막내딸은 울었답니다
막내딸은 울었답니다"
바램,678,진욱,"내 손에 잡은 것이 많아서
손이 아픕니다
등에 짊어진 삶의 무게가
온몸을 아프게 하고
매일 해결해야 하는 일 때문에
내 시간도 없이 살다가
평생 바쁘게 걸어왔으니
다리도 아픕니다
내가 힘들고 외로워질 때
내 얘길 조금만 들어 준다면
어느 날 갑자기 세월의 한복판에
덩그러니 혼자 있진 않겠죠
큰 것도 아니고
아주 작은 한 마디
지친 나를 안아 주면서
사랑한다
정말 사랑한다는
그 말을 해 준다면
나는 사막을 걷는다 해도
꽃길이라 생각할 겁니다
우린 늙어가는 것이 아니라
조금씩 익어가는 겁니다

내가 힘들고 외로워질 때
내 얘길 조금만 들어 준다면
어느 날 갑자기 세월의 한복판에
덩그러니 혼자 있진 않겠죠
큰 것도 아니고
아주 작은 한 마디
지친 나를 안아 주면서
사랑한다
정말 사랑한다는
그 말을 해 준다면
나는 사막을 걷는다 해도
꽃길이라 생각할 겁니다
우린 늙어가는 것이 아니라
조금씩 익어가는 겁니다
우린 늙어가는 것이 아니라
조금씩 익어가는 겁니다
저 높은 곳에 함께 가야 할 사람
그대 뿐입니다"
물레방아,77,윤서령,"돌고 도는 물레방아
물레방아 인생
세월은 잘도 간다
청춘도 잘도 간다
물같이 바람같이
해가 뜨면 내일이고
꽃이 피면 일 년이고
아아 덧없는 세월아
나 이제 어디로 가나
나 이제 어디로 가나
흘러 흘러 돌고 도는
쳇바퀴 같은 인생아
돌고 도는 물레방아
물레방아 인생
돌고 도는 물레방아
물레방아 인생

흘러 흘러 돌고 도는
쳇바퀴 같은 인생아
돌고 도는 물레방아
물레방아 인생
돌고 도는 물레방아
물레방아 인생
물레방아 인생"
불타는 남자,864,에녹,"불타는 태양 푸른 바다같이
드넓은 가슴에
당신을 안아 출렁거리는
난 뜨거운 남자야
당신은 아무것도 하지 마
내가 전부 해줄게
당신을 위해 모든 걸 해줄
불타는 남자야
당신의 고운 두 손에
물 한 방울 묻히기 싫어
이제 전부 다
내가 그댈 위해 해줄게요
온몸을 다해 달려 나가는
불타는 남자지
사랑을 위해 목숨도 아깝잖은
불타는 남자야
온몸을 다해 그대를 아껴줄
불타는 남자지
그대를 위해 모든 걸 내줄 남자야
불타는 태양 푸른 바다같이
드넓은 가슴에
당신을 안아 출렁거리는
난 뜨거운 남자야
당신은 아무것도 하지 마
내가 전부 해줄게
당신을 위해 모든 걸 해줄
불타는 남자야
당신의 고운 두 손에
물 한 방울 묻히기 싫어
이제 전부 다 내가
그댈 위해 해줄게요
온몸을 다해 달려 나가는
불타는 남자지
사랑을 위해 목숨도 아깝잖은
불타는 남자야
온몸을 다해 그대를 아껴줄
불타는 남자지
그대를 위해 모든 걸 내줄 남자야
당신의 고운 두 손에
물 한 방울 묻히기 싫어
이제 전부 다 내가
그댈 위해 해줄게요
온몸을 다해 달려 나가는
불타는 남자지
사랑을 위해 목숨도 아깝잖은
불타는 남자야
온몸을 다해 그대를 아껴줄
불타는 남자지
그대를 위해 모든 걸 내줄 남자야
그대만 향해 불타고 있는 남자야"
실비 오는 소리에,194,반가희,"실비 오는 소리에
님이 올 것 같아서
부스스 잠 깨어나서
먼 길을 바라보네

바람 부는 소리에
님일 것만 같아서
살며시 귀 기울이면
들릴 듯 들리지 않네

그리운 나의 님아
언제나 오시려나
나의 기다리는 맘
그대는 정녕 모르리라

바람 부는 소리에
님일 것만 같아서
살며시 귀 기울이면
들릴 듯 들리지 않네

그리운 나의 님아
언제나 오시려나
나의 기다리는 맘
그대는 정녕 모르리라"
시절인연,111,김산하,"사람이 떠나간다고
그대여 울지마세요

오고 감 때가 있으니
미련일랑 두지 마세요

좋았던 날 생각을 하고
고마운 맘 간직을 하며

아아아 살아가야지
바람처럼 물처럼

가는 인연 잡지를 말고
오는 인연 막지 마세요

때가 되면 찾아올 거야
새로운 시절인연

친구가 멀어진다고
그대여 울지마세요

영원한 것은 없으니
이별에도 웃어주세요

좋았던 날 생각을 하고
고마운 맘 간직을 하며

아아아 살아가야지
바람처럼 물처럼

가는 인연 잡지를 말고
오는 인연 막지 마세요

때가 되면 찾아올 거야
새로운 시절인연
새로운 시절인연

사람이 떠나간다고
그대여 울지 마세요"
진짜 사나이,"5,352",정동원,"나처럼 잘생긴 남자 봤나요
커피 한잔할까요
잠깐 여기 와봐 베니스로
매일이 주인공이죠
로맨스 일품 매너 일등
사계절이 꽃향기 나지
좀 더 가까이 와 볼래요
마법 좀 걸게요
나는야 사나이 사나이 바로 나야
하늘도 저 별도 다 내 거
당신께 줄게 Hey
모두 다 줄게 Hey
난 진짜 사나이
옷도 완벽하게 잘 입는 나야
고급 진 남자 맞죠?
자꾸 딴 데 보면 나 화나요
당신은 내 여자니까
말솜씨 일품 센스 일등
별에서 본 풍경일 거야
알잖아 세상 남자 모아봐
나만 한 놈 있나
나는야 사나이 사나이 바로 나야
하늘도 저 별도 다 내 거
당신께 줄게 Hey
모두 다 줄게 Hey
난 진짜 사나이
딱 봐도 인기 남이잖아
다시없을 기회잖아
빨리 날 잡을 생각하세요
대기번호 너무 많아요
나는야 사나이 사나이 바로 나야
하늘도 저 별도 다 내 거
당신께 줄게 Hey
모두 다 줄게 Hey
난 진짜 사나이
당신은 그대로 꼼짝 마 체포한다
이 남자의 맘 훔친 죄로
구속합니다 Hey
동의합니까 Hey
날 믿고 따라와
난 진짜 사나이"
가라지,"2,837",손태진,"간다면 누가 너를
못 보낼 줄 알고
가라지 누가 너를
잡을 줄 알고
이렇게 날 울리고 가면
발걸음 꽤나 가볍겠다
이렇게 날 버리고 가면
마음 꽤나 편하겠다
너 괴롭고 나 괴로운 것을
왜 왜 너는 모르니
너 떠나면 나 외로운 것을
넌 넌 뻔히 알잖니
간다면 누가 너를
못 보낼 줄 알고
가라지 누가 너를
잡을 줄 알고
너 괴롭고 나 괴로운 것을
왜 왜 너는 모르니
너 떠나면 나 외로운 것을
넌 넌 뻔히 알잖니
간다면 누가 너를
못 보낼 줄 알고
가라지 누가 너를
잡을 줄 알고
잡을 줄 알고"
나무꾼,"34,717",임영웅,"나는야 당신의 사랑의 나무꾼
열 번 찍어 안 넘어가면
백번 천 번도 찍을 수 있어
내 옆에 당신만 있어주면
무엇이든 다 할 수 있어
사랑이란 나무도
인생이란 나무도
행복이란 믿음의 나무도
멋있게 키워서
내 품에 안고가
당신 품에 안겨 주고 싶어
나는야 당신의 사랑의 나무꾼
열 번 찍어 안 넘어가면
백번 천 번도 찍을 수 있어
내 옆에 당신만 있어주면
무엇이든 다 할 수 있어
사랑이란 나무도
인생이란 나무도
행복이란 믿음의 나무도
멋있게 키워서
내 품에 안고가
당신 품에 안겨 주고 싶어
나는야 나는야 당신의 당신의
사랑의 나무꾼
나는야 나는야 당신의 당신의
사랑의 나무꾼
나무꾼"
진달래꽃,"18,639",임영웅,"나 보기가 역겨워 가실때에는
말없이 고이 보내 드리오리다
나 보기가 역겨워 가실때에는
죽어도 아니 눈물 흘리오리다
날 떠나 행복 한지 이제 그대 아닌지
그댈 바라보며 살아온 내가
그녀 뒤에 가렸는지
사랑 그 아픔이 너무 커
숨을 쉴 수 가 없어
그대 행복하길 빌어 줄게요
내 영혼으로 빌어 줄게요
나 보기가 역겨워 가실 때에는
말없이 고이 보내 드리오리다
영변에 약산 진달래꽃
아름따다 가실길에 뿌리오리다
가시는 걸음 놓인 그꽃을
사뿐히 즈려밟고 가시옵소서
나 보기가 역겨워 가실때에는
죽어도 아니 눈물 흘리오리다
내가 떠나 바람 되어 그대를 맴돌아도
그댄 그녈 사랑하겠지
나 보기가 역겨워 가실 때에는
말없이 고이 보내 드리오리다
영변의 약산 진달래꽃
아름따다 가실길에 뿌리오리다
가시는 걸음 놓인 그꽃을
사뿐히 즈려밟고 가시옵소서
나 보기가 역겨워 가실때에는
죽어도 아니 눈물 흘리오리다
나보기가 역겨워 가실때에는
죽어도 아니 눈물 흘리오리다"
삼백초,745,김다현,"바보야
가버린 너는 바보야

엽서도 한 장 남기지 않고 떠나가 버린 너
너는 너는 너는 바보야

삼백초 꽃잎 같은 내 마음에
눈물이 맺히고 있네

아늑한 가슴 나즉한 음성 은근한 그 애정
다시 돌아올 수 없겠니

미운 바보야 예쁜 바보야
내 마음도 몰라주는 바보 바보야

바보야
가버린 너는 바보야

한 마디 말도 원망도 없이 떠나가 버린 너
너는 너는 너는 바보야

삼백초 이슬 같은 눈망울에
그리움 번지고 있네

바람은 불고 갈잎은 울고 계절은 슬픈데
너의 발길 간 곳 어디니

미운 바보야 예쁜 바보야
내 마음도 몰라주는 바보 바보야

내 마음도 몰라주는 바보 바보야"
사랑의 여왕,128,염유리,"별빛 쏟아지는 구름에 앉아
한 잔 술을 마셔요
권커니 잣거니 따라 따라요
알쏭달쏭 정말 알쏭달쏭해
날 보는 눈빛
마음 주고 정 주는 당신이 난 좋아요
사랑아 취하지 마 아직 아니야
한 송이 두 송이
꺾어봐 내 꽃을
나는 사랑의 여왕
당신만 사랑할까 봐
난리 났네 난리 났어
나의 가슴에 불 질렀네
나는 여왕처럼
사랑의 여왕처럼
드레스를 휘날리며 밤새도록
나 춤출까나

사랑아 취하지 마 아직 아니야
한 송이 두 송이
꺾어봐 내 꽃을
나는 여왕처럼
사랑의 여왕처럼
드레스를 휘날리며 밤새도록
나 춤출까나
나 춤출까나"
꿈에 본 내 고향,60,김양,"고향이 그리워도
못 가는 신세
저 하늘 저 산 아래
아득한 천 리

언제나 외로워라
타향에서 우는 몸
꿈에 본 내 고향이
마냥 그리워

고향을 떠나온 지
몇몇 해던가
타관 땅 돌고 돌아
헤매는 이 몸

내 부모 내 형제를
그 언제나 만나리
꿈에 본 내 고향을
차마 못 잊어
차마 못 잊어"
Memories (메모리즈),"1,630",전유진,"나를 잊지 말아요 아픔이 온다 해도
그대 나를 정말 기억해 줘요.
혹시 아쉽더라도 눈물 흘리지 말고
지난 슬픔 모두 떨쳐버려요.
나를 잊지 말아요 세월이 흘러가도
그대 나를 제발 기억해 줘요.
때론 기쁨과 희망 모두 잃는다 해도
우리 좋은 것만 생각해 봐요.
만약 먼 훗날 서로 만날 수가 있다면
그때 못다 한 얘기 나눌 수 있을까?
나는 꼭 한마디 네게 전해 주고 싶었어
그건 너만을 진정 사랑했다고.
나를 잊지 말아요 아픔이 온다 해도
그대 나를 정말 기억해 줘요.
혹시 아쉽더라도 눈물 흘리지 말고
지난 슬픔 모두 떨쳐 버려요.
만약 먼 훗날 서로 만날 수가 있다면
그때 못다 한 얘기 나눌 수 있을까?
나는 꼭 한마디 네게 전해주고 싶었어
그건 너만을 진정 사랑했다고.
나를 잊지 말아요. 세월이 흘러가도
그대 나를 제발 기억해 줘요.
때론 기쁨과 희망 모두 잃는다 해도
우리 좋은 것만 생각해 봐요.
나는 너만을 진정 사랑 했었어."
정답은 없다,"5,327",장민호,"결혼은 해야만 하는 것이 아니야
직장은 무조건 참는 곳이 아니야
행복은 돈으로 사는 것이 아니며
인생은 함부로 논하는 게 아니야
아니 아니 아니 아니
아니 아니야
어차피 정답은 없어
괜찮아 괜찮아 잘될 거야
모두 내일의 널 믿어봐
아니 아니 아니 아니
아니 아니야
사는 건 정답이 없어
울지 마 울지 마 힘들지만
다시 인생한방 믿어봐
시간은 후회를 하는 것이 아니야
사랑은 널 만난 순간이라 생각해
I LOVE YOU
시작은 절대로 늦은 것이 아니며
결론은 니들이 내는 것이 아니야
아니 아니 아니 아니
아니 아니야
어차피 정답은 없어
괜찮아 괜찮아 잘될 거야
모두 내일의 널 믿어봐
아니 아니 아니 아니
아니 아니야
사는 건 정답은 없어
울지 마 울지 마 힘들지만
다시 인생한방 믿어봐
걱정하지 마 아무도 몰라
고민하지 마 어차피 몰라
걱정하지 마 아무도 몰라
고민하지 마 어차피 몰라
아니 아니 아니 아니
아니 아니야
어차피 정답은 없어
괜찮아 괜찮아 잘될 거야
모두 내일의 널 믿어봐
아니 아니 아니 아니
아니 아니야
사는 건 정답이 없어
울지 마 울지 마 힘들지만
다시 인생한방 믿어봐"
해변의 여인,574,신성,"물 위에 떠있는 황혼의 종이배
말없이 바라보는 해변의 여인아
바람에 휘날리는 머리카락 사이로
황혼빛에 물드는 여인의 눈동자
조용히 들려오는 조개들의 옛이야기
말없이 거니는 해변의 여인아
바람에 휘날리는 머리카락 사이로
황혼빛에 물드는 여인의 눈동자
조용히 들려오는 조개들의 옛이야기
말없이 거니는 해변의 여인아
바람에 휘날리는 머리카락 사이로
황혼빛에 물드는 여인의 눈동자
조용히 들려오는 조개들의 옛이야기
말없이 거니는 해변의 여인아
해변의 여인아"
앉으나 서나 당신 생각,876,최수호,"앉으나 서나 당신 생각
앉으나 서나 당신 생각
떠오르는 당신 모습
피할 길이 없어라
가지 말라고 애원했건만
못본 체 떠나버린 너
소리쳐 불러도
아무 소용이 없어라
앉으나 서나 당신 생각
앉으나 서나 당신 생각
떠오르는 당신 모습
피할 길 없는 내 마음
가지 말라고 애원 했건만
못본 체 떠나버린 너
소리쳐 불러도
아무 소용이 없어라
앉으나 서나 당신 생각
앉으나 서나 당신 생각
떠오르는 당신 모습
피할 길 없는 내 마음
(앉으나 서나 당신 생각)
앉으나 서나 당신 생각
떠오르는 당신 모습
피할 길 없는 내 마음"
수은등,"1,266",장윤정,"어스름 저녁길에 하나둘 수은등
꽂이 피면은 그대와 단둘이서
거닐던 이길을 서성입니다.
수은등 은은한빛 변함은 없어도
당신은 변했구료 보이지 않네.
아-아 수은등 불빛아래 이발길을 떠날줄 몰라

어두운 밤거리에 하나둘 오색불 깜박거리면
그대의 웃음소리 들려올듯 내 가슴은 설레이네
바람부는 이거리는 변함이 없건만
당신은 변했구료 보이지 않네
아-아 오색불 깜박이는 이거리를 잊으셨구료"
모르리,"1,229",남진,"그대곁에 있으면
허물어지는 마음
그대는 모르리 모르리
그대곁에 있으면
나그네 되는 마음
그대는 모르리 모르리
너를 사랑하고도
너를 보내야하는
찢어지는 가슴을 달래며
나나나나나 나나나나나
웃음으로 통곡하네
그대는 이 마음 모르리

그대곁에 있으면
허물어지는 마음
그대는 모르리 모르리
그대곁에 있으면
나그네 되는 마음
그대는 모르리 모르리
너를 사랑하고도
너를 보내야하는
찢어지는 가슴을 달래며
나나나나나 나나나나나
노래하며 눈물짓네
그대는 이 마음 모르리
그대는 모르리 모르리"
슬픔의 심로,125,박강선,"낙엽이 외로이 떨어 지는건

두사람이 헤어지는건

슬프기 때문에 눈물을 흘려요 두사람이 흘려요

우린 헤어질수 없기 때문에

창밖에는 비가 내려요

두사람은 우산도 안썼네요

헤어지기 마음이 아파 비를 맞아요 고개를 숙여요

우린 둘만이 사랑하기 때문에

이 시간이 지나고 또 지나 햇살이 비추면

온 마음을 열고 나그네가 되어요

뜨거운 마음으로 눈물을 적셔요

슬픔을 적셔요

이젠 뒤돌아 서서 고개를 들어요

간 주 중 ♪

때론 슬픔이 아파 어쩔줄 모르고

이룰수 없는 순간들을 그렸어요

정다웠고 정다웠던 지난날의 이야기속에

우리 이제는 떠나야 하나요

이 시간이 지나고 또 지나 햇살이 비추면

온 마음을 열고 나그네가 되어요

뜨거운 마음으로 눈물을 적셔요

슬픔을 적셔요

이젠 뒤돌아 서서 고개를 들어요

이 시간이 지나고 또 지나 햇살이 비추면

온 마음을 열고 나그네가 되어요

뜨거운 마음으로 눈물을 적셔요

슬픔을 적셔요

이젠 뒤돌아 서서 고개를 들어요

이젠 뒤돌아 서서 고개를 들어요

이젠 뒤돌아 서서 고개를 들어요"
비익조,"1,161",김용임,"혼자선 날 수 없는 새
당신의 날개로 나는 새
두 마음 한 몸 되어
날으는 새 비익조
여자라는 이름으로 다시 태어나
당신 곁에 둥지를 튼 꿈 같은 세월
인생길 험한 길도
나는 나는 두렵지 않아
영원히 함께 할래요
당신과 함께 할래요
온 세상 다 하도록
떨어져 못 사는 나무
당신의 뿌리로 선 나무
두 가닥 한 몸 되어
크는 나무 연리지
여자라는 이름으로 다시 태어나
당신 곁에 둥지를 튼 꿈 같은 세월
인생길 험한 길도
나는 나는 두렵지 않아
영원히 함께 할래요
당신과 함께 할래요
온 세상 다하도록
영원히 함께 할래요
당신과 함께 할래요
온 세상 다 하도록"
일소일소 일노일노,"22,223",임영웅,"세상사 스무고개 길
좋은 날만 있을까
이왕이라면 웃으며 살자
말처럼 쉽지 않아도
일소일소 일노일노
얼굴마다 쓰여져
감출수가 없는데
한치의 앞날
모르는 것이 인생인 것을
그게 바로 인생인 것을
웃다가도 한세상이고
울다가도 한세상인데
욕심 내봐야 소용 없잖아
가지고 갈 것 하나 없는데
인생사 구비 구비 길
힘든 날만 있을까
마음하나를 내려 놓는게
말처럼 쉽지 않아도
일소일소 일노일노
얼굴마다 쓰여져
감출수가 없는데
한치의 앞날
모르는 것이 인생인 것을
그게 바로 인생인 것을
웃다가도 한세상이고
울다가도 한세상인데
욕심 내봐야 소용 없잖아
가지고 갈 것 하나 없는데
일소일소 일노일노
얼굴마다 쓰여져
감출수가 없는데
한치의 앞날
모르는 것이 인생인 것을
그게 바로 인생인 것을
웃다가도 한세상이고
울다가도 한세상인데
욕심 내봐야 소용 없잖아
가지고 갈 것 하나 없는데"
회룡포,403,김소연,"아 어머니
품속 같은 그곳
회룡포로
돌아가련다
내 것이 아닌 것을
멀리 찾아서
휘돌아 감은
그 세월이 얼마이더냐
물설고 낯 설은
어느 하늘 아래
빈 배로
나 서있구나
채워라
그 욕심 더해가는
이 세상이
싫어 싫더라
나 이제
그곳으로 돌아가련다
내 마음
받아주는 곳
아 어머니
품속 같은 그곳
회룡포로
돌아가련다
채워라
그 욕심 더해가는
이 세상이
싫어 싫더라
나 이제
그곳으로 돌아가련다
내 마음
받아주는 곳
아 어머니
품속 같은 그곳
회룡포로
돌아가련다
회룡포로
돌아가련다"
남자는 배 여자는 항구,"1,312",심수봉,"언제나 찾아오는 부두의 이별이
아쉬워 두 손을 꼭 잡았나
눈 앞에 바다를 핑계로 헤어지나
남자는 배 여자는 항구
보내주는 사람은 말이 없는데
떠나가는 남자가 무슨 말을 해
뱃고동 소리도 울리지 마세요
하루하루 바다만 바라보다
눈물 지으며 힘없이 돌아오네
남자는 남자는 다
모두가 그렇게 다
아아 아아
이별의 눈물 보이고
돌아서면 잊어 버리는
남잔 다 그래
매달리고 싶은 이별의 시간도
짧은 입맞춤으로 끝나면
잘가요 쓰린 마음 아무도 몰라주네
남자는 배 여자는 항구
아주 가는 사람이 약속은 왜 해
눈 멀도록 바다만 지키게 하고
사랑했었단 말은 하지도 마세요
못 견디게 네가 좋다고
달콤하던 말 그대로 믿었나
남자는 남자는 다
모두가 그렇게 다
아아 아아
쓸쓸한 표정 짓고
돌아서선 웃어 버리는
남잔 다 그래"
사랑의 초인종,"2,523",LPG,"그대여 사랑의 사랑의
사랑의 초인종을 눌러주세요
그대가 원하면 원하면
원하면 언제든지 눌러주세요
아아아아아아아
내 마음을 열어주세요
못 생겨도 좋아 돈 없어도 좋아
나만 사랑해 줄 한 남자
아무에게나 쉬운 여자 아니죠
아무에게나 여는 여자 아니죠
그대라면 그대라면 내 모든걸 줄래요
그대 눈빛은 너무 따듯한걸요
그대 입술은 너무 짜릿한걸요
딩동 딩동 딩동 딩동 눌러주세요
그대여 사랑의 사랑의
사랑의 초인종을 눌러주세요
그대가 원하면 원하면
원하면 언제든지 눌러주세요
아아아아아아아
내 마음을 열어주세요
못 생겨도 좋아 돈 없어도 좋아
나만 사랑해 줄 한 남자
그대 향기는 너무 포근한걸요
그대 말투는 너무 달콤한걸요
딩동 딩동 딩동 딩동 눌러주세요
그대여 사랑의 사랑의
사랑의 초인종을 눌러주세요
그대가 원하면 원하면
원하면 언제든지 눌러주세요
아아아아아아아
내 마음을 열어주세요
못 생겨도 좋아 돈 없어도 좋아
나만 사랑해 줄 한 남자
힘들고 지칠때 외롭고 슬플때
내게 오면 되요
사랑의 힘으로 그댈 낫게 해줄
그대만의 여자
그대여 사랑의 사랑의
사랑의 초인종을 눌러주세요
그대가 원하면 원하면
원하면 언제든지 눌러주세요
아아아아아아아
내 마음을 열어주세요
못 생겨도 좋아 돈 없어도 좋아
나만 사랑해 줄 한 남자
언제라도 좋아 그대라면 좋아
내 사랑"
안올거면서,403,진시몬,"안올거면서 안올거면서
온다는 약속은 왜 했나
떠날거면서 떠날거면서
사랑한다 말은 왜 했나
이별 당한 내 마음에
눈물비 흘러내리고
이제 와서 잊으라니요
가슴이 찢어 집니다
안올거면서 안올거면서
온다는 약속은 왜 했나
믿으라면서 믿으라면서
온다는 약속은 왜 했나
떠날거면서 떠날거면서
사랑한다 말은 왜 했나
바보처럼 속고 또 속고
나혼자 눈물 흘렸네
이제 와서 잊으라니요
가슴이 찢어 집니다
안올거면서 안올거면서
온다는 약속은 왜 했나
나쁜 사람아 나쁜 사람아
내 모든걸 가져간 사람아"
여인의 눈물,110,윤수현,"사랑이 사랑으로 남아 있나요
기억 저편 난 어디쯤에 있나
다정했던 사람이 그 모진 사랑이
가슴에 남아있는데
그날이 그리워서 눈물이 나면
하염없이 이 길을 걷고 있네
밤새우던 웃음도 꼭 잡은 두 손도
모두 다 지난 이야기
긴 세월 속에 수많았던 인연
늘 상처 뿐인 사랑이여
아아 바람처럼 멀리
길도 없이 떠나가는가
슬픔은 흘러간다 또 나를 달랜다
가녀린 여인의 눈물
사랑이 야속하다 아니라 해도
속절없이 가슴을 저며 온다
달콤했던 말들은 다 무엇이었나
도무지 알 수가 없네
아스라이 사라진 기억
그 언약들은 별이 되어
아아 구름처럼 그대
끝도 없이 떠나가는가
아픔은 스쳐간다 또 나를 안는다
가녀린 여인의 눈물
아아 구름처럼 그대
끝도 없이 떠나가는가
슬픔은 스쳐간다 또 나를 안는다
가련한 여인의 눈물
가련한 여인의 눈물"
가을비 우산속,"1,453",최헌,"그리움이 눈처럼
쌓인 거리를
나혼자서 걸었네
미련때문에
흐르는 세월따라
잊혀진 그 얼굴이
왜 이다지 속눈썹에
또다시 떠오르나
정다웠던 그 눈길
목소리 어딜갔나
아픈 가슴 달래며
찾아 헤매이는
가을비 우산속에
이슬 맺힌다

잊어야지 언젠가는
세월 흐름 속에
나혼자서 잊어야지
잊어봐야지
슬픔도 그리움도
나혼자서 잊어야지
그러다가 언젠가는
잊어지겠지
정다웠던 그 눈길
목소리 어딜갔나
아픈 가슴 달래며
찾아 헤매이는
가을비 우산속에
이슬 맺힌다"
추억으로 가는 당신,"2,310",박지현,"나는 알아요 당신이 나를
얼마나 사랑하는지
내가 없으면 외로움 속에
조용히 흐느낄 그 사람
떠나야 할 까닭일랑
묻지 말아요
내가 너무 바보였어요
모든 것이 세월 속에
지워질 때면
그땐 내 맘 알게 될 거야
너무도 사랑한 당신
영원히 못 잊을 당신
추억으로 가는 당신

나는 알아요 당신을 떠날
그날이 내게 온 것을
내가 없으면 외로움 속에
조용히 흐느낄 그 사람
진정 그대 사랑이
필요한 것은
내가 아닌 또 다른 사람
모든 것이 눈물 속에
지워질 때면
그땐 내 맘 알게 될 거야
떠나야 할 까닭일랑
묻지 말아요
떠나야 할 까닭일랑
묻지 말아요
내가 너무 바보였어요
모든 것이 세월 속에
지워질 때면
그땐 내 맘 알게 될 거야
너무도 사랑한 당신
영원히 못 잊을 당신
추억으로 가는 당신
추억으로 가는 당신"
못 잊을 사랑,"1,169",정의송,"나를 잊었나 벌써 잊었나
아직도 사랑은 가슴에 남아 있는데
잊으려 지우려 아무리 애를 써 바도
자꾸만 커가는 그리움
이토록 못 잊을 사랑 왜 내가 보냈나
떠나지마 가지마 애원할 걸
붙잡지도 못 하고
떠나지마 가지마 매달릴 걸
후회하는 바보
돌아와요 웃으며 와 줘요
내게는 너 하나뿐이야
이토록 못 잊을 사랑 왜 내가 보냈나
떠나지마 가지마 애원할 걸
붙잡지도 못 하고
떠나지마 가지마 매달릴 걸
후회하는 바보
돌아와요 웃으며 와 줘요
내게는 너 하나뿐이야
내게는 너 하나뿐이야"
꽃길인생,480,박성현,"수많은 만남들 속에
수많은 인연을 맺고
모래알속에 진주같은
너하나를 얻었다
내편이 되어준 너를
부족한 내가 사랑해도 되겠니
돌고 돌아 온 세월
꿈같은 세월
꿈이라 하기엔 고단했지만
너하나를 만나서 너를 얻어서
내 인생 꽂길이라오
단비를 기다리듯이
누군가 그리워하는
그마음들이 하늘에 닿아
너하나를 보냈다
내편이 되어준 너를
부족한 내가 사랑해도 되겠니
돌고 돌아 온 세월
꿈같은 세월
꿈이라 하기엔 고단했지만
너하나를 만나서 너를 얻어서
내 인생 꽂길이라오
돌아 돌아 온 세월
꿈같은 세월
꿈이라 하기엔 고단했지만
너하나를 만나서 너를 얻어서
내 인생 꽃길이라오
내 인생 꽃길이라오"
무정부르스,"21,456",김호중,"이제는 애원해도 소용없겠지
변해 버린 당신이기에
내 곁에 있어 달라 말도 못하고
떠나야 할 이 마음
자꾸만 바라 보면 미워지겠지
믿어 왔던 당신이기에
쏟아져 흐른 눈물 가슴에 안고
돌아서는 이 발길
추억 같은
불빛들이
흐느껴 우는 이 밤에
상처만 남겨 두고
떠나 갈 길을
무엇하러 왔던가
사랑했던
사랑했던
기억들이
갈 길을 막아서지만
추억이 아름답게
남아 있을때
미련 없이
미련 없이
가야지"
해변으로 가요,"29,539",임영웅,"별이 쏟아지는 해변으로 가요
해변으로 가요
젊음이 넘치는 해변으로 가요
해변으로 가요
달콤한 사랑을 속삭여 줘요
연인들에 해변으로 가요
해변으로 가요
사랑한다는 말은 안 해도
말은 안 해도
나는 나는 행복에 묻힐 거에요
가겠어 가고야 말겠어
요번에 노란 바다에
바다에 가겠어
왜냐고 라고 흥
묻는 너 바보
우리가 왜 가는지
모른다면 너는 바보
하루종일 일만하는 개미들에
소리뿐
땀에 젖은 발냄새뿐
매일매일 일하고 밥먹고 잠자고
개성없는 개미보다 우린
베짱이가 훨씬 좋다
왜냐구 베짱이잖아
여유가 있잖아
별이 쏟아지는 해변으로 가요
해변으로 가요
젊음이 넘치는 해변으로 가요
해변으로 가요
달콤한 사랑을 속삭여 줘요
별이 쏟아지는 해변으로 가요
해변으로 가요
젊음이 넘치는 해변으로 가요
해변으로 가요
달콤한 사랑을 속삭여 줘요
연인들에 해변으로 가요
해변으로 가요
사랑한다는 말은 안 해도
말은 안 해도
나는 나는 행복에 묻힐 거에요
불타는 그 입술 처음 느꼈네
사랑의 발자욱 끝없이 남기며
별이 쏟아지는 해변으로 가요
해변으로 가요
젊음이 넘치는 해변으로 가요
해변으로 가요
달콤한 사랑을 속삭여 줘요
달콤한 사랑을 속삭여 줘요
달콤한 사랑을 속삭여 줘요"
가지마,"1,457",조항조,"꽃바람 타고 떠나 간데요 나를 두고 떠나 간데요

우리 인연은 여기 까지가 끝이라 하네요

울지도 마요 잡지도 마요 마음 편히 가게 해줘요



부탁 하네요 애원 못하게 미련도 갖지 못하게

아무말 없이 뒷모습 보며 보내야만 하는 내가 너무 싫지만

어쩔수 없는 내가 미워요 내가 잘못 했으니까요



사랑 했지만 너무도 소홀 했던나

그래서 나를 떠나는 이유를 알기에

가지마 날 떠나가지 말라고 애원도 못 한답니다."
비가,473,혜은이,"사랑하는 사람의
그 이름을 끝내 부르지 못해
그리움 하나로 잊혀져 가는
내 이름 석자
등을 돌려 내게서
등 돌려 가는 사람이여
그래 말없이 떠나라
다신 돌아오지 말아라
바람에 스치우는
그대 그리운 말
이젠 잊으리라
노을 한 자락에도 떨어지는
이 눈물은 씻어지리라
살다 살다 외로워질 때
나보다 더 그대 외로울 때
그때 그리워지리라
잊혀진 내 이름 석자

바람에 스치우는 그대
그리운 말
이젠 잊으리라
노을 한 자락에도 떨어지는
이 눈물은 씻어지리라
살다 살다 외로워질 때
나보다 더 그대 외로울 때
그때 그리워지리라
잊혀진 내 이름 석자
잊혀진 내 이름 석자"
앗! 뜨거,"2,637",박현빈,"앗 뜨거 뜨거
앗 뜨거 뜨거
너 때문에 내 가슴 불난다 불나
앗 뜨거 뜨거
앗 뜨거 뜨거
사랑 앞에 내가 아주 녹는다 녹아
너의 눈웃음은 백만 불짜리
한방에 쓰러져
이 세상에 제일 맛있는 술은
달콤한 니 입술
너를 위해 뜨는 붉은 저 해는
너만을 사랑해
이글 이글 타는 나를 바라봐
내 안에 너 있다
섹시한 니가 좋아 내숭기 없는 니가
너무 화끈해서 좋아
솔직하게 또 후끈하게
날 만드는 니가 좋아
앗 뜨거 뜨거
앗 뜨거 뜨거
너 때문에 내 가슴 불난다 불나
앗 뜨거 뜨거
앗 뜨거 뜨거
사랑 앞에 내가 아주 녹는다 녹아

너의 눈웃음은 백만 불짜리
한방에 쓰러져
이 세상에 제일 맛있는 술은
달콤한 니 입술
너를 위해 뜨는 붉은 저 해는
너만을 사랑해
이글 이글 타는 나를 바라봐
내 안에 너 있다
섹시한 니가 좋아 내숭기 없는 니가
너무 화끈해서 좋아
솔직하게 또 후끈하게
날 만드는 니가 좋아
앗 뜨거 뜨거
앗 뜨거 뜨거
너 때문에 내 가슴 불난다 불나
앗 뜨거 뜨거
앗 뜨거 뜨거
사랑 앞에 내가 아주 녹는다 녹아
불나도 좋아 녹아도 좋아
너만 곁에 영원히 있어준다면
사나이 가슴 다 타도 좋아
뜨거운 게 좋아 그게 사랑이니까
그게 진짜 후회 없이 사는 거니까"
당돌한 여자,143,서주경,"일부러 안웃는 거 맞죠
나에게만 차가운 거 맞죠
알아요 그대 마음을
내게 빠질까봐 두려운거죠
그대는 그게 매력이예요
관심없는 듯한 말투 눈빛
하지만 그대 시선을
나는 안보고도 느낄수 있죠
집으로 들어가는 길인가요
그대의 어깨가 무거워보여
이런 나 당돌한가요
술 한잔 사주실래요
야이 야이 야이 야이 날봐요
우리 마음 속이지는 말아요
날 기다렸다고 먼저 얘기하면
손해라도 보나요
야이 야이 야이 야이 말해요
그대 여자 되달라고 말해요
난 이미 오래전
그대 여자이고 싶었어요

애인이 없다는 거 맞죠
혹시 숨겨둔 건 아니겠죠
믿어요 그대의 말을
행여 있다해도 양보는 싫어
그대는 그게 맘에 들어
여자 많을 듯한 겉 모습에
사실은 아무에게나
마음 주지 않는 그런 남자죠
집으로 들어가는 길인가요
그대의 어깨가 무거워 보여
이런 나 당돌한가요
술 한잔 사주실래요
야이 야이 야이 야이 날봐요
우리 마음 속이지는 말아요
날 기다렸다고 먼저 얘기하면
손해라도 보나요
야이 야이 야이 야이 말해요
그대 여자 되달라고 말해요
난 이미 오래전
그대 여자이고 싶었어요"
봄날은 간다,"1,017",심수봉,"연분홍 치마가 봄바람에 휘날리더라
오늘도 옷고름 씹어가며
산제비 넘나드는 성황당 길에
꽃이 피면 같이 웃고
꽃이 지면 같이 울던
알뜰한 그 냄새에
봄날은 간다"
사랑참,"1,553",홍자,"잡힐 듯 잡히지 않는
사랑이 너무 아쉬워
다가가면 더 멀어지는
사랑 참 힘드네요
참을 만해요 괜찮아요
힘들면 좀 어때요
사랑을 잃은 아픔보다
참는 게 더 쉬워요
들리나요 사랑아
내 슬픈 사랑아
보이나요 사랑아
내 아픈 사랑아
참을 만해요 괜찮아요
힘들면 좀 어때요
사랑을 잃은 아픔보다
참는 게 더 쉬워요
들리나요 사랑아
내 슬픈 사랑아
보이나요 사랑아
내 아픈 사랑아
사랑아 내 아픈 사랑아
사랑아 내 아픈 사랑아
사랑 참 힘드네요"
당신의 이름,502,공훈,"하얀 종이 위에
무심코 적어본 이름
내 마음 속에 오르내린
당신의 그 이름
아무리 불러도 그리워 해도
지금은 한마디 대답도 없이
허공 중에 허공 중에 사라져
사라져 사라져 가는 이름
나도 모르는 새
무심코 적어본 이름
은연중에 생각나는
당신의 그 이름
아무리 불러도 그리워해도
지금은 한마디 대답도 없이
세월 속에 세월 속에 잊혀져
잊혀져 잊혀져 가는 이름
당신의 그 이름"
나이야 가라,"1,204",김소연,"나이야 가라 나이야 가라
나이가 대수냐
오늘이
가장 젊은 날
내 과거
묻지를 마세요
알아서
무엇 하나요
지난 일은
지난 밤에 묻어요
살다 보면
다 그렇지
마음엔 나이가
없는 거란 걸
세월도
빗겨가는 걸
잊지는 말아요
오늘 이 순간이
내 인생에
가장 젊은 날
청춘엔 기준이
없는 거란 걸
지금도
한창 때란 걸
잊지는 말아요
오늘 이 순간이
내 인생에
가장 젊은 날
나이야 가라 나이야 가라
나이가 대수냐
오늘이
가장 젊은 날
오늘이
가장 젊은 날"
당신을 사랑해요,"2,751",윤준협,"사랑해요 당신을
얼마나 사랑하냐면요
하늘이 높다 해도 내 사랑
바다가 깊다 해도 내 사랑
표현 할 수 없어요
말로다 알 수 없어요
그렇게 한없이
당신을 사랑해요
곁에 있지 않아도
마치 숨소리가 들리는 듯
내 손 잡지 않아도
마치 꼭 잡아 주듯이
당신이란 이름만 가져도
모두 가진 것처럼
그렇게 끝없이
당신을 사랑해요
떠나가지 말아요
이리와 꼭 안아주세요
부서지는 내 가슴을
살며시 안아주세요
사랑해요 당신을
얼마나 사랑하냐면요
하늘이 높다 해도 내 사랑
바다가 깊다 해도 내 사랑
표현 할 수 없어요
말로다 할 수 없어요
그렇게 한없이
당신을 사랑해요
곁에 있지 않아도
마치 숨소리가 들리는 듯
내 손 잡지 않아도
마치 꼭 잡아 주듯이
당신이란 이름만 가져도
모두 가진 것처럼
그렇게 끝없이
당신을 사랑해요
떠나가지 말아요
이리와 꼭 안아주세요
부서지는 내 가슴을
살며시 안아주세요
부서지는 내 가슴을
살며시 안아주세요
부서지는 내 가슴을
당신이 안아주세요"
자갈치 아지매,161,수빙수,"흥남 부두 돌아 돌아
국제시장 돌고 돌아
소리 내어 울었네
소리 내어 불렀네
당신을 찾아 헤맸네
반짝반짝 반짝이는
항구의 작은 별들아
우리 엄마 계신 곳까지
나를 나를 데려가다오
영도다리 난간 위에서
남포동 뒷골목에서
자갈치 아지매가
목놓아 부르는 이름
엄마 엄마 엄마를 찾는
자갈치 아지매

반짝반짝 반짝이는
항구의 작은 별들아
우리 엄마 계신 곳까지
나를 나를 데려가다오
영도다리 난간 위에서
남포동 뒷골목에서
자갈치 아지매가
목놓아 부르는 이름
엄마 엄마 엄마를 찾는
자갈치 아지매
자갈치 아지매"
나를 살게하는 사랑,"1,075",진욱,"바라보는 것도 사랑
기다리는 것도 사랑
그리움에 가슴이 저린 것도
내겐 사랑입니다
계절이 오듯이 그래
매일 숨쉬듯이 그래
이유없이 시작한 이 마음은
그래 사랑입니다
나를 살게하는 사랑
아무 이유없는 사랑
거기에 있어요 멀어지지 마요
내가 아파할게요
계절이 오듯이 그래
매일 숨 쉬듯이 그래
이유없이 시작한 이마음은
그래 사랑입니다
나를 살게하는 사랑
아무 이유없는 사랑
거기에 있어요 멀어지지 마요
내가 아파할게요
나를 살게하는 사랑
때론 눈물같은 사랑
가슴 다 헤져도 놓을 수 없어요
그래 사랑입니다
그댈 사랑합니다"
아파요,"12,423",임영웅,"모두가 나를 울리고
세상이 나를 버려도
외롭지 않았다 두렵지 않다
니가 있었다
뒷골목 바람이었다
망가진 청춘이었다
하얀 손 내밀어 잡아 주었다
나를 안아 주었다
흐르는 눈물이야
닦으면 그만이지만
그래도 보고 싶은 마음은
세월도 달랠 순 없어
너무나 아파요 아파요 아파요
사랑이 너무 아파요
아파요 아파요 아파요 아파요
사랑한 그 밤들이
모두가 나를 울리고
세상이 나를 버려도
외롭지 않았다 두렵지 않다
니가 있었다
뒷골목 바람이었다
망가진 청춘이었다
하얀 손 내밀어 잡아 주었다
나를 안아 주었다
흐르는 눈물이야
닦으면 그만이지만
그래도 보고 싶은 마음은
세월도 달랠 순 없어
너무나 아파요 아파요 아파요
사랑이 너무 아파요
아파요 아파요 아파요 아파요
사랑한 그 밤들이
너무나 아파요 아파요 아파요
빨갛게 멍든 가슴이
아파요 아파요 아파요 아파요
버려진 내 사랑이"
별빛 같은 나의 사랑아,"1,406",진해성,"고마워요 행복합니다
당신이 얼마나 내게
소중한 사람인지
세월이 흐르고 보니
이제 알 것 같아요
당신이 얼마나 내게
필요한 사람인지
세월이 지나고 보니
이제 알 것 같아요
밤하늘에 빛나는
별빛 같은 나의 사랑아
당신은 나의 영원한 사랑
사랑해요 사랑해요
날 믿고 따라준 사람
고마워요 행복합니다
왜 이리 눈물이 나요
밤하늘에 빛나는
별빛 같은 나의 사랑아
당신은 나의 영원한 사랑
사랑해요 사랑해요
날 믿고 따라준 사람
고마워요 행복합니다
왜 이리 눈물이 나요
사랑해요 사랑해요
날 믿고 따라준 사람
고마워요 행복합니다
왜 이리 눈물이 나요
왜 이리 눈물이 나요"
사랑했는데,151,류원정,"사랑했는데 서로가 좋아서
아아아아아 아아아아아
사랑했는데

어이 혼자 울어야 하나
아아아아아 아아아아아
여자의 눈물

그 팔에 안기어 꿈꾸던 창가에
시들은 장미꽃 이 마음 따라 우네

사랑했는데 서로가 좋아서
아아아아아 아아아아아
사랑했는데

그 팔에 안기어 꿈꾸던 창가에
시들은 장미꽃 이 마음 따라 우네

사랑했는데 서로가 좋아서
아아아아아 아아아아아
사랑했는데"
러브레터,148,류원정,"구름에 달빛 가린 캄캄한 밤에
나 홀로 잠 못 들어요

당신 앞에 자신이 없어
몰래 편지를 써요

사랑에 까막눈인데
내가 왜 이럴까

몰라요 나도 몰라요
울고만 싶어

아무리 써봐도 자꾸만 보아도
뭔가 빠졌어

사랑해요 I love you
그 한마디가 아 얄미운 사람

낯설은 이름에 깜짝 놀랐죠
바로 당신이군요

누가 볼까 숨을 멈추고
몰래 읽어 봅니다

사랑에 까막눈인데
내가 왜 이럴까

몰라요 나도 몰라요
울고만 싶어

아무리 읽어도 자꾸만 보아도
뭔가 빠졌어

I love you I love you
그 한마디가 아 얄미운 사람

사랑에 까막눈인데
내가 왜 이럴까

몰라요 나도 몰라요
울고만 싶어

아무리 써 봐도 자꾸만 보아도
뭔가 빠졌어

사랑해요 I love you
그 한마디가 아 얄미운 사람
얄미운 사람"
읽씹 안읽씹 (Prod. 영탁),"22,688",장민호,"밥도 아닌데 왜 뜸을 들이니
말을 거는데 대답이 없는데 왜
지가 선톡해놓고 도대체
아 미치겠는데 답답한 건 또
못 참겠는데
다이얼 돌렸는데 왜 안 받는대
내 톡 왜 씹어
읽은 거 다 아는데 씹어
답장도 못 할 만큼 바뻐
핸드폰 달고 살잖아
이제는 안 읽고 씹어
안읽씹이 훨씬 더 나뻐
내가 뭐 단톡방이냐
알림 꺼놓게
모르는 번호 나도 잘 안 받지
혹시 내 이름 저장이 안 돼 있니 왜
선톡은 왜 한 거니 도대체
아 신호 가던데 두 번만 울리고
끊어지던데 수신 거부한 거니
나 보이스피싱이니
내 톡 왜 씹어
읽은 거 다 아는데 씹어
답장도 못 할 만큼 바뻐
핸드폰 달고 살잖아
이제는 안 읽고 씹어
안읽씹이 훨씬 더 나뻐
내가 뭐 단톡방이냐
알림 꺼놓게
내가 뭐 대출 전화냐
스팸 해놓게"
돌리도,550,진욱,"잘해 잘해 잘해 바라볼때 잘해
너만 바라볼때
잘해 잘해 잘해 있을때 잘해
옆에 있을때
돌리도 돌리도
내사랑 돌리도
첫눈에 뿅갔다고
나없이는 못산다고
죽자살자 매달린
요놈의 사랑아
당신 사랑 깊이를
자로자로 재보니
일미터도 못되더라
잘해 잘해 잘해 바라볼때 잘해
너만 바라볼때
잘해 잘해 잘해 있을때 잘해
옆에 있을때
한번 떠난 사랑은
다시 오지않아
후회할 때는 이미 늦었어
돌리도 돌리도 내사랑 돌리도
돌리도 돌리도 내사랑 돌리도

잘해 잘해 잘해 바라볼때 잘해
너만 바라볼때
잘해 잘해 잘해 있을때 잘해
옆에 있을때
한번 떠난 사랑은 다시 오지않아
후회할 때는 이미 늦었어
돌리도 돌리도 내사랑 돌리도
돌리도 돌리도 내사랑 돌리도
내사랑 돌리도 돌려줘
돌려줘"
배 띄어라,113,별사랑,"서럽다고 울기만 하랴
배 띄워라

배 띄워라
배 띄워라
아이야 벗님네야
배 띄워서 어서 가자

동서남북 바람 불제
언제나 기다리나
술 익고 달이 뜨니
이때가 아니드냐

배 띄워라
배 띄워라
아이야 벗님네야
배 띄워서 어서 가자

바람이 없으면 노를 젓고
바람이 불면 돛을 올리자

강 건너 벗님네들
앉아서 기다리랴
그리워
서럽다고 울기만 하랴

배 띄워라
배 띄워라
아이야 벗님네야
어서 가자 배 띄워라

배 띄워라"
들꽃,"5,338",정동원,"밤하늘 달 걸음 따라서
당신이 보고 싶은 밤
가슴속에 가득 별님처럼 가득
당신 얼굴이 아련해
아 내 안에 활짝 피어난
들꽃 하나 꺾어 쥐고서
사랑이라오 한 송이 꽃이라오
천 송이 만 송이 당신께 주고픈데
손끝에 엉성히 구겨진 들꽃 하나가
내 맘을 불꽃처럼 태웠소
당신과 나란히 잠든 방
수척한 그댈 보면서
나도 몰래 글썽 당신 몰래 글썽
눈물 소리가 가득해
아 세상에 고운 사랑아
이 사람 좀 데려가 주오
사랑이라오 한 송이 꽃이라오
천 송이 만 송이 당신께 주고픈데
손끝에 엉성히 구겨진 들꽃 하나가
내 맘을 불꽃처럼 태웠소
사랑이라오 한 송이 꽃이라오
천 송이 만 송이 당신께 주고픈데
손끝에 엉성히 구겨진 들꽃 하나가
내 맘을 불꽃처럼 태웠소"
인연,"2,663",박지현,"이제는 두 번 다시
사랑 때문에 울지 않으리
이제는 두 번 다시
나는 너를 보내지 않으리
사랑 때문에 괴로웠던
지난 날들은
이제는 이제는 모두 끝이야
수 많은 사람 만나 만나서
내 모든 걸 다 주어봐도
때가 되면 떠나버리는
무정한 사람이더라
인연이라는 것은
때가 되어야만 만나지는 것
지난 날은 괴로워 말자
언젠간 너도 괴로울테니까
이제는 두 번 다시
과거 때문에 울지 않으리
이제는 두 번 다시
나는 너를 보내지 않으리
사랑 때문에 괴로웠던
지난 날들은
나에겐 또 다시 없을테니까
수 많은 사람 만나 만나서
내 모든 걸 다 주어봐도
때가 되면 떠나버리는
무정한 사람이더라
인연이라는 것은
하늘만이 그걸 알 수 있는 것
지난 날은 괴로워 말자
언젠간 너도 괴로울테니까"
낭만에 대하여,"2,361",최백호,"궂은 비 내리는 날
그야말로 옛날식 다방에 앉아
도라지 위스키 한 잔에다
짙은 색스폰 소릴 들어보렴
새빨간 립스틱에
나름대로 멋을 부린 마담에게
실없이 던지는 농담사이로
짙은 색스폰 소릴 들어보렴
이제와 새삼 이 나이에
실연의 달콤함이야 있겠냐마는
왠지 한 곳이
비어 있는 내 가슴이
잃어버린 것에 대하여

밤 늦은 항구에서
그야말로 연락선 선창가에서
돌아올 사람은 없을지라도
슬픈 뱃고동 소릴 들어보렴
첫사랑 그 소녀는
어디에서 나처럼 늙어갈까
가 버린 세월이 서글퍼지는
슬픈 뱃고동 소릴 들어보렴
이제와 새삼 이 나이에
청춘의 미련이야 있겠냐마는
왠지 한 곳이
비어 있는 내 가슴에
다시 못 올 곳에 대하여
낭만에 대하여"
서울 가 살자,"4,221",장민호,"그 이불솜 베게 다 버리고
우리 이제 서울 가서 살자
그대야가 말한 천 번에 약속은
괜찮으니 서울 가 살자
저 달이 건너가 먼저 비춘다니
우리 무슨 어떤 걱정 있을까요
그댈 원망하진 않아요 이젠
그래서 또 살아보는 세월일껀데
미련 없이 버리고 서울 가 살자
그 다짐과 처음 약속 들고
우리 이제 서울 가서 살자
그대야가 흘린 미안한 눈물은
괜찮으니 서울 가 살자
별빛이 뜨고도 해가 있다는
그곳에서 어떤 행복 기다릴까요
그댈 원망하진 않아요 아마
내가 더 원했었던 사랑일테니
그대도 놓지 말아요오
저 달이 건너가 먼저 비춘다니
우리 무슨 어떤 걱정 있을까요
그댈 원망하진 않아요 이젠
그래서 또 살아보는 세월일껀데
미련없이 버리고 서울가 살자"
마지막 연인,718,한혜진,"나만이 간직하고 싶기에
이름을 밝힌 적도 없었지요
기억의 문을 열고 들어와
내 앞에 서 있는 그대
얼어붙은 내 마음에
미소가 번질 때마다
그대가 내 눈에 보여요
꿈인줄 알고 있지만
그품에 안기고 싶어
이렇게 가슴이 시려오는데
어디에 있나요
돌아와 줄 순 없나요
내 모습 이렇게도 야위어 가는데
지금은 어디서
나 없이 행복하나요
내 인생에 마지막 내 사랑이여

얼어붙은 내 마음에
미소가 번질 때마다
그대가 내 눈에 보여요
꿈인줄 알고 있지만
그품에 안기고 싶어
이렇게 가슴이 시려오는데
어디에 있나요
돌아와 줄 순 없나요
내 모습 이렇게도 야위어 가는데
지금은 어디서
나 없이 행복하나요
내 인생에 마지막 내 사랑이여
어디에 있나요
돌아와 줄 순 없나요
내 모습 이렇게도 야위어 가는데
지금은 어디서
나 없이 행복하나요
내 인생에 마지막 내 사랑이여"
너무 좋아 좋아,233,장윤정,"내가 그렇게도 좋니
어디가 어떻게 좋니
이유를 물어봐도 그냥 좋아한다고

그저 살짝 웃어 주면
뭐가 그리 좋은지
아이같은 눈빛을 하고 사르르 녹아내려

살다가 기뻐도 살다가 슬퍼도
내 맘은 영원 할거야
그러니 변하지 마

좋아 나도 니가 너도 내가 좋아좋아
좋아 나도 니가 너도 내가 너무좋아좋아

내가 아직까지 좋니
언제까지 그럴거니
매일매일 만나도 마냥 좋을거라고

볼에 살짝 손대 주면
뭐가 그리 좋은지
아이같은 눈빛을 하고 사르르 녹아내려

살다가 기뻐도 살다가 슬퍼도
내 맘은 영원 할거야
그러니 변하지 마

좋아 나도 니가 너도 내가 좋아좋아
좋아 나도 니가 너도 내가 너무좋아좋아

세월이 지나서 추억만 남아도
사랑은 영원할거야
그러니 걱정은 마

좋아 나도 니가 너도 내가 좋아좋아
좋아 나도 니가 너도 내가 너무 좋아 좋아
나도 니가 너무 좋아 좋아
우리 둘이 너무 좋아 좋아"
해바라기,"1,135",장윤정,"고맙고 고마워요
나를 사랑해줘서
나 항상 그대 향해
목이 긴 해바라기
구름이 가리면 궁금해지는
내 어린 가슴앓이
당신은 이런 내 맘 몰라
마법의 카펫 위를
걷는 이 기분
내 손을 잡아주면
내 곁에 있어준다면
그걸로 난 족해요
난 항상 그댈 바라보는
해바라기
고개를 돌리지 못해
나 아니면 나 아니면
안 되겠다는
그 말을 정말 믿어요

5캐럿 다이아몬드
무슨 소용 있나요
저 하늘 별 처럼
찬란할 수 없다면
날 그저 그렇다고 생각 말아요
소중하게 대해줘요
당신은 이런 내 맘 몰라
마법의 카펫 위를
걷는 이 기분
내 손을 잡아주면
내 곁에 있어준다면
그걸로 난 족해요
난 항상 그댈 바라보는
해바라기
고개를 돌리지 못해
나 아니면 나 아니면
안 되겠다는
그 말을 정말 믿어요
나 아니면 나 아니면
안 되겠다는
그 말을 정말 믿어요"
일소일소 일노일노 (一笑一少 一怒一老),995,신유,"세상사 스무고개
길 좋은 날만 있을까
이왕이라면 웃으며 살자
말처럼 쉽지 않아도
일소일소 일노일노
얼굴마다 쓰여져
감출수가 없는데
한치의 앞날
모르는 것이 인생인 것을
그게 바로 인생인 것을
웃다가도 한세상이고
울다가도 한세상인데
욕심 내봐야 소용 없잖아
가지고 갈 것 하나 없는데
인생사 구비 구비 길
힘든 날만 있을까
마음하나를 내려 놓는게
말처럼 쉽지 않아도
일소일소 일노일노
얼굴마다 쓰여져
감출수가 없는데
한치의 앞날
모르는 것이 인생인 것을
그게 바로 인생인 것을
웃다가도 한세상이고
울다가도 한세상인데
욕심 내봐야 소용 없잖아
가지고 갈 것 하나 없는데
일소일소 일노일노
얼굴마다 쓰여져
감출수가 없는데
한치의 앞날
모르는 것이 인생인 것을
그게 바로 인생인 것을
웃다가도 한세상이고
울다가도 한세상인데
욕심 내봐야 소용 없잖아
가지고 갈 것 하나 없는데"
따르릉,"20,508",김영철,"따르릉 따르릉 내가 니 오빠야
Yeah 따르릉
1 2 3 4
니가 먼저 만나재 놓고
내 탓을 하지 마
니가 니가 나쁜 여자
내 탓을 하지 마
이런 놈 저런 놈 다 만나놓고
내 탓을 하지 마
오빠야 오빠 오빠야 니 오빠야
오빠야 오빠 오빠야 니 오빠야
이런 놈 저런 놈 만나봤겠지만
즐거웠겠지만
너를 사랑해 사랑해
따르릉
따르릉 따르릉 내가 니 오빠야
따르릉 따르릉 내가 니 오빠야
오오빠빠 내가 니 오빠야
오오빠빠 내가 니 오빠야
니 오빠야
1 2 3 4
니가 먼저 날 차버렸지
내 탓을 하지 마
니가 먼저 꽁무니 뺐지
내 탓을 하지 마
이런 놈 저런 놈 다 만나놓고
내 탓을 하지 마
오빠야 오빠 오빠야 니 오빠야
오빠야 오빠 오빠야 니 오빠야
이런 놈 저런 놈 만나봤겠지만
후회하겠지만
너를 사랑해 사랑해
따르릉
따르릉 따르릉 내가 니 오빠야
따르릉 따르릉 내가 니 오빠야
오오빠빠 내가 니 오빠야
오오빠빠 내가 니 오빠야
니 오빠야"
새벽차,89,오유진,"떠나갑니까
나를 두고 떠나갑니까
이 마음은 못 떠납니다

떠나갑니까
나를 두고 떠나갑니까
가로등 불빛 아래 새벽차타고
안개낀 서해대교 바람만 불어오네
이 내 가슴을 모른척하고
영영히 보지 말자 말은 말은 했지만(말은 말은 했지만)
다시 오마 돌아보는 못난 이 내 마음
새벽차는 말없이 떠나갑니다
이 마음은 못 떠납니다
이 마음은 못 떠납니다"
오세요,131,나영,"단비로 꽃비로 와주실래요
오세요 오세요 안아주세요
민들레 피어난 사랑길 따라
나에게 오세요
제발 주세요 당신의 사랑 주세요
하트를 곱게 접어 날려주세요
하늘로 훨훨 반딧불이 날아 훨훨
당신이 오실 길을 밝혀주네요
오늘은 만나려나 언제쯤 만나려나
내게로 오는 날이
당신이 와줄 그날이
단비로 꽃비로 와주실래요
오세요 오세요 안아주세요
민들레 피어난 사랑길 따라
나에게 오세요

어서 오세요 내 품에 들어오세요
외롭고 힘든 날엔 날 보러 와요
하루 지나도 천년이 지난 것처럼
애타는 이 내 마음 그댄 알까요
오늘은 만나려나 언제쯤 만나려나
내게로 오는 날이
당신이 와줄 그날이
단비로 꽃비로 와주실래요(와주실래요)
오세요 오세요 안아주세요(안아주세요)
민들레 피어난 사랑길 따라
나에게 오세요
단비로 꽃비로
단비로 꽃비로 와주실래요(와주실래요)
오세요 오세요 안아주세요(안아주세요)
민들레 피어난 사랑길 따라
나에게 오세요
나에게 오세요
나에게 오세요
오세요"
님 그림자,905,노사연,"저만치 앞서가는 님 뒤로
그림자 길게 드린 밤
님의 그림자 밟으려 하니
서러움이 가슴에 이네
님은 나의 마음 헤아릴까
별만 헤듯 걷는 밤
휘황한 달빛아래 님 뒤로
긴 그림자 밟은 날 없네
저만치 앞서가는 님뒤로
그림자 길게 드린 밤
님의 그림자 밟으려 하니
서러움이 가슴에 이네
님은 나의 마음 헤아릴까
별만 헤듯 걷는 밤
휘황한 달빛아래 님 뒤로
긴 그림자 밟을 날 없네"
그대 내 친구여,939,패티김,"어둠속에서 혼자 울고 있을때
나의 손을 꼭 잡아 준 사람
비 바람 불어도 늘 곁에 있어 준 사람
그건 바로 당신이였오
내 삶이 때론 노래가 되고
때론 서글픈 사랑이 돼요
황금빛 노을 붉은 파도 위를 달리는
바람이 되고 싶소
내 친구여 내 사랑아
나 죽어도 그대 잊지 않으리
평생을 사랑해도 아직도
그리운 사람 그대는 내 친구여

내 삶이 때론 노래가 되고
때론 서글픈 사랑이 돼요
황금빛 노을 붉은 파도 위를 달리는
바람이 되고 싶소
내 친구여 내 사랑아
나 죽어도 그대 잊지 않으리
평생을 사랑해도 아직도
그리운 사람 그대는 내 친구여

내 친구여 내 사랑아
나 죽어도 그대 잊지 않으리
평생을 사랑해도 아직도
그리운 사람 그대 내 친구여"
흥아리랑,"1,026",양지은,"아리아리 랑랑 쓰리쓰리 랑랑
아리아리 아라리요
아리아리 고개 쓰리쓰리 고개
인생고개 넘어간다
흥이야 흥 흥 띄어라
흥이로다 흥이로구나
삼해바다 순풍불면
어야 뒤어라 흥 띄어라
어기 영차 줄을 당겨라
청이야 백이야 만세
어기영차 풍악 울려라
비켜라 나가라 이겨라
다 함께 얼싸 좋다 (얼싸 좋다)
아리랑고개 쓰리랑고개
사통팔통 사방팔방 넘어간다
아리랑고개 쓰리랑고개
동서남북 팔도강산 넘어간다
흥이야 흥 흥 띄어라
흥이로다 흥이로구나
춘하추동 축제로다
덩실덩실 흥 띄어라
어기영차 줄을 당겨라
청이야 백이야 만세
어기영차 풍악 울려라
비켜라 나가라 이겨라
다 함께 얼싸 좋다 (얼싸 좋다)
아리랑고개 쓰리랑고개
사통팔통 사방팔방 넘어간다
아리랑고개 쓰리랑고개
동서남북 팔도강산 넘어간다
이노야 야노야 에헤라
이노야 야노야 에헤라
이노야 야노야 에헤라
이노야 야노야 에헤라
에야디야 어허라 디야
놀아보세
아리랑고개 쓰리랑고개
사통팔통 사방팔방 넘어간다
아리랑고개 쓰리랑고개
동서남북 팔도강산 넘어간다
아리아리 랑랑 쓰리쓰리 랑랑
아리아리 아라리요
아리아리 고개 쓰리쓰리 고개
인생고개 넘어간다
흥이야 흥이야 흥이야 흥"
짝사랑,822,주현미,"마주치는 눈빛이
무엇을 말하는지
난 아직 몰라
난 정말 몰라
가슴만 두근두근
아 사랑인가봐
해질 무렵이면 창가에 앉아
나는요 어느샌가 그대 모습 그려요
사랑한다고 좋아한다고 말해주세요
눈물만큼 고운 별이 될래요
그대 가슴에
속삭이는 눈빛이
무엇을 말하는지
난 아직 몰라
난 정말 몰라
가슴만 두근두근
아 사랑했나봐
그대 지나치는 시간이 되면
나는요 어느샌가 거울 앞에 있어요
사랑한다고 좋아한다고 말해주세요
눈물만큼 고운 별이 될래요
그대 가슴에
속삭이는 눈빛이
무엇을 말하는지
난 아직 몰라
난 정말 몰라
가슴만 두근두근
아 사랑했나봐
그대 지나치는 시간이 되면
나는요 어느샌가 거울 앞에 있어요
사랑한다고 좋아한다고 말해주세요
그대 가슴속에 꺼지지 않는
별이 될래요"
콧바람,682,송민준,"맘대로 맘대로 당신 맘대로
사랑이 가는대로 끌리는 대로
화끈하게 신나게 대문을 열고
오늘만 빠라 빠빠빠
우물 안 개구리로 살지만 말고
후회 없이 미련 없이 벗어나보자
맘대로 맘대로 당신 맘대로
뜻대로 뜻대로 당신 뜻대로
눈치 보지 말고 돌아보지 말고
가자 가자 콧바람 쐐러
맘대로 맘대로 당신 맘대로
사랑이 가는대로 끌리는 대로
화끈하게 신나게 대문을 열고
오늘만 빠라 빠빠빠
우물 안 개구리로 살지만 말고
후회 없이 미련 없이 벗어나보자
맘대로 맘대로 당신 맘대로
뜻대로 뜻대로 당신 뜻대로
눈치 보지 말고 돌아보지 말고
가자 가자 콧바람 쐐러
가자 가자 콧바람 쐐러"
하니하니,786,서지오,"하니 하니 하니 나를 사랑하니
정말 나를 사랑하니
오니 오니 오니 내게 다가오니
정말 내게 오는거니
아무것도 묻지마 우리 그냥 이대로
뜨겁게 뜨겁게 사랑하다가
아침이 올때까지만 내 곁에 있어주면되
그리고 미련없이 우리 그냥 헤어져
하니 하니 하니 이젠 내 맘 아니 후회없는 사랑원해
오니 오니 오니 내게 오기전에 먼저 내 맘 이해해줘
하니 하니 하니 나를 사랑하니
정말 나를 사랑하니
오니 오니 오니 내게 다가오니
정말 내게 오는거니
아무것도 묻지마 우리 그냥 이대로
뜨겁게 뜨겁게 사랑하다가
아침이 올때까지만 내 곁에 있어주면되
그리고 미련없이 우리 그냥 헤어져
하니 하니 하니 이젠 내 맘 아니 후회없는 사랑원해
오니 오니 오니 내게 오기전에 먼저 내 맘 이해해줘
그대 내 맘 이해해줘 그대
그대 내 맘 이해해줘 그대
그대 내 맘 이해해줘"
무슨 사랑,"1,263",유지나,"당신은 정말 거짓쟁이였어
거짓쟁이였어 거짓쟁이였어
1.다~거짓말이야 모두다 거짓말이야
여린내가슴에 속삭이던
말도 모두다 거짓말이야
내가슴에 아픈상처 주고갈거면서
저만혼자 달아날거면서 사랑은
무슨사랑 철없던 불장난
사랑한다했니 영원하자했니
이나쁜 거짓쟁이야
거짓쟁이였어 거짓쟁이였어

2.다~거짓말이야 모두다 거짓말이야
손가락걸었던
그 때 그맹세도 모두다 거짓말이야
내가슴에 깊은 멍을 남겨놀거면서
저만혼자 도망갈거면서 사랑은 무슨사랑
엉터리풋사랑 다신못만나니
영영이별이니 이몹쓸거짓쟁이
야내가슴에 아픈상처 주고갈 거면서
저만혼자 달아날거면서
사랑은 무슨사랑 철없던불장난
사랑한다했니 영원하자했니 이 나쁜 거짓쟁이야
당신은정말 거짓쟁이였어"
미운사랑 (Dance Ver.),"1,457",진미령,"남몰래 기다리다가
가슴만 태우는 사랑
어제는 기다림에
오늘은 외로움
그리움에 적셔진 긴 세월
이렇게 살라고
인연을 맺었나
차라리 저 멀리 둘 걸
미워졌다고 갈 수 있나요
행여나 찾아 올까봐
가슴이 사랑을 잊지 못해
이별로 끝난다 해도
그 끈을 놓을 순 없어
너와 나 운명인 거야
이렇게 살라고
인연을 맺었나
차라리 저 멀리 둘 걸
미워졌다고 갈 수 있나요
행여나 찾아 올까봐
가슴이 사랑을 잊지 못해
이별로 끝난다 해도
그 끈을 놓을 순 없어
너와 나 운명인거야
그 끈을 놓을 순 없어
너와 나 운명인거야"
정녕,658,신성,"당신은 나에게
할 말이 없나요
아직도 나는
할 말이 많은데
당신에 눈에
한 방울 눈물이
이별에 진실인가요
사랑은 정녕
무엇인가요
가슴 하나 태우면
그만 인가요
이별은 정녕
무엇인가요
또 다른 만남의
시작인가요
돌아서는 그대
마지막 눈물에
나는 바람 되어 웁니다
당신에 진실은
무엇인가요
나에겐 오직
당신뿐인데
우리가 나눈
사랑에 기쁨이
이별을 막을 수는 없었나요
사랑은 정녕
무엇인가요
가슴 하나 태우면
그만 인가요
이별은 정녕
무엇인가요
또 다른 만남의
시작인가요
돌아서는 그대
마지막 눈물에
나는 바람 되어 웁니다
돌아서는 그대
마지막 눈물에
나는 바람 되어 웁니다"
할무니,"30,230",김호중,"비가 오면 우산 들고
마중 나와 주시고
눈이 오면 넘어질까 걱정을 하시네
사랑으로 안아주고 기죽을까 감싸며
울 엄마의 빈자리를 채워주신 할무니
엄마 얼굴 그리려다
너무 생각이 안 나
동그라미 하나만을 그려놓고 잠든 밤
나도 나도 나도
니 어미가 보고 싶다며
내 손 잡고 몰래 우시던 사랑해요
우리 할무니
엄마 얼굴 그리려다
너무 생각이 안 나
동그라미 하나만을 그려놓고 잠든 밤
나도 나도 나도
니 어미가 보고 싶다며
내 손 잡고 몰래 우시던 사랑해요
우리 할무니
사랑해요 우리 할무니"
내사람,"19,323",임영웅,"내 가슴속에 사는 사람
내가 그토록 아끼는 사람
너무 소중해 마음껏 안아보지도 못했던
누구에게나 흔한 행복
한 번도 준적이 없어서
맘 놓고 웃어본 적도 없는
그댈 사랑합니다
내가 기쁠 때나 슬플 때나
함께 울고 웃어주던
그댈 위해 내가 할 수 있는 건
뭐든 해주고 싶어
안녕 내 사랑 그대여
이젠 내가 지켜줄게요
못난 날 믿고
참고 기다려줘서 고마워요
안녕 내 사랑 그대여
영원토록 사랑할게요
다시 태어나서 사랑한대도
그대이고 싶어요
어두운 밤길을 잃어도
서로 등불이 되어주고
비바람 몰아쳐도
지금 잡은 두 손 놓지 말아요
내가 힘들 때나 아플 때나
내 곁에 있어준 그대
미안하단 말로 고맙단 말을
대신 하던 나였죠
안녕 내 사랑 그대여
이젠 내가 지켜줄게요
못난 날 믿고
참고 기다려줘서 고마워요
안녕 내 사랑 그대여
영원토록 사랑할게요
다시 태어나서 사랑한대도
그대이고 싶어요
넘어지고 몇 번을 다시 넘어진다 해도
그대만 있다면 다시 일어날 수 있는데
안녕 내 사랑 그대여
이젠 내가 지켜줄게요
못난 날 믿고
참고 기다려줘서 고마워요
안녕 내 사랑 그대여
이렇게 그댈 부를 때면
너무 행복해서 눈물이 나죠 사랑해요
나나 나나나 나나나
나나 나나나나 나나나
나나 나 나나 나나 나나나나나
나나 나나나 나나나
나나 나나나나 나나나
나나 나나나 나나나 나나 나나"
평행선,429,김용필,"나는 나밖에 모르고
너는 너밖에 모르고
그래서 우리는
똑같은 길을 걷지 평행선
나는 나밖에 몰랐지
너는 너밖에 몰랐지
그래서 우리는
만날 수 없는 거야 평행선
아직 사랑하고 있는데
서로 바라보고 싶은데
나는 다가서지 못하고
다른 길을 가고 있어
우리 서로 다시 만날 수 없는가
캄캄한 미로를 헤매이네
우리 서로 사랑할 수는 없는가
끝없는 평행선 걷고 있네
나는 나밖에 몰랐지
너는 너밖에 모르고
그래서 우리는
똑같은 길을 걷지 평행선
나는 나밖에 몰랐지
너는 너밖에 몰랐지
그래서 우리는
만날 수 없는 거야 평행선
아직 사랑하고 있는데
서로 바라보고 싶은데
나는 다가서지 못하고
다른 길을 가고 있어(가고 있어)
우리 서로 다시 만날 수 없는가
캄캄한 미로를(미로를) 헤매이네
우리 서로 사랑할 수는 없는가(없는가)
끝없는 평행선 걷고 있네
걷고 있네"
당신의 눈물,78,태진아,"어젯밤 잠든 그댈 바라보던 내 눈엔
한줄기 뜨거운 눈물이 흐르고 말았소
그렇게 살아온 긴 세월 동안
외로워도 힘들어도 말도 못하고
아! 당신은 언제나 눈물을 감추고 있었나
세상이 날 버리고 돌아갈 곳 없는데
괜찮단 그 말 한마디에 난 울고 말았소
언제다 말없이 기다려준 당신
미안해서 아무 말도 할 순 없지만
아! 당신은 언제나 눈물을 감추고 있었나
아! 당신은 언제나 눈물을 감추고 있었나"
태클을 걸지마,280,"경상 아가씨(김성범,공미란,오유진)","지금부터 뛰어
앞만 보고 뛰어
내 인생에 태클을 걸지 마
어떻게 살았냐고 묻지를 마라
이리저리 살았을 거라 착각도 마라
그래 한때 삶의 무게 견디지 못해
긴긴 세월 방황 속에 청춘을 묻었다
어허허 어허허
속절없는 세월 탓해서 무얼 해
되돌릴 수 없는 인생인 것을
지금부터 뛰어 뛰어
앞만 보고 뛰어 뛰어
내 인생에 태클을 걸지 마
어떻게 살았냐고 묻지를 마라
이리저리 살았을 거라 착각도 마라
그래 한때 삶의 무게 견디지 못해
긴긴 세월 방황 속에 청춘을 묻었다
어허허 어허허
속절없는 세월 탓해서 무얼 해
되돌릴 수 없는 인생인 것을
지금부터 뛰어 뛰어
앞만 보고 뛰어뛰어
내 인생에 태클을 걸지 마
지금부터 뛰어
앞만 보고 뛰어
태클을 걸지 마
속절없는 세월 탓해서 무얼 해
되돌릴 수 없는 인생인 것을
지금부터 뛰어 뛰어
앞만 보고 뛰어 뛰어
내 인생에 태클을 걸지 마
내 인생에 태클을 걸지 마"
흔적,"1,406",최유나,"이제는 가도 되는건가요
어두워진 거리로
오늘만은 왠지 당신 앞에서
울고싶지 않아요
어차피 내가 만든
과거 속에서
살아가야 하지만
절반의 책임마저
당신은 모르겠지요
지나간 날을 추억이라며
당신이 미소지을 때
기억해요
슬픈 여자 마음에
상처뿐인 흔적을
어차피 내가 만든
과거 속에서
살아가야 하지만
절반의 책임마저
당신은 모르겠지요
지나간 날을 추억이라며
당신이 미소지을 때
기억해요
슬픈 여자 마음에
상처뿐인 흔적을
기억해요
슬픈 여자 마음에
상처뿐인 흔적을"
여인의 눈물,684,최수호,"사랑이 사랑으로 남아있나요
기억 저편 난 어디쯤에 있나
다정했던 사람이 그 모진 사랑이
가슴에 남아있는데
그 날이 그리워서 눈물이 나면
하염없이 이 길을 걷고 있네
밤새우던 웃음도 꼭 잡은 두 손도
모두 다 지난 이야기
긴 세월 속에 수 많았던 인연
늘 상처뿐인 사랑이여
아아 바람처럼
멀리 길도 없이 떠나가는가
슬픔은 흘러간다 또 나를 달랜다
가녀린 여인의 눈물
사랑이 야속하다 아니라 해도
속절없이 가슴을 저며온다
달콤했던 말들은 다 무엇이었나
도무지 알 수가 없네
아스라이 사라진 기억
그 언약들은 별이 되어
아아 구름처럼
그대 끝도 없이 떠나가는가
아픔은 스쳐간다 또 나를 안는다
가녀린 여인의 눈물
아아 구름처럼
그대 끝도 없이 떠나가는가
아픔은 스쳐간다 또 나를 안는다
가련한 여인의 눈물"
잘못된 만남,87,윤서령,"난 너를 믿었던 만큼 난 내 친구도 믿었기에
난 아무런 부담없이 널 내 친구에게 소개 시켜줬고
그런 만남이 있은 후로 부터 우리는 자주 함께 만나며
즐거운 시간을 보내며 함께 어울렸던 것뿐인데
그런 만남이 어디부터 잘못됐는지
난 알 수 없는 예감에 조금씩 빠져들고 있을때쯤
넌 나보다
내 친구에게 관심을 더 보이며
날 조금씩 멀리하던
그 어느날
너와 내가 심하게 다툰
그날 이후로
너와 내 친구는 연락도 없고
날 피하는 것같아
그제서야 난 느낀거야
모든 것이 잘못돼 있는걸
너와 내 친구는
어느새 다정한 연인이 돼있었지
있을 수 없는 일이라며
난 울었어
내 사랑과 우정을 모두
버려야 했기에
또다른 내 친구는 내 어깰 두드리며
잊어버리라 했지만
잊지 못할것 같아

있을 수 없는 일이라며
난 울었어
내 사랑과 우정을 모두
버려야 했기에
또다른 내 친구는 내 어깰 두드리며
잊어버리라 했지만
잊지 못할것 같아
그 어느 날"
천년바위,393,박정식,"동녘 저편에 먼동이 트면
철새처럼 떠나리라
세상 어딘가 마음 줄 곳을
집시 되어 찾으리라
생은 무엇인가요
삶은 무엇인가요
부질없는 욕심으로
살아야만 하나
서산 저 너머 해가 기울면
접으리라 날개를
내가 숨 쉬고 내가 있는 곳
기쁨으로 밝히리라
생은 무엇인가요
삶은 무엇인가요
부질없는 욕심으로
살아야만 하나
이제는 아무 것도 그리워 말자
생각을 하지 말자
세월이 묻어둔 길목에 서서
천년바위 되리라
천년바위 되리라
천년바위 되리라"
검정 고무신,"2,206",박지현,"어머님 따라 고무신 사러 가면
멍멍개가 해를 쫓던 날
길가에 민들레
머리 풀어 흔들면
내 마음도 따라 나간다
잃어버릴라 닳아질세라
애가 타던 우리 어머니
꿈에서 깨어보니 아무도 없구나
세월만 휭휭
검정 고무신 우리 어머니

보리쌀 한말 이고 장에 가면
사 오려나 검정 고무신
밤이면 밤마다
머리맡에 두고
고이 포개서 잠이 들었네
잃어버릴라 닳아질세라
애가 타던 우리 어머니
꿈에서 깨어보니 아무도 없구나
세월만 휭휭
검정 고무신 우리 어머니
검정 고무신 우리 어머니"
왜 돌아보오,72,천가연,"갈래면 가지 왜 돌아보오
갈래면 가지 왜 돌아보오
떠나갈 당신을 붙잡을 줄 알고
갈래면 가지 왜 돌아보오
찢어지는 아픔을 느껴야 하나요
마음속에 눈물을 보아야 하나요
사랑한다 말을 마오
유행가 가사인 줄 아오
갈래면 가지 왜 돌아봅니까

지나간 일들을 잊으라니요
지나간 일들을 잊으라니요
사랑이 무슨 장난인가요
갈래면 가지 왜 돌아보오
찢어지는 아픔을 느껴야 하나요
마음속에 눈물을 보아야 하나요
사랑한다 말을 마오
유행가 가사인 줄 아오
갈래면 가지 왜 돌아봅니까
사랑한다 말을 마오
유행가 가사인 줄 아오
갈래면 가지 왜 돌아봅니까
갈래면 가지 왜 돌아봅니까"
서울탱고,"1,351",방실이,"내나이 묻지마세요 내이름도 묻지마세요
이리저리 나부끼며 살아온 인생입니다
고향도 묻지 마세요 아무것도 묻지마세요
서울이란 낮선곳에 살아가는 인생입니다
세상의 인간사야 모두가 모두가 부질없는것
덧없이 왔다가 떠나는 인생은 구름 같은것
그냥 쉬었다가 가세요 술이나 한잔하면서
세상살이 온갖시름 모두다 잊으시구려

세상의 인간사야 모두가 모두가 부질없는것
덧없이 왔다가 떠나는 인생은 구름 같은것
그냥 쉬었다가 가세요 술이나 한잔하면서
세상살이 온갖시름 모두다 잊으시구려"
남자의 인생,438,나상도,"어둑어둑 해 질 무렵
집으로 가는 길에
빌딩 사이 지는 노을
가슴을 짠하게 하네
광화문 사거리서 봉천동까지
전철 두 번 갈아타고
지친 하루 눈은 감고 귀는 반 뜨고
졸면서 집에 간다
아버지란 그 이름은
그 이름은 남자의 인생
아버지란 그 이름은
그 이름은 남자의 인생
그 이름은 남자의 인생"
삼바의 매력,232,김민선,"다가와 내게로 살짝쿵
내 눈을 똑바로 봐
끈적끈적 녹아 버리게
널잡고 놓치지 않을 거야
다가와 내게로 살짝쿵
내 눈을 똑바로 봐
삼바의 매력에 푹 빠져봐
못 헤어 나올 거야
흔들어 좌로 우로 마구
사랑해 섹시 너의 눈빛
다가와 나의 품에 안겨
영원한 나만의 사랑
흔들어 좌로 우로 마구
사랑해 섹시 너의 눈빛
이 밤이 다하도록 즐겨
영원한 나만의 삼바 오우예

이리 와 내 품에 살짝쿵
내 리듬에 맞춰봐
화려한 여신의 투스텝
너에게 모든 걸 보여줄게
이리 와 내 품에 살짝쿵
내 리듬에 맞춰봐
우리들 만나는 스테이지
불태워 우리 사랑
흔들어 좌로 우로 마구
사랑해 섹시 너의 눈빛
다가와 나의 품에 안겨
영원한 나만의 사랑
리듬에 몸을 맡겨 나와
영원히 함께할 사람
이 밤이 다하도록 즐겨
영원한 나만의 삼바 오우예
흔들어 좌로 우로 마구
사랑해 섹시 너의 눈빛
다가와 나의 품에 안겨
영원한 나만의 사랑
흔들어 좌로 우로 마구
사랑해 섹시 너의 눈빛(사랑해)
다가와 나의 품에 안겨
영원한 나만의 사랑 예이예
다가와 내게로 살짝쿵"
아씨,74,채수현,"옛날에 이 길은 꽃가마 타고
말탄님 따라서 시집가던 길
여기던가 저기던가
복사꽃 곱게 피어있던 길
한세상 다하여 돌아가는 길
저무는 하늘가엔 노을이 섧구나

옛날에 이 길은 새색시 적에
서방님 따라서 나들이 가던 길
어디선가 저 만치서
뻐꾹새 구슬피 울어대던 길
한세상 다하여 돌아가는 길
저무는 하늘가엔 노을이 섧구나
어디선가 저 만치서
뻐꾹새 구슬피 울어대던 길
한세상 다하여 돌아가는 길
저무는 하늘가엔 노을이 섧구나
노을이 섧구나"
여정,"1,384",최진희,"떨어진 꽃잎 위에 바람이 불고
쏟아지는 빗소리에 밤은 깊은데
하필이면 이런날 길 떠-난 사-람
잊을수 있거들랑 잊으라 했건만
나혼자 서글퍼서 잠 못 이룰때
창밖을 스쳐가는 저바람 소리
덧없는 외로움에 나를 재운다.

미워도 내 사랑은 그대 뿐인데
기다려도 기다려도 안 오는사람
잡는 나를 달래며 또 온다 하더니
그리워 잠이 들면 꿈에나 보고
반가워 눈을 뜨면 허전한 마음
그런줄 알면서도 잠 못 이루는
여인의 안타까운 밤은 깊어라
여인의 안타까운 밤은 깊어라"
행복한 인연,"1,039",영조,"나를 만나서 행복했나요
아직 처음처럼 사랑하나요
그댈 만나서 난 행복했어요
처음 그 때 보다 더 행복해요
눈 내리는 겨울이었죠
우리 처음 만난 계절이
하나가 되는 운명앞에서
원앙처럼 사랑한거죠
돌아볼수록 눈물이 나요
지난 모든것이 아름다워서
그댈 위하여 나 살아 갈래요
그게 내 인생의 행복이니까
끝이 없는 시간을
함께 걸어온거죠
한번도 이별없는 사랑을
항상 함께 있어도 그리운사랑
그대와 나의 행복한 인연

눈 내리는 겨울이었죠
우리 처음 만난 계절이
하나가 되는 운명앞에서
원앙처럼 사랑한거죠
돌아볼수록 눈물이 나요
지난 모든것이 아름다워서
그댈 위하여 나 살아 갈래요
그게 내 인생의 행복이니까
끝이 없는 시간을
함께 걸어온거죠
한번도 이별없는 사랑을
항상 함께 있어도 그리운사랑
그대와 나의 행복한 인연
그대와 나의 행복한 인연"
거울앞에서,342,김용임,"거울 앞에 앉았다
이 낯선 여잔 누군가
거칠어진 손 주름진 얼굴 보니
괜히 눈물이 난다
남편 자식 걱정에
나를 잊고 살았다
이제는 날 위해 살고 싶다
나는 소중하니까
혼자 여행도 하고
친구와 영화도 보고
잃어버린 날 위해
아낌없이 쓰려고 해
한번 왔다 가는 인생 후회 없이 살아야지
두 번 다시 오지 않을 테니
그래 그래 인생이 뭐 별거 있더냐
이렇게 사는 거지
혼자 여행도 하고
친구와 영화도 보고
잃어버린 날 위해
아낌없이 쓰려고 해
한번 왔다 가는 인생 후회 없이 살아야지
두 번 다시 오지 않을 테니
그래 그래 인생이 뭐 별거 있더냐
이렇게 사는 거지
이렇게 살다 가지"
"이따, 이따요","1,237",장윤정,"가끔은 짧은 치마를 입고
가끔은 짙은 화장을 하면
아주 낯선 시선들이
하나둘 다가 와요
여자니 미소한번 건네고
여자니 한번쯤은 튕기고
마지못해 대답해 주면
어느새 내게로와
안돼 안돼 좀 이따이따 이따요
그래 그래 더 이따이따 이따요
우린 아직 모르는게
너무나 많아요
안돼 안돼 더 다가오지 마세요
그래 그래 더 조그만더 천천히
정말 나를 원한다면 아껴주세요

처음엔 달콤한 말 뿐이죠
이래도 저래도 다 좋데요
남자들은 똑 같아요
조금만 천천히요
오늘은 손만 잡아 줄래요
입술은 나중에 허락할래
나의 마음까지 안아줄
그런 남자를 원해
안돼 안돼 좀 이따이따 이따요
그래 그래 더 이따이따 이따요
여자 맘을 몰라주는
남자는 싫어요
안돼 안돼 오늘은 여기까지만
그래 그래 너무 서두르지 마요
정말 나를 원한다면 아껴주세요

안돼 안돼 좀 이따이따 이따요
그래 그래 더 이따이따 이따요
여자 맘을 몰라주는
남자는 싫어요
안돼 안돼 오늘은 여기까지만
그래 그래 너무 서두르지 마요
정말 나를 원한다면
아 아 아 껴주세요"
꽃바람,907,김용임,"아 바람 불면
꽃바람이 살랑살랑
꿈에서도 그리던
님이 찾아 오려나
두근두근 설레는 가슴
나만을 사랑해 영원히 사랑해
그 한마디 남기고 떠난 사람
버들피리 불던 내 고향
시냇가에 무지개 뜨면
징검다리 건너서
님이 돌아온다고
두근두근 설레는 가슴
아 꽃비 내리면
봄바람이 산들 산들
꿈에서도 그리던
님이 찾아 오려나
두근두근 설레는 가슴
나만을 사랑해 영원히 사랑해
그 한마디 남기고 떠난 사람
하모니카 불던 내 고향
뒷동산에 보름달이 뜨면
산모퉁이 돌아서
님이 돌아온다고
두근두근 설레는 가슴
산모퉁이 돌아서
님이 돌아온다고
두근두근 설레는 가슴"
항구의 남자,"3,154",박상철,"항구의 남자는
항구의 남자는
갈매기도 사랑한다네
들어라 한잔 술
청춘을 담고
두잔 술에 의리를 담아
묻지를 마라 남자의 사연을
묻지를 마라 첫 사랑일랑
항구의 남자는
항구의 남자는
바다가 사랑이란다
항구의 남자는
항구의 남자는
바다가 고향이란다
항구의 남자는
항구의 남자는
등대불도 사랑한다네
들어라 한잔 술
파도를 담고
두잔 술에 하늘을 담아
묻지를 마라 남자의 사연을
묻지를 마라 첫 사랑일랑
항구의 남자는
항구의 남자는
바다가 사랑이란다
항구의 남자는
항구의 남자는
성격도 화끈하다네"
당신,"23,649",임영웅,"내 품에 안기어
곤히 잠든 그대여
어느덧 그대 눈가에도
주름이 졌네
내 가슴에 묻혀
꿈을 꾸는 그대여
야위어진 그댈 바라보니
눈물이 솟네
고왔던 여자의 순정을
이 못난 내게 바쳐 두고
한마디 원망도 않은 채
긴 세월을 보냈지
난 맹세하리라
고생 많은 당신께
이 생명 다하는 날까지
그대를 사랑하리
고왔던 여자의 순정을
이 못난 내게 바쳐 두고
한마디 원망도 않은 채
긴 세월을 보냈지
난 맹세하리라
고생 많은 당신께
이 생명 다하는 날까지
그대를 사랑하리"
나를 살게하는 사랑,"1,845",홍지윤,"바라보는것도 사랑
기다리는것도 사랑
그리움에 가슴이 저린것도
내겐 사랑입니다
계절이 오듯이 그래
매일 숨쉬듯이 그래
이유없이 시작한 이마음은
그래 사랑입니다
나를 살게하는 사랑
아무 이유없는 사랑
거기에 있어요 멀어지지마요
내가 아파할게요
계절이 오듯이 그래
매일 숨쉬듯이 그래
이유없이 시작한 이마음은
그래 사랑입니다
나를 살게하는 사랑
아무 이유없는 사랑
거기에 있어요 멀어지지마요
내가 아파할게요
나를 살게하는 사랑
때론 눈물같은 사랑
가슴 다 헤져도 놓을 수 없어요
그래 사랑입니다
그댈 사랑합니다"
나는 행복합니다,"3,001",윤항기,"나는 행복합니다
나는 행복합니다
나는 행복합니다
정말 정말 행복합니다
기다리던 오늘 그날이 왔어요
즐거운 날이예요
움츠렸던 어깨
답답한 가슴을
활짝 펴봐요
가벼운 옷차림에
다정한 벗들과
즐거운 마음으로
들과 산을 뛰며
노래를 불러요
우리 모두 다 함께

나는 행복합니다
나는 행복합니다
나는 행복합니다
정말 정말 행복합니다
진달래꽃 피는 봄이 지나~면
여름이 돌아와요
쏟아지는 태양 젊음이 있는 곳
우리들의 여름이죠
강에~도 산에도 넓은 바다에도
우리들의 꿈 있어요
그곳으로 가요
노래를 부르며
우리 모두 다 함께
나는 행복합니다
나는 행복합니다
나는 행복합니다
정말 정말 행복합니다
나는 행복합니다
나는 행복합니다
나는 행복합니다
정말 정말 행복합니다
나는 행복합니다
나는 행복합니다"
사랑아,"1,681",강승모,"사랑아 이제는 울지말아요
내맘이 너무 아파요
떠나야 하는데 나는 못가요
그 눈물 가슴에 맺혀
사랑을 했던 우리추억이
흐느껴 울고있는데
가져선 안될 사랑이기에
이제는 멈춰야 해요
아 사랑아 사랑아 울면안되요
그대 울면 나는못가요
아 이별아 이별아 아프지 않게
내사랑 데려가줘요
사랑아 이제는 슬퍼말아요
슬픔에 목이 메어요
가야만 하는데 가지못해요
그 슬픔 길을 막아요
사랑을 했던 우리 두 가슴
까맣게 타고있는데
만나선 안 될 사랑이기에
여기서 멈춰야 해요
아 사랑아 사랑아 슬퍼말아요
그대 슬픔 두고 못가요
아 이별아 이별아 아프지 않게
내사랑 데려가줘요"
새벽비,"1,485",홍지윤,"새벽비가 주룩주룩
철길을 적시네
새벽비가 주룩주룩
지붕을 적시네
삑삑삑삑 기적이 울리면
이제 정말 나는 갑니다
새벽비가 주룩주룩
창문을 적시네
새벽비가 주룩주룩
얼굴을 적시네
삑삑삑삑 여음을 남기고
새벽차는 떠나갑니다
아아아아아
사랑하고 있는데
아아아아아아
내 마음 어디로 가나
비를 뚫고 칙칙칙칙
기차는 달려가네
정을 두고 칙칙칙칙
한없이 달려가네
삑삑삑삑 메아리를 남기고
이제 정말 나는 갑니다
아아 아아아
사랑하고 있는데
아아 아아아아
내 마음 어디로 가나
비를 뚫고 칙칙칙칙
기차는 달려가네
정을 두고 칙칙칙칙
한없이 달려가네
삑삑삑삑 메아리를 남기고
이제 정말 나는 갑니다
이제 정말 나는 갑니다
이제 정말 나는 갑니다"
회룡포,119,류원정,"내 것이 아닌 것을 멀리 찾아서
휘돌아 감은 그 세월이 얼마이더냐
물설고 낯설은 어느 하늘 아래
빈 배로 나 서 있구나

채워라 그 욕심 더해가는
이 세상이 싫어 싫더라

나 이제 그 곳으로 돌아가련다
내 마음 받아주는 곳

아 어머니 품 속 같은 그 곳
회룡포로 돌아가련다

채워라 그 욕심 더해가는
이 세상이 싫어 싫더라

나 이제 그 곳으로 돌아가련다
내 마음 받아주는 곳

아 어머니 품 속 같은 그 곳
회룡포로 돌아가련다
회룡포로 돌아가련다"
추억의 발라드,652,장윤정,"비가 오면 비를 맞고 걸어가요.
잃어버린 추억을 찾아서
흔들리는 이 거리의 네온불빛마저도
네겐 모두 눈물처럼 느껴져요.
그대의 눈동자 나의 가슴속에 젖어올때
허무한 사랑을 알았어요
시간이 흘러도 지울수가 없는 그대모습
기다림은 너무 외로워요.
이대로 그대 남기고 간 추억속에서
영원토록 잠이 들고 싶어요.
이대로 그대 남기고 간 추억을 찾아
잃어버린 사랑을 찾아.

계절따라 모든 것이 변해가도
마음만은 변하지 않아요.
사랑했던 우리들의 작은 기억마저도
내겐 모두 꿈처럼 느껴져요.
그대의 눈동자 나의 가슴속에 젖어올때
허무한 사랑을 알았어요
시간이 흘러도 지울수가 없는 그대모습
기다림은 너무 외로워요.
이대로 그대 남기고 간 추억속에서
영원토록 잠이 들고 싶어요.
이대로 그대 남기고 간 추억을 찾아
잃어버린 사랑을 찾아."
남자는 배 여자는 항구,"2,982",심수봉,"언제나 찾아오는 부두의 이별이

아쉬워 두손을 꼭잡았나

눈앞에 바다를 핑계로 혜어지나

남자는 배 여자는 항구

보내주는 사람은 말이 없는데

떠나가는 남자가 무슨말을해

뱃고동소리도 울리지 마세요

하루하루 바다만 바라보다

눈물 지으며 힘없이 돌아오네

남자는 남자는 다

모두가그렇게 다

아아~ 아아~

이별에 눈물보이고

돌아서면 잊어 버리는

남잔 다 그래



매달리고 싶은 이별의 시간도

짧은 입맞춤으로 끝나면

잘가요 쓰린 마음 아무도 몰라주네

남자는 배 여자는 항구

아주 가는 사람이 약속은 왜 해

눈 멀도록 바다만 지키게 하고

사랑했었단 말은 하지도 마세요

못 견디게 네가 좋다고

달콤하던 말 그대로 믿었나

남자는 남자는 다

모두가 그렇게 다

아아~ 아아~

쓸쓸한 표정 짓고

돌아서선 웃어 버리는

남잔 다 그래"
연정,199,강혜연,"이슬비가 내리네
보슬비가 소리 없이 내리네

못 다한 사랑의 눈물이더냐
아쉬움이더냐

아아아아 사랑하던 사람아
내 마음을 아는가

이슬비에 젖어 봄비에 젖어
사랑을 잃은 눈물에 젖어

사나이는 사나이는
말없이 떠나간다

이슬비가 내리네
보슬비가 소리 없이 내리네

떠나간 그 사람의 눈물이더냐
그리움이더냐

아아아아 떠나버린 사람아
내 마음을 아는가

이슬비에 젖어 봄비에 젖어
이별의 맺힌 한숨에 젖어

사나이는 사나이는
말없이 떠나간다"
갈무리,"1,249",최수호,"내가 왜 이런지 몰라
도대체 왜 이런지 몰라
꼬집어 말할 순 없어도
서러운 맘 나도 몰라
잊어야 하는 줄은 알아
이제는 남인줄도 알아
알면서 왜 이런지 몰라
두 눈에 눈물 고였잖아
이러는 내가 정말 싫어
이러는 내가 정말 미워
이제는 정말 잊어야지
오늘도 사랑 갈무리
이래선 안 되는 줄 알아
지나간 꿈인 줄도 알아
그런 줄 뻔히 알면서도
마음을 잡지 못 하잖아
이러는 내가 정말 싫어
이러는 내가 정말 미워
다시는 생각 말아야지
오늘도 사랑 갈무리"
노래는 나의 인생,"18,829",임영웅,"아득히 머나먼
길을 따라
뒤돌아 보면은
외로운 길
비를 맞으며
험한길 헤쳐서
지금 나 여기있네
끝없이 기나긴
길을 따라
꿈찾아 걸어온
지난 세월
괴로운 일도
슬픔의 눈물도
가슴에 묻어놓고
나와 함께 걸어가는
노래만이 나의 생명
언제까지나 나의 노래
사랑하는 당신 있음에
언제까지나 나의 노래
아껴주는 당신 있음에
아득히 머나먼
길을 따라
뒤돌아 보면은
외로운 길
비를 맞으며
험한길 헤쳐서
지금 나 여기있네
나와 함께 걸어가는
노래만이 나의 생명
언제까지나 나의 노래
사랑하는 당신 있음에
언제까지나 나의 노래
아껴주는 당신 있음에
아득히 머나먼
길을 따라
뒤돌아 보면은
외로운 길
비를 맞으며
험한길 헤쳐서
지금 나 여기있네"
돌고 돌아가는 길,45,김나율,"산 너머 너머 돌고 돌아
그 뫼에 오르려니
그 뫼는 어드메뇨
내 발만 돌고 도네
강 건너 건너 흘러 흘러
그 물에 적시려니
그 물은 어드메뇨
내 몸만 흘러 흘러

발만 돌아 발밑에는
동그라미 수북하고
몸 흘러도 이 내 몸은
그 안에서 흘렀네
동그라미 돌더라도
아니 가면 어이해
그 물 좋고 그 뫼 좋아
어이해도 가야겠네
산 넘어 넘어 넘어
돌고 돌아가는 길에
뱅글뱅글 돌더라도
어이 아니 돌를소냐
흘러 흘러 세월 가듯
내 푸름도 한때인걸
돌더라도 가야겠네
내 꿈 찾아가야겠네
발만 돌아 발밑에는
동그라미 수북하고
몸 흘러도 이 내 몸은
그 안에서 흘렀네
동그라미 돌더라도
아니 가면 어이해
그 물 좋고 그 뫼 좋아
어이해도 가야겠네
산 넘어 넘어
돌고 돌아가는 길에
뱅글뱅글 돌더라도
어이 아니 돌를소냐
흘러 흘러 세월 가듯
내 푸름도 한때인걸
돌더라도 가야겠네
내 꿈 찾아가야겠네
가야겠네"
우수,"8,757",정동원,"맺지 못할 인연일랑
생각을 말자
마음에 다짐을 받고 또 받아
한 백 번 달랬지만 어쩔 수 없네
잊으려 해도 잊지 못할
그대 모습 그려볼 때
밤비는 끝없이 소리 없이
내 마음 들창가에 흘러내린다
맺지 못할 사랑일랑
생각을 말자
아쉬운 미련만 남고 또 남아
잊으려 애썼지만 잊을 길 없네
빗줄기 속에 추억 실어
그대 이름 불러볼 때
밤비는 끝없이 하염없이
마음의 슬픔처럼 흘러내린다
밤비는 끝없이 하염없이
마음의 슬픔처럼 흘러내린다"
엄마꽃,106,방서희,"엄마 엄마 우리 엄마꽃

오래된 사진 속에
어여쁜 당신의 얼굴
청춘의 달콤했던 꿈들은 모두
과거로만 남아버렸나
아들딸을 키우시느라
버려야만 했던 것들
후회한 점 없으시다는
나밖에 모를 사람
꽃이 피었네 꽃이 피었네
우리 엄마 젊었을 적에
눈물이 나요 눈물이 나요
나 땜에 변한 것 같아
그래도 온 세상 제일 예쁘다
엄마 엄마 우리 엄마꽃

엄마라는 이유만으로
티 낼 수 없는 사람
눈물이 나요 눈물이 나요
나 땜에 변한 것 같아
그래도 온 세상 제일 예쁘다
엄마 엄마 우리 엄마꽃
미안해요 우리 엄마꽃
엄마
엄마 엄마 우리 엄마꽃"
친구여,"1,505",조용필,"꿈은 하늘에서 잠자고
추억은 구름 따라 흐르고
친구여 모습은 어딜 갔나
그리운 친구여
옛 일 생각이 날 때마다
우리 잃어버린 정 찾아
친구여 꿈 속에서 만날까
조용히 눈을 감네
슬픔도 기쁨도
외로움도 함께 했지
부푼 꿈을 안고
내일을 다짐하던
우리 굳센 약속 어디에
꿈은 하늘에서 잠자고
추억은 구름 따라 흐르고
친구여 모습은 어딜 갔나
그리운 친구여

옛 일 생각이 날 때마다
우리 잃어버린 정 찾아
친구여 꿈 속에서 만날까
조용히 눈을 감네
슬픔도 기쁨도
외로움도 함께 했지
부푼 꿈을 안고
내일을 다짐하던
우리 굳센 약속 어디에
꿈은 하늘에서 잠자고
추억은 구름 따라 흐르고
친구여 모습은 어딜 갔나
그리운 친구여"
콩깍지,"1,799",장윤정,"사랑의 콩깍지 씌여 버렸어
나는 나는 어쩌면 좋아

세상을 살다보면 날 사랑해 주는 사람
또 내가 원하는 사람도 있지
사랑을 받는것도 행복 이지만
누가 뭐래도 내가 사랑하는 당신이 최고야

이러쿵 저러쿵 간섭 하지마
아무것도 보이지 않아
저러쿵 이러쿵 시비 걸지마
내 눈엔 그 사람만 보여

사랑의 콩깍지 씌여 버렸어
나는 나는 어쩌면 좋아
사랑의 콩깍지에 콩!
그 사람의 콩깍지에 콩! 콩!
난 푹 빠져 버렸어
사랑의 콩깍지 씌여 버렸어
나는 나는 어쩌면 좋아

세상을 살다보면 날 사랑해 주는 사람
또 내가 원하는 사람도 있지
사랑을 받는것도 행복이지만
누가 뭐래도 내가 사랑하는 당신이 최고야

이러쿵 저러쿵 간섭 하지마
아무것도 보이지 않아
저러쿵 이러쿵 시비 걸지마
내 눈엔 그 사람만 보여
사랑의 콩깍지 씌여 버렸어
나는 나는 어쩌면 좋아

사랑의 콩깍지에 콩!
그 사람의 콩깍지에 콩! 콩!
난 푹 빠져 버렸어
사랑의 콩깍지 씌여 버렸어
나는 나는 어쩌면 좋아 -"
비에 젖은 터미널,"1,087",안성훈,"봄비가 하염없이 내리는
비에 젖은 터미널
인적도 끊어지고
밤바람도 차가운데
기다리는 그 사람은 오지를 않고
어이해서 내 마음을 울려주는가
아 당신은 무정한 사람
내 마음을 울리는 사람
어젯밤도 오늘밤도 기다렸건만
어이해서 내 마음을 몰라주는가
아 당신은 무정한 사람
내 마음을 울리는 사람"
애인이 되어줄게요,"1,607",안성훈,"누가누가 당신 맘을 외롭게 합니까
누가누가 당신 맘에 눈물을 주나요
바람결에 떨어지는 꽃잎이
여자의 마음인가요
내 품에 안겨 걱정을 말아요
영원히 지켜줄게요
애인이 되어줄게요
애인이 되어줄게요
내가내가 잘해줄게요
사랑이 되어줄게요
사랑이 되어주세요
내가 당신 애인이 되어줄게요
사연 없는 사람 있나 아픔이 없을까
우연처럼 만나는 게 사랑이란 것을
반했어요 마음을 열어요
놓치면 후회할 거야
내 품에 안겨 걱정을 말아요
영원히 지켜줄게요
애인이 되어줄게요
애인이 되어줄게요
내가내가 잘해줄게요
사랑이 되어줄게요
사랑이 되어주세요
내가 당신 애인이 되어줄게요
여러분의 애인이 되어줄게요"
오빠만 믿어,"2,077",박현빈,"오빠 한번 믿어봐
너만 바라보리라
평생토록
내가 안아줄께
니 마음 외로울 때
아파서 눈물 날 때
언제나 기댈
넓은 가슴 줄께
한번을 사랑해도
천 번을 사랑해도
너를 택하고
너를 위해 살리
오빠 말만 믿어라
손만 잡아도 좋아
속보이는 말이 아냐
오빠 한번 믿어봐
너만 바라보리라
평생토록
내가 안아줄께

한번을 사랑해도
천 번을 사랑해도
너를 택하고
너를 위해 살리
오빠 말만 믿어라
손만 잡아도 좋아
속보이는 말이 아냐
오빠 한번 믿어봐
너만 바라보리라
평생토록
내가 안아줄께
오빠 이 오빠는
세상을 다줘도
너와 바꾸지 않으리
오빤 너만 원한다
너 때문에 웃는다
너 없이는 나도 없다
오빠 한번 믿어봐
너만 바라보리라
평생토록
내가 안아줄께
남자답게
내 말 책임질께
오빠"
화등,"1,874",김수희,"나의 이름 앞에서는 울지 마세요
나는 이미 떨어진 꽃잎이에요
백년도 못살면서
거꾸로 선 너의 모습
해가 지면 돌아오는 녹슬은 울음소리
이 슬픔 무너지고 저 길이 보일 때엔
사랑의 이불자락을 소롯이 덮어두고
화등 하나 챙겨들고 미움만 떠납니다
그대의 이름 앞에 내려서려 합니다
그대에겐 이미 가슴이 없습니다
이 슬픔 무너지고 저 길이 보일 때엔
사랑의 이불자락을 소롯이 덮어두고
화등 하나 챙겨들고 미움만 떠납니다
사랑의 이불자락을 소롯이 덮어두고
화등 하나 챙겨들고 미움만 떠납니다
미움만 떠납니다
미움만 떠납니다"
이력서,"1,117",남진,"세월아 세월아 걸음을 재촉마라
하도 빨리가서 원망도 못했는데
왜 자꾸 자꾸
등 뒤에서 나를 떠미나
말도 많고 탈도 많은 세상사라서
죽자살자 욕심많은
그까짓꺼 돈모아도
둘러메고 짊어지고
갈것도 아닐텐데
훨 훨 훨 모두 털고
한 세상을 보냈더니
내인생의 이력서 이것 뿐이요
공연히 한세상을 헤매였구나
세월아 세월아 걸음을 재촉마라
하도 빨리 가서 원망도 못했는데
왜 자꾸 자꾸 등뒤에서 나를 떠미나
말도 많고 탈도 많은 세상사라서
죽자 살자 욕심많은
그까짓거 돈 모아도
둘러메고 짊어지고 갈것도 아닐텐데
훨 훨 훨 모두 털고
한 세상을 보냈드니
내인생의 이력서 이것 뿐이요
공연히 한세상을 헤매 였구나"
먹물같은 사랑,675,김유라,"내 사랑은 먹물 같아요
해가 뜨고 달이 뜰 때도
하루하루 돌고 돌아
내 사랑은 제자립니다
잘났건 못났건
못났건 잘났건
정해진 운명
아야야야 아야야야
내 사랑인데
맺지 못할 사랑이면
떠나가야지
내 사랑은 먹물 같아요
내 사랑은 먹물 같아요
해가 뜨고 달이 뜰 때도
하루하루 돌고 돌아
내 사랑은 제자립니다
잘났건 못났건
못났건 잘났건
정해진 운명
아야야야 아야야야
내 사랑인데
맺지 못할 사랑이면
떠나가야지
내 사랑은 먹물 같아요
잘났건 못났건
못났건 잘났건
정해진 운명
아야야야 아야야야
내 사랑인데
맺지 못할 사랑이면
떠나가야지
내 사랑은 먹물 같아요
내 사랑은 먹물 같아요"
뿐이고,"10,248",영탁,"내 사랑은 당신뿐이다
여기에 있어도 당신뿐이고
저기에 있어도 당신뿐이고
이 넓은 세상 어느 곳에 있어도
내 사랑은 당신뿐이다
힘든 날은 두 어깨를 기대고 가고
좋은 날은 마주보고 가고
비 바람 불면 당신 두 손을
내가 내가 붙잡고 가고
돈 없어도 당신 뿐이고
돈 많아도 당신 뿐이고
이 넓은 세상 어느 곳에 있어도
내 사랑은 엄마
내 사랑은 아빠
내 사랑은 여러분 뿐이다
뿐이고 뿐이고 뿐이고
당신뿐이다"
도라지꽃,415,정수라,"언제쯤 오시렵니까 세월은 흘러가는데
내 가슴이 한숨으로 보랏빛 멍이 듭니다
혹시나 내 얼굴 보이실까 떠나지 못하고
이 자리 이 곳에 마음 담아
기다려 봅니다
다시 봄날이 오면 봄날이 오면
나는 나는 아프지 않고
그대 사랑안에서 뿌리를 내린
도라지 꽃이 될래요
도라지야 도라지야 누구를 기다리느냐
도라지는 도라지는
한사람만 기다립니다
혹시나 내 이름 부르실까 떠나지 못하고
밤하늘 별빛을 동무 삼아 기다려 봅니다
다시 봄날이 오면 봄날이 오면
나는 나는 아프지 않고
그대 사랑안에서 뿌리를 내린
도라지 꽃이 될래요
다시 태어난 세상 꿈을 꾼다면
나는 나는 아프지 않고
그대 사랑안에서 뿌리를 내린
도라지 꽃이 될래요
지지 않는 꽃이 될래요"
마지막 잎새,967,배호,"그시절 부르던 임
어느 낙엽지고
달 빛만 싸늘히
허전한 가지
바람도 살며시 비켜가건만
그 얼마나 참았던
사무친 상처길래
흐느끼며 떨어지는
마지막 잎새

싸늘히 파고드는
가슴을 파고들어
오가는 발길도
끊어진 거리
애타게 부르며
서로 ？O은 님
어이해 보내고
참았던 눈물인가
흐느끼며 길 떠나는
마지막 잎새"
명자!,"2,812",박지현,"나 어릴 적에 개구졌지만
픽하면 울고 꿈도 많았지
깔깔거리며 놀던 옥희 순이
지금 어디서 어떻게 변했을까
자야자야 명자야
불러샀던 아버지
술심부름에 이골 났었고
자야자야 명자야
찾아샀던 어머니
청소해라 동생 업어줘라
어스름 저녁 북녘하늘 별 하나
눈물 너머로 반짝반짝 거리네
자야자야 명자야 무서웠던 아버지
술 깨시면 딴사람 되고
자야자야 명자야 가슴 아픈 어머니
아이고 내 새끼 달래시며 울고
노을 저편에
뭉게구름 사이로
추억 별들이 반짝반짝 거리네
눈물 너머로 반짝반짝 거리네"
건배,601,나훈아,"냉정한 세상 허무한 세상
알고도 속고 모르고도 속는 세상
팔자라거니 생각을 하고
가엾은 엄니 원망일랑 말어라
가는 세월에 저가는 청춘에
너나 나나 밀려가는 나그네
빈잔에다 꿈을 채워 마셔 버리자
술잔을 높이 들어라 건배 건배
서러워마라 울지를 마라
속는 셈 치고 내일을 믿어보자
자네도 빈손 나 또한 빈손
돌고 또 도는 세상탓은 말어라
가는 세월에 저 가는 청춘에
너나 나나 끌려가는 방랑자
빈잔에다 꿈을 채워 마셔 버리자
술잔을 높이 들어라 건배 건배"
운명 같은 여인,413,송민준,"갈색 머리가
너무나 잘 어울리는
그런 여인을
만난 건 행운이었어
밤늦은 카페
달콤한 음악 속에서
사랑을 나눠 마셨다
하늘이 허락한
우리의 사랑이라면
질투 따윈 난 두렵지 않아
때로는 서로의 양보가 필요한 후에
사랑은 그때 완성되니까
먼 훗날 돌아보며 우리들의 선택을 후회할 수는 없어
사랑하고 미워하며 깊어가는 그 정에
인생을 건다
누굴만나 사랑해도 지금처럼 행복할까 운명 같은 여인
사랑을 그대 가슴에

갈색 립스틱
촉촉이 젖은 입술로
웃는 모습이
너무나 아름다웠어
밤 깊은 거리
희미한 불빛 속에서
사랑을 태워 마셨다
하늘이 허락한
우리의 사랑이라면
질투 따윈 난 두렵지 않아
때로는 서로의 양보가 필요한 후에
사랑은 그때 완성되니까
먼 훗날 돌아보며 우리들의 선택을 후회할 수는 없어
사랑하고 미워하며 깊어가는 그 정에
인생을 건다
누굴 만나 사랑해도 지금처럼 행복할까 운명 같은 여인
사랑을 그대 가슴에"
꽃길,"2,023",박서진,"다시 돌아가라 하면 싫어요
난 못 가요
비단옷 꽃길이라도
이제 다시 사랑 안 해요
몰라서 걸어온 그 길 알고는
다시는 못가
아파도 너무나 아파
사랑은 또 무슨 사랑

다시 돌아가라 하면 싫어요
난 못 가요
비단옷 꽃길이라도
이제 다시 사랑 안 해요
몰라서 걸어온 그 길 알고는
다시는 못가
아파도 너무나 아파
꽃길은 또 무슨 꽃길
몰라서 걸어온 그 길 알고는
다시는 못가
아파도 너무나 아파
사랑은 또 무슨 사랑
꽃길은 또 무슨 꽃길"
봉선화 연정,"1,332",현철,"손대면 톡하고
터질것만 같은 그대
봉선화라 부르리
더이상 참지못할 그리움울
가슴깊이 물들이고
수줍은 너의 고백에
내 가슴이 뜨거워
터지는 화산처럼
막을수 없는 봉선화 연정
손대면 톡하고
터질것만 같은 그대
봉선화라 부르리
더이상 참지못할 외로움에
젖은 가슴 태우네
울면서 혼자 울면서
사랑한다 말해도
무정한 너는 너는
알지 못하네 봉선화 연정
봉선화 연정"
천년을 빌려준다면,"1,292",박진석,"당신을 사랑하고
정말정말 사랑하고
그래도 모자라면
당신을 위해
무엇이든 다 해주고 싶어
만약에 하늘이
하늘이 내게
천년을 빌려준다면
그 천년을 당신을 위해
사랑을 위해
아낌없이 모두 쓰겠소
당신을 사랑하고
너무너무 사랑하고
그래도 모자라면
당신을 위해
원하는것 다 해주고 싶어
어느날 하늘이
하늘이 내게
천년을 빌려준다면
그천년을 당신을 위해
사랑을 위해
아낌없이 모두 쓰겠소
만약에 하늘이 하늘이
내게 천년을
빌려준다면
그 천년을 당신을 위해
사랑을 위해
아낌없이 모두 쓰겠소"
넌 감동이었어,"18,428",임영웅,"미련하게 아무도 모를 것 같아
태연한 척 지내왔어 너 떠나버린 뒤
다 알았대 어설픈 나의 눈빛을
행복했던 지난 날의 나와 너무 달라서
이별했음을 느낄 수 밖에
너와 나 정말 그때는 좋았었나봐
나 화 낼줄도 몰라 내내 즐거웠대
그래 그랬었지 널 사랑하기에
세상은 나에게 커다란 감동이었어
그 순간을 잃는다면 내가 살아 온
짧은 세월은 너무나 보잘 것 없어
되돌려 보려 해 너를 찾으려 해
너 없이 살아도 멀쩡히 숨은 쉬겠지만
후회와 그리움만으로는 견딜 수 없어
하루도 자신이 없어
초라했대 어설픈 나의 눈빛은
행복했던 지난 날의 나와 너무 달라서
이별했음을 느낄 수 밖에
너와 나 헤어질줄은 아무도 몰랐대
하루가 너무 짧던 우리의 날들이
그래 그랬었지 널 사랑하기에
세상은 나에게 커다란 감동이었어
그 순간을 잃는다면 내가 살아 온
짧은 세월은 너무나 보잘 것 없어
되돌려 보려 해 너를 찾으려 해
너 없이 살아도 멀쩡히 숨은 쉬겠지만
후회와 그리움만으로는 견딜 수 없어
하루도 자신이 없어 도저히"
당신,709,김용필,"내 품에 안기어 곤히 잠든 그대여
어느덧 그대 눈가에도 주름이 졌네
내 가슴에 묻혀 꿈을 꾸는 그대여
야위어진 그댈 바라보니 눈물이 솟네
고왔던 여자의 순정을
이 못난 내게 바쳐두고
한마디 원망도 않은 채 긴 세월을 보냈지
난 맹세하리라 고생 많은 당신께
이 생명 다하는 날까지 그대를 사랑하리
고왔던 여자의 순정을
이 못난 내게 바쳐두고
한마디 원망도 않은 채 긴 세월을 보냈지
난 맹세하리라 고생많은 당신께
이 생명 다하는 날까지 그대를 사랑하리
이 생명 다하는 날까지 그대를 사랑하리"
티키타카,"2,442",은가은,"주거니 받거니 하는 맛인데
퍼 주다가 시간 가네
맘에 없는 리액션
멀어진 맘 다 보여요
주거니 받거니 했던 사랑도
다음 주면 마지막 회
돌고 도는 사랑아
이번엔 또 누굴까요
내 남은 사랑을 태워도
시소는 한쪽에 기울어
맞추고 맞춰도 안 되면
도대체 어쩌라고
주면 떠난 사랑
어떻게 하나같이 똑같은 남자
주고 받는 사랑
이제는 그런 사랑 하고 싶어요
티키타카
티키타카
티키타카
주거니 받거니 했던 사랑이
종점역에 다 와가요
제가 먼저 내려요
환승 버스 기다려요
내 남은 사랑을 태워도
시소는 한쪽에 기울어
맞추고 맞춰도 안 되면
도대체 어쩌라고
주면 떠난 사랑
어떻게 하나같이 똑같은 남자
주고 받는 사랑
이제는 그런 사랑 하고 싶어요
내가 주기만 해도
내가 바라만 봐도
한걸음 두걸음 맞춰갈
그런 사랑 기다려요
티키타카
티키타카
티키타카"
콜이야,261,송윤형,"콜이야 콜이야
언제든 어디 있든 콜이야 콜이야
동서남북 해가 떠있던 아님 밤이라도

콜이야 콜이야
내 대답은 언제나 콜이야 콜이야
콜콜콜 콜콜콜 무조건 콜이야

그대 그대 내 사랑 그대
걱정을 마세요
24시 준비 완료 당신 거니까
이 마음 고이 접어 전해 드리니
영원히 함께 합시다

콜이야 콜이야
언제든 어디 있든 콜이야 콜이야
동서남북 해가 떠있던 아님 밤이라도

콜이야 콜이야
내 대답은 언제나 콜이야 콜이야
콜콜콜 콜콜콜 무조건 콜이야

그대 그대 내 사랑 그대
날 불러 주세요
365일 전부 당신 거니까
죽어도 꺾지 않는 마음 드리니
충성을 맹세하리라

콜이야 콜이야
언제든 어디 있든 콜이야 콜이야
동서남북 해가 떠있던 아님 밤이라도

콜이야 콜이야
내 대답은 언제나 콜이야 콜이야
콜콜콜 콜콜콜 무조건 콜이야

서울 대전 대구 부산 어디든지 콜이야
골키퍼 없으니까 슛하면 골이야
아시아 아프리카 콜롬비아 코리아
골키퍼 없으니까 슛하면 골이야

콜이야 콜이야
언제든 어디 있든 콜이야 콜이야
동서남북 해가 떠있던 아님 밤이라도

콜이야 콜이야
내 대답은 언제나 콜이야 콜이야
콜콜콜 콜콜콜 무조건 콜이야"
우린 너무 쉽게 헤어졌어요,"1,032",최진희,"그대의 옷자락에 매달려
눈물을 흘려야했나요
길목을 가로막고 가지말라고
애원해야 했나요
떠나가버린 그대때문에
내모습이 야위어가요
아무에게도 말을 못하고
남 모르게 가슴아파요

우린 너무 쉽게 헤어졌어요
우린 너무 쉽게 헤어졌어요
한번쯤 다시 만나 생각해봐요
너무 쉽게 헤어졌어요

떠나가 버린 그대때문에
내모습이 야위어가요
아무에게도 말을 못하고
남 모르게 가슴아파요
우린 너무 쉽게 헤어졌어요
우린 너무 쉽게 헤어졌어요
한번쯤 다시 만나 생각해봐요
너무 쉽게 헤어졌어요"
멋진인생,"1,791",박정식,"아리 아리 아리 동동
쓰리 쓰리 쓰리 동동
잘났다고 못났다고
누가 말했나
서로 믿고 사랑하면
그것이 멋진 인생
많고 많은 사람중에
우리 만남은
하늘에서 맺어주신
천생연분 일세
아리랑 쓰리랑
아라리가 났구나
아리 아리 아리 동동
쓰리 쓰리 쓰리 동동
아름다운 이 세상에 한번 왔다
가는 인생 멋지게 살아보세

아리 아리 아리 동동
쓰리 쓰리 쓰리 동동

잘난 사람 못난 사람
따로 있더냐
서로 믿고 사랑하면
그것이 멋진 인생
백짓장도 맛들며는 가볍다는데
세상살이 힘들거든
함께 살아봐요
아리랑 쓰리랑
아라리가 났구나
아리 아리 아리 동동
쓰리 쓰리 쓰리 동동
아름다운 이 세상에 한번 왔다
가는 인생 멋지게 살아보세
멋지게 살아보세"
열두줄,"1,948",김용임,"가슴을 뜯는
가야금소리 달빛실은
가야금소리
한 줄을 퉁기면 옛님이
생각나고 또 한 줄을
퉁기면 술맛이 절로난다
퉁기당기 둥기당기당
둥기당기 둥기당기당
사랑 사랑 내 사랑아
어화둥둥 내 사랑아
열두줄 가야금에 실은
그 사연 어느누가
달래 주리오
가슴을 뜯는 가야금소리
구곡간장 애타는소리
한 줄을 퉁기면
옛님이 생각나고
또 한 줄을 퉁기면
술맛이 절로난다
둥기당기 둥기당기다
둥기당기 둥기당기다
사랑 사랑 내사랑아
어화둥둥 내사랑아
열두줄 가야금에 실은
그 사연 어느 누가
달래주리오"
님이여 (김다현 Ver.),890,김다현,"님이여 님이시여 기어이 가시나요
뒷산에 접동새가 여태도록 우는데
가시면 떠나시면 어쩌라 어쩌라고
아니되요 못가오 나를두고 못가오
이 사랑 다주기전에
살아가는 오늘 또 내일이
님의 향기 뿐인데
님이여 님이시여 차라리 죽으려오
님이없는 세상은 온통 암흑천지요
내 사모하는 님이여
아 내 님이여
가시면 떠나시면 어쩌라 어쩌라고
아니되요 못가오 나를두고 못가오
그 사랑 다받기전에
살아가는 오늘 또 내일이
님의 향기 뿐인데
님이여 님이시여 차라리 죽으려오
님이없는 세상에 살아 무엇하리요
내 사모하는 님이여
아 내 님이여
아 내 님이여"
멋진인생,642,"미스 레인보우(강혜연,황우림,허찬미,마리아,윤태화,류원정)","아리 아리 아리 동동
쓰리 쓰리 쓰리 동동
잘났다고 못났다고
누가 말했나
서로 믿고 사랑하면
그것이 멋진 인생
많고 많은 사람 중에
우리 만남은
하늘에서 맺어주신
천생연분 일세
아리랑 쓰리랑
아라리가 났구나
아리 아리 아리 동동
쓰리 쓰리 쓰리 동동
아름다운 이 세상에 한번 왔다
가는 인생 멋지게 살아보세
아리 아리 아리 동동
쓰리 쓰리 쓰리 동동
잘난 사람 못난 사람
따로 있더냐
서로 믿고 사랑하면
그것이 멋진 인생
백지장도 맞들면은 가볍다는데
세상살이 힘들거든
함께 살아봐요
아리랑 쓰리랑
아라리가 났구나
아리 아리 아리 동동
쓰리 쓰리 쓰리 동동
아름다운 이 세상에
한번 왔다 가는 인생
멋지게 살아보세
멋지게 살아보세
멋진인생"
누이,498,진욱,"언제나 내겐 오랜 친구 같은
사랑스런 누이가 있어요
보면 볼수록 매력이 넘치는
내가 제일 좋아하는 누이
마음이 외로워
하소연할 때도
사랑으로 내게 다가와
예쁜 미소로
예쁜 마음으로
내 마음을 감싸주던 누이
나의 가슴에
그대 향한 마음은
언제나 사랑하고 있어요

언제나 내겐 오랜 친구 같은
사랑스런 누이가 있어요
보면 볼수록 매력이 넘치는
내가 제일 좋아하는 누이
마음이 외로워
하소연할 때도
사랑으로 내게 다가와
예쁜 미소로
예쁜 눈빛으로
내 마음을 달래주던 누이
나의 가슴에
그대 향한 마음은
언제나 사랑하고 있어요
언제나 사랑하고 있어요"
울아버지,333,황민호,"조각배에 실려 가는 초승달을 보면
인자하신 아버지가 불현듯 떠오릅니다.
등에 한 짐 지시고 오르던 언덕 그 길에
찔레꽃 호박꽃도 그대로인데
아버지만 늙으셨어요.
아 ~ 아버지 오늘따라 울 아버지
보고 싶어요.
저 산 넘어 언덕길에 텅 빈 버스 정거장
행여 자식 올까 봐 온종일 바라보셨죠.
저녁노을 어둑어둑 집으로 들어가실 때
막걸리 한 사발로 속 달래시며
눈물을 훔쳐내셨던
아 ~ 아버지.
울 아버지 울 아버지
보고 싶어요.
아 ~ 아버지.
울 아버지 울 아버지 오래오래 사세요."
당신은 모르실거야,"1,045",혜은이,"당신은 모르실거야
얼마나 사랑했는지
세월이 흘러가면은
그때서 뉘우칠거야
마음이 서글플 때나
초라해 보일 때에는
이름을 불러주세요
나 거기 서 있을께요
두 눈에 넘쳐 흐르는
뜨거운 나의 눈물로
당신의 아픈 마음을
깨끗이 씻어드릴께
당신은 모르실거야
얼마나 사모했는지
뒤돌아 봐 주세요
당신의 사랑은 나요
두 눈에 넘쳐 흐르는
뜨거운 나의 눈물로
당신의 아픈 마음을
깨끗이 씻어드릴께 음
당신은 모르실거야
얼마나 사랑했는지
뒤돌아 봐 주세요
당신의 사랑은 나요
당신의 사랑은 나요"
미운사랑,"2,958",박서진,"남몰래 기다리다가
가슴만 태우는사랑
어제는 기다림에
오늘은 외로움
그리움에 적셔진 긴세월
이렇게 살라고 인연을 맺었나
차라리 저멀리 둘걸
미워젔다고 갈 수 있나요
행여나 찾아 올까봐
가슴이 사랑을 잊지못해
이별로 끝난다 해도
그 끈을 놓을 순 없어
너와난 운명인거야
이렇게 살라고 인연을 맺었나
차라리 저멀리 둘걸
미워졌다고 갈 수 있나요
행여나 찾아 올까봐
가슴이 사랑을 잊지못해
이별로 끝난다 해도
그 끈을 놓을 순 없어
너와난 운명인거야
그 끈을 놓을 순 없어
너와난 운명인거야"
울엄마,490,최수호,"울 엄마 날 낳아
걱정 태산이 되고
주름 깊은데
세상사 나 잘났다
허풍 소리에
눈가에 이슬 맺히시네
어리버리 가진 것 없어
떠버리 말로만 한숨 드렸네
어리버리 수많은 날을
응어리 가슴에 한만 드렸네
무병장수 부디 하옵소서
어리버리 가진 것 없어
떠버리 말로만 한숨 드렸네
어리버리 수많은 날을
응어리 가슴에 한만 드렸네
무병장수 부디 하옵소서
어리버리 가진 것 없어
떠버리 말로만 한숨 드렸네
어리버리 수많은 날을
응어리 가슴에 한만 드렸네
세월 비켜 부디 가옵소서"
아담과 이브처럼,"1,317",나훈아,"난 그냥 니가 왠지 좋아
이유도 없이 그냥 좋아
난 너를 사랑하고 싶어
사랑에 빠지고 싶어
사랑은 이런 건가봐
가슴이 저려 오네요
그리움이 이런 건가봐
자꾸만 눈물이 나요
오렌지 빛 노을 창가에
와인 잔에 입맞춤으로
사랑을 마시고 싶어
사랑을 꿈꾸고 싶어
난 그냥 니가 정말 좋아
이유도 없이 그냥 좋아
난 너를 모두 알고 싶어
벗어버린 아담과 이브처럼
Hold me close don't let me go
Take my hand
and keep me close
Please say you'll love me forever
I never want to say goodbye
오렌지빛 노을 창가에
와인잔에 입맞춤으로
사랑을 마시고 싶어
사랑을 꿈꾸고 싶어
난 그냥 니가 정말 좋아
이유도 없이 그냥 좋아
난 너를 모두 알고싶어
벗어버린 아담과 이브처럼
Hold me close don't let me go
Take my hand
and keep me close
Please say you'll love me forever
I never want to say goodbye"
나야나,"3,520",김수찬,"바람이 분다 길가에 목롯집
그냥 가긴 서운하잖아
바람이 분다 길가에 목롯집
그냥 가긴 서운하잖아
나 한 잔 자네 한 잔 권커니
한 번은 내 세상도 오겠지
아자
내가 뭐 어때서
나 건들지 마
운명아 비켜라
이 몸께서 행차하신다
때로는 깃털처럼 휘날리며
때로는 먼지처럼 밟히며
아자
하루를 살아냈네
나야 나야 나
나야 나야 나
밤늦은 골목길 외쳐보아도
젖은 그림자 바람에 밀리고
거리엔 흔들리는 발자국
어둠은 내리고 바람찬데
아자 괜찮아 나 정도면
아자 괜찮아 여러분 전부면
아자"
인생길,756,정미애,"풀피리 꺾어불던
아해는 어데 가고
처량한 달빛만이
바람에 우는 구나
눈치 없는 세월은
부질없이 흐르고
등 떠밀려 살아온
인생길이 서럽구나
청산에 품었던 꿈
세월에 무뎌지고
초로의 나그네만
외로이 서있구나
눈치 없는 세월은
부질없이 흐르고
등 떠밀려 살아온
인생길이 서럽구나
청산에 품었던 꿈
세월에 무뎌지고
초로의 나그네만
외로이 서있구나
외로이 서있구나"
사랑아,67,한수정,"사랑아 내 사랑아
나를 두고 가지를 말아
서로가 사랑했잖니
서로가 좋아했잖니
그러니까 가면 안 돼요
사랑이 무슨 장난 장난인가요
다시 한번 생각해 봐요
사랑아 사랑아 사랑아
가지를 말아
네가 가면 내가 울잖니

사랑아 내 사랑아
나를 두고 가지를 말아
서로가 사랑했잖니
서로가 좋아했잖니
그러니까 가면 안 돼요
사랑이 무슨 장난 장난인가요
다시 한번 생각해 봐요
사랑아 사랑아 사랑아
가지를 말아
네가 가면 내가 울잖니
네가 가면 내가 울잖니"
사랑의 배터리,"1,646",홍진영,"나를 사랑으로 채워줘요
사랑의 배터리가 다 됐나봐요
당신 없인 못살아 정말 나는 못살아
당신은 나의 배터리
얼짱이 아니라도 좋아요
몸짱이 아니라도 좋아요
나만을 위해 줄 당신이
바로 내겐 짱이랍니다
한 번 더 나를 안아주세요
가슴이 터지도록 안아주세요
사랑의 약발이 떨어졌나봐
당신이 필요해요
나를 사랑으로 채워줘요
사랑의 배터리가 다 됐나봐요
당신 없인 못살아 정말 나는 못살아
당신은 나의 배터리
내겐 당신만이 전부에요
당신이 너무 좋아 완전 좋아요
하나뿐인 내 사랑 둘도 없는 내 사랑
당신이 짱이랍니다
사랑을 가득 넣어주세요
가슴에 넘치도록 넣어주세요
사랑의 약발이 떨어졌나봐
나 지금 외로워요
나를 사랑으로 채워줘요
사랑의 배터리가 다 됐나봐요
당신 없인 못살아 정말 나는 못살아
당신은 나의 배터리
내겐 당신만이 전부에요
당신이 너무 좋아 완전 좋아요
하나뿐인 내 사랑 둘도 없는 내 사랑
당신이 짱이랍니다
아무리 힘든 날에도 당신만 있다면
힘들지 않아 나는 슬프지 않아
당신 곁이라면
내겐 당신만이 전부에요
당신이 너무 좋아 완전 좋아요
하나뿐인 내 사랑 둘도 없는 내 사랑
당신이 짱이랍니다
당신이 짱이랍니다
당신이 짱이랍니다
사랑의 배터리"
잊지 말아요,"21,161",백지영,"우리 서로 사랑했는데
우리 이제 헤어지네요
같은 하늘 다른 곳에 있어도
부디 나를 잊지 말아요
차가운 바람이 손끝에 스치면
들려오는 그대 웃음소리
내 얼굴 비치던 그대 두눈이
그리워 외로워 울고 또 울어요
입술이 굳어버려서
말하지 못했던 그 말
우리 서로 사랑했는데
우리 이제 헤어지네요
같은 하늘 다른 곳에 있어도
부디 나를 잊지 말아요
눈물이 입을 가려서
말하지 못했던 그 말
우리 서로 사랑했는데
우리 이제 헤어지네요
같은 하늘 다른 곳에 있어도
부디 나를 잊지 말아요
혹시 알고 있나요
뒤돌아서 가슴 쥐고
그댈 보내주던 그 사람
그 사람이 바로 나에요
그 사람을 사랑해줘요
같은 하늘 다른 곳에 있어도
언젠가는 돌아와줘요
우리 서로 사랑했는데
우리 이제 헤어지네요
같은 하늘 다른 곳에 있어도
부디 나를 잊지 말아요
부디 나를 잊지 말아요"
용두산 엘레지,"1,376",김의영,"용두산아 용두산아
너만은 변치 말자
한발 올려 맹세하고
두발 딛어 언약하던
한 계단 두 계단
일백구십 사계단에
사랑심어 다져놓은
그 사람은 어디가고
나만 혼자 쓸쓸히도
그 시절 못 잊어
아 못 잊어 운다
용두산아 용두산아
그리운 용두산아
세월따라 변하는게
사람들의 마음이냐
둘이서 거닐던
일백구십 사계단에
즐거웠던 그 시절은
그 어디로 가버렸나
잘있거라 나는 간다
꽃피던 용두산
아 용두산 엘레지"
영영,"5,064",민수현,"잊으라 했는데 잊어 달라 했는데
그런데도 아직 난 너를 잊지 못하네
어떻게 잊을까 어찌 하면 좋을까
세월 가도 아직 난 너를 못 잊어 하네
아직 나는 너를 사랑하고 있나봐
아마 나는 너를 잊을 수가 없나봐
영원히 영원히 내가 사는 날까지
아니 내가 죽어도 영영 못 잊을 거야
잊으라 했는데 잊어 달라 했는데
그런데도 아직 난 너를 잊지 못하네
아직 나는 너를 사랑하고 있나봐
아마 나는 너를 잊을 수가 없나봐
영원히 영원히 네가 사는 날까지
아니 내가 죽어도 영영 못 잊을 거야
아직 나는 너를 사랑하고 있나봐
아마 나는 너를 잊을 수가 없나봐~
영원히 영원히 내가 사는 날까지
아니 내가 죽어도 영영 못 잊을 거야
아니 내가 죽어도 영영 못 잊을 거야"
상사화,"2,075",홍자,"사랑이 왜 이리 고된가요
이게 맞는가요 나만 이런가요
고운 얼굴 한 번 못 보고서
이리 보낼 수 없는데
사랑이 왜 이리 아픈가요
이게 맞는가요 나만 이런가요
하얀 손 한 번을 못 잡고서
이리 보낼 순 없는데
다시 돌아올 수 없는 그 험한
길 위에 어찌하다 오르셨소
내가 가야만 했었던 그 험한
길 위에 그대가 왜 오르셨소
기다리던 봄이 오고 있는데
이리 나를 떠나오
긴긴 겨울이 모두 지났는데
왜 나를 떠나가오"
하트 하트,"1,890",조은새,"콩닥 콩닥 가슴이
터질 것 같아요
정말 정말 이러다가
미칠 것 같아요
오늘밤 그대 살랑 살랑
내게로 오세요
내 마음을 다 드릴게요
하트 하트 하트 하트 핫
나에게만 사랑을 주세요
하트 하트 하트 하트 핫
나를 보며 망설이지 말고
하트 하트 하트 하트 핫
천생연분 내 사랑이에요
그대 오 오늘밤은 가지 마요
콩닥 콩닥 가슴이
터질 것 같아요
정말 정말 이러다가
미칠 것 같아요
매일밤 그댈 생각하며
기다려 왔어요
드릴게요 다 드릴게요
하트 하트 하트 하트 핫
나에게만 사랑을 주세요
하트 하트 하트 하트 핫
나를 보며 망설이지 말고
하트 하트 하트 하트 핫
천생연분 내 사랑이에요
그대 오 오늘밤은 가지 마요
하트 하트 하트 하트 핫
나에게만 사랑을 주세요
하트 하트 하트 하트 핫
나를 보며 망설이지 말고
하트 하트 하트 하트 핫
천생연분 내 사랑이에요
그대 오 오늘밤은 가지 마요"
남남북녀,101,곽지은,"키보다 더 높은 그리움들이
남자의 가슴을 때리고 가도
여자는 네온싸인 불빛 아래서
두고 온 첫사랑을 태워야 했네

남자는 남쪽 먼 고향에서
날마다 하나씩 잊혀져 가고
여자는 북쪽 서울 서울로
날마다 조금씩 멀어져 갔네
키보다 더 높은 그리움들이
남자의 가슴을 때리고 가도
여자는 빌딩 속 나비를 찾아
두고 온 첫사랑을 지워야 했네
물복숭아 아름답게 핀
그날 밤을 그날 밤을
남자는 남쪽 먼 고향에서
밤마다 하나씩 추억을 줍고
여자는 북쪽 서울 서울로
밤마다 하나씩 허물을 벗네

키보다 더 높은 그리움들이
남자의 가슴을 때리고 가도
여자는 네온싸인 불빛 아래서
두고 온 첫사랑을 태워야 했네
물복숭아 아름답게 핀
그날 밤을 그날 밤을
남자는 남쪽 먼 고향에서
밤마다 하나씩 추억을 줍고
여자는 북쪽 서울 서울로
밤마다 하나씩 허물을 벗네
남자는 남쪽 먼 고향에서
밤마다 하나씩 추억을 줍고
여자는 북쪽 서울 서울로
밤마다 하나씩 허물을 벗네
밤마다 하나씩 허물을 벗네
밤마다 하나씩 허물을 벗네"
당신은 누구시길래,"1,469",심수봉,"당신은 누구시길래 내마음 가져 갔나요

당신 때문에 울고 있어요
당신 때문에 웃고 있어요
당신은 누구시길래 내마음 애태우나요

거울에 비친 그리움은 누구일까
다가와 눈을 보면 알 수 가 있을 꺼예요

누구시길래 믿고 싶을까
누구시길래 사랑 했을까
당신은 누구시길래 내마음 가져 갔나요

당신은 누구시길래 내마음 가져 갔나요

당신 때문에 울고 있어요
당신 때문에 웃고 있어요
당신은 누구시길래 내마음 애태우나요

세월이 흐른 지금에도 다정했던
그 날의 우리사랑 지울 수 없을 꺼예요

믿었기에 사랑했었고
사랑했기에 슬퍼했었지
당신은 누구시길래 내마음 가져갔나요"
사랑을 한 번 해보고 싶어요,994,하동진,"사랑에 한 번 빠지고싶어요
아주 멋진 여자를 만나
바다가 있는 아름다운 해변을
둘이서 걷고 싶어요
가슴이 불타 올라요 눈물마저 핑 도네요
지금까지 살아오면서 나를 위해 무엇을 했나
세월이 다 가기전에 내 모습 변하기 전에
그대와 둘이 밤을 지세며 지난날을 잊고 싶어요


사랑을 한 번 해보고싶어요
매력있는 여자를 만나 아무도 없는 무인도에서
그녀와 함께 있고싶어요
가슴이 벅차 올라요 눈물마저 핑 도네요
지금까지 살아오면서 나를 위해 무었을 했나
세월이 다 가기전에 내 모습 변하기 전에
사랑하는 그대 그대와둘이 지난날을 잊고싶어요
지난날을 잊고 싶어요"
꽃신,745,민수현,"꿈이런가 모진 세월
곱디고운 꽃 한 송이
비바람에 꺾여버린
그 소녀는 어디 갔나
옷고름에 새긴 사연
지워지지 않는 눈물
그대 넓은 등에 업혀
하염없이 울고 싶어라
언제 다시 꽃신 신고
덩실덩실 춤추고파
꿈에라도 가고 싶은
내 고향 저 푸른 들판
바람인가 돌아보니
님은 온데간데없고
굽이굽이 가시밭길
서러워서 난 못 가겠네
옷고름에 새긴 사연
지워지지 않는 눈물
그대 넓은 등에 업혀
하염없이 울고 싶어라
언제 다시 꽃신 신고
덩실덩실 춤추고파
꿈에라도 보고 싶은
내 고향 내 어머니 얼굴
꿈에라도 보고 싶은
내 고향 내 어머니 얼굴"
백지로 보낸 편지,765,김태정,"언제라도 생각이 생각이 나거든
그많은 그리움을 편지로 쓰세요
사연이 너무 많아 쓸수가 없으면
백지라도 고이 접어 보내주세요
지워도 지워도 지울수 없는
백지로 보내신 당신의 마음
읽어도 읽어도 끝이 없을거예요

지워도 지워도 지울수 없는
백지로 보내신 당신의 마음
읽어도 읽어도 끝이 없을거예요"
가슴은 알죠,524,나예원,"우리 이제 정말 끝인가요 정말
그대와 나 우리 서로 남이되나요
되돌릴 순 없죠 그럴 수는 없는거죠
무너지는 나의 가슴이
이별이 맞다 하네요
그대는 괜찮은가봐요
이대로도 괜찮은가요
그대의 두 눈에 비친 내 모습
눈물로 젖어 드는데
사랑이 이토록 아픈데도 그댈 찾아요
이 아픔 조차 그대를
모질게 떠난 그댈 잊었다해도
가슴은 기다립니다
그대는 괜찮은가봐요
이대로도 괜찮은가요
그대의 두 눈에 비친 내 모습
눈물로 젖어 드는데
사랑이 이토록 아픈데도 그댈 찾아요
이 아픔 조차 그대를
모질게 떠난 그댈 잊었다해도
가슴은 기다립니다
사랑이 이토록 아픈데도 그댈 찾아요
이 아픔 조차 그대를
모질게 떠난 그댈 잊었다해도
가슴은 기다립니다
가슴은 기다립니다"
사랑님,930,윤태화,"몇 굽이 돌고 돌아
사랑님을 보았을까
새벽 안개 이슬 되어
알알이 맺혔구나
한 올 한 올 타는 가슴 어디에 둘까
그리운 맘 사랑에 졌네
아 아아 아 아 아아 아
안타까운 내 님이여
저 구름에 몸을 실어
둥실 둥실 띄워볼까
저 바람은 내 맘 알까
먹물 같은 이내 심정
사랑님은 아시려나
몇 굽이 돌고 돌아
사랑님을 보았을까
새벽 안개 이슬 되어
알알이 맺혔구나
한 올 한 올 타는 가슴 어디에 둘까
그리운 맘 사랑에 졌네
아 아아 아 아 아아 아
안타까운 내 님이여
저 구름에 몸을 실어
둥실 둥실 띄워볼까
저 바람은 내 맘 알까
먹물 같은 이내 심정
사랑님은 아시려나
우리 님은 아시려나"
불나비,624,김중연,"얼마나 사무치는 그리움이냐
밤마다 불을 찾아 헤매는 사연
무엇으로 끄나요 사랑의 불길
밤을 안고 떠도는 외로운 날개
차라리 재가 되어
숨진다 해도
아 너를 안고 가련다
불나비 사랑
무엇으로 끄나요 사랑의 불길
밤을 안고 떠도는 외로운 날개
한 많은 세월 속에
멍들은 가슴
아 너를 안고 가련다
불나비 사랑
아 너를 안고 가련다
불나비~~~
사~랑~~!!!!"
연모,386,한강,"이도 저도 못하면서 사랑했었다
앞이 캄캄 안보이지만
당신과 나 약속이나 한 듯
돌아가는 길을 지웠다
시간은 우리 편이 아니라 해도
이제 와 왔던 길을 바꿀 수 있나
천 번이고 만 번이고
내 마음 물어보지만
당신을 떠나서는 나도 없다고
뜨거운 가슴이 말하네
이도 저도 못하면서 사랑했었다
앞이 캄캄 안보이지만
당신과 나 약속이나 한 듯
돌아가는 길을 지웠다
시간은 우리 편이 아니라 해도
이제 와 가는 길을 멈출 수 있나
천 번이고 만 번이고
내 마음 물어보지만
당신을 떠나서는 나도 없다고
뜨거운 눈물이 말하네
뜨거운 가슴이 말하네"
날개,"1,223",허영란,"일어나라 아이야 다시한번 걸어라
뛰어라 젊음이여 꿈을 안고 뛰어라
날아라 날아라 고뇌에찬 인생이여
일어나 뛰어라 눕지말고 날아라
어느누가 청춘을 흘러가는 물이라했나
어느누가 인생을 떠도는 구름이라 했나

날아라 날아라 고뇌에찬 인생이여
일어나 뛰어라 눕지말고 날아라
어느누가 청춘을 흘러가는 물이라했나
어느누가 인생을 떠도는 구름이라 했나"
사랑찾아 인생찾아,"2,083",조항조,"라라랄라 라라라라 랄라
라라라라 라라라랄라
사랑찾아 인생을 찾아
하루종일 숨이차게 뛰어다닌다
서울 하늘 하늘 아래서
내 꿈도 가까이 온다
사랑도 있고 우정도 있고
하늘 아래 살고 있고
저마다 다른 인생속에
또 하루를 바쁘게 산다
우리 인생 살다보면
힘든 날도 수없이 찾아오지만
사랑 하나 그 사랑 하나
찾으려고 몸부림치네
사랑찾아 인생을 찾아
하루종일 숨이차게 뛰어다닌다
서울 하늘 하늘 아래서
내 꿈도 가까이 온다
사랑을 알고 우정도 알고
정하나로 살고 있고
저마다 값진 인생속에
또 하루를 바쁘게 산다
우리 인생 살다보면
힘든 날도 수없이 찾아오지만
오늘보다 더 멋진 인생
찾기위해 몸부림치네
사랑 찾아 인생을 찾아
하루종일 숨이 차게 뛰어다닌다
서울 하늘 하늘 아래서
내 꿈도 가까이 온다
사랑찾아 인생을 찾아
지친 가슴 끌어안고 뛰어다닌다
서울 하늘 하늘 아래서
내 꿈도 가까이 온다"
세월베고 길게누운 구름 한 조각,"3,653",박서진,"늙은 산 노을 업고 힘들어하네
벌겋게 힘들어하네
세월베고 길게 누운 구름 한조각
하얀 구름 한조각
여보게 우리 쉬었다 가세
남은 잔은 비우고 가세
가면 어때 저 세월 가면
어때 이 청춘
저녁 깔린 뒷마당에 쉬었다 가세
여보게 쉬었다 가세
늙은 소 긴 하루를 힘들어하네
음메 하며 힘들어하네
삐딱하게 날아가는 저 산 비둘기
가지끝에 하루를 접네
여보게 우리 쉬었다
가세 남은 얘기 다 하고 가세
가면 어때 저 세월 가면
어때 이 청춘
저녁 깔린 뒷마당에 쉬었다 가세
여보게 쉬었다 가세
가면 어때 저 세월 가면
어때 이 청춘
저녁 걸린 뒷마당에 쉬었다 가세
여보게 쉬었다 가세
여보게 쉬었다 가세
여보게 쉬었다 가세"
아씨,940,이미자,"옛날에 이길은 꽃가마 타고
말탄님 따라서 시집가던 길
여기던가 저기던가
복사꽃 곱게 피어있던 길
한세상 다하여 돌아가는 길
저무는 하늘가에 노을이 섧구나
옛날에 이길은 새색시 적에
서방님 따라서 나들이 가던길
어디선가 저만치서
뻐꾹새 구슬피 울어대던 길
한세상 다하여 돌아가는 길
저무는 하늘가에 노을이 섧구나"
미안해서 미안해서,594,신유,"당신을 아프게 하고
살아온 지난날들이
얼마나 괴로웠는지
이 마음 모를 겁니다
겉으론 말은 안해도
당신의 깊은 사랑을
알아요 그 맘 알아요
얼마나 생각했는지
그 깊은 속도 모르고
철없이 살아온 지난날들이
미안해서 미안해서
용서를 빌어봅니다
당신이 곁에 있어
내가 있다는 생각에 눈물이나요
겉으론 말은 안해도
당신의 깊은 사랑을
알아요 그 맘 알아요
얼마나 생각했는지
그 깊은 속도 모르고
철없이 살아온 지난날들이
미안해서 미안해서
용서를 빌어봅니다
당신이 곁에 있어
내가 있다는 생각에 눈물이나요
생각에 눈물이나요"
사랑의 스위치,731,김중연,"사랑이 뭔지 이별이 뭔지
아무도 알 수 없는 이 느낌
이런 적 없어 자꾸 널 생각하면
아픈 건 왜 이런지
사랑의 종착지라고 느꼈는데 교차로였나
아직도 모르겠어 여자들 마음을
사랑의 스위치를 내게 켜줘
네 맘속에 가는 길을 찾게
나에게 결혼하자 약속했잖아
I Can't Stop Fire
Uh Uh Uh Woo Woh
Uh Uh Woo Woh
사랑인 건지 이별인 건지
아직도 알 수 없는 이 느낌
누가 말해줘 정 주고 마음 주면
떠나갈 사람인지
시작은 달콤한 말로
샤르르르 녹여놓고선
찬 바람 휑하던 날 내 님은 어디에
사랑의 스위치를 내게 켜줘
네 맘속에 가는 길을 찾게
나에게 결혼하자 약속했잖아
I Can't Stop Fire
Uh Uh Uh Woo Woh
Uh Uh Woo Woh
이봐요 갈 땐 가더라도
네가 남기고 간 추억 가져가
그래도 잠시 사랑해줘 고마워
I Can't Stop Fire
사랑의 스위치를 내게 켜줘
네 맘속에 가는 길을 찾게
나에게 결혼하자 약속했잖아
I Can't Stop Fire"
사랑 그 잡채,211,마리아,"사랑 그 자체 잡채 내 사랑
환상의 조합인 거야
사랑 그 자체 잡채 내 사랑
입술에 묻은 그 이름

오늘도 우리 둘이 둘이 만나
코끝으로 찡긋하네
속 깊은 얘기들을 섞어 놓고
뜨거워진 마음이야

세상이 열 두 번 바뀌어도
만날 수 없을 것 같기에
간절히 원하고 원했어
넌 이미 내 거니까

사랑 그 자체 잡채 내 사랑
환상의 조합인 거야
사랑 그 자체 잡채 내 사랑
입술에 묻은 그 이름

오늘도 우리 둘이 둘이 만나
코끝으로 찡긋하네
속 깊은 얘기들을 섞어 놓고
뜨거워진 마음이야

세상이 열 두 번 바뀌어도
만날 수 없을 것 같기에
간절히 원하고 원했어
넌 이미 내 거니까

사랑 그 자체 잡채 내 사랑
환상의 조합인 거야
사랑 그 자체 잡채 내 사랑
입술에 묻은 그 이름

매일매일 달라지는 매력
무지갯빛 사랑아
매력 그 자체 완벽 그 자체
사랑 그 자체인 거야

사랑 그 자체 잡채 내 사랑
환상의 조합인 거야
사랑 그 자체 잡채 내 사랑
입술에 묻은 그 이름

사랑 그 자체 잡채"
뭐야 뭐야,"1,662",박서진,"뭐야 뭐야 뭐야 뭐야 뭐야
뭐야 뭐야 당신이 뭐야
제발 날 내버려두지 마
당신이 당신이 뭐길래
날 이렇게 힘들게 해
술잔을 쓸쓸히 마주한 나에게
휘감겨오는 그 사람
세상에 흔한 것이 남자 라지만
너무 가슴이 아파
다시 한번만 기회를 주세요
최선을 다할게요
뭐야 뭐야 뭐야 뭐야 뭐야
당신이 뭐길래
날 애원하게 만들어
뭐야 뭐야 뭐야 뭐야 뭐야
살 빠질 것 같아
제발 날 내버려두지 마
뭐야 뭐야 뭐야 뭐야 뭐야
뭐야 뭐야 당신이 뭐야
제발 날 내버려두지 마
당신이 당신이 뭐길래
세월 흐른 지금도
당신 모습 당신 생각에
지금도 난 가슴이 뛰어요
당신 밖엔 사랑할 줄 모르는 여자
바보 같은 여자
다시 한번만 기회를 주세요
최선을 다할게요
뭐야 뭐야 뭐야 뭐야 뭐야
당신이 뭐길래
날 애원하게 만들어
뭐야 뭐야 뭐야 뭐야 뭐야
살 빠질 것 같아
제발 날 내버려두지 마
제발 날 내버려두지 마"
울어라 열풍아,"1,489",박서진,"못 견디게 괴로워도
울지 못하고
가는 님을 웃음으로
보내는 마음
그 누구가 알아주나
기막힌 내 사랑을
울어라 열풍아
밤이 새도록

님을 보낸 아쉬움에
흐느끼면서
하염없이 헤매도는
서러운 밤길
내 가슴의 이 상처를
그 누가 달래주리
울어라 열풍아
밤이 새도록"
노란 샤쓰의 사나이,260,정서주,"노오란 샤쓰 입은 말없는 그 사람이
어쩐지 나는 좋아 어쩐지 맘에 들어
미남은 아니지만 씩씩한 생김생김
그이가 나는 좋아 어쩐지 맘이 쏠려
아아 야릇한 마음 처음 느껴 본 심정
아아 그이도 나를 좋아하고 계실까
노오란 샤쓰 입은 말없는 그 사람이
어쩐지 나는 좋아 어쩐지 맘에 들어
아아 야릇한 마음 처음 느껴 본 심정
아아 그이도 나를 좋아하고 계실까
노오란 샤쓰 입은 말없는 그 사람이
어쩐지 나는 좋아 어쩐지 맘에 들어
그이가 나는 좋아 어쩐지 맘에 들어"
립스틱 짙게 바르고,154,별사랑,"내일이면 잊으리 꼭 잊으리
립스틱 짙게 바르고
사랑이란 길지가 않더라
영원하지도 않더라
아침에 피었다가
저녁에 지고 마는
나팔꽃보다 짧은 사랑아
속절없는 사랑아
마지막 선물 잊어 주리라
립스틱 짙게 바르고
별이 지고 이 밤도 가고 나면
내 정녕 당신을 잊어 주리라
아침에 피었다가
저녁에 지고 마는
나팔꽃보다 짧은 사랑아
속절없는 사랑아
마지막 선물 잊어 주리라
립스틱 짙게 바르고
별이 지고 이 밤도 가고 나면
내 정녕 당신을 잊어 주리라
별이 지고 이 밤도 가고 나면
내 정녕 당신을 잊어 주리라"
낯설은 아쉬움,"1,039",진시몬,"아픈맘 달래지 못해 긴한숨만 허공에 묻고
그리워 헤매이던 어둔 밤거리가 낯설지 않아
이루지 못한 사랑에 안타까운 마음이지만
이제와 누구에게 나의 따스했던 마음전할까
혼자 있지만 둘이라고 생각해요
나는 아직도 그대를 사랑해요
그리울 때면 이거리를 걸었어요
그대 모습이 내곁에 있는 것 같아
아무리 생각해봐도 그때는 내가 너무 어렸어요
낯설은 아쉬움이 남아있어 이제는 알 것 같아요

혼자 있지만 둘이라고 생각해요
나는 아직도 그대를 사랑해요
그리울 때면 이거리를 걸었어요
그대 모습이 내곁에 있는 것 같아
아무리 생각해봐도 그때는 내가 너무 어렸어요
낯설은 아쉬움이 남아있어 이제는 알 것 같아요"
굽이굽이,627,양지은,"굽이굽이 흘러가는 저기 저 구름아
거친 길을 돌아왔구나
넘실넘실 불어오는 저기 저 바람아
긴 세월을 찾아왔구나
세월이 야속하다 원망해봐도
너는 다시 오지 않더냐
청춘아 나의 청춘아
바보 같은 나의 청춘아
사랑아 나의 사랑아
가슴 아픈 나의 사랑아
잊지 못할 나의 사랑아
굽이굽이 흘러가는 저기 저 구름아
거친 길을 돌아왔구나
넘실넘실 불어오는 저기 저 바람아
긴 세월을 찾아왔구나
세월이 야속하다 원망해봐도
너는 다시 오지 않더냐
청춘아 나의 청춘아
바보 같은 나의 청춘아
사랑아 나의 사랑아
가슴 아픈 나의 사랑아
굽이굽이 가는 세월아"
아름다운 이별,337,나훈아,"이제 그만 힘든 사랑을 내려놓고 싶어요
아마도 우리 여기까지가 인연이었나 봐요
이제 그만 잊기로 해요 마음 아프겠지만
아마도 난 영원하도록 잊진 못할 겁니다
우리 울지 않기로 해요 우리 웃기로 해요
우리 아파하지 말아요 우리 슬퍼 말아요
아~ 슬프지만 아름다운 이별
아~ 안녕 사랑이여 안녕

이제 그만 헤어져야 할 시간인 것 같아요
창밖엔 지금 비가 내려요 비 그칠 때까지만
우리 기도하기로 해요 우리 서로를 위해
우리 미워하지 말아요 우리 행복 빌어요
아~ 슬프지만 아름다운 이별
아~ 안녕 사랑이여 안녕
아~ 아~ 아~ 안녕 사랑이여 안녕
사랑이여 안녕
사랑이여 안녕"
떠날 수 없는 당신,93,김산하,"나를 너무 모르시는
모르시는 당신이여

짙은 안개 때문입니까
무심한 탓입니까

사랑에 눈먼 당신이기에
이 가슴 멍들기 전에

모두 다 잊고 모두 다 잊고
어디론가 떠나고 싶지만

미련이 많아 미련이 많아
떠날 수 없는 당신

나를 너무 모르시는
모르시는 당신이여

흐린 달빛 때문입니까
무심한 탓입니까

사랑에 귀 먼 당신이기에
이 가슴 멍들기 전에

모두 다 잊고 모두 다 잊고
어디론가 떠나고 싶지만

너무 정들어 너무 정들어
떠날 수 없는 당신

모두 다 잊고 모두 다 잊고
떠날 수 없는 당신
떠날 수 없는 당신"
미련 때문에,728,최진희,"너무나 짧았던 만남이지만 진정으로 사랑했다오~

돌아서는 나의 두빰위에 눈물이 흘러내렸네

언젠가는 언젠가는 떠날줄 알면서도

미련때문에 미련때문에 난 울고 말았다오~

사랑도 미움도 잊어야하나 돌이킬수 없는 그사람

멀어져가버린 우리의 사랑 추억만 남아있겠지

언젠가는 언젠가는 떠날줄 알면서도

미련때문에 미련때문에 난 울고 말았다오~

언젠가는 언젠가는 떠날줄 알면서도

미련때문에 미련때문에 난 울고 말았다오~"
남자다잉,"11,749",이찬원,"사랑을 보신 일이 있으십니까
어디를 찾아봐도 보이지 않아
희망을 보신 일이 있으십니까
있다고 하는 말은 들었는데
안 된다 안 된다 하고
홍이야 홍이야 하고
그러거나 말거나 견디고 버티고
위하여 우리는 살아있어
위하여 오늘도 살아있어
위하여 크게 한번 웃는 거야
바람이 불면 떠나는 우리
세상을 향해 다시 또 한번
끝까지 살아내야 남자다 잉
안 된다 안 된다 하고
홍이야 홍이야 하고
그러거나 말거나 견디고 버티고
위하여 우리는 살아있어
위하여 오늘도 살아있어
위하여 크게 한번 웃는 거야
바람이 불면 떠나는 우리
세상을 향해 다시 또 한번
끝까지 살아내야 남자다 잉
위하여 우리는 살아있어
위하여 오늘도 살아있어
위하여 크게 한번 웃는 거야
바람이 불면 떠나는 우리
세상을 향해 다시 또 한번
끝까지 살아내야 남자다 잉
끝까지 살아내야 남자다 잉
끝까지 살아내야 남자다 잉"
수은등,277,정미애,"어스럼 저녁 길 하나 둘
수은등 꽃이 피면은
그대와 단둘이서 거닐던
이 길을 서성입니다
수은등 은은한 빛 변함은 없어도
당신은 변했구려 보이질 않네
아 아 수은등 불빛아래
이 발길은 떠날 줄 몰라
어두운 밤거리에 하나 둘
오색 불 깜박거리면
그대에 웃음소리 들려올 듯
내 가슴은 설레이네
바람 부는 이 거리는 변함이 없건만
당신은 변했구려 보이질 않네
아 아 오색 불 깜박이는
이 거리를 잊으셨구려
이 거리를 잊으셨구려"
길면 3년 짧으면 1년,448,성민지,"안녕하며 돌아서는 그대 두 눈에
슬픈 이슬 맺히는 걸 나는 보았네
가면은 아니 오고
모른 체 있는 것은 아니지만은
길면 3년 짧으면 1년
잠깐만 당신 곁을 떠나 있는 것이라오
외로워도 참고 살아요
그리워도 참고 살아요
아아 돌아갈 그날까지
안녕하며 돌아서는 그대 입술에
슬픈 미소 머금은 걸 나는 보았네
가시면 아니오고
모른 체 있는 것은 아닌 줄 알지만
길면 3년 짧으면 1년
잠깐만 당신 곁을 떠나있는 것이라오
외로워도 참고 살아주
그리워도 참고 살아주
아아 돌아올 그날까지
아아 돌아올 그날까지"
날 버린 남자,34,천가연,"사랑이 야속하더라
가는 당신이 무정하더라
잡지도 못하고 막지도 못하고
어쩔 수가 없더라
여자이기 때문에
날 두고 떠나가면 떠나버리면
정 때문에 나는 어떡해
날 울린 남자 날 버린 남자
사랑한 게 잘못이더라
사랑한 게 잘못이더라

사랑이 야속하더라
가는 당신이 무정하더라
잡지도 못하고 막지도 못하고
어쩔 수가 없더라
여자이기 때문에
날 두고 떠나가면 떠나버리면
정 때문에 나는 어떡해
날 울린 남자 날 버린 남자
사랑한 게 잘못이더라
사랑한 게 잘못이더라
사랑한 게 잘못이더라"
당돌한 여자,"20,468",임영웅,"일부러 안 웃는 거 맞죠
나에게만 차가운 거 맞죠
알아요 그대 마음을
내게 빠질까봐 두려운 거죠
그대는 그게 매력이예요
관심없는 듯한 말투 눈빛
하지만 그대 시선을
나는 안보고도 느낄 수 있죠
집으로 들어가는 길인가요
그대의 어깨가 무거워 보여
이런 나 당돌한가요
술 한 잔 사주실래요
야이 야이야이야이 날 봐요
우리 마음 속이지는 말아요
날 기다렸다고 먼저 얘기하면
손해라도 보나요
야이 야이야이야이 말해요
그대 여자 되달라고 말해요
난 이미 오래전
그대 남자이고 싶었어요
애인이 없다는 거 맞죠
혹시 숨겨둔 건 아니겠죠
믿어요 그대의 말을
행여 있다 해도 양보는 싫어
그대는 그게 맘에 들어
여자 많은 듯한 겉모습에
사실은 아무에게나
마음 주지 않는 그런 여자죠
집으로 들어가는 길인가요
그대의 어깨가 무거워 보여
이런 나 당돌한가요
술 한 잔 사주실래요
야이 야이야이야이 날 봐요
우리 마음 속이지는 말아요
날 기다렸다고
먼저 얘기하면
손해라도 보나요
야이 야이야이야이 말해요
그대 여자 되달라고 말해요
난 이미 오래전
그대 남자이고 싶었어요"
모르리,548,김중연,"그대 곁에 있으면 허물어지는 마음
그대는 모르리 모르리
그대 곁에 있으면 나그네 되는 마음
그대는 모르리 모르리
너를 사랑하고도 너를 보내야 하는
찢어지는 가슴을 달래며
나나나나나 나나나나나
웃음으로 통곡하네
그대는 이 마음 모르리
그대 곁에 있으면 허물어지는 마음
그대는 모르리 모르리
그대 곁에 있으면 나그네 되는 마음
그대는 모르리 모르리
너를 사랑하고도 너를 보내야 하는
찢어지는 가슴을 달래며
나나나나나 나나나나나
노래하며 눈물짓네
나나나나나 나나나나나
노래하며 눈물짓네
그대는 이 마음 모르리
그대는 모르리 모르리"
니,110,복지은,"네가 도대체 뭐야(뭐야 뭐야)
왜 자꾸 날 아프게 하는 거야
네가 도대체 뭐야(뭐야 뭐야)
왜 자꾸 날 힘들게 하는 거야
네가 도대체 뭐야(뭐야 뭐야 뭐야)
난 너를 사랑한다 했지 않니
네가 도대체 뭐야(뭐야 뭐야 뭐야)
난 너를 알다가도 모르겠어
아니면 아니라고 말하든지
싫으면 싫다고 말해야지
도대체 난 너에게 무엇이며
날 사랑하기는 하는 거니
네가 도대체 뭐야(뭐야 뭐야 뭐야)
왜 자꾸 눈물짓게 하는 거야
네가 도대체 뭐야(뭐야 뭐야 뭐야)
왜 자꾸 헷갈리게 하는 거야

네가 도대체 뭐야(뭐야 뭐야)
왜 자꾸 날 아프게 하는 거야
네가 도대체 뭐야(뭐야 뭐야)
왜 자꾸 날 힘들게 하는 거야
네가 도대체 뭐야(뭐야 뭐야 뭐야)
넌 나를 사랑한다 했지 않니
네가 도대체 뭐야(뭐야 뭐야 뭐야)
난 너를 알다가도 모르겠어
어제 본 그 사람은 누구야
전화 온 그 사람은 누구야
문자 온 그 사람은 또 누구야
도대체 너 자꾸 왜 이러니
네가 도대체 뭐야
왜 자꾸 날 속이려 하는 거야
왜 자꾸 날 아프게 하는 거야
왜 자꾸 눈물짓게 하는 거야(흥)"
내 사랑,"5,185",홍진영,"내사랑 그대에게
줄까 말까 고민하다
그 사람 영영 떠나요
이것저것 재지 말고 그 사람 잡아요
사랑한다는 그 말
할까 말까 망설이다
그 사람 영영 떠나요
이 남자다 싶을 때는
눈치코치 보지 말고
아낌없이 다 줘요 줄까 말까
살짝쿵 다가서도 모른 척
괜시리 좋으면서 아닌 척
보일락 말락 잡힐락 말락
애간장 녹이네
애타게 바라보는 그 심정
속타게 기다리는 그 심정
사랑을 할거면
사랑을 할거면 화끈하게
내사랑 그대에게
줄까 말까 고민하다
그 사람 영영 떠나요
이것저것 재지 말고 그 사람 잡아요
사랑한다는 그 말
할까 말까 망설이다
그 사람 영영 떠나요
이 남자다 싶을 때는
눈치코치 보지 말고
아낌없이 다 줘요 줄까 말까
애타게 바라보는 그 심정
속타게 기다리는 그 심정
사랑을 할거면
사랑을 할거면 화끈하게
내사랑 그대에게
줄까 말까 고민하다
그 사람 영영 떠나요
이것저것 재지 말고 그 사람 잡아요
사랑한다는 그 말
할까 말까 망설이다
그 사람 영영 떠나요
이 남자다 싶을 때는
눈치코치 보지 말고
아낌없이 다 줘요 줄까 말까
그대 훌쩍 떠나면
눈물만 훌쩍일텐데
암만 후회해도 그땐 늦어요
내사랑 그대에게 모든걸 그대에게
줄까 말까 고민하다
그 사람 영영 떠나요
이것저것 재지 말고 그 사람 잡아요
사랑한다는 그 말
할까 말까 망설이다
그 사람 영영 떠나요
이 남자다 싶을 때는
눈치코치 보지 말고
아낌없이 다 줘요 줄까 말까"
보약같은 친구,"2,664",양지은,"아침에 눈을 뜨면
제일 먼저 생각나는
자네는 좋은 친구야
보약같은 친구
피 한 방울 섞이지 않은
우리 두사람
전생에 인연일거야
자식보다 자네가 좋고
돈보다 자네가 좋아
자네와 난 보약같은 친구야
아 아 아 사는 날까지
같이 가세 보약같은 친구야
사랑도 해봤고
이별도 해봤지
사는거 별거 없더라
보약같은 친구
언제 갈지 모르는 인생
우리 둘이서
웃으며 살아가보자
자식보다 자네가 좋고
돈보다 자네가 좋아
자네와 난 보약같은 친구야
아 아 아 사는 날까지
같이 가세 보약같은 친구야
자식보다 자네가 좋고
돈보다 자네가 좋아
자네와 난 보약같은 친구야
아아아 사는날까지
같이 가세 보약같은 친구야
같이 가세 보약같은 친구야
보약같은 친구
친구"
빈손,442,현진우,"검은 머리 하늘 닿는
아 잘난 사람아
이 넓은 땅이
보이지 않더냐
검은 머리 땅을 닿는
아 못난 사람아
저 푸른 하늘
보이지 않더냐
있다고 잘났고
없다고 못나도
돌아갈 땐
빈손인 것을
호탕하게
원없이 웃다가
으라찻차
세월을 넘기며
구름처럼
흘러들 가게나

검은 머리 하늘 닿는
아 잘난 사람아
이 넓은 땅이
보이지 않더냐
검은 머리 땅을 닿는
아 못난 사람아
저 푸른 하늘
보이지 않더냐
있다고 잘났고
없다고 못나도
돌아갈 땐
빈손인 것을
호탕하게
원없이 웃다가
으라찻차
세월을 넘기며
구름처럼
흘러들 가게나
있다고 잘났고
없다고 못나도
돌아갈 땐
빈손인 것을
호탕하게
원없이 웃다가
으라찻차
세월을 넘기며
구름처럼
흘러들 가게나"
카사노바,537,장윤정,"사랑을 이야기 할때
내 눈을 바라봐줘요
그대의 눈빛속에 나 지금 어디있나요
당신땜에 아파요 아야야 아야야
잊지 못할 키스로
또다시 날 믿게해줘
그댄 카사노바 카사노바
미치도록 뜨겁게
정말 사랑해요 사랑했어요
섹시한 남자 그 남자
그댄 카사노바 카사노바
사랑 장난 인가요
잠깐 반짝 반짝 그런건가요
라이터 불을 켠만큼

폭풍처럼 강하게 때로는 초콜릿처럼
아슬아슬 녹일듯 사랑을 속삭여주던
당신땜에 아파요 아야야 아야야
잊지 못할 키스로
또 다시 날 믿게해줘
그댄 카사노바 카사노바
미치도록 뜨겁게
정말 사랑해요 사랑했어요
섹시한 남자 그 남자
그댄 카사노바 카사노바
사랑 장난 인가요
잠깐 반짝 반짝 그런건가요
라이터 불을 켠만큼
그댄 카사노바 카사노바
그댄 카사노바 카사노바"
보약 같은 친구,"3,773",김경민,"같이 가세 같이 가세
보약같은 친구
같이 가세
같이 가세
보약 같은 친구야
같이 가세
아침에 눈을 뜨면
제일 먼저 생각나는
자네는 좋은 친구야
보약같은 친구
피한방울 섞이지 않은
우리 두사람
전생에 인연일거야
자식보다 자네가 좋고
돈보다 자네가 좋아
자네와 난 보약같은 친구야
아아아 사는날까지
같이 가세 보약같은 친구야
같이 가세
사랑도 해봤고
이별도 해봤지
사는거 별거 없더라
보약같은 친구
언제갈지 모르는 인생
우리 둘이서
웃으며 살아가보자
자식보다 자네가 좋고
돈보다 자네가 좋아
자네와 난 보약같은 친구야
아아아 사는날까지
같이 가세 보약같은 친구야
자식보다 자네가 좋고
돈보다 자네가 좋아
자네와 난 보약같은 친구야
아아아 사는날까지
같이 가세 보약같은 친구야
같이 가세 보약같은 친구야
보약같은 친구
친구"
십분내로,"1,219",김연지,"그래요 믿어 줄게요
나만 사랑한다면
딱 한 가지만
약속해줘요
내가 전화할 때
늦어도 십분 내로
내게로 달려와요
꾸물대지 말고
핑계대지 말고
옆길로 새지도 말고
여자는 꽃이랍니다
혼자 두지 말아요
당신 가슴에 영원히 지지 않는
꽃이 될래요
십분 내로
그래요 믿어 줄게요
나만 사랑한다면
딱 한가지만 약속해줘요
세상 끝나도록
바람이 분다 해도
눈보라 친다 해도
나만 사랑한다
나만 생각한다
그렇게 약속해줘요
당신은 나만의 남자
나는 당신의 여자
언제나 멋진 당신 가슴에 안겨
꽃이 될래요
십분 내로
여자는 꽃이랍니다
혼자 두지 말아요
당신 가슴에 영원히 지지 않는
꽃이 될래요
별이 될래요
진이 될래요
십분 내로
꽃이 될래요
십분 내로"
일편단심 민들레야,"1,181",조용필,"님 주신 밤에 씨 뿌렸네
사랑의 물로 꽃을 피웠네
처음 만나 맺은 마음
일편단심 민들레야
그 여름 어인 광풍
그 여름 어인 광풍
낙엽지듯 가시었나
행복했던 장미인생
비 바람에 꺽이니
나는 한 떨기 슬픈 민들레야
긴 세월을 하루 같이
하늘만 쳐다보니
그 이의 목소리는
어디에서 들을까
일편단심 민들레는
일편단심 민들레는
떠나지 않으리라

해가 뜨면 달이 가고
낙엽지니 눈보라치네
기다리고 기다리는
일편단심 민들레야
가시 밭길 산을 넘고
가시 밭길 산을 넘고
강을 건너 찾아왔소
행복했던 장미인생
비 바람에 꺽이니
나는 한 떨기 슬픈 민들레야
긴 세월을 하루 같이
하늘만 쳐다보니
그 이의 목소리는
어디에서 들을까
일편단심 민들레는
일편단심 민들레는
떠나지 않으리라"
배 띄워라,263,배아현,"출렁이는 물결 위에
두리둥실 배를 띄워라
오늘 같이 좋은 날엔
님 계신 그곳까지
별빛을 담아 달빛을 담아
꽃바람에 두리 두둥실
배 띄워라 노를 저어라
어여라여차 배를 띄워라
님 찾아 사랑을 찾아
배를 띄워라
견우직녀 만나듯이
오작교를 건너가자
오늘 같이 좋은 날엔
님 계신 그곳까지
별빛을 담아 달빛을 담아
꽃바람에 두리 두둥실
배 띄워라 노를 저어라
어여라여차 배를 띄워라
꿈 찾아 행복을 찾아 배를 띄워라
배를 띄워라"
또 만났네요,"1,380",주현미,"또 만났네 또 만났어 야속한 그 사람
약속이나 한 것처럼 또 만났네
나도 모르게 생각만해도
설레이는 내 마음
언제 볼까 궁금했는데 또 만났네요
어쩌다 눈길이 마주칠 때면
자꾸만 가슴이 두근 거리네
그 언제쯤 말을 붙일까
때가 되면은 때가 되면은
사랑을 고백할거야
또 만났네 또 만났어 야속한 그 사람
약속이나 한 것처럼 또 만났네
나도 모르게 그려만봐도
보고싶은 내 마음
며칠동안 안보이더니 또 만났네요
당신과 헤어져 헤어 질때면
자꾸만 아쉬워 아쉬워 지네
이게 바로 정이란 걸까
때가 되면은 때가 되면은
사랑을 고백할거야
어쩌다 눈길이 마주칠 때면
자꾸만 가슴이 두근 거리네
그 언제쯤 말을 붙일까
때가 되면은 때가 되면은
사랑을 고백할거야"
이별의 부산 정거장,246,신미래,"보슬비가 소리도 없이
이별 슬픈 부산 정거장
잘 가세요 잘 있어요
눈물의 기적이 운다
한 많은 피난살이 설움도 많아
그래도 잊지 못할 판잣집이여
경상도 사투리의
아가씨가 슬피 우네
이별의 부산 정거장
서울 가는 십이 열차에
기대앉은 젊은 나그네
시름없이 내다보는
창밖의 등불이 존다
쓰라린 피난살이 지나고 보니
그래도 끊지 못할 순정 때문에
기적도 목이 메어
소리 높이 우는구나
이별의 부산 정거장
가기 전에 떠나기 전에
하고 싶은 말 한마디를
유리창에 그려보는
그 마음 안타까워라
고향에 가시거든 잊지를 말고
한두 자 봄소식을 전해주소서
몸부림치는 몸을
뿌리치고 떠나가는
이별의 부산 정거장"
반지,99,채윤,"그날 노을 진 마포대교
나의 눈물마저 헐어버린
차가운 강물에 반지를 던지면서
내 사전에 사랑이란 말은 없죠
빗겨간 인연 때문에
나 이제 울지 않아요
그대 하나 지워버린다면
마음 편해질 수 있다고
던져버린 반지 속에는
어리석은 내가 있지요
그대만을 사랑했던 나
던져버린 반지 속에는
어리석은 내가 있지요
그대만을 사랑했던 나
그대만을 사랑했던 나"
엄마의 손편지,127,정혜린,"밥은 먹고 다니니
거르는건 아닌지
무슨일은 없는지
잘 챙겨주지도 못했구나

맘은 그게 아닌데
화내면서 짜증만 내던
내 어리숙한 표현들
그땐 내가 왜그랬을까

미안하구나 정말 미안하다
서툴던 엄마의 모습이
품에 안고서 말해주고 싶다
엄마가 참 미안하다
미안하구나

오늘은 좀 어떠니
힘들지는 않는지
외로운건 아닌지
늘 걱정이 된다

미안하구나 정말 미안하다
서툴던 엄마의 모습이
품에 안고서 말해주고 싶다
엄마가 참 미안하다 아~~~

미안하구나 정말 미안하다
서툴던 엄마의 모습이
품에 안고서 말해주고 싶다
내새끼 참 고생했다
참 고생했다

해준것도 없는데
힘들게만 했는데
이렇게 잘 커줘서
참 고맙구나"
얄미운 사람,"1,810",김지애,"사랑만 남겨놓고 떠나가느냐
얄미운 사람 슬픈 음악처럼
이마음 울려놓고
저 멀리 떠나간 사람
미련만 남겨놓고 돌아가느냐
얄미운 사람 미련때문인가
멍들은 이 내가슴
아픔만 주고 간 사람
정주고 마음주고 사랑도 줬지만
지금은 남이 되어 떠나가느냐
이별의 아픔일랑 가져가다오
얄미운 사람
사랑만 남겨놓고 떠나가느냐
얄미운 사람 슬픈 음악처럼
이마음 울려놓고
저 멀리 떠나간 사람
정주고 마음주고 사랑도 줬지만
지금은 남이 되어 떠나가느냐
이별의 아픔일랑 가져가다오
얄미운 사람
미련만 남겨놓고 돌아가느냐
얄미운 사람 미련때문인가
멍들은 이 내가슴
아픔만 주고 간 사람
미련때문인가 멍들은 이 내가슴
아픔만 주고 간 사람"
사랑,"3,445",노사연,"그때는 사랑을 몰랐죠
당신이 힘든 것조차
받으려고만 했었던 날
그런 세월만 갔죠
어두운 밤이 지나가고
새벽이 오는 것처럼
오직 나 위한 그 마음을
이제야 느낄 수 있죠
고마워요 오랜 그 시간
끝없는 당신의 사랑
이제 다시 꿈을 꾸어요
모든걸 드릴께요
하루 하루 당신 볼 때마다
난 다시 태어나죠
천번 만번 하고 싶은 말
듣고 있나요
사랑해요

고마워요 오랜 그 시간
끝없는 당신의 사랑
이제 다시 꿈을 꾸어요
모든걸 드릴게요
하루 하루 당신 볼 때마다
난 다시 태어나죠
천번 만번 하고 싶은 말
듣고 있나요
하루 하루 당신 볼때마다
난 다시 태어나죠
자꾸 자꾸 눈물이 나요
듣고 있나요
사랑해요"
불장난,"3,142",장윤정,"사랑이 또 다시 오나 봐요
그대 내 맘 자꾸 애태우네요
오늘이 가면 다신 못 볼 것 같아
I love you 내 사랑 다 줄게요
한 송이 장미처럼
내 맘 훌쩍 가져간 그대
왜 하필 이제서야
내 눈앞에 서있나요
라라라라라 라라라라라
나 이제 어쩌면 좋아
사랑이 또 다시 오나 봐요
그대 내 맘 자꾸 애태우네요
오늘이 가면 다신 못 볼 것 같아
I love you 내 사랑 다 줄게요
바람에 흩날리는 갈대처럼
날 흔드네요
줏대 없는 내 맘이
그댈 향해 기울도록
라라라라라 라라라라라
나 이제 어쩌면 좋아
사랑이 또 다시 오나 봐요
그대 내 맘 자꾸 애태우네요
오늘이 가면 다신 못 볼 것 같아
I love you 내 사랑 다 줄게요
이건 아닌데 이건 아닌데
이러면 난 안 되는데
모르겠어요 모르겠어요
자꾸 그대 생각이 날까
한 순간 위험한 불장난에
내 모든 걸 모두 잃는다 해도
오늘이 가면 다신 못 볼 것 같아
I love you 내 사랑 다 줄게요
오늘이 지나기 전에
I love you 내 사랑 다 줄게요"
내일이 찾아와도,883,서울패밀리,"내가 떠나던 그날
눈물대신 웃음을 보였네
차마 울지 못한 마음은
아쉬움 때문이었네
내가 떠나던 그 다음날
웃음대신 눈물을 흘렸네
혼자라는 아픔만이
내곁으로 밀려왔네
내곁을 떠나버린
마지막 순간
보내야했던 마음을
너는 알 수 없을거야
내일이 찾아와도
너는 나를 찾지않겠지만
내일이 찾아와도
나는 너를 기다릴테야

내곁을 떠나버린
마지막 순간
보내야 했던 마음을
너는 알 수 없을거야
내일이 찾아와도
너는 나를 찾지 않겠지만
내일이 찾아와도
나는 너를 기다릴테야
나는 너를 기다릴테야"
공,956,별사랑,"살다 보면 알게 돼 일러주진 않아도
내가 가진 것들이 모두 꿈이였다는 것을
살다 보면 알게 돼 알면 웃음이 나지
우리 모두 얼마나 바보처럼 사는지
잠시 왔다가는 인생
잠시 머물다 갈 세상
백 년도 힘든 것을
천년을 살 것처럼
살다 보면 알게 돼 버린다는 의미를
내가 가진 것들이 모두 부질없단 것을
띠리 띠리띠리리리 띠 띠리띠 띠리
띠리 띠리띠리리리 띠 리띠리 띠디디
잠시 스쳐가는 청춘 훌쩍 가버린 세월
백 년도 힘든 것을 천년을 살 것처럼
살다 보면 알게 돼 비운다는 의미를
내가 가진 것들이 모두 꿈이였다는 것을
띠리 띠리띠리리리 띠 띠리띠 띠리
띠리 띠리띠리리리 띠 리띠리 띠디디
살다 보면 알게 돼 비운다는 의미를
내가 가진 것들이 모두 꿈이였다는 것을
모두 꿈이였다는 것을"
안돼요 안돼,82,김양,"무슨 말을 해야만이
내게로 오시렵니까

아무 말도 하지 않는
이 내 맘 왜 모르시나요

이렇다 할 말도 없이
떠나려만 하신답니까

이 가슴에 새긴 정을
그대 어찌 모르십니까

안 돼요 안 돼 그리는 못 합니다
울면서 애원했건만

스쳐 간 세월이 나를 울리면
이 몸 홀로 어이합니까

이렇다 할 말도 없이
떠나려만 하신답니까

이 가슴에 새긴 정을
그대 어찌 모르십니까

안 돼요 안 돼 그리는 못 합니다
울면서 애원했건만

스쳐 간 세월이 나를 울리면
이 몸 홀로 어이합니까

안 돼요 안 돼

안 돼요 안 돼 그리는 못 합니다
울면서 애원했건만

스쳐 간 세월이 나를 울리면
이 몸 홀로 어이합니까
이 몸 홀로 어이합니까"
돌아와요 부산항에,"2,733",조용필,"꽃피는 동백섬에
봄이 왔건만
형제 떠난 부산항에
갈매기만 슬피 우네
오륙도 돌아가는
연락선 마다
목메어 불러봐도
대답 없는 내 형제여
돌아와요 부산항에
그리운 내 형제여

가고파 목이 메어
부르~던 이~거리는
그리워서 헤매이던
긴긴날의 꿈이었지
언제나 말이 없는~~~
저 물결들도
부딪쳐 슬퍼하며
가는 길을 막았었지
돌아왔다 부산항에
그리운 내 형제여"
사랑의 미로,"19,860",임영웅,"그토록 다짐을 하건만
사랑을 알 수 없어요
사랑으로 눈먼 가슴은
진실 하나에 울지요
그대 작은 가슴에
심어준 사랑이여
상처를 주지 마오 영원히
끝도 시작도 없이
아득한 사랑의 미로여
흐르는 눈물은 없어도
가슴은 젖어버리고
두려움에 떨리는 것은
사랑의 기쁨인가요
그대 작은 가슴에
심어준 사랑이여
상처를 주지 마오 영원히
끝도 시작도 없이
아득한 사랑의 미로여
때로는 쓰라린 이별도
쓸쓸히 맞이하면서
그리움만 태우는것이
사랑의 진실인가요
그대 작은 가슴에
심어준 사랑이여
상처를 주지 마오 영원히
끝도 시작도 없이
아득한 사랑의 미로여"
사랑TWO,"17,184",임영웅,"나의 하루를 가만히 닫아주는 너
은은한 달빛따라
너의 모습 사라지고
홀로 남은 골목길엔
수줍은 내 마음만
나의 아픔을 가만히 안아 주는 너
눈물 흘린 시간 뒤엔
언제나 네가 있어
상처받은 내 영혼에
따뜻한 네 손길만
처음엔 그냥 친군 줄만 알았어
아무 색깔없이 언제나 영원하길
또 다시 사랑이라 부르진 않아
아무 아픔없이 너만은 행복하길
워우워우 예예
널 만나면 말없이 있어도
또 하나의 나처럼 편안했던거야
널 만나면 순수한 네 모습에
철없는 아이처럼 잊었던거야
내겐 너무 소중한 너
내겐 너무 행복한 너
처음엔 그냥 친군줄만 알았어
아무 색깔없이 언제나 영원하길
또 다시 사랑이라 부르진 않아
아무 아픔없이 너만은 행복하길
워우워우 예예
널 만나면 말없이 있어도
또 하나의 나처럼 편안했던거야
널 만나면 순수한 네 모습에
철없는 아이처럼 잊었던거야
내겐 너무 소중한 너
내겐 너무 행복한 너"
풍악,"3,720",김희재,"쿵짜 쿵짜라 자
사랑 사랑의 풍악을 울려라
내 사랑이 들을 수 있게
풍악 소리도 슬피 우는 밤
내 맘도 따라 우네요
쿵짜 쿵짜라 자 짜 풍악을 울려라
내 사랑을 전할 수 있게
쿵짜 쿵짜라 자 짜 풍악 소리가
내 맘을 아프게 해요
살랑 살랑 부는 바람도
내 맘을 알고 있는지
딸랑 딸랑 풍경 소리가
내 맘을 달래 주네요
쿵짜라 자 짜 짜 풍악을 울려라
내 사랑이 들을 수 있게
쿵짜라 자 짜 짜 풍악을 울려라
내 사랑을 전할 수 있게
쿵짜 쿵짜라 자 짜 풍악을 울려라
내 사랑을 전할 수 있게
쿵짜 쿵짜라 자 짜 풍악 소리가
내 맘을 아프게 해요
살랑 살랑 부는 바람도
내 맘을 알고 있는지
딸랑 딸랑 풍경 소리가
내 맘을 달래 주네요
쿵짜라 자 짜 짜 풍악을 울려라
내 사랑이 들을 수 있게
쿵짜라 자 짜 짜 풍악을 울려라
내 사랑을 전할 수 있게
내 사랑을 전할 수 있게
쿵짜 쿵짜라 자"
사람이 꽃보다 아름다워,"20,618",임영웅,"강물같은 노래를 품고 사는
사람은 알게 되지 음 알게 되지
내내 어두웠던 산들이
저녁이 되면 왜 강으로 스미어
꿈을 꾸다 밤이 깊을수록
말없이 서로를 쓰다듬으며
부둥켜 안은채 느긋하게
정들어 가는지를 으음 음
지독한 외로움에 쩔쩔매본
사람은 알게되지 음 알게되지
그 슬픔에 굴하지 않고
비켜서지 않으며
어느결에 반짝이는 꽃눈을 닫고
우렁우렁 잎들을 키우는
사랑이야말로
짙푸른 숲이되고 산이되어
메아리로 남는다는 것을
누가 뭐래도 누가 뭐래도
사람이 꽃보다 아름다워
이 모든 외로움 이겨낸
바로 그사람
누가 뭐래도 누가 뭐래도
그대는 꽃보다 아름다워
노래의 온기를 품고사는
바로 그대 바로 당신
바로 우리 우린 참사랑
지독한 외로움에 쩔쩔매본
사람은 알게 되지 음 알게 되지
그슬픔에 굴하지 않고
비켜서지 않으며
어느결에 반짝이는
꽃눈을 닫고
우렁우렁 잎들을 키우는
사랑이야말로
짙푸른 숲이되고 산이되어
메아리로 남는다는 것을
누가 뭐래도 누가 뭐래도
사람이 꽃보다 아름다워
이 모든 외로움 이겨낸
바로 그 사람
누가 뭐래도 누가 뭐래도
그대는 꽃보다 아름다워
노래의 온기를 품고사는
바로 그대 바로 당신
바로 우리 우린 참사랑
누가 뭐래도 누가 뭐래도
사람이 꽃보다 아름다워
노래의 온기를 품고사는
바로 그대 바로 당신
바로 우리 우린 참사랑"
천방지축,96,구민서,"워째 그라요 아 워째 그라요
시방 날 울려 놓고
떠나갈 바엔 사랑한다고
뭐 땀새 그랬당가요
워째 그라요 아 워째 그라요
내 맴을 울려 놓고
싫어졌다고 미워졌다고
요로콤 해야 쓰겄소
요로콤 해야 쓰겄소

워째 그라요 아 워째 그라요
시방 날 울려 놓고
떠나갈 바엔 사랑한다고
뭐 땀새 그랬당가요
워째 그라요 아 워째 그라요
내 맴을 울려 놓고
싫어졌다고 미워졌다고
요로콤 해야 쓰겄소
통발에 미꾸라지 빠지듯이
요리조리 요리조리 천방지축
아 나가 말이여 당신 때문에
울고 지샌 겁난 세월을
아신당가요 모르신당가요
참말로 야속 하구만요
떠나갈 바엔 사랑한다고
뭐 땀새 그랬당가요

솔발기 거미줄에 줄타 듯
요리조리 요리조리 천방지축
아 나가 말이여 당신 때문에
기다려온 겁난 세월을
아신당가요 모르신당가요
참말로 야속 하구만요
떠나갈바엔 사랑한다고
뭐 땀새 그랬당가요
솔발기 거미줄에 줄타 듯
요리조리 요리조리 천방지축
아 나가 말이여 당신 때문에
기다려온 겁난 세월을
(오매 우째쓰까)
아신당가요 모르신당가요
참말로 야속 하구만요
떠나갈 바엔 사랑한다고
뭐 땀새 그랬당가요
요로콤 해야 쓰겄소
뭐 땀새 그랬당가요"
분내음,77,윤서령,"손목을 잡힌지 달포가 지났다
어찌하여 말이 없느냐
달콤한 술잔에 시 한수도 좋지만
글공부는 집에 가서 하거라
연지를 개어서 입술을 바르고
초승달 같은 눈썹을 그리고
복숭아 빛 두 뺨을 살살 두드려
분내음을 피워 내리라
네가 진짜 사내인지
겉모습만 남자인지
오늘 밤에 확인하리라
연지를 개어서 입술을 바르고
초승달 같은 눈썹을 그리고
복숭아 빛 두 뺨을 살살 두드려
분내음을 피워 내리라
네가 진짜 사내인지
겉모습만 남자인지
오늘 밤에 확인하리라
오늘 밤에 확인하리라"
천년학,68,김양,"님 만나러 가는 길이
가시밭길이라도
당신이면 마다 않고
저세상도 따르겠네

무거워진 발걸음도 새털 같고
칠흑 같은 밤중에도 대낮 같은데

아아아 아아아
그 님은 어디 있나

하루를 천년같이
찾아 헤매이는
애달픈 한 사람의
음음음 천년학 사연

밤을 새워 산까치는
눈물로 지새는데
그 님은 소식 없고
긴 한숨만 쌓여가네

무거워진 발걸음도 새털같고
칠흑 같은 밤중에도 대낮 같은데

아아아 아아아
그 님은 어디 있나

하루를 천년같이
찾아 헤매이는
애달픈 한 사람의
음음음음 천년학 사연
애달픈 한 사람의
음음음음 천년학 사연"
진정인가요,"18,642",임영웅,"미련없다 그 말이 진정인가요
냉정했던 그 마음이 진정인가요
바닷가를 거닐며 수놓았던 그 추억
잊을 수가 있을까요
돌아설 때 눈물짓던 당신이라면
영원토록 영원토록
죽어도 못 잊을 겁니다
잊어달라 그 말이 진정인가요
돌아서던 그 마음이 진정인가요
오솔길을 거닐며 주고받던 그 사랑
잊을 수가 있을까요
돌아설 때 울음 참던 당신이라면
잊으려도 잊으려도
죽어도 못 잊을 겁니다
죽어도 못 잊을 겁니다"
내 하나의 사람은 가고,"18,149",김호중,"너를 보내는 들판에
마른 바람이 슬프고
내가 돌아선 하늘엔
살빛 낮달이 슬퍼라
오래도록 잊었던
눈물이 솟고
등이 휠 것 같은
삶의 무게여
가거라 사람아
세월을 따라
모두가 걸어가 는
쓸쓸한 그 길로
이젠 그 누가 있어
이 외로움 견디며 살까
이젠 그 누가 있어
이 가슴 지키며 살까
아 저 하늘의
구름이나 될까
너 있는 그 먼 땅을
찾아 나설까
사람아 사람아
내 하나의 사람아
이 늦은 참회-를
너는 아는 지
사람아 사람아
내 하나의 사람아
이 늦은 참회-를
너는 아는 지"
불꽃처럼,876,김범룡,"바람 불던날 창밖을 보면
바람 사이로 님 오시네
잊는다면서 저 멀리간님
내가 보고파 오시는가
오 진정 이별후에야
사랑은 다시 피어나나
불러도 불러도 대답이 없던
당신에 목소리 들려오네
이제 이제 다시는 헤어지지마
외로움도 슬픔도 이제는 안녕
거센바람 불어도 꺼지지않는
영원히 타오르는 불꽃되리라
오 진정 이별후에야
사랑은 다시 피어나나
불러도 불러도 대답이없던
당신에 목소리 들려오네
이제 이제 다시는 헤어지지마
외로움도 슬픔도 이제는 안녕
거센바람 불어도 꺼지지않는
영원히 타오르는 불꽃되리라"
낭만연가,504,김용필,"당신은 나만의 사랑
영원한 내 사랑이여

당신은 나만의 등불이여
또 나의 행운이여라

쓸쓸히 걸어온 내게
쉴 곳이 되어준 그대

세월이 흘러가도 잊지 않도록
내맘에 새겨두겠소

아름다운 당신은
내 마음에 빛이 되리라

떨어진 낙엽들마저
봄을 준비한 것임을

나는 이제야 알았네 그대
나를 기다려준것을

쉼없이 걸어온 내게
쉴 곳이 되어준다면

커다란 그늘 아래 기대 누워서
그대를 바라보겠소

아아아아
당신은 꿈꿔왔던 행운이야

아아아아
당신은 내 마음에 빛이 되리라

나나나~~
나나나~~
영원한 나만의 사람 아아아~

나나나~~
나나나~~
그대만을 비추리라
그대만 바라보리라"
고맙소,"2,054",조항조,"이 나이 먹도록
세상을 잘 모르나 보다

진심을 다해도
나에게 상처를 주네

이 나이 먹도록
사람을 잘 모르나 보다

사람은 보여도
마음은 보이지 않아

이 나이 되어서 그래도
당신을 만나서

고맙소 고맙소
늘 사랑하오

술 취한 그날 밤
손등에 눈물을 떨굴 때

내 손을 감싸며
괜찮아 울어준 사람

세상이 등져도
나라서 함께 할 거라고

등 뒤에 번지던 눈물이
참 뜨거웠소

이 나이 되어서
그래도 당신을 만나서

고맙소 고맙소
늘 사랑하오

못난 나를 만나서
긴 세월 고생만 시킨 사람

이런 사람이라서
미안하고 아픈 사람

나 당신을 위해
살아가겠소

남겨진 세월도
함께 갑시다

고맙소 고맙소
늘 사랑하오"
편지 (2023 Ver.),"4,615",이찬원,"말없이 건네주고 달아난 차가운손
가슴속 울려주는 눈물 젖은 편지
하얀 종이 위에 곱게 써내려간
너의 진실 알아내곤 난 그만 울어버렸네
멍 뚫린 내 가슴에 서러움이 물흐르면
떠나버린 너에게 사랑노래 보낸다
말없이 건네주고 달아난 차가운손
가슴속 울려주는 눈물 젖은 편지
하얀 종이 위에 곱게 써내려간
너의 진실 알아내곤 난 그만 울어버렸네
멍 뚫린 내 가슴에 서러움이 물흐르면
떠나버린 너에게 사랑노래 보낸다
떠나버린 너에게 사랑노래 보낸다"
나그네,815,조승구,"거친 바다 한 가운데 홀로 남아서
부표처럼 떠 다니는 나의 신세여
길이 없는 깊은 산속 헤매이다가
갈 곳 없이 미쳐가는 청춘을 본다
알 수 없는 영혼이여 내 영혼이여
사랑했던 순간들은 어제 같은데
물어보고 물어봐도 대답이 없네
눈물 난다 내 청춘이여
거친 바다 한 가운데 홀로 남아서
부표처럼 떠 다니는 나의 신세여
길이 없는 깊은 산속 헤매이다가
갈 곳 없이 미쳐가는 청춘을 본다
내가 보는 눈에 있는 모든 답들은
허공 중에 떠 다니다 사라져가고
마음 둘 곳 찾아가는 나그네 인생
눈물 난다 내 청춘이여"
서울의 밤,664,한혜진,"네온이 춤을 추는
서울의 밤-거리
그 님의 손을 잡고
행복에 젖어
거닐던 거-리
그님은 떠나가고
나혼자 외로운데
어디서 들려오는
사랑의 속삭임이
내 마음 울리네
잊지 못할 서울의 밤
첫사랑 님을 만난곳
잊지 못할 서울의 밤
님 또한 떠나버린 곳
네온도 울다-
네온도 울다
말없이 꺼져버린
서울의 밤-이-여

잊지 못할 서울의 밤
첫사랑 님을 만난곳
잊지 못할 서울의 밤
님 또한 떠나버린 곳
네온도 울다-
네온도 울다
말없이 꺼져버린
서울의 밤-이-여
네온도 울다-
네온도 울다
말없이 꺼져버린
서울의 밤-이-여"
추억속의 여자,779,송민준,"빗소리에 떠오르는
아직도 못 잊을 사람
추억 먹고 오늘도
나만 바라본다 하네
이제 그만 잊어야지 다짐하면서
눈에 밟혀 무너질 때면
떠오르는 사람
아 바보처럼 내일도 못 잊을
추억 속의 그 여자
눈 내리면 떠오르는
아직도 못 잊을 사람
추억 먹고 오늘도
나만 바라본다 하네
이제 그만 잊어야지 다짐하면서
눈에 밟혀 무너질 때면
떠오르는 사람
아 바보처럼 내일도 못 잊을
추억 속의 그 여자
추억 속의 그 여자"
잃어버린 정,"6,226",김희재,"아쉬운 미련도 아쉬운 마음도
남기지 말아요
잃어버린 정이 그리워지면
그때는 어찌하나요
당신의 고운 눈매에
할말을 잊었지만은
냉정히 돌아선 무정한 사람은
눈물을 모르겠지요
말문이 막혀서인지
할말을 잊었지만은
다정한 그날의 뜨거운 추억을
어떻게 잊을 수 있나
미소가 머물다 간 시간도 없이
떠나는 사람이면
아쉬운 미련도 아쉬운 마음도
남기지 말아요
잃어버린 정이 그리워지면
그때는 어찌하나요
미소가 머물다 간 시간도 없이
떠나는 사람이면
아 남기지 말아요
잃어버린 정이 그리워지면
그때는 어찌하나요
잃어버린 정이 그리워지면
그때는 어찌하나요"
흥아리랑,105,김나율,"흥이야 흥 흥 띄어라
흥이로다 흥이로구나
춘하추동 축제로다
덩실덩실 흥 띄어라
어기영차 줄을 당겨라
청이야 백이야 만세
어기영차 풍악 울려라
비켜라 나가라 이겨라
다 함께 얼싸 좋다 (얼싸 좋다)
아리랑고개 쓰리랑 고개
사통팔통 사방팔방 넘어간다
아리랑고개 쓰리랑 고개
동서남북 팔도강산 넘어간다
(이노야 야노야 에헤라)
이노야 야노야 에헤라
(이노야 야노야 에헤라)
이노야 야노야 에헤라
에야디야 어허라 디야 놀아보세
아리랑고개 쓰리랑 고개
사통팔통 사방팔방 넘어간다
아리랑고개 쓰리랑 고개
동서남북 팔도강산 넘어간다
흥이야 흥이야 흥이야 흥"
내 삶의 이유 있음은,"12,268",영탁,"나 이제 노을길 밟으며 음
나 홀로 걷다가 뒤돌아보니
인생길 구비마다 그리움만 고였어라
외롭고 고달픈 인생길이었지만
쓰라린 아픔 속에서도 산새는 울고
추운 겨울 눈밭 속에서도
동백꽃은 피었어라
나 슬픔 속에서도 살아갈 이유 있음은
나 아픔 속에서도 살아갈 이유 있음은 오
내 안에 가득 사랑이
내 안에 가득 노래가 있음이라
어두운 밤 하늘에 별이 뜨듯이
나 사는 외로움 속에서도 들꽃은 피고
새들이 노래하는 푸른 숲도 의미 있으니
나 슬픔 속에서도 행복한 날이 있었고
나 아픔 속에서도 살아갈 이유 있음은 오
내 안에 가득 사랑이
내 안에 가득 노래가 있음이라"
찬찬찬,"1,777",편승엽,"차디찬 그라스에
빨간 립스틱
음악에 묻혀 굳어버린
밤깊은 카페의 여인
가녀린 어깨위로 슬픔이
연기처럼 피어오를 때
사랑을 느끼면서
다가선 나를 향해
웃음을 던지면서
술잔을 부딪히며 찬찬찬
그러나 마음 줄 수 없다는 그 말
사랑을 할 수 없다는 그 말
쓸쓸히 창밖을 보니
주루룩 주루룩 주루룩 주루룩
밤새워 내리는 빗물

노란 스탠드에
빨간 립스틱
그 누굴 찾아 여기 왔나
밤깊은 카페의 여인
가녀린 어깨위로 슬픔이
연기처럼 피어 오를때
사랑을 느끼면서
다가선 나를 향해
웃음을 던지면서
술잔을 부딪히며 찬찬찬
그러나 마음 줄 수 없다는 그 말
사랑을 할 수 없다는 그 말
쓸쓸히 창밖을 보니
주루룩 주루룩 주루룩 주루룩
밤새워 내리는 빗물

밤새워 내리는 빗물"
바람이 전하는 말,"1,122",조용필,"내 영혼이 떠나간 뒤에
행복한 너는 나를 잊어도
어느 순간 홀로인 듯한
쓸쓸함이 찾아 올거야
바람이 불어오면 귀 기울여봐
작은 일에 행복하고 괴로워하며
고독한 순간들을
그렇게들 살다갔느니
착한 당신 외로워도
바람소리라 생각하지마
너의 시선 머무는 곳에
꽃씨 하나 심어 놓으리
그 꽃나무 자라나서
바람에 꽃잎 날리면
쓸쓸한 너의 저녁 아름다울까
그 꽃잎 지고 나면
낙엽의 연기
타버린 그 재속에
숨어있는 불씨의 추억
착한 당신 속상해도
인생이란 따뜻한거야"
사랑이여!,525,유심초,"별처럼 아름다운 사랑이여
꿈처럼 행복했던 사랑이여
머물고 간 바람처럼
기약 없이 멀어져간 내 사랑아
한송이 꽃으로 피어라
지지 않는 사랑의 꽃으로
다시 한번 내 가슴에
돌아오라 사랑이여 내 사랑아
아 사랑은 타버린 불꽃
아 사랑은 한줄기 바람인것을
아 까맣게 잊으려 해도
왜 나는 너를 잊지 못 하나 오 내사랑

아 사랑은 타버린 불꽃
아 사랑은 한줄기 바람인것을
아 까맣게"
인디안 인형처럼,"3,280",Nami (나미),"다시 어둠이 내리면
혼자라는게 나는 싫어
불빛거리를 헤매다
지쳐버리면 잠이드네
그댄 그렇게
내게 남겨둔 인형처럼
쉽게 웃으며 떠나갔지만
나의 마음은 인디안 인형처럼
워워워워워워워워
까만외로움에 타버렸나봐
oh my baby

비가 내리는 날이면
아픈 추억이 너무 많아
지난 일들은 잊으려
비를 맞으며 걸어가네
그댄 그렇게
내게 남겨둔 인형처럼
쉽게 웃으며 떠나 갔지만
나의 마음은 인디안 인형처럼
워워워워워워워워
까만 외로움에 타버렸나봐
oh my baby

혼자 울고있는
이 안타까운 밤이 깊어 가네
그댄 그렇게 내게 남겨둔 인형처럼
쉽게 웃으며 떠나 갔지만
나의 마음은 인디안 인형처럼
워워워워워워워워
까만 외로움에 타버렸나봐
oh my baby"
미운 사랑,591,금잔디,"남몰래 기다리다가
가슴만 태우는사랑
어제는 기다림에
오늘은 외로움 그리움에
적셔진 긴세월
이렇게 살라고 인연을 맺엇나
차라리 저멀리 둘걸
미워젔다고 갈 수 있나요
행여나 찾아 올까봐
가슴이 사랑을 잊지 못해
이별로 끝난다해도
그끈을 놓을순 없어
너와 난 운명인거야
이렇게 살라고 인연을 맺엇나
차라리 저멀리 둘걸
미워졌다고 갈 수 있나요
행여나 찾아 올까봐
가슴이 사랑을 잊지 못해
이별로 끝난다해도
그끈을 놓을순 없어
너와 난 운명인거야"
미운 사내,"2,025",박지현,"순진한 여자의 가슴에다
돌을 던진 사내야
떠나버릴 사람이라면
사랑한다 말은 왜 했나
활짝 핀 꽃처럼 웃던 얼굴이
웬일인지 요즈음 우울해졌네
순진한 내 가슴에
돌을 던진 사내야
미운 사내 미운 사내
얄미운 사내야
활짝 핀 꽃처럼 웃던 얼굴이
웬일인지 요즈음 우울해졌네
순진한 내 가슴에
돌을 던진 사내야
미운 사내 미운 사내
얄미운 사내야
얄미운 사내야"
회룡포,789,강민주,"내것이 아닌것을 멀리 찾아서
휘돌아 가는 거 세월이 얼마이더냐
물설고 낮설은 어느하는 아래
빈배 로 나서 있구나
세월아 그욕심 더 해가는 이세상이 싫어 싫터라
나이제 그곳으로 돌아 가련다 내마음 밭아 주는곳
아 어머님 품속같은 그곳 회룡포로 돌아 가련다

세월아 그욕심 더 해가는 이세상이 싫타 싫터라
나이제 그곳으로 돌아 가련다 내마음 밭아 주는곳
아 어머님 품속같은 그곳 회룡포로 돌아 가련다"
첫차,787,방실이,"새벽안개 헤치며 달려가는
첫차에 몸을 싣고 꿈도 싣고
내마음 모두 싣고 떠나갑니다
당신을 멀리 멀리~
이루지 못할 사랑이라면
내가 먼저 떠나가야지~
꿈같은 세월 짧았던 행복
생각이 나겠지만
아쉬운 정도 아쉬운 미련도
모두 다 잊겠어요~~~~
새벽안개 헤치며 달려가는
첫차에 몸을 싣고 꿈도 싣고
내마음 모두 싣고 떠나갑니다
당신을 멀리 멀리~
어제는 당신을 생각하며
가슴을 적셔오는 지난 추억
어차피 잊어야할 사람인것을
이토록 슬퍼질까~
이루지 못할 사랑이라면
내가 먼저 떠나가야지~
꿈같은 세월 짧았던 행복
생각이 나겠지만
아쉬운 정도 아쉬운 미련도
모두 다 잊겠어요~~~~
새벽안개 헤치며 달려가는
첫차에 몸을싣고 꿈도 싣고
내마음 모두 싣고 떠나갑니다
당신을 멀리 멀리~
당신을 멀리 멀리~"
힘내라 인생,"3,475",박서진,"힘내라 인생 웃어라 인생
내일향해 달려간다
힘내라 인생 비켜라 운명
꿈을 향해 나는간다
한번은 웃고 한번은 울고
돌아보니 멀리도 왔다
잘나도 보고 못나도 보고
사랑해서 울어도 봤다
운명앞에 지지말고
내갈길을 찾아야지
넘지못할 산은없다
마음먹기 달린거야
힘내라 인생 웃어라 인생
내일향해 달려간다
힘내라 인생 비켜라 운명
꿈을 향해 나는간다
한번은 웃고 한번은 울고
돌아보니 멀리도 왔다
잘나도 보고 못나도 보고
사랑해서 울어도 봤다
운명앞에 지지말고
내갈길을 찾아야지
넘지못할 산은없다
마음먹기 달린거야
힘내라 인생 웃어라 인생
내일향해 달려간다
힘내라 인생 비켜라 운명
꿈을 향해 나는간다
힘내라 인생 웃어라 인생
내일향해 달려간다
힘내라 인생 비켜라 운명
꿈을 향해 나는간다"
가까이 하기엔 너무 먼 당신,118,반가희,"아 당신은 당신은 누구시길래
내 맘 깊은 곳에 외로움 심으셨나요

그냥 스쳐 지나갈 바람이라면
모르는 타인들처럼 아무 말 말고 가세요

잊으려 하면 할수록 그리움이 더욱 더하겠지만
가까이하기엔 너무 먼 당신을 난 난 잊을테요

그냥 스쳐 지나갈 바람이라면
모르는 타인들처럼 아무 말 말고 가세요

잊으려 하면 할수록 그리움이 더욱 더하겠지만
가까이하기엔 너무 먼 당신을 난 난 잊을테요

아아~ 아아아아아아~ 아아아~ 아아아아~
아아아아아~ 아아아아~아~ 아아~ 아~ 아아~

잊으려 하면 할수록 그리움이 더욱 더하겠지만
가까이하기엔 너무 먼 당신을 난 난 잊을테요"
이별,"1,393",패티김,"어쩌다 생각이 나겠지
냉정한 사람이지만
그렇게 사랑했던 기억을
잊을수는 없을꺼야

때로는 보고파 지겠지
둥근달을 쳐다보면은
그날밤 그언약을 생각하면서
지난 날을 후회 할꺼야

산을 넘고 멀리 멀리
헤어졌건만
바다 건너 두마음은
떨어졌지만

어쩌다 생각이 나겠지
냉정한 사람이지만
그렇게 사랑했던 기억을
잊을수는 없을꺼야

산을 넘고 멀리 멀리
헤어졌건만,
바다건너 두마음은
떨어졌지만

어짜다 생각이 나겠지
냉정한 사람이지만
그렇게 사랑했던 기억을
잊을수는 없을꺼야

잊을수는 없을꺼야"
여정,"1,381",주현미,"아무리 예쁜꽃도
세월가면 지듯이
나도 언젠가 어디론가
구름따라 흘러 가겠지
머물다 가는 인생길에
아쉬움도 있겠지만
가야할길 나그네길
흘러흘러 가는길
들에핀 예쁜꽃도
언젠가는 지겠지
나도 언젠가 어디론가
구름따라 흘러 가겠지
잠시 왔다가 가는길에
사랑도 있었지만
머나먼길 가고 없어도
강물은 흘러 가겠지
강물은 흘러 가겠지"
토요일 밤에,"2,491",박지현,"오늘 밤만은 오늘만은
그대 나를 떠나가지마라
깊어가는 이 밤
토요일 밤엔
그대 이 순간을 느껴
날 버리고 떠난
홍기와 민호
다정했던 연자와 윤정
오늘 밤만은 모두 잊어요
토요일 밤 토요일 밤에
날 따라해봐 미친척하고
소릴 질러봐
삶이 나
나를 힘들게 하고 열받게 해도
이 시간이 간이 다 가기 전에
내 품에 안겨 안겨봐
날 따라해봐 미친척하고
소릴 질러봐
난나 나 나나
나나나 나나
크게 더 크게
토요일 밤 토요일 밤에
내 품에 안겨 안겨봐"
뜨거운 사랑,783,미스터 팡,"가지마
별빛이 부서지는
바람부는 바닷가에서
그대를 만나 사랑을 배웠고
그 사랑으로 다시 태어났죠
세월의 세월의
장난으로 장난으로
너무 늦게 만난 우리 두 사람
밤새도록 뜨거운 사랑을 나눴고
그 사랑에 세월도 가네요
세월아 가가가지마
세월아 가가가지마
우리 님 얼굴에
주름살 남기지마
시간아 멈멈멈춰라
시간아 멈멈멈춰라
아픈 사랑아
이대로 멈춰다오
짧은 내 생에
마지막 뜨거운 사랑을
바로 당신께 당신께 바치겠소
제발 제발 가지마
당신을 당신을
사랑해요 사랑해요
예쁜 주름살이 날 울려요
가지마
세월아 가가가지마
세월아 가가가지마
우리 님 얼굴에
주름살 남기지마
시간아 멈멈멈춰라
시간아 멈멈멈춰라
아픈 사랑아
이대로 멈춰다오
짧은 내 생에
마지막 뜨거운 사랑을
바로 당신께 당신께 바치겠소
제발 제발 가지마
당신을 당신을
사랑해요 사랑해요
예쁜 주름살이 날 울려요
예쁜 주름살이 날 울려요"
다시 한번만,"15,854",김호중,"너를 보내고 너를 잊으려
아무리 애를 써 봐도
자꾸만 자꾸만 떠오르는
너와 나의 지난 이야기
나쁜 날보다 좋은 날들이
왜 그리도 많고 많은지
눈물이 난다 눈물이 난다
보고싶어 눈물이 난다
너보다 좋은 사람 만날 수 없어
나 혼자 살지도 몰라
가지 말라고 가지 말라고
매달리고 애원할 것을
자꾸만 자존심에 너를 보내고
가슴 치며 후회를 한다
나쁜 날보다 좋은 날들이
왜 그리도 많고 많은지
눈물이 난다 눈물이 난다
보고싶어 눈물이 난다
네가 내게 다시 한번 돌아온다면
너를 위해 죽어도 좋아
나쁜 날보다 좋은 날들이
왜 그리도 많고 많은지
눈물이 난다 눈물이 난다
보고싶어 눈물이 난다
네가 내게 다시 한번 돌아온다면
너를 위해
너를 위해
너를 위해 죽어도 좋아"
항구의남자,"19,089",임영웅,"항구의 남자는
항구의 남자는
갈매기도 사랑한다네
들어라 한잔 술
청춘을 담고
두잔 술에 의리를 담아
묻지를 마라 남자의 사연을
묻지를 마라 첫 사랑일랑
항구의 남자는
항구의 남자는
바다가 사랑이란다
항구의 남자는
항구의 남자는
바다가 고향이란다
항구의 남자는
항구의 남자는
등대불도 사랑한다네
들어라 한잔 술
파도를 담고
두잔 술에 하늘을 담아
묻지를 마라 남자의 사연을
묻지를 마라 첫사랑일랑
항구의 남자는
항구의 남자는
바다가 사랑이란다
항구의 남자는
항구의 남자는
성격도 화끈하다네"
단 한사람,"20,576",임영웅,"난 영원이고 싶은 한 사람
그런 사람이 있어
날 아껴주었으면
나만 바라봤으면 하는
날 외롭게 하는
가까이 있어도 보고 싶은
그 외로움만큼
더 그립게 하는 사람
난 너를 사랑해 이렇게 사랑해
천천히 라도 좋으니 내게 맘을 열어
난 여기 있을게
그저 널 바라보면서
언젠가는 내 맘을 받아줘
오직 너의 단 한사람이 되고 싶어
난 추억이 되기 싫은 한 사람
그런 사람이 있어
늘 곁에 있고 싶은
십년이 지나도
날 아프게 하는
끝없이 불안하게 만드는
그 아픔만큼
나를 또 행복하게 하는 사람
난 너를 사랑해 이렇게 사랑해
천천히 라도 좋으니 내게 맘을 열어
난 여기 있을게
그저 널 바라보면서
언젠가는 내 맘을 받아줘
오직 너의 단 한사람이 되고 싶어"
그대 내 친구여,"2,556",손태진,"어둠 속에서 혼자 울고 있을 때
나의 손을 꼭 잡아 준 사람
비바람 불어도 늘 곁에 있어 준 사람
그건 바로 당신이었소
내 삶이 때론 노래가 되고
때론 서글픈 사랑이 돼요
황금빛 노을 붉은 파도 위를 달리는
바람이 되고 싶소
내 친구여 내 사랑아
나 죽어도 그대 잊지 않으리
평생을 사랑해도
아직도 그리운 사람
그대는 내 친구여
내 삶이 때론 노래가 되고
때론 서글픈 사랑이 돼요
황금빛 노을 붉은 파도 위를 달리는
바람이 되고 싶소
내 친구여 내 사랑아
나 죽어도 그대 잊지 않으리
평생을 사랑해도 아직도
그리운 사람 그대는 내 친구여
내 친구여 내 사랑아
나 죽어도 그대 잊지 않으리
평생을 사랑해도
아직도 그리운 사람
그대 내 친구여
그대~ 내 친구여"
밤에 떠난 여인,"1,166",하남석,"하얀 손을 흔들며 입가에는
예쁜 미소 짓지만
커다란 검은 눈에
가득 고인 눈물 보았네
차창가에 힘없이
기대어 나의 손을 잡으며
안녕이란 말한마디
다 못하고 돌아서 우네
언제 다시 만날 수 있나
기약도 할 수 없는 이별
그녀의 마지막 남긴 말
내 맘에 내 몸에 봄 오면
그녀 실은 막차는
멀리멀리 사라져 가버리고
찬바람만 소리내어
내 머리를 흩날리는데
네가 멀리 떠난후
나는 처음 외로움을 알았네
눈물을 감추려고
먼하늘만 바라보았네
언제 다시 만날 수 있나
기약도 할 수 없는 이별
그녀의 마지막 남긴 말
내 맘에 내 몸에 봄 오면
예전에는 너와나
다정스런 친구로만 알았네
네가 멀리 떠난 후
사랑인줄 나는 알았네
네가 돌아오는 날
나는 너를 맞으며 말하리라
나는 너를 영원히
사랑한다 말을 할테야
언제 다시 만날 수 있나
기약도 할 수 없는 이별
그녀의 마지막 남긴 말
내 맘에 내 몸에 봄 오면"
울엄마,106,한봄,"울 엄마 날 낳아 걱정 태산이 되고
주름 깊은데
세상사 나 잘났다 허풍소리에
눈가에 이슬 맺히시네
어리 버리 가진 것 없어 떠버리
말로만 한숨 드렸네
어리 버리 수많은 날을 응어리
가슴에 한만 드렸네
무병장수 부디 하옵소서
어리 버리 가진 것 없어 떠버리
말로만 한숨 드렸네
어리 버리 수많은 날을 응어리
가슴에 한만 드렸네
무병장수 부디 하옵소서
어리 버리 수많은 날을 응어리
가슴에 한만 드렸네
세월 비켜 부디 가옵소서"
효심가,72,윤서령,"세월아 가지 마라
울 엄니 늙으신다
가려거든 너나 가지
나이는 왜 두고 가나
울 아버지 울 엄니
천 년 만 년 모시고
아하 살고 싶은데
오래오래 살고 싶은데
세월아 너는 어찌
못 들은 척하느냐
야속한 세월아

울 아버지 울 엄니
천 년 만 년 모시고
아하 살고 싶은데
오래오래 살고 싶은데
세월아 너는 어찌
못 들은 척하느냐
야속한 세월아
울 아버지 울 엄니
천 년 만 년 모시고
아하 살고 싶은데
오래오래 살고 싶은데
세월아 너는 어찌
못 들은 척하느냐
야속한 세월아
세월아 가지 마라"
물레방아 도는데,149,나훈아,"돌담길 돌아서며
또 한번 보고
징검다리 건너갈 때
뒤돌아 보며
서울로 떠나간 사람
천리타향 멀리 가더니
새봄이 오기 전에 잊어버렸나
고향의 물레방아
오늘도 돌아가는데

두 손을 마주잡고 아쉬워하며
골목길을 돌아설 때
손을 흔들며
서울로 떠나간 사람
천리타향 멀리 가더니
가을이 다가도록 소식도 없네
고향의 물레방아
오늘도 돌아가는데"
내장산,360,주미,"동녘바람 불어오면
곱게 물든 내장산아
저녁 노을 붉게 타면
고운 애기단풍은
어이해 떨어지나
망부석의 사연인가
서리서리 눈물인가
내장산 쇠 북 소리
밤새도 동지를 찾아
날개를 접는다
가을빛 물들면 애기단풍 지면은
찾아올까나 어느 고운임
나를 찾아 올까나 내장산으로
나를 찾아 올까나 내장산으로"
인생시계,304,김용임,"일장춘몽 한때더라
도란도란 살아보자
밉다가도 고운 것이
사랑 사랑 아니더냐
오늘이 간다고 서러워 마라
또 내일이 오는 것을
해맨 세월 탓하지 마라

인생 시계 돌고 돈다
세월 위로 구름이 간다
홍야 홍야 살아보자

미련도 후회도
지나 보니 한때더라
알다가도 모를 것이
사람들의 마음이냐
오늘이 간다고 서러워 마라

또 내일이 오는 것을
차곡차곡 쌓인 세월
인생 시계 돌고 돈다
힘겨워도 모두 버리고
웃자 웃자 웃어보자

일장춘몽 한때더라
도란도란 살아보자
밉다가도 고운 것이
사랑 사랑 아니더냐
오늘이 간다고 서러워 마라

또 내일이 오는 것을
해맨 세월 탓하지 마라
인생 시계 돌고 돈다
정든님과 마주하면서
홍야 홍야 살아보자
홍야 홍야 살아보자"
미워도 다시 한 번,"2,974",손태진,"이생명 다바쳐서
죽도록 사랑했고
순정을 다 바쳐서
믿고 또 믿었건만
영원히 그 사람을
사랑해선 안 될 사람
말없이 가는 길에
미워도 다시 한번
아 아 안녕
지난날 아픈 가슴
오늘의 슬픔이여
여자의 숙명인가
운명의 장난인가
나만이 가야 하는
그 사랑의 길이기에
울면서 돌아설 때
미워도 다시 한번
아 아 안녕"
인생 소풍,604,나훈아,"이 보게 어디까지 가는가
나는야 나도 잘 모른다네
종점이 어디라고 하던데
가는 대로 가보는 거지
세상에 내 뜻대로 되는 게 있었던 가
어쩌다가 나선 길인데
바람 불어도 비가 내려도
가는 데까지 가보는 거야
인생 소풍 다 그런 거 아닌가
이 보게 얼마만큼 왔는가
나는야 너무 돌아왔다네
어디서 왔다고들 하는데
그게 뭐가 중요하겠나
세상에 내 뜻대로 되는 게 있었던 가
어쩌다가 나선 길인데
바람 불어도 비가 내려도
가는 데까지 가보는 거야
인생 소풍 다 그런 거 아닌가
바람 불어도 비가 내려도
가는 데까지 가보는 거야
인생 소풍 다 그런 거 아닌가"
신 사랑고개,"25,228",임영웅,"미아리 눈물고개
님이 넘던 이별고개
아주 오래전에 미아리고개
울며불며 매달리던 눈물고개
오늘날에 현재 미아리고개
갈 테면 가라지 냅두는 고개
내가 뭐 잡을 줄 아니
천만의 만만의 콩떡
남자답게 씩씩하게 보내는 거야
미아리 눈물고개 니가 떠난 이별고개
니가 없어도 여자는 많아
갈테면 어서 가라지
행여 나에게 돌아올 생각
꿈에도 하지 말아줘
아주 오래전에 미아리고개
울며불며 헤어지던 눈물고개
오늘날에 현재 미아리고개
갈테면 가라지 냅두는 고개
내가 뭐 잡을줄 아니
천만의 만만의 콩떡
남자답게 씩씩하게 보내는 거야
미아리 눈물고개 니가 떠난 이별고개
니가 없어도 여자는 많아
갈테면 어서 가라지
행여 나에게 돌아올 생각
꿈에도 하지 말아줘
행여 나에게 돌아올 생각
꿈에도 하지 말아줘
닐리리 닐리리 닐니리"
천년바위,471,황민호,"동녘 저편에 먼동이 트면
철새처럼 떠나리라
세상 어딘가 마음 줄 곳을
집시 되어 찾으리라
생은 무엇인가요
삶은 무엇인가요
부질없는 욕심으로
살아야만 하나
이제는 아무 것도 그리워 말자
생각을 하지 말자
세월이 묻어둔 길목에 서서
천년바위 되리라
천년바위 되리라
천년바위 되리라"
소나기,466,송민준,"하늘에 구름이 흘러가듯이
내 맘을 홀리는 사람
못 본 척 돌아서며
찬비만 뿌릴 때면
가슴이 가슴이 저려온다
강물 같은 세월에
그림 같은 집 짓고
알콩달콩 살고 싶은데
아 사랑아 내 사랑
냉정하기만 한 사랑
이럴 거면 눈길은 왜 줘
아 사랑아 내 사랑
눈물없는 내 사랑
소나기만 뿌려주고 가네요

살짝 웃는 모습에
내 가슴은 타올라
터질 듯이 폭발하는데
아 사랑아 내 사랑
냉정하기만 한 사랑
이럴 거면 눈길은 왜 줘
아 사랑아 내 사랑
눈물없는 내 사랑
소나기만 뿌려주고 가네요
소나기만 뿌려주고 가네요
소나기만 뿌려주고 가네요"
대찬인생,"1,815",박지현,"박차고 태어나서
겁날게 뭐가 있냐
깨지고 박살 나도
제대로 한판 붙어봐
딱 한 번 인생인데
기죽고 살지 마라
가슴을 활짝 펴고
멋있게 사는 거야
세상만사 그런 거지
가끔은 꼬일 때도 있지
소주 한 잔 걸치고
이렇게 소리쳐봐
한번 죽지 두 번 죽냐
덤빌 테면 모두 덤벼봐
깡으로 치자면
둘째가라면 섭섭해
한번 뽑은 칼이라면
찔러야지 호박이라도
까짓것 어떠냐
목숨 한번 걸어봐
살다 보면 실수로
호박 같은 인생 되어도
전혀 포기 해선 안되지
악착같이 살아내야지
내가 살아가는 인생은
삼세판이 아니라는 걸
그래 하나뿐인 내 인생을
대차게 살아보는 거야
대차게 살기 위해
이 땅에 태어났다
실패를 하더라도
뼈빠지게 한번 살아봐
뛰는 놈 머리 위로
나는 놈 있다지만
그런 건 상관없어
오십 보 백 보니까
청춘이야 갔다지만
불같은 열정 없다지만
그렇다고 내 인생
파김치 된 건 아냐
한번 죽지 두 번 죽냐
덤빌 테면 모두 덤벼봐
깡으로 치자면
둘째가라면 섭섭해
한번 뽑은 칼이라면
찔러야지 호박이라도
까짓것 어떠냐
목숨 한번 걸어봐
까짓것 어떠냐
목숨 한번 걸어봐"
오동잎,"1,084",최헌,"오동잎 한잎 두잎 떨어지는 가을밤에
그 어디서 들려오나 귀뚜라미 우는 소리
고요하게 흐르는 밤의 적막을 어이해서 너만은
싫다고 울어대나 그 마음 서러우면 가을바람
따라서 너의 마음 멀리멀리 띄워 보내 주려무나

고요하게 흐르는 밤의 적막을 어이해서 너만은
싫다고 울어대나 그 마음 서러우면 가을바람
따라서 너의 마음 멀리멀리 띄워 보내 주려무나
띄워 보내 주려무나"
으라차차 내 인생,"2,314",송실장,"(내 인생 으라차차)
(내 인생 으라차차 내 인생)

흘러가는 인생이란 덧없는 것을
살다 보면 인생이란 부질없는 걸
(인생은 부질 없는 걸)

무얼 위해 그렇게도 열심이었나
이래 저래 살다 보니 지금 나 있네
(지금 나 있네)

지금까지 앞만 보고 달려왔건만 (달려왔다)
채워가며 살아봐도 빈 술잔인데

지금까지 달려왔던 지나온 세월
돌아보면 잘 살아온 인생 아닌가 (내 인생)

남은 나의 길을 따라 걸어가야지
남은 나의 꿈을 찾아 살아가야지 (으라차차)

(내 인생 으라차차 내 인생)

부딪히는 인생이란 두려운 것을
살다보면 인생이란 한번 뿐인걸
(인생은 한번 뿐인걸)

무얼 위해 그렇게도 열심이었나
배워가며 살다 보니 지금 나 인데
(지금 나 인데)

지금까지 앞만 보고 달려왔건만 (달려왔다)
채워가며 살아봐도 빈 술잔인데

지금까지 달려왔던 지나온 세월
돌아보면 잘 살아온 인생 아닌가 (내 인생)

남은 나의 길을 따라 걸어가야지
남은 나의 꿈을 찾아 살아가야지 (으라차차)

지난 세월 돌아보며 걸어가야지
꿈도 많고 후회 많던 인생 아닌가

남은 나의 인생 찾아 웃어나보게 (으라차차)"
얼쑤,389,최수호,"(얼쑤 얼쑤얼쑤)

울고불고했던 지난날은 잊고
지지고 볶고 했던 그 여자는 잊고
다른 사람
만나요 요요 요요 요요요요요
어떤 옷을 입고 갈까 고민고민
큰 거울 앞에 이런저런 포즈포즈
지금 만나러 가요
요요 요요 요요요요요
굽이굽이 이 높은 구두 신고 사뿐히
걸어가면
저기 당신 보여요
달아 달아 밝은 달아 나 좀 예쁘게
잘 좀 비춰라
이 사람 내게
혹 가버리게
해야 해야 밝은 해야 나 좀 예쁘게
잘 좀 비춰라
이 사람 내게
훅 가버리게

(얼쑤 얼쑤얼쑤)
울고불고했던 지난날은 잊고
지지고 볶고 했던 그 여자는 잊고
다른 사람
만나요 요요 요요 요요요요요
어떤 옷을 입고 갈까 고민고민
큰 거울 앞에 이런저런 포즈포즈
지금 만나러 가요
요요 요요 요요요요요
굽이굽이 이 높은 구두 신고 사뿐히
걸어가면
저기 당신 보여요
달아 달아 밝은 달아 나 좀 예쁘게
잘 좀 비춰라
이 사람 내게
훅 가버리게
해야 해야 맑은 해야 나 좀 예쁘게
잘 좀 비춰라
이 사람 내게
혹 가버리게
달아 달아 밝은 달아 나 좀 예쁘게
잘 좀 비춰라
이 사람 내게
혹 가버리게
해야 해야 맑은 해야 나 좀 예쁘게
잘 좀 비춰라
이 사람 내게
훅 가버리게
(얼쑤 얼쑤얼쑤)"
서울의 달,82,송자영,"서울 살이 타향살이 고달픈 날에
울 엄마가 생각이 난다
조물조물 무쳐주신 나물 반찬에
된장찌개 먹고 싶구나
겁도 없이 떠나온 머나먼 길에
보고 싶은 내 고향 눈에 밟힌다
언젠가 서울에 가서 성공을 해서
돌아온다 약속했는데
세상에 울고 웃다가 바쁘다 보니
꿈에서나 갈 수 있구나
서울의 달 바라보면서

서울 살이 타향살이 외로운 날에
울 엄마가 보고 싶구나
차 창가에 부딪치는 달빛을 보며
엄마 소원 빌어도 본다
겁도 없이 떠나온 머나먼 길에
남쪽 바다 내 고향 눈에 밟힌다
언젠가 서울에 가서 성공을 해서
돌아온다 약속했는데
세상에 울고 웃다가 바쁘다 보니
꿈에서나 갈 수 있구나
언젠가 서울에 가서 성공을 해서
돌아온다 약속했는데
손 편지 한 장 갖고는 너무 모자란
내 인생의 일기를 쓴다
서울의 달 바라보면서

바라보면서"
나쁜놈,221,박혜신,"당신은 진짜로 나쁜놈이야
당신은 진짜로 나쁜놈이야
당신은 나쁜놈이야
당신 땜에 웃고
또 당신 땜에 울고
당신 땜에 미쳐버릴 것 같아요
이제는 더 이상
바보처럼 살지 않을래
여자 여자의 맘을 울리지마요
아무리 생각을 해도
넌 나쁜놈이야
입 열면 거짓말
당신은 나쁜놈
당신 땜에 많이 울었어
당신 땜에 많이 아팠어
연약한 여자의 가슴을
멍들게 한 사람
나쁜놈 당신 땜에 울지 않을래
당신은 진짜로 나쁜놈이야
당신은 진짜로 나쁜놈이야
당신은 나쁜놈이야
당신 땜에 웃고
또 당신 땜에 울고
당신 땜에 미쳐버릴 것 같아요
이제는 더 이상
바보처럼 살지 않을래
여자 여자의 맘을 울리지마요
아무리 생각을 해도
넌 나쁜놈이야
입 열면 거짓말
당신은 나쁜놈
당신 땜에 많이 울었어
당신 땜에 많이 아팠어
연약한 여자의 가슴을
멍들게 한 사람
나쁜놈 당신 땜에 울지 않을래
나쁜놈 당신 땜에 울지 않을래"
제3한강교,"1,223",혜은이,"강물은 흘러갑니다
제3한강교 밑을
당신과 나의 꿈을
싣고서 마음을 싣고서
젊음은 피어나는
꽃처럼 이밤을 맴돌다가
새처럼 바람처럼
물처럼 흘러만 갑니다
어제 다시 만나서 다짐을 하고
우리들은 맹세를 하였습니다
이밤이 새이며는 첫차를 타고
행복어린 거리로 떠나갈거예요
오오 뚜룻뚜룻뚜 하
강물은 흘러갑니다
제3한강교 밑을
바다로 쉬지않고
바다로 흘러만 갑니다

어제 다시 만나서 다짐을 하고
우리들은 맹세를 하였습니다
이밤이 새이며는 첫차를 타고
행복어린 거리로 떠나갈거예요
오오 뚜룻뚜룻뚜 하
강물은 흘러갑니다
제3한강교 밑을
바다로 쉬지않고
바다로 흘러만 갑니다
흘러만 갑니다
흘러만 갑니다"
초혼II(송인),"2,447",장윤정,"바람에 날리는 저 꽃잎 보며
동그라미 그려 보다가
오늘 밤 꿈 속에 나를 찾을까
시린 가슴만 애태우죠
바람아 바람아 닿을 수 없는
그 길 따라가다
고달픈 걸음에 눈물 고이면
몰래 나 대신 훔쳐 다오
옷깃에 가려진 저 달빛처럼
기약 없이 기다리다가
밤 새워 흐르는 눈물조차
행여 짐 될까 감추었죠
바람아 바람아 닿을 수 없는
그 길 따라가다
고달픈 걸음에 눈물 고이면
몰래 나 대신 훔쳐 다오
이 마음 전해 다오"
사랑해 누나,"2,115",대학부,"사랑해 누나 한 번만 안아줘요
아차차차
실수했네 깜빡했었네
와따따따 따따
누난 내게 한마디 하겠지
아리까리 모르는 게 여자라지
예쁘면 다 그래
변덕스런 누나의 마음 모르겠어
백번을 잘해주고 한번을 못 해줬다고
진짜 진짜 굿바이더냐
누나 누나 사랑해
누나 한 번만 안아줘요
누나를 떠나라는 말 빼곤 다 해줄게요
나만 믿어요 약속할게요
누나의 영원한 기사 될게요
사랑해 누나 한 번만 안아줘요
아차차차
실수했네 깜빡했었네
와따따따 따따
누난 내게 한마디 하겠지
아리까리 모르는 게 여자라지
예쁘면 다 그래
변덕스런 누나의 마음 모르겠어
백번을 잘해주고
한번을 못 해줬다고
진짜 진짜 굿바이더냐
누나 누나 사랑해 누나
한 번만 안아줘요
누나를 떠나라는 말 빼곤 다 해줄게요
나만 믿어요 약속할게요
누나의 영원한 기사 될게요
사랑해 누나
한 번만 안아줘요
누나 누나 사랑해 누나
한 번만 안아줘요
한 번만 안아줘요~
누나를 떠나라는 말 빼곤 다 해줄게요
나만 믿어요
잘 해줄게요
누나의 영원한 기사 될게요
사랑해 누나 한 번만 안아줘요
사랑해 누나 한 번만 안아줘요
누나 누나"
도찐개찐,100,고아인,"사랑하다 헤어지고
좋아하다 미워하고
돌고도는 세상살이가
돌고도는 인생살이가
왜 이리 힘이 들더냐
너나 나나 거기서 거기인데
너나 나나 도찐개찐인데
겉치레가 무엇이 중요하더냐
나 잘났다 떠들지 마라
사랑하고 나눠주면
그 마음이 복이 될 것을
떠나갈 때 빈손으로
가는 인생 미련 두지 마라

사랑하고 나눠주면
그 마음이 복이 될 것을
떠나갈 때 빈손으로
가는 인생 미련 두지 마라
가는 인생 미련 두지 마라"
미운 사내,"1,846",아이돌부 (느낌좋지윤),"순진한 여자의 가슴에다
돌을 던진 사내야
떠나버릴 사람이라면
사랑한다 말은 왜 했나
활짝 핀 꽃처럼 웃던 얼굴이
왠일인지 요즈음 우울해졌네
순진한 내 가슴에
돌을 던진 사내야
미운 사내 미운 사내
얄미운 사내야
순진한 여자의 가슴에다
돌을 던진 사내야
떠나버릴 사람이라면
사랑한다 말은 왜 했나
활짝 핀 꽃처럼 웃던 얼굴이
왠일인지 요즈음 우울해졌네
순진한 내 가슴에
순진한 내 가슴에
돌을 던진 사내야
미운 사내 미운 사내
얄미운 사내야
미운 사내 미운 사내
얄미운 사내야
얄미운 사내야"
분위기 좋고,"1,775",송대관,"분위기 좋고좋고 느낌이 와요와요
준비는 됐어됐어 오메 좋은거
분위기 좋고좋고 폼도 좋구나 좋아
준비는 됐어됐어 나는 행복해

봐요봐요 봐요봐요 아싸 이쁜
내사랑 보고싶어 갑니다 가요
내가 가요 당신만의 사랑이 되어
길은 멀어도 마음은 하나요
뜨거운 내마음 받아만 준다면

분위기 좋고좋고 느낌이 와요와요
준비는 됐어됐어 오메 좋은거
분위기 좋고좋고 폼도 좋구나 좋아
준비는 됐어됐어 나는 행복해

내 인생에도 봄이 온다 내 사랑에도 꽃이 핀다

분위기 좋고좋고 느낌이 와요와요
준비는 됐어됐어 오메 좋은거
분위기 좋고좋고 폼도 좋구나 좋아
준비는 됐어됐어 나는 행복해

봐요봐요 봐요봐요 아싸 이쁜
내사랑 보고싶어 갑니다 가요
내가 가요 당신만의 사랑이 되어
길은 멀어도 마음은 하나요
뜨거운 내마음 받아만 준다면

분위기 좋고좋고 느낌이 와요와요
준비는 됐어됐어 오메 좋은거
분위기 좋고좋고 폼도 좋구나 좋아
준비는 됐어됐어 나는 행복해

사랑이 온다와요 옵니다 옵니다와요
느낌이 와요와요 오메 좋은거
그님이 온다와요 좋구나 좋구나좋아
준비는 됐어됐어 나는 행복해"
안개,"2,896",정훈희,"나 홀로 걸어가는
안개만이 자욱한 이 거리
그 언젠가 다정했던
그대의 그림자 하나
생각하면 무엇 하나
지나간 추억
그래도 애타게 그리는 마음
아아아아 아아 아아아
아아아아 아아 아아아
그 사람은 어디에 갔을까
안개속에 외로이
하염없이 나는 간다

돌아서면 가로막는
낮은 목소리
바람이여 안개를 걸어가다오
아아아아 아아 아아아
아아아아 아아 아아아
그 사람은 어디에 갔을까
안개속에 눈을 떠라
눈물을 감추어라"
내 마음 별과 같이,"21,511",임영웅,"산 노을에 두둥실
홀로 가는 저 구름아
너는 알리라 내 마음을
부평초 같은 마음을
한 송이 구름꽃을
피우기 위해
떠도는 유랑별처럼
내 마음 별과 같이
저 하늘 별이 되어
영원히 빛나리
강바람에 두둥실
길을 잃은 저 구름아
너는 알리라 내 갈 길을
나그네 떠나 갈 길을
찬란한 젊은 꿈을
피우기 위해
떠도는 몸이라지만
내 마음 별과 같이
저 하늘 별이 되어
영원히 빛나리"
밤열차,351,박민수,"밤 열차는 미련 없이 떠나갑니다
뜨거운 눈물
흘려야 하는 사랑
빈 가슴 부여잡고
차창에 기대어
밤이슬 내리는 창밖을 보며
아쉬움에 자꾸만
뒤돌아보는데
기적소리 울음소리
나를 나를 나를 울리네
이제 가면 못 볼 사랑
보고플 사랑
다시 오면 안 됩니까
말을 해 줘요
밤 열차는 미련 없이
떠나가는데
밤 열차는 미련 없이 떠나갑니다
기적소리 울음소리
나를 나를 나를 울리네
이제 가면 못 볼 사랑
보고플 사랑
다시 오면 안 됩니까
말을 해 줘요
밤 열차는 미련 없이 떠나가는데
이제 가면 못 볼 사랑
보고플 사랑
다시 오면 안 됩니까 말을 해 줘요
밤 열차는 미련 없이 떠나가는데
밤 열차는 미련 없이 떠나가는데"
찔레꽃,"1,148",이미자,"찔레꽃 붉게 피는 남쪽 나라 내 고향
언덕 위에 초가 삼간 그립습니다
자주 고름 입에 물고 눈물 젖어
이별가를 불러주던 못 잊을 사람아

달 뜨는 저녁이면 노래하던 그 장소
천리객창 북두성이 서럽습니다
작년봄에 모여앉아 찍은 사진
하염없이 바라보니 즐거운 시절아"
이제 나만 믿어요 (Piano by 조영수),"37,192",임영웅,"무얼 믿은 걸까 부족했던 내게서
나조차 못 믿던 내게 여태 머문 사람
무얼 봤던 걸까 가진 것도 없던 내게
무작정 내 손을 잡아 날 이끈 사람
최고였어
그대 눈 속에 비친 내 모습
이제는 내게서 그댈 비춰줄게
궂은 비가 오면
세상 가장 큰 그대 우산이 될게
그댄 편히 걸어가요
걷다가 지치면
내가 그대를 안고 어디든 갈게
이제 나만 믿어요
나만 두고 가던
나만 스쳐 간 행운이 모여
그대가 되어서 내게 와준 거야
궂은 비가 오면
세상 가장 큰 그대 우산이 될게
그댄 편히 걸어가요
걷다가 지치면
내가 그대를 안고 어디든 갈게
이제 나만 믿어요
나의 마지막 주인공이 되어
다신 누구 앞에서도
그대는 고개 숙이지 마요
내가 보지 못했던 홀로 고단했던 시간
고맙고 미안해요 사랑해요
이 세상은
우리를 두고 오랜 장난을 했고
우린 속지 않은 거야
이제 울지 마요
좋을 땐 밤새도록 맘껏 웃어요
전부 그대 꺼니까
그대는 걱정 말아요
이제 나만 믿어요"
손님온다,"2,514",중고등부 (성민지화자좋다),"손님 온다 어서옵쇼
손님 온다 손님 오신다
반가운 손님이 줄지어 오신다
일월에 오는 손님은
일찌감치 와서 예쁜 손님
이월에 오는 손님은
이판사판 우리 집만 오는 손님
삼월에 오는 손님은
삼척동자도 아는 손님
사월에 오는 손님은
사랑 주고받고 싶은 손님
손님 온다 어서옵쇼
손님 온다 손님 오신다
반가운 손님이 줄지어 오신다
오월에 오는 손님은
오다가다 정든 단골손님
유월에 오는 손님은
유난히도 잘해주고 싶은 손님
칠월에 오는 손님은
칠월더위를 식혀주고
팔월에 오는 손님은
팔팔 끓는 속도 달래주네
손님 온다 어서옵쇼
손님 온다 손님 오신다
반가운 손님이 줄지어 오신다
구월에 오는 손님은
구경만하고 가도 좋은 손님
시월에 오는 손님은
시원시원 손이 커서 큰손님
십일월에 오는 손님은
십시일반 동네손님
십이월에 오는 손님은
시비 않고 매너 좋은 멋쟁이 손님
손님 온다 어서옵쇼
손님 온다 손님 오신다
반가운 손님이 줄지어 오신다
이 고장 저 고장 물 건너
이웃나라 먼 나라에서
사계절 열두 달 끊임이 없이
손님이 몰려온다
손님이 몰려온다"
여여 (如如),"1,214",금잔디,"돌아보면 아쉬운 듯 살아가야지
살면은 그 얼마나 우리 산다고
일일희비 아등바둥 그 세월속에
오늘도 우리 인생 분주로구나
가진 사람 못가진 사람
애당초 뭣하나 달랐더냐
있으면 있는대로 없으면
없는대로 살아가야지
좋으면 좋은 대로 싫으면 싫은 대로
우리 인생 여여지
오늘은 오늘이라 좋은 날이고
내일은 내일이라 좋은 날일세
마음속에 무거운 짐 던져 버리고
오늘도 웃음으로 살아나 보세
가진 사람 못가진 사람
애당초 뭣하나 달랐더냐
있으면 있는대로 없으면
없는대로 살아가야지
좋으면 좋은 대로 싫으면
싫은 대로 우리 인생 여여지
좋으면 좋은 대로 싫으면
싫은 대로 우리 인생 여여지"
유행가,"2,247",송대관,"유행가 유행가 신나는 노래
나도 한번 불러본다
쿵쿵따리 쿵쿵따 짜리자짜
유행가 노래 가사는
우리가 사는 세상 이야기
오늘 하루 힘들어도
내일이 있으니 행복하구나
유행가 유행가 신나는 노래
나도 한번 불러본다
유행가 유행가 서글픈 노래
가슴치며 불러본다
유행가 노래 가사는
사랑과 이별 눈물이구나
그 시절 그 노래
가슴에 와 닿는 당신의 노래

유행가 유행가 신나는 노래
나도 한번 불러본다
쿵쿵따리 쿵쿵따 짜리자짜
유행가 노래 가사는
우리가 사는 세상 이야기
오늘 하루 힘들어도
내일이 있으니 행복하구나
쿵쿵따리 쿵쿵따 신나는 노래
우리 한번 불러보자
쿵쿵따리 쿵쿵따 서글픈 노래
가슴치며 불러보자
유행가 노래 가사는
사랑과 이별 눈물이구나
음정 박자 따로지만
넘치는 감정으로 부르는 노래
쿵쿵따리 쿵쿵따 신나는 노래
우리 한번 불러보자
쿵쿵따리 쿵쿵따 서글픈 노래
가슴치며 불러보자
유행가 노래 가사는
사랑과 이별 눈물이구나
음정 박자 따로지만
넘치는 감정으로 부르는 노래
넘치는 감정으로 부르는 노래
짠짠"
영원한 친구,831,Nami (나미),"파란하늘 맴도는 비둘기 날개처럼
우리들의 마음은 하늘을 날아가요
서로 다같이 웃으면서
밝은 내일의 꿈을 키우며 살아요
오 영원한 친구 오 행복한 마음
오 즐거운 인생 예
오 영원한 친구 오 행복한 마음
오 즐거운 인생 예
넓고넓은 밤하늘 수많은 별들처럼
우리모두 다정한 친구가 되었어요
서로 다같이 손을 잡고
즐거운 노래 행복의 노래 불러요
오 영원한 친구 오 행복한 마음
오 즐거운 인생 예
오 영원한 친구 오 행복한 마음
오 즐거운 인생 예
오 영원한 친구 오 행복한 마음
오 즐거운 인생 예
오 영원한 친구 오 행복한 마음
오 즐거운 인생 예
오 영원한 친구 오 행복한 마음
오 즐거운 인생 예"
하늘이여,643,김학래,"하얀별 쏟아지는 창밖을 보며
두 손 모아 촛불 켜고
기도하였다네
슬픔에 찬 웃음으로
나를 보낸 님아
사무치는 그리움은
나 어이하나
따뜻한 햇빛에
나 시인되어
슬픈 추억 삼키려
홀로 방황했네
내 생애 단 한번
그대 사랑하리
하지만 연기처럼
재가 되었네
나의 소원 그대 사랑 단 한번만
다시 품고 피어나게 하여주
하 하늘이여
나의 소원 들어주소서
이 이 한세상
나 어이 살아가려오
하 하늘이여
나의 소원 태워주소서
단 단 한번만
내 사랑 피어나게 하여주
나의 소원 그대 사랑 단 한번만
다시 품고 피어나게 하여주
하 하늘이여
나의 소원 들어주소서
이 이 한세상
나 어이 살아가려오
하 하늘이여
나의 소원 태워주소서
단 단 한번만
내 사랑 피어나게 하여주
하 하늘이여
나의 소원 태워주소서
단 단 한번만
내 사랑 피어나게 하여주"
옥수수밭 옆에 당신을 묻고,368,정의송,"견우직녀도 이날만은
만나게 하는 칠석날
나는 당신을 땅에 묻고 돌아오네
안개꽃 몇 송이 함께 묻고 돌아오네
살아평생 당신께 옷 한 벌 못해주고
당신 죽어 처음으로
베옷 한 벌 해 입혔네
당신 손수 베틀로 짠
옷가지 몇 벌 이웃께 나눠주고
옥수수 밭 옆에
당신을 묻고 돌아오네
은하건너 구름건너
한해 한 번 만나게 하는 이 밤
은핫물 동쪽 서쪽 그 멀고 먼 거리가
하늘과 땅의 거리인걸 알게 하네
당신 나중 흙이 되고
내가 훗날 바람 되어
다시 만나지는 길임을 알게 하네
내 남아 밭 갈고 씨 뿌리고
땀 흘리며 살아야
한 해 한번
당신 만나는 길임을 알게 하네"
살아야할 이유,272,무룡,"이런 삶도 있다고
이런 인생도 있다고
어설픈 미소를 지어 보지만
흐르는 슬픈 눈물
죽음조차도 피해가는
너무나 가엾은 내 인생
하지만 난 살아야만 하네
아니 살아가고 있네
오늘은 가고 내일은
어김없이 다시 찾아와
내 사랑하는 사람들 가슴 아플까봐
나는 살아야만 하네
죽음조차도 피해가는
너무나 가엾은 내 인생
하지만 난 살아가야 하네
아니 살아가고 있네
오늘은 가고 내일은
어김없이 다시 찾아와
내 사랑하는 사람들 가슴 아플까봐
나는 살아가야 하네
나는 살아야만 하네"
하니하니,75,윤서령,"하니 하니 하니 나를 사랑하니
정말 나를 사랑하니
오니 오니 오니 내게 다가오니
정말 내게 오는거니
아무것도 묻지마
우리 그냥 이대로
뜨겁게 뜨겁게 사랑하다가
아침이 올 때 까지만
내 곁에 있어 주면 돼
그리고 미련 없이
우리 그냥 헤어져
아니 아니 아니 이제 내 맘 아니
후회 없는 사랑 원해
오니 오니 오니 내게 오기 전에
먼저 내 맘 이해해줘
하니 하니 하니 나를 사랑하니
정말 나를 사랑하니
오니 오니 오니 내게 다가오니
정말 내게 오는거니
아무것도 묻지마
우리 그냥 이대로
뜨겁게 뜨겁게 사랑하다가
아침이 올 때 까지만
내 곁에 있어 주면 돼
그리고 미련 없이
우리 그냥 헤어져
아니 아니 아니 이제 내 맘 아니
후회 없는 사랑 원해
오니 오니 오니 내게 오기 전에
먼저 내 맘 이해해줘
그대 내 맘 이해해줘
그대 그대 내 맘 이해해줘
그대 그대 내 맘 이해해줘
그대"
나는 행복한 사람,"2,214",박서진,"그대 사랑하는 난
행복한 사람
잊혀질 땐 잊혀진대도
그대 사랑받는 난
행복한 사람
떠나갈 땐 떠나간대도
어두운 창가에 앉아
창밖을 보다가
그대를 생각해 보면
나는 정말 행복한 사람
이 세상에 그 누가
부러울까요
나는 지금 행복하니까

어두운 창가에 앉아
창밖을 보다가
그대를 생각해 보면
나는 정말 행복한 사람
이 세상에 그 누가
부러울까요
나는 지금 행복하니까
이 세상에 그 누가
부러울까요
나는 지금 행복하니까"
카우보이 (Feat. 미스타킴),335,려화(Ryeo Hwa),"나는 카우보이야
나는 카우보이야
거친 황야를 달리는
나는 카우보이야
나는 바람둥이다
나는 바람둥이다
바람을 타고 달리는
나는 바람둥이다
달리고달려 달리고달려 달리고달려
이랴 이랴 이랴 이랴
우주까지 마구 달린다
달리고달려 달리고달려 달리고달려
이랴 이랴 이랴 이랴
너를 향해 달린다
총알을 피해
바람을 타고
사랑 찾아 달린다
달리고달려 달리고달려 달리고달려
이랴 이랴 이랴 이랴
우주까지 마구 달린다
달리고달려 달리고달려 달리고달려
이랴 이랴 이랴 이랴
너를 향해 달린다
바람 타고 달린다"
쉬운 여자 아니에요 (Feat. 정형돈),"5,323",리지 (오렌지 캬라멜),"쉬운 여자 쉬운 여자
그런 쉬운 여자 아니에요
뻔한 그런 느끼한 말들로
나를 꼬시려고 하지 마세요
내가 만만하게 보이나요
사랑이 무슨 장난인가요 oh oh
아 바보 같은 사람아
내가 싫은 말만 골라하네요
아 그런 뻔한 말들로
내 맘을 훔쳐갈 수는 없어요
나 그런 쉬운 여자 아니에요
괜히 찔러보지 말아요
나 그런 쉬운 여자 아니에요
내가 내가 쉬워 보이나요
쉬운 여자 쉬운 여자
그런 쉬운 여자 아니에요
그런 명품 핸드백으로
나를 꼬시려고 하지 마세요
내가 만만하게 보이나요
사랑이 무슨 마트인가요 oh oh
아 바보 같은 사람아
내가 싫은 짓만 골라하네요
아 그런 돈 몇 푼으로
내 사랑을 구매할 순 없어요
나 그런 쉬운 여자 아니에요
괜히 찔러보지 말아요
나 그런 쉬운 여자 아니에요
내가 내가 쉬워 보이나요
잘해주니까 웃어주니까
내가 내가 쉬워 보였나요
나는 쉽냐 이런
손도 다 잡아놓고
입도 다 맞춰놓고
혼자 꽃등심 6인분 다 먹어놓고
이제 와서 쉬운 여자가
아니아니아니아니 아니라니
지금 장난해 내가 만만해
나는 뭐 쉬운 남자냐
다 해주니깐 이걸
나 그런 쉬운 여자 아니에요
괜히 찔러보지 말아요
나 그런 쉬운 여자 아니에요
내가 내가 쉬워 보이나요
나 그런 쉬운 여자 아니에요
괜히 찔러보지 말아요
나 그런 쉬운 여자 아니에요
내가 내가 쉬워 보이나요
내가 내가 쉬워 보였나요
그런 쉬운 여자 아니에요"
천리여행,663,양지은,"우리네 인생 얼마나 산다고
상처주는 말을 했던가
그래봤자 뭐 하나 남는 것도 없는데
얻어갈 것 하나 없는데

세상들이 정해 준 인연을 따라
어디로 흘러 가는가
아직은 살만한 세상인 것을
모르고 살아왔구나

아아하 외로운 인생길 멀리보고
우리 같이 갑시다
조금씩 천천히 천리앞을 보고
여행가 듯 함께 갑시다

세상들이 정해 준 인연을 따라
어디로 흘러 가는가
아직은 살만한 세상인 것을
모르고 살아왔구나

아아하 외로운 인생길 멀리보고
우리 같이 갑시다
조금씩 천천히 천리앞을 보고
여행가 듯 함께 갑시다

한 걸음씩 걸어 갑시다"
대동강 편지,62,방서희,"대동강아 내가 왔다
을밀대야 내가 왔다
우표 없는 편지 속에
한세월을 묻어놓고
지금은 낯설은 나그네 되어
칠백 리 고향길을 찾아왔다고
못 본 체 마라 못 본 체 마라
반겨주렴아
눈보라 치던 밤 달도 없던 밤
울면서 떠난 길을 돌아왔다고
못 본체하네 못 본체하네
반겨주렴아"
밀어 밀어,"4,159",박서진,"밀어 밀어 사랑으로
가슴의 멍든 때를
당신 가슴의 멍든 때까지
사랑으로 밀어 줄게요
힘없으면 무시하고
백 있으면 사랑 받고
참새마저 무시하는
허수아비 같은 세상
머리에서 발끝까지
사랑으로 밀어 밀어
넌 위에서 난 아래서
사랑으로 밀어 밀어
밀어 밀어 사랑으로
마음의 때를 밀어
구석구석 찌든 때까지
내가 당신 밀어 줄게요
밀어 밀어 사랑으로
가슴의 멍든 때를
당신 가슴의 멍든 때까지
사랑으로 밀어 줄게요
힘없으면 무시하고
백 있으면 사랑 받고
참새마저 무시하는
허수아비 같은 세상
머리에서 발끝까지
사랑으로 밀어 밀어
넌 위에서 난 아래서
사랑으로 밀어 밀어
밀어 밀어 사랑으로
마음의 때를 밀어
구석구석 찌든 때까지
내가 당신 밀어 줄게요
밀어 밀어 사랑으로
가슴의 멍든 때를
당신 가슴의 멍든 때까지
사랑으로 밀어 줄게요
밀어 밀어 사랑으로
마음의 때를 밀어
구석구석 찌든 때까지
내가 당신 밀어 줄게요
밀어 밀어 사랑으로
가슴의 멍든 때를
당신 가슴의 멍든 때까지
사랑으로 밀어 줄게요"
그대가 그리워 (Feat. 후니용이),280,한혜진,"흩어진 시든 꽃잎이
바람을 기다리듯이
지나간 추억 되새기며
세월 위를 걷지만
마음속 어떤 한 사람
눈물로 남은 기억들
사랑이 머문 그 자리는
지울 수가 없는데
그리워라 그리워라
그 사람이 난 보고 싶어서
쓸쓸한 바람 불어오면
그대가 그리워
마음속 어떤 한 사람
눈물로 남은 기억들
사랑이 머문 그 자리는
지울 수가 없는데
그리워라 그리워라
그 사람이 난 보고 싶어서
쓸쓸한 바람 불어오면
그대가 그리워
그리워라 그리워라
그 사람이 난 보고 싶어서
쓸쓸한 바람 불어오면
그대가 그리워
그리워라"
끈 (미련 곰탱이),441,나훈아,"그 사람 떠난 지도 벌써
석삼년 훌쩍 넘었는데
난 아직도 그 사람을
보내지를 못하고 있네
잊혀지고도 남을 세월
미워서도 잊었을 텐데
어쩌자고 미련 끈을 놓질 못하나
이 못난아 이 바보야
잊어버려 미련 곰탱아
그 사람 못 본 지도 벌써
하세월 벌써 지났는데
아물아물 예쁜 추억
그 시절에 머물고 있네
사랑 까짓것 가면 그만
후회해도 소용없는데
왜 그렇게 미련 끈을 붙들고 있나
이 못난아 이 바보야
지워버려 미련 곰탱아
왜 그렇게 미련 끈을 놓질 못하나
이 못난아 이 바보야
정신 차려 미련 곰탱아"
사랑이 이런 건가요,"18,081",임영웅,"사랑이 이런 건가요
가슴이 떨려오네요
나 그대 생각하면은
자꾸만 가슴이 뛰네요
어쩌다 이렇게 멋진
그대를 만나게 됐는지
아무리 생각해도 난
행운의 남자인가 봐
난 이제 하루하루가
그대 있어 너무 행복해
그 깊은 사랑에 빠져
도대체 헤어 나올 수가 없어
사랑이 이런 건가요
가슴이 떨려오네요
나 그대 생각하면은
자꾸만 가슴이 뛰네요
난 이제 하루하루가
그대 있어 너무 행복해
그 깊은 사랑에 빠져
도대체 헤어 나올 수가 없어
사랑이 이런 건가요
가슴이 떨려오네요
나 그대 생각하면은
자꾸만 가슴이 뛰네요
나 그대 생각하면은
자꾸만 가슴이 뛰네요"
미안하오,"3,576",김희재,"지나온 세월을 돌아보니
아쉬움이 많이 남는구나
바쁘단 핑계로 당신을 아끼지 못해
내가 너무나 미안하오
항상 곁에 있어 몰랐나 봐
고왔던 손이 참 거칠어졌어
고생시키지 않겠다고
그렇게 약속했는데
내가 정말로 미안하오
이 못난 날 만나 참 고생이 많았소
고왔던 얼굴이 많이 변했구려
이제는 그댈 위해 남은 생 살아가겠소
내가 그대를 많이 사랑하오
뒤돌아 문득 나를 돌아보니
무심한 날이 참 많았구나
나 몰래 뒤돌아 흘린 눈물 생각하니
내가 너무나 미안하오
이 못난 날 만나 참 고생이 많았소
고왔던 얼굴이 많이 변했구려
이제는 그댈 위해 남은 생 살아가겠소
내가 그대를 많이 사랑하오
뒤돌아 문득 나를 돌아보니
무심한 날이 참 많았구나
나 몰래 뒤돌아 흘린 눈물 생각하니
내가 너무나 미안하오
그댈 너무나 사랑하오"
야간열차,518,박진도,"짠~짜자자자~ 짠~짠
어둠을 뚫고 야간 열차야 가자
지금껏 살아온 모든것 버리고 너에게 몸을 실었다
스쳐가는 불빛따라 지난날들이 하나둘 떠오르면
내슬픈 눈물모아 던져버린다 길게누운 철길위로
짠~짜자자자~ 짠~짠 어둠을 뚫고 야간 열찬야 가자
야망을 싣고 내일을 향해 가자가자가자 야간열차야

짠~짜자자자~ 짠~짠 어둠을 뚫고 야간열차야 가자
지금껏 살아온 모든것 버리고 너에게 몸을 실었다
흔들리는 차창너머 지난날들이 아스라히 그려지면
또 다른 내일위해 던져버린다 길게 누운 철길위로
짠`짜자자자~ 짠~짠 어둠을 뚫고 야간열차야 가자
야망을 싣고 내일을 향해 가자가자가자 야간열차야
가자가자가자 야간열차야 가자가자가자 야간열차야"
남남으로 만나서,"1,716",김종환,"남남으로 만나서
살아왔던 날 속에
항상 네가 있었던 것을
잊고 살아왔나봐
남들 보는 앞에선
나 슬퍼도 웃지만
말 못 할 나의 사연에
수 없이 무너졌다
이게 삶이였나 봐
이게 세상인가 봐
아무리 소리쳐도
내겐 너뿐이 없더라
그래서 행복해
네가 있어 행복해
언제까지나 널 사랑해
사랑해 난 너를 사랑해
그래서 행복해
네가 있어 행복해
언제까지나 널 사랑해
사랑해 난 너를 사랑해
잠깐이면 끝나는
우리들의 인생을
안타까워 해봐도
잡을 순 없는 거지
남자로 태어나서
세상에 받은 상처도
골목길에 서서 울망정
자존심은 지켰다
이게 삶이였나 봐
이게 세상인가 봐
아무리 소리쳐도
내겐 너뿐이 없더라
그래서 행복해
네가 있어 행복해
언제까지나 널 사랑해
사랑해 난 너를 사랑해
그래서 행복해
네가 있어 행복해
언제까지나 널 사랑해
사랑해 난 너를 사랑해
그래서 행복해
네가 있어 행복해
언제까지나 널 사랑해
사랑해 난 너를 사랑해"
하트 뿅,"1,289",김다현,"하트 뿅 하트 뿅 뿅뿅뿅
쏩니다 내사랑을 뿅뿅뿅
하트 뿅 하트 뿅 뿅뿅뿅
쏩니다 그대에게 뿅뿅뿅
엄지손 검지손 빗겨모아서
하트를 쏩니다 자꾸 쏩니다
오늘도 열심히 사는 당신께
하트 뿅 하트 뿅 뿅뿅뿅
양손을 머리에 붙여 모아서
하트를 쏩니다 자꾸 쏩니다
오늘도 열심히 애쓴 당신께
하트 뿅 하트 뿅 뿅뿅뿅
힘들고 지칠때 꺼내 보세요
내가 보낸 하트 뿅
외롭고 힘들 때 꺼내 보세요
내가 보낸 하트 뿅
슈퍼맨이 될 힘을 줄꺼야
하트 하트 하트 뿅
언제라도 많이 쏘아 줄께요
하트 하트 하트 뿅
하트 하트 하트 뿅
하트 뿅 하트 뿅 뿅뿅뿅
쏩니다 내사랑을 뿅뿅뿅
하트 뿅 하트 뿅 뿅뿅뿅
쏩니다 그대에게 뿅뿅뿅
엄지손 검지손 빗겨 모아서
하트를 쏩니다 자꾸 쏩니다
오늘도 열심히 사는 당신께
하트 뿅 하트 뿅 뿅뿅뿅
양손을 머리에 붙여 모아서
하트를 쏩니다 자꾸 쏩니다
오늘도 열심히 애쓴 당신께
하트 뿅 하트 뿅 뿅뿅뿅
힘들고 지칠때 꺼내 보세요
내가 보낸 하트 뿅
외롭고 힘들 때 꺼내 보세요
내가 보낸 하트 뿅
배트맨이 될 힘을 줄꺼야
하트하트 하트 뿅
언제라도 많이 쏘아 줄께요
하트 하트 하트 뿅
하트 하트 하트 뿅
힘들고 지칠때 꺼내 보세요
내가 보낸 하트 뿅
외롭고 힘들 때 꺼내 보세요
내가 보낸 하트 뿅
슈퍼맨이 될 힘을 줄꺼야
하트 하트 하트 뿅
언제라도 많이 쏘아 줄께요
하트 하트 하트 뿅
하트 하트 하트 뿅
하트 뿅"
나성에 가면,787,대성,"나성에 가면 편지를 띄우세요

사랑의 이야기 담뿍 담은편지

나성에 가면 소식을 전해줘요

하늘이 푸른지 마음이 밝은지


즐거운 날도 외로운 날도 생각해 주세요

나와 둘이서 지낸 날들을 잊지 말아줘요


나성에 가면 편지를 띄우세요

함께 못가서 정말 미안해요

나성에 가면 소식을 전해줘요

안녕 안녕 내사랑



나성에 가면 편지를 띄우세요

꽃모자를 쓰고 사진을 찍어보내요

나성에 가면 소식을 전해줘요

예쁜차를 타고 행복을 찾아요


당신과 함께 있다하며는 얼마나 좋을까

어울릴꺼야 어디를 가도 반짝 거릴텐데

나성에 가면 편지를 띄우세요

함께 못가서 정말 미안해요

나성에 가면 소식을 전해줘요

안녕 안녕 내사랑

안녕 안녕 내사랑"
칠갑산,"1,282",주병선,"콩밭메는 아낙네야

배적삼이 흠뻑 젖는다

무슨 설움 그리 많아

포기마다 눈물심누나



홀어머니 두고 시집가는날

칠갑산 산마루에

울어주던 산새소리만

어린가슴 속을 태웠소





(간주중)



*반복*"
그물,"1,415",손빈,"당신이 던져 놓은 그물에
산채로 잡혀 버렸다
그물이 촘촘 하진 않아도
빠져 나갈 맘이 애초에 없었다
어기야 디여차
그물을 올려
사랑에 그물을 당겨 당겨라
놔주지도 마라 놔주지도 마
어차피 잡힌거 그냥 살란다
당신이 던져 놓은 그물에
너도 걸려 나도 걸려
모두 다 걸렸네
너도 걸려 나도 걸려
모두 다 걸렸네
당신이 던져 놓은 그물에
산채로 잡혀 버렸다
그물이 촘촘 하진 않아도
빠져 나갈 맘이 애초에 없었다
어기야 디여차
그물을 올려
사랑에 그물을 당겨 당겨라
놔주지도 마라 놔주지도 마
어차피 잡힌거 그냥 살란다
당신이 던져 놓은 그물에
너도 걸려 나도 걸려
모두 다 걸렸네
너도 걸려 나도 걸려
모두 다 걸렸네
너도 걸려 나도 걸려
모두 다 걸렸네"
당신께만,345,이은하,"나 없으면 당신마음
찬비가 내린다했지
그 이야기 너무나 고와
내 맘속에 감추었지
먼훗날 먼훗날 그말을 그말을
잊고서
내 곁을 멀리할때면
누가 안듣게 당신께만
그말그말 들려주려고
사랑이란 마음속에
영원한 꽃이라지만
바람결에 덧없이 지는
그런 꽃도 있으니까
먼훗날 먼훗날 그말을 그말을
잊고서
내 마음 아프게하면
아무도 몰래 당신께만
그말그말 들려주려고
그말그말 들려주려고"
때문에,"3,514",박서진,"고단했던 인생길에
봄처럼 그대를 만나
같은길을 걸어가며
또다른 꿈을 꿉니다
우 내가 기쁠때
나보다 기뻐해주고
우 내가 슬플때
나대신 울어준 사람
당신 때문에 때문에 내가
지금껏 살았습니다
다시 아픔이 와도
내곁에 있어만주오
당신 때문에 때문에 내가
오늘도 살아갑니다
지난세월 함께 걸어왔듯이
남은날도 함께 해주오
우 내가 기쁠때
나보다 기뻐해주고
우 내가 슬플때
나대신 울어준 사람
당신 때문에 때문에 내가
지금껏 살았습니다
다시 아픔이 와도
내곁에 있어만주오
당신 때문에 때문에 내가
사랑을 알았습니다
지난세월 함께 걸어왔듯이
남은날도 함께 해주오
영원히 함께 해주오
함께 해주오"
울고 넘는 박달재,502,나훈아,"천둥산 박달재를 울고넘는 우리님아
물항라 저고리가 궂은비에 젖는구려
왕거미 집을짓는 고개마다 구비마다
울었소 소리쳤소 이 가슴이 터지도록
부엉이 우는 산골 나를 두고 가신 님아
돌아올 기약이나 성황님께 빌고가소
도토리 묵을 싸서 허리춤에 달아주며
한사코 우는구나 박달재에 금봉이야"
Beautiful,"19,601",임영웅,"it`s a beautiful life
난 너의 곁에 있을게
it`s a beautiful life
너의 뒤에 서 있을게
beautiful love
하늘아래 너와 있다면
숨쉬는 것만으로도 좋아
it`s a beautiful life
beautiful day
너의 기억에서 내가 살텐데
beautiful life beautiful day
내 곁에서 머물러줘
beautiful my love
beautiful your heart
it`s a beautiful life
it`s a beautiful life
it`s a beautiful life
언제나 널 지켜줄게
it`s a beautiful life
내게 기댈수가 있게
beautiful love
너의 눈물 너의 미소도
곁에서 함께 할 수 있도록
it`s a beautiful life
beautiful day
미치도록 널 사랑했었던 날
beautiful life beautiful day
너를 잃고 싶지 않아
beautiful my love
beautiful your heart
it`s a beautiful life
세상에 너와 닮은 추억이
또 덩그러니 내게 남겨져있어
너와의 기억 너와의 추억
it`s a sorrowful life
sorrowful day
슬픔을 이기지 못하는 내게
sorrowful life sorrowful day
내 곁에서 떠나지마
추억속에 내가 살지 않도록
it`s a beautiful life"
기러기 아빠,719,윤태화,"산에는 진달래
들엔 개나리
산새도 슬피우는
노을진 산골에
엄마구름 애기구름
정답게 가는데
아빠는 어디갔나
어디서 살고있나
아아아 아 아아 아
우리는 외로운 형제
길 잃은 기러기
하늘엔 조각달
강엔 찬바람
재 넘어 기적소리
한가로운 밤중에
마을마다 창문마다
등불은 밝은데
엄마는 어디갔나
어디서 살고있나
아아아 아 아아 아
우리는 외로운 형제
길 잃은 기러기
길 잃은 기러기"
공,"1,750",진해성,"살다 보면 알게 돼 일러주지 않아도
너나 나나 모두 다 어리석다는 것을
살다 보면 알게 돼 알면 웃음이 나지
우리 모두 얼마나 바보처럼 사는지
잠시 왔다가는 인생 잠시 머물다 갈 세상
백 년도 힘든 것을 천 년을 살 것처럼
살다 보면 알게 돼 버린다는 의미를
내가 가진 것들이 모두 부질없다는 것을
띠리 띠리 띠리 띠리 띠리리 띠리 띠리리
살다 보면 알게 돼 알고 싶지 않아도
너나 나나 모두 다 미련하다는 것을
잠시 스쳐 가는 청춘 훌쩍 가버린 세월
백 년도 힘든 것을 천 년을 살 것처럼
살다 보면 알게 돼 비운다는 의미를
내가 가진 것들이 모두 꿈이었다는 것을
모두 꿈이었다는 것을
띠리 띠리 띠리 띠리 띠리리 띠리 띠리리
띠리 띠리 띠리 띠리 띠리리 띠리 띠리리
띠리 띠리 띠리 띠리 띠리리 띠리 띠리리"
애모,"4,888",민수현,"그대 가슴에 얼굴을 묻고
오늘은 울고 싶어라
세월의 강 넘어 우리 사랑은
눈물 속에 흔들리는데
얼만큼 나 더 살아야
그대를 잊을 수 있나
한 마디 말이 모자라서
다가설 수 없는 사람아
그대 앞에만 서면
나는 왜 작아지는가
그대 등 뒤에 서면
내 눈은 젖어드는데
사랑 때문에 침묵해야 할
나는 당신의 남자
그리고 추억이 있는 한
당신은 나의 여자여
그대 앞에만 서면
나는 왜 작아지는가
그대 등 뒤에 서면
내 눈은 젖어 드는데
사랑 때문에 침묵해야 할
나는 당신의 남자
그리고 추억이 있는 한
당신은 나의 여자여
당신은 나의 여자여"
물레방아,"1,711",양지은,"돌고 도는 물레방아
물레방아 인생
세월은 잘도 간다
청춘도 잘도 간다
물같이 바람같이
해가 뜨면 내일이고
꽃이 피면 일년이고
아아
덧없는 세월아
나 이제 어디로 가나
나 이제 어디로 가나
흘러 흘러 돌고 도는
쳇바퀴 같은 인생아
돌고 도는 물레방아
물레방아 인생
돌고 도는 물레방아
물레방아 인생
나 이제 어디로 가나
나 이제 어디로 가나
흘러 흘러 돌고 도는
쳇바퀴 같은 인생아
돌고 도는 물레방아
물레방아 인생
돌고 도는 물레방아
물레방아 인생
돌고 도는 물레방아
물레방아 인생
돌고 도는 물레방아
물레방아 인생
물레방아 인생"
그놈,60,강문경,"주기도 하고 뺏기도 하네
세사이란 그놈에게
잃기도 하고 따기도 하네
세상이란 그놈에게

사귀면 친구 마음주면 내편
세상이란 그놈은
내편도 됐다가
니편도 되는
그런 세상 적은 되지말자

세월속에 온갖 모습에
세상이 들어 있고
세상속에 여러 얼굴에
세월이 모두 다 있네

이쁜 놈 미운 놈 지겹도록 만나네
싫든 좋든 또 만나네

그래도 그래도 사랑하자
그놈이 바로 나니까

(후렴)

세월속에 온갖 모습에
세상이 들어 있고
세상속에 여러 얼굴에
세월이 모두 다 있네

이쁜 놈 미운 놈 지겹도록 만나네
싫든 좋든 또 만나네

그래도 그래도 사랑하자
그놈이 바로 나니까

그놈이 바로 너니까

그놈이 바로 나니까"
비 내리는 고모령,68,최향,"어머님의 손을 놓고 돌아설 때엔
부엉새도 울었다오 나도 울었소
가랑잎이 휘날리는 산마루 턱을
넘어오는 그날 밤이 그립구나

맨드라미 피고 지고 몇 해이던가
물방앗간 뒷전에서 맺은 사랑아
어이해서 못 잊느냐 망향초 신세
비 내리는 고모령을 언제 넘느냐
가랑잎이 휘날리는 산마루 턱을
넘어오던 그날 밤이 그립구나
그립구나"
어제 오늘 그리고,"1,889",조용필,"바람 소리 처럼 멀리 사라져 갈 인생길

우린 무슨 사랑 어떤 사랑 했나

텅빈 가슴속에 가득 채울 것을 찾아서

우린 정처없이 떠나가고 있네

여기 길 떠나는 저기 방황하는 사람아

우린 모두 같이 떠나가고 있구나

끝없이 시작된 방황속에서 어제도 오늘도

나는 울었네 어제 우리가 찾은 것은 무엇인가

잃은 것은 무엇인가 버린 것은 무엇인가

오늘 우리가 찾은 것은 무엇인가

잃은 것은 무엇인가 남은 것은 무엇인가

어떤 날은 웃고 어떤 날은 울고 우는데

어떤 꽃은 피고 어떤 꽃은 지고 있네

오늘 찾지못한 나의 알 수 없는 미련에

헤어날 수 없는 슬픔으로 있네

여기 길 떠나는 저기 방황하는 사람아

우린 모두 같이 떠나가고 있구나

끝 없이 시작된 방황속에서 어제도 오늘도

나는 울었네 어제 우리가 찾은 것은 무엇인가

잃은 것은 무엇인가 버린 것은 무엇인가

오늘 우리가 찾은 것은 무엇인가

잃은 것은 무엇인가 남은 것은 무엇인가





끝 없이 시작된 방황속에서 어제도 오늘도

나는 울었네 어제 우리가 찾은 것은 무엇인가

잃은 것은 무엇인가 버린 것은 무엇인가

어제 우리가 찾은 것은 무엇인가

잃은 것은 무엇인가 버린 것은 무엇인가"
십분내로,"19,741",임영웅,"그래요 믿어줄게요
나만 사랑한다면
딱 한가지만 약속해줘요
내가 전화할땐
늦어도 십분내로
내게로 달려와요
꾸물대지 말고
핑계대지 말고
옆길로 새지도 말고
남자는 꽃이랍니다
혼자두지 말아요
당신 가슴에 영원히 지지 않는
꽃이 될래요
십분내로
남자는 꽃이랍니다
혼자두지 말아요
당신 가슴에 영원히 지지 않는
꽃이 될래요
십분내로
꽃이 될래요
십분내로"
사내,114,별사랑,"큰 소리로 울면서 이 세상에 태어나
가진 것은 없어도 비굴하진 않았다
때론 사랑에 빠져 비틀댄 적 있지만
입술 한번 깨물고 사내답게 웃었다
긴가민가하면서 조마조마하면서
설마설마하면서 부대끼며 살아온
이 세상을 믿었다 나는 나를 믿었다
추억 묻은 친구야 물론 너도 믿었다
한때 철없던 시절 방황한 적 있지만
소주 한잔 마시고 사내답게 잊었다
긴가민가하면서
긴가민가하면서 조마조마하면서
설마설마하면서 부대끼며 살아온
이 세상을 믿었다 나는 나를 믿었다
추억 묻은 친구야 물론 너도 믿었다
미련 같은 건 없다 후회 역시도 없다
사내답게 살다가 사내답게 갈 거다
사람답게 갈 거다"
애가 타,837,진해성,"이대로 나를 바라봐
눈으로 나를 안아줘
만날 때마다 자꾸만
가슴이 먼저 하는 말
사랑에 빠진 건가요
어떻게 하면 좋아요
이제는 아닌 척해도
아무런 소용이 없어
그냥 바라만 봐도 애가 타
맘이 너무 아파서 애가 타
이러는 게 아닌데
흘린 눈물 때문에
사랑하는 마음 들켜버렸어요
가까이 내게 와줘요
뭐라고 말 좀 해봐요
이렇게 애가 타도록
사랑하고 있는데

그냥 바라만 봐도 애가 타
맘이 너무 아파서 애가 타
이러는 게 아닌데
흘린 눈물 때문에
사랑하는 마음 들켜버렸어요
가까이 내게 와줘요
뭐라고 말 좀 해봐요
이렇게 애가 타도록
사랑하고 있는데
사랑하고 있는데"
사랑의 이름표,"1,007",현철,"이름표를 붙여 내 가슴에
확실한 사랑의 도장을 찍어
이 세상 끝까지
나만 사랑 한다면
확실하게 붙잡아
놓치면 깨어지는 유리알 같은
사랑은 아픔인거야
정주고 마음 주고 사랑도 주고
이제는 더 이상
남남일 수 없잖아
너만 사랑하는 내 가슴에
이름표를 붙여줘
이름표를 붙여 내 가슴에
확실한 사랑의 도장을 찍어
이 세상 끝까지
함께 갈 수 없다면
확실하게 붙잡아
놓치고 후회하는 어리석음은
쓰라린 눈물인거야
정주고 마음주고 사랑도 주고
이제는 더 이상
남남일 수 없잖아
너만 사랑하는 내 가슴에
이름표를 붙여줘

이름표를 붙여 내 가슴에
확실한 사랑의 도장을 찍어
이 세상 끝까지
나만 사랑한다면
확실하게 붙잡아
놓치면 깨어지는 유리알 같은
랑은 아픔인거야
정주고 마음주고 사랑도 주고
이제는 더 이상
남남일 수 없잖아
너만 사랑하는 내 가슴에
이름표를 붙여줘"
상사화,779,진해성,"모란이 피면은 모란으로
동백이 피면은 넌 다시 동백으로
나에게 찾아와 꿈을 주고
너는 또 어디로 가버리나
인연이란 끈을 놓고 보내긴 싫었다
향기마저 떠나보내고
바람에 날리는 저 꽃잎 속에
내 사랑도 진다
아 모란이
아 동백이
계절을 바꾸어 다시 피면
아 세월이 휭 또 가도
내 안에 그대는 영원하리

모란이 피면은 모란으로
동백이 피면은 넌 다시 동백으로
나에게 찾아와 꿈을 주고
너는 또 어디로 가버리나
인연이란 끈을 놓고 보내긴 싫었다
향기마저 떠나보내고
바람에 날리는 저 꽃잎 속에
내 사랑도 진다
아 모란이
아 동백이
계절을 바꾸어 다시 피면
아 세월이 휭 또 가도
내 안에 그대는 영원하리"
빗물,335,오유진,"조용히 비가 내리네
추억을 말해주듯이
이렇게 비가 내리면
그날이 생각이 나네
옷깃을 세워 주면서
우산을 받쳐준 사람
오늘도 잊지 못하고
빗속을 혼자서 가네
어디에선가 나를 부르며
다가오고 있는 것 같아
돌아보면은 아무도 없고
쓸쓸하게 내리는 빗물 빗물
조용히 비가 내리네
추억을 말해주듯이
이렇게 비가 내리면
그날이 생각이 나네
어디에선가 나를 부르며
다가오고 있는 것 같아
돌아보면은 아무도 없고
쓸쓸하게 내리는 빗물 빗물
조용히 비가 내리네
추억을 말해 주듯이
이렇게 비가 내리면
그 사람 생각이 나네
우우우우 우우 우우우우
우우우우 우우 우우우우
우우우우 우우 우우우우
우우우우 우"
사랑아,"1,423",김연지,"사랑아
사랑아
안돼요 안돼 날 두고 떠나면 안돼
그렇게 못해 난 절대 보낼 순 없어
갈테면 가라 모든 걸 잊고 떠나봐
그땐 뒤돌아서 후회를 할꺼야
희미한 기억속에 너의 이름 불러도
다신 볼 수 없던 사랑한 사람
사랑아 나를 두고 떠나 가지마
나만 두고 가려거든 다신 나를 찾지마
언젠가 그대 나를 찾는다 해도
그땐 내가 먼저 뒤돌아서
그댈 볼 수 없으니
희미한 기억속에 너의 이름 불러도
다신 볼 수 없던 사랑한 사람
사랑아 나를 두고 떠나 가지마
나만 두고 가려거든 다신 나를 찾지마
언젠가 그대 나를 찾는다 해도
그땐 내가 먼저 뒤돌아서
그댈 볼 수 없으니
사랑아 사랑아 사랑아 사랑아
사랑아 나를 두고 떠나 가지마
나만 두고 가려거든 다신 나를 찾지마
언젠가 그대 나를 찾는다 해도
그땐 내가 먼저 뒤돌아서
그댈 볼 수 없으니
뒤돌아서 그댈 볼 수 없으니
뒤돌아서 그댈 볼 수 없으니"
천년지기,720,진성,"넌 정말 좋은 친구야
내가 지처 있을때
내가 울고 있을때
위로가 되어준 친구
너는 나의 힘이야
너는 나의 보배야
천년지기 나의 벗이야
친구야 우리 우정의 잔을
높이 들어 건배를 하자
같은 배를 함께 타고
떠나는 인생길
니가 있어 외롭지 않아
넌 정말 좋은 친구야
넌 정말 좋은 친구야
내가 외로워 할때
내가 방황을 할때
위로가 되어준 친구
너는 나의 힘이야
너는 나의 보배야
천년지기 나의 벗이야
친구야 우리 우정의 잔을
높이 들어 건배를 하자
같은 배를 함께 타고
떠나는 인생길
니가 있어 외롭지 않아
넌 정말 좋은 친구야"
타인의 계절,607,한경애,"그대를 사랑하면 할수록
이렇게 외로워지는건
그대를 향한 나의 사랑이
너무도 깊은 까닭에
우리 사랑 여기 이대로
머물수 있을까
오늘이 가고 먼 훗날에도
남아있을까
사랑이 깊어가면 갈수록
우리들 가슴은 빈 술잔
낯선 바람은 꽃잎 떨구고
눈물이 되어 고여라

우리 사랑 여기 이대로
머물수 있을까
오늘이 가고 먼 훗날에도
남아있을까
사랑이 깊어가면 갈수록
우리들 가슴은 빈 술잔
낯선 바람은 꽃잎 떨구고
눈물이 되어 고여라
눈물이 되어 고여라"
찻집의 고독,866,나훈아,"그 다방에 들어설 때에
내 가슴은 뛰고 있었지
기다리는 그 순간만은
꿈길처럼 감미로왔다
약속시간 흘러 갔어도
그 사람은 보이지 않고
싸늘하게 식은 찻잔에
슬픔처럼 어리는 고독
아 사랑이란 이렇게도
애가 타도록 괴로운 것이라서
잊으려 해도 잊을 수 없어
가슴 조이며 기다려봐요

아 사랑이란 이렇게도
애가 타도록 괴로운 것이라서
잊으려 해도 잊을 수 없어
가슴 조이며 기다려봐요"
정주고 내가 우네,447,신유,"정든님 사랑에 우는 마음
모르시나 모르시나요
무정한 당신이 내마음 아실때에
땅을 치며 후회 할려만
어차피 가신다면 이름마저 잊으리
정주고 내가 우네
너무나도 사랑했기에
정든님 모습을
행여나 잊을때엔 잊을때에는
무정한 당신이 내마음 꾸짓으니
야속하고 우울하련만
괴로움 남기시고 그대 어이 가려하오
첫사랑 고백하던
그 말씀을 잊으셨나요
어차피 가신다면 이름마저 잊으리
정주고 내가 우네
너무나도 사랑했기에"
이브의 경고,"30,831",임영웅,"오늘도 넌 나를 피해
딴 생각을 하지만
난 알고 있어
나의 예감은 한번도
틀린적이 없어
걱정스런 맘
이런내 마음을 알고 있다면
나에게 더이상 실수하지마
내게도 너 아닌 멋진 여자가
가끔 날 유혹해 흔들릴
때도 있어
너에게만 있는 능력처럼
그렇게 날 속이려고 하면
나에게는 더이상 순애보는
없어 난 널
그냥 떠나버릴 거야
너에게 실수하고 싶은
마음은 없었어
나의 호기심이 잠시 날
흔들리게 했을 뿐
너에게 구차한 변명따위는
하지 않을게
이젠 날 이해해줘 내 잘못을
인정 할테니
그렇게 말을 하면
나도 할말은 없어
이해해 줄게
하지만 내게 약한
모습은 보이지마
사랑하니까
언제나 당당한 너의 모습에
난 항상 매력을 느꼈던 거야
누구나 한번은 실수하지만
두 번은 안돼 내가
못 견딜 테니까
너에게만 있는 능력처럼
그렇게 날 속이려고 하면
나에게는 더이상 순애보는
없어 난 널
그냥 떠나버릴거야
너에게만 있는 능력처럼
그렇게 날 속이려고 하면
나에게는 더이상 순애보는
없어 난 널
그냥 떠나버릴 거야"
찻잔의 이별,318,최진희,"그대와 나의 찻잔이 자꾸만 식어 가는데
뜨겁던 우리 찻잔이 싸늘히 식어 가는데
우리는 말을 잊었네 할말을 서로 많은데
마시는 것도 잊었네 가슴은 타고 있는데
그렇게도 뜨거 웠는데ㅡㅡㅡ
그렇게도 행복 했는데ㅡㅡㅡ
무슨 잘못으로 이렇게
싸늘하게 식어 버렸나
이제는 식은 찻잔에
이별을 타서 마시고
조용히 일어 서야지
눈물을 보이기 전에

그렇게도 뜨거 웠는데ㅡㅡㅡ
그렇게도 행복 했는데ㅡㅡㅡ
무슨 잘못으로 이렇게
싸늘하게 식어 버렸나
이제는 식은 찻잔에
이별을 타서 마시고
조용히 일어 서야지
눈물을 보이기 전에
눈물을 보이기 전에"
그 이름 어머니,284,진성,"입이 없어 말 못할까
죄가 커서 말 못 할뿐
생겨나와 품안자식
허물 벗은 뒤로 잊고 사네
물가에 아이처럼 평생
가슴을 애태우다 주름 깊어진
그 이름 어머니 회초리 맞던
그 시절로 세월아
우리 엄니 돌려줘
생각 없이 말 못할까
가슴 시려 말 못 할뿐
생겨나와 품안자식
허물 벗은 뒤로 잊고 사네
객지 떠난 자식걱정
평생 가슴을 애태우다 청춘 멀어진
그 이름 어머니 회초리 맞던
그 시절로 세월아
우리 엄마 돌려줘
객지 떠난 자식 걱정
평생 가슴을 애태우다 청춘 멀어진
그 이름 어머니 회초리 맞던
그 시절로 세월아
우리 엄마 돌려줘"
아씨,"1,834",안성훈,"옛날에 이길은 꽃가마 타고
말탄님 따라서 시집 가던 길
여기던가 저기던가
복사꽃 곱게 피어있던 길
한세상 다하여 돌아 가는 길
저무는 하늘가엔 노을이 섧구나
옛날에 이길은 새색시 적에
서방님 따라서 나들이 가던 길
어디선가 저 만치서
뻐꾹새 구슬피 울어 대던 길
한세상 다하여 돌아 가는 길
저무는 하늘가엔 노을이 섧구나"
애상,"20,348",임영웅,"알잖아 너를 이토록
사랑하며 기다린 나를
뭐가 그리 바쁜지 너무
보기 힘들어
넌 도대체 뭐하고 다니니
그게 아냐 이유는 묻지마
그냥 믿고 기다려 주겠니
내게도 사랑을 위한 시간이
필요해 널 받아들일수 있게
일부러 피하는거니
삐삐쳐도 아무 소식없는 너
싫으면 그냥 싫다고 솔직하게
말해봐
말리지마 내 이런 사랑을
너만 보면 미칠것 같은 이맘을
누가 알겠어 웨딩드레스 입은
네 곁에 다른 사람이
난 두려워 나보다 더 멋진
그런 남자 네가 만날까봐
아니야 그렇지 않아 정말
너 하나뿐야 속는셈 치고
한번 믿어봐
내눈에는 너무 이쁜 그녀를
자랑스레 친구에게 보여줬지
친구 내게 미안하다며
그녀 얘길 싸그리 다했지
그녀 많은 남자중에 친구만도
여러명이야
말도안돼 믿을 수없어 혹시 쌍둥이
우연히 너를 보았지
다른 남자 품안에 너를
한번도 볼수 없었던 너무
행복한 미소
내 사랑은 무너져 버렸어
그게 아냐 변명이 아니라
그 남자는 나완 상관없어
잠시 나 어지러워서 기댄것
뿐이야
날 오해하진 말아줘
나역시 많은 여자들
만났다가 헤어져도 봤지만
한꺼번에 많은 여자를 만난적은
없었어
네가 뭔데 날 아프게 하니
너 때문에 상처 돼버린 내 사랑
이제 다시는 너의 헛된 만남도
나 같은 사람 없을껄
난 두려워 나 역시 다시는
이런 사랑 할 수 없을까봐
믿을수 없겠지만은 네가
첫사랑인데
떠나버리면 어떡하라구
사랑까지는 바라지도않을게
네 곁에 항상 있게만 해줘
제발 제발"
쓰러집니다,"17,517",임영웅,"쓰러집니다 쓰러집니다 쓰러집니다
올때는 내게 예고없이 다가왔다가
이제와서 날 떠나요
말도 안돼 핑계 어쩌면
잘 갖다 붙여 뻔뻔하게도
차라리 내가 싫어졌다 말을 한다면
잡을 나도 아니겠지만
사랑해서 떠난다는 말
지금 뭐하자는 겁니까
쓰러집니다 쓰러집니다
그대 말을 듣고 있으면
뭐가 어때서 그런건가요
사랑이 장난인가요
가던길 그냥 떠나지 왜 돌려요
이제는 그만 나를 울려요
가던길 그냥 떠나지 왜 돌려요
가던길 그냥 떠나지
하루가 멀다 나를 찾던 그대 사랑은
모두 연극이란 말이죠
나 없으면 못산다는말
없던 걸로 하잔 말이죠
쓰러집니다 쓰러집니다
그대 말을 듣고 있으면
뭐가 어때서 그런건가요
사랑이 장난인가요
가던길 그냥 떠나지 왜 돌려요
이제는 그만 나를 울려요
가던길 그냥 떠나지 왜 돌려요
가던길 그냥 떠나지
가던길 그냥 떠나지 왜 돌려요
이제는 그만 나를 울려요
가던길 돌려 왔다가 다시 가면
나 정말 쓰러집니다
쓰러집니다 쓰러집니다 쓰러집니다"
꽃길,"1,095",김다현,"다시 돌아가라 하면
싫어요 난 못가요
비단옷 꽃길 이라도
이제 다시 사랑 안 해요
몰라서 걸어온 그 길
알고는 다시는 못가
아파도 너무나 아파
사랑은 또 무슨 사랑
다시 돌아가라 하면
싫어요 난 못가요
비단옷 꽃길 이라도
이제 다시 사랑 안 해요
몰라서 걸어온 그 길
알고는 다시는 못가
아파도 너무나 아파
꽃길은 또 무슨 꽃길
몰라서 걸어온 그 길
알고는 다시는 못가
아파도 너무나 아파
사랑은 또 무슨 사랑
꽃길은 또 무슨 꽃길"
꽃바람,270,김소연,"가면 가는 대로
오는 대로
그까짓 것
사랑이 뭐길래
이렇게 아프고
괴로운지
내 마음
나도 몰라요
그대는 나에게
꽃바람
내 마음
흔들어 논 꽃바람
바보가 되고
말았어요
나 그대
사랑하니까
그대는 나에게
꽃바람
내 마음
흔들어 논 꽃바람
바보가 되고
말았어요
나 그대
사랑하니까
누군가를 사랑하면
이렇게 눈이 머나요
단 한 사람
당신이기에
사랑에
눈을 떴어요
가면 가는 대로
오는 대로
그까짓 것
사랑이 뭐길래
이렇게 아프고
괴로운지
내 마음
나도 몰라요
그대는 나에게
꽃바람
내 마음
흔들어 논 꽃바람
바보가 되고
말았어요
나 그대
사랑하니까
가면 가는 대로
오는 대로
그까짓 것
사랑이 뭐길래
이렇게 아프고
괴로운지
내 마음
나도 몰라요
그대는 나에게
꽃바람
내 마음
흔들어 논 꽃바람
바보가 되고
말았어요
나 그대
사랑하니까
그대는 나에게
꽃바람
내 마음
흔들어 논 꽃바람
바보가 되고
말았어요
나 그대
사랑하니까
나 그대
사랑하니까
나 그대
정말 사랑하니까"
여로,356,류원정,"그 옛날 오색댕기
바람에 나부낄 때
봄나비 나래 위에
꿈을 실어 보았는데
날으는 낙엽 따라
어디론가 가버렸네
무심한 강물 위에
잔주름 여울지고
아쉬움에 돌아보는
여자의 길
언젠가 오랜 옛날
볼우물 예뻤을 때
뛰는 가슴 사랑으로
부푼 적도 있었는데
흐르는 세월 따라
어디론가 사라졌네
무심한 강바람만
흰머리 나부끼고
아쉬움에 돌아보는
여자의 길
날으는 낙엽 따라
어디론가 가버렸네
무심한 강물 위에
잔주름 여울지고
아쉬움에 돌아보는
여자의 길
여자의 길"
회초리,"4,503",장민호,"어린 시절 그토록 무서워하던
싸리나무 회초리
엄마의 그 회초리가 아니었다면
지금 난 뭐가 됐을까
세월은 흘러 자식하나만 바라보고
사는 어머니
나는 아직도 엄마 앞에선 아홉살
난 어린 아인데
이젠 내가 아무리 잘못 살아도
때려 줄 사람이 없어요
엄마 엄마 그옛날처럼 회초리 한대
맞고 싶어요
어린 시절 그토록 무서워하던
싸리나무 회초리
엄마의 그 회초리가 아니었다면
지금 난 뭐가 됐을까
세월은 흘러 자식하나만 바라보고
사는 어머니
나는 아직도 엄마 앞에선 아홉살
난 어린 아인데
이젠 내가 아무리 잘못 살아도
때려 줄 사람이 없어요
엄마 엄마 그옛날처럼 회초리 한대
맞고 싶어요
회초리 한대 맞고 싶어요"
거문고야,79,구민서,"내 청춘이 못 가게 붙잡아보자
오동잎 떨어진 달 밝은 밤에
너하고 나하고
이 밤이 가지 못하게 붙잡아보자
뚱따리뚱땅 뚱따리뚱땅 거문고야
내 청춘이 못 가게 여섯 줄을 퉁겨라
새파란 청춘 내 청춘을 어이 보내놓고
내가 너를 붙잡고 있으니
님이 생각난다 보고픈 내 님이
거문고야 여섯 줄을 퉁겨라
달아나는 밤을 붙잡고 너를 붙잡고
뚱따리뚱땅 뚱따리뚱땅땅
오동잎 떨어진 달 밝은 밤에
너하고 나하고
이 밤이 못 가게 붙잡아보자

내 청춘이 못 가게 붙잡아보자
새파란 청춘 내 청춘을 어이 보내놓고
내가 너를 붙잡고 있으니
님이 생각난다 보고픈 내 님이
거문고야 여섯 줄을 퉁겨라
달아나는 밤을 붙잡고 너를 붙잡고
뚱따리뚱땅 뚱따리뚱땅땅
오동잎 떨어진 달 밝은 밤에
너하고 나하고
이 밤이 못 가게 붙잡아보자
내 청춘이 못 가게 붙잡아보자"
정든 님,70,김양,"이제 와서 어쩌라고
이제 와서 어쩌라고
나를 두고 떠나시나요

다시 한번 생각해봐요
그날 밤은 잊을 수 없어

사랑한다 사랑한다고
그 말은 왜 했나요

떠난다면 떠나신다면
내 가슴은 내 가슴은
멍든 채로 살아갈 겁니다

그렇게도 믿었는데
그렇게도 믿었는데
정을 두고 떠나시나요

다시 한번 말을 해줘요
그 말만은 진실이라고

사랑한다 사랑한다고
그 말은 왜 했나요

가신다면 가시겠다면
내 마음은 내 마음은
멍든 채로 살아갈 겁니다"
비련,"1,773",조용필,"기도하는 사랑의 손길로 떨리는 그대를 안고
포옹하는 가슴과 가슴이 전하는 사랑의 손길
돌고 도는 계절의 바람속에서 이별하는 시련의 돌을 던지네
아 눈물은 두 뺨에 흐르고 그대의 입술을 깨무네
용서하오 밀리는 파도를 물새에게 물어보리라 물어보리라
몰아치는 비바람을 철새에게 물어보리라

기도하는 사랑의 손길로 떨리는 그대를 안고
포옹하는 가슴과 가슴이 전하는 사랑의 손길
돌고 도는 계절의 바람속에서 이별하는 시련의 돌을 던지네
아 눈물은 두 뺨에 흐르고 그대의 입술을 깨무네
용서하오 밀리는 파도를 물새에게 물어보리라 물어보리라
몰아치는 비바람을 철새에게 물어보리라

돌고 도는 계절의 바람속에서 이별하는 시련의 돌을 던지네
아 눈물은 두 뺨에 흐르고 그대의 입술을 깨무네
용서하오 밀리는 파도를 물새에게 물어보리라 물어보리라
몰아치는 비바람을 철새에게 물어보리라"
안되나용 (Feat. 휘성 (Realslow)),"10,637",김영철,"안되나용 왜 나는 안되나용
그놈은 되고 왜 나는 안되나용
사랑 때문에 너무 아프다
너무 아파서 술 한잔 때렸다
모질게 나를 버리고 가면
남겨진 나는 어떡하라고
사느냐 죽느냐 그것이 문제로다
안되나용 왜 나는 안되나용
그놈은 되고 왜 나는 안되나용
얼굴이니 아니면 입방정이니
그러면 나는 누구를 만나나용
그놈 때문에 뚜껑 열렸다
뚜껑 열려서 술 한잔 때렸다
그렇게 그녈 데리고 가면
남겨진 나는 어떡하라고
썸한번 못 타고 이렇게 끝나나용
안되나용 왜 나는 안되나용
그놈은 되고 왜 나는 안되나용
얼굴이니 아니면 그냥 아니니
그러면 나는 영원히 안되나용"
너였어,874,장윤정,"바로 바로 너야 바로 바로 너야
그게 바로 너야 그게 바로 너야
내가 찾던 너였어
널 널 널 보고
느낌이 왔어
평생 나와 함께
살아갈 사람 너란 걸
날 날 날 보는
너의 눈빛의
느낌 같은 느낌
그 느낌이 뭔지 알았어
힘들어도 술 한 잔 나누며
다독 다독
서로 위로 해줄 수 있는 너였어
바로 바로 너야 바로 바로 너야
그게 바로 너야 그게 바로 너야
내가 찾던 너였어 너였어
바로 바로 너야 바로 바로 너야
그게 바로 너야 그게 바로 너야
내가 찾던 너였어
널 널 널 보고
느낌이 왔어
평생 나와 함께
살아갈 사람 너란 걸
날 날 날 보는
너의 눈빛의
느낌 같은 느낌
그 느낌이 뭔지 알았어
힘들어도 술 한 잔 나누며
다독 다독
서로 위로 해줄 수 있는 너였어
바로 바로 너야 바로 바로 너야
그게 바로 너야 그게 바로 너야
내가 찾던 너였어 너였어
바로 바로 너야 바로 바로 너야
그게 바로 너야 그게 바로 너야
내가 찾던 너였어"
유턴하지마,"1,676",박군,"나에게로 와 튕기지 말고
나에게로 와 사랑하니까
나에게로 와 뒤돌아 보지마
나와 함께 직진 하는 거야
가짜는 가라 가라 내가 진짜다
당신을 사랑하니까
사랑은 직진 직진 유턴하지마
사랑은 직진 이니까
나에게로 와 튕기지 말고
나에게로 와 사랑하니까
나에게로 와 뒤돌아 보지마
나와 함께 직진 하는 거야
가짜는 가라 가라 내가 진짜다
당신을 사랑하니까
사랑은 직진 직진 유턴하지마
사랑은 직진 이니까
나에게로 와 튕기지 말고
나에게로 와 사랑하니까
나에게로 와 뒤돌아 보지마
나와 함께 직진 하는 거야
나에게로 와 튕기지 말고
나에게로 와 사랑하니까
나에게로 와 뒤돌아 보지마
나와 함께 직진 하는 거야
나와 함께 직진 하는 거야"
럭키,103,조정민,"왠지 너무 좋은 기분
기적이 올 것만 같아
하늘에 손키스 하고
당당하게 걸어가요

너무나 완벽한 이 순간
오오오 Luck key me
따라 따라와 날 따라와요
좋은 일들이 내게 와요

어서 오세요 내게 오세요
행복이 나를 기다리고 있죠
눈을 뜨고 꿈꾸는 기분이에요
내 품에 안겨줄래요

열어주세요 꿈 같은 시간
활짝 핀 꽃길을 걸어요
난 절대로 놓지 않아요
Luck key Luck key 기다려요

바라면 그대로 이뤄져
영화 속 주인공처럼
황홀한 기다림에 취해
날아갈 듯 설레와요

모든게 완벽한 이 순간
오오오 Luck key me
따라 웃어봐 크게 웃어봐
좋은 일들이 내게 모여

어서 오세요 내게 오세요
행복이 나를 기다리고 있죠
눈을 뜨고 꿈꾸는 기분이에요
내 품에 안겨줄래요

열어주세요 꿈 같은 시간
활짝 핀 꽃길을 걸어요
난 절대로 놓지 않아요
Luck key Luck key 기다려요

눈물짓던 지난날도
이제는 추억으로 남아
오늘도 내일도 모레도 앞으로 난
행복할 거에요

어서 오세요 내게 오세요
행복이 나를 기다리고 있죠
눈을 뜨고 꿈꾸는 기분이에요
내 품에 안겨줄래요

열어주세요 꿈 같은 시간
활짝 핀 꽃길을 걸어요
난 절대로 놓지 않아요
Luck key Luck key 기다려요
Oh Luck key 기다려요"
도찐개찐,"1,460",김의영,"사랑하다 헤어지고
좋아하다 미워하고
돌고도는 세상살이가
돌고도는 인생살이가
왜이리 힘이 들더냐
너나나나 거기서 거기 인데
너나나나 도찐개찐인데
겉치레가 무엇이 중요하더냐
나잘났다 떠들지 마라
사랑하고 나눠주면
그마음이 복이 될것을
떠나갈때 빈손으로 가는인생
미련두지 마라
사랑하다 헤어지고
좋아하다 미워하고
돌고도는 세상살이가
돌고도는 인생살이가
왜이리 힘이 들더냐
너나나나 거기서 거기 인데
너나나나 도찐개찐인데
겉치레가 무엇이 중요하더냐
나잘났다 떠들지 마라
사랑하고 나눠주면
그마음이 복이 될것을
떠나갈때 빈손으로 가는인생
미련두지 마라
가는인생 미련두지 마라"
한 남자,"16,589",임영웅,"참 오래됐나봐 이 말조차 무색 할 만큼
니 눈빛만 봐도 널 훤히 다 아는
니 친구처럼 너의 그림자처럼
늘 함께 했나봐 니가 힘들 때나 슬플 때
외로워 할 때도 또 이별 앓고서
아파할 때도 니 눈물 닦아줄-
한 남자가 있어 널 너무 사랑한
한 남자가 있어 사랑해 말도 못하는
니 곁에 손 내밀면 꼭 닿을 거리에
자신보다 아끼는 널 가진 내가 있어
너를 웃게 하는 일
오직 그것만 생각하고
언제 어디서나 너를 바라보고
널 그리워하고 니 걱정만 하는
한 남자가 있어 널 너무 사랑한
한 남자가 있어 사랑해 말도 못하는
니 곁에 손 내밀면 꼭 닿을 거리에
자신보다 아끼는 널 가진 내가 있어
천 번쯤 삼키고
워- 또 만 번쯤 추스려 보지만
말하고 싶어 미칠 것 같은데
널 와락 난 안고 싶은데
한 여자가 있어 이런 날 모르는
사랑받으면서 사랑 인줄도 모르는
나만큼 꼭 바보같은 슬픈 널 두고
이 순간도 눈물이 나지만 행복한 걸
니가 곁에 있기 때문이야-"
엄마 꽃,502,남승민,"오래된 사진 속에
어여쁜 당신의 얼굴
청춘의 달콤했던 꿈들은 모두
과거로만 남아버렸나
아들딸을 키우시느라
버려야만 했던 것들
후회한 점 없으시다는
나 밖에 모를 사람
꽃이 피었네 꽃이 피었네
우리 엄마 젊었을 적에
눈물이 나요 눈물이 나요
나 땜에 변한 것 같아
그래도 온 세상 제일 예쁘다
엄마 엄마 우리 엄마꽃
눈물이 나요 눈물이 나요
나 땜에 변한 것 같아
그래도 온 세상 제일 예쁘다
엄마 엄마 우리 엄마꽃
미안해요 우리 엄마꽃
엄마
엄마 엄마 우리 엄마꽃"
조약돌 사랑,481,장민,"잔잔한 내 가슴에

조약돌을 던져놓고

본체 만체 돌아서는

무정한 사람---아

이렇게 나를 두고

떠나갈바엔

잔잔한 내 가슴에

조약돌은 왜 던져

아아아당신이 던져놓은

사랑의 조약---돌



외로운 내 가슴에

조약돌을 던져놓고

본체 만체 돌아서는

얄미운 사람---아

이렇게 나를 두고

떠나갈 바엔

외로운 내 가슴에

조약돌은 왜 던져

아아아당신이 던져놓은

사랑의 조약---돌

아아아당신이 던져놓은

사랑의 조약---돌"
남자는 말합니다(New.ver),"4,224",장민호,"여행 갑시다 나의 여자여
하나 뿐인 나의 여자여
상처투성이 병이 들어 버린 당신
여행가서 낫게 하리다
나란 사람 하나만 믿고 같이 살아온
바보 같이 착한 사람아
남자는 말합니다 고맙구요 감사해요
오직 나만 아는 사람아
안아봅시다 나의 여자여
하나 뿐인 나의 여자여
고운 얼굴에 쓰여진 슬픈 이야기
오늘 밤에 지워 봅시다
나란 사람 하나만 믿고 같이 살아온
바보 같이 착한 사람아
남자는 말합니다 고맙구요 감사해요
오직 나만 아는 사람아
나란 사람 하나만 믿고 같이 살아온
바보 같이 착한 사람아
남자는 말합니다 고맙구요 감사해요
오직 나만 아는 사람아
오로지 나만 아는 사람아"
비가 온다,264,조항조,"빗소리가 들린다
추억이 너를 부른다
깊은 정을 남기고
떠나버린 여인아
구슬프게 비가 내리면
술잔을 비워내며 울고 싶어라
비가 온다 나의 가슴에
시리도록 마음이 춥다
미련이란 못된 눈물
빗물처럼 가슴에 흘러내린다
깊은 정을 남기고
떠나버린 여인아
구슬프게 비가 내리면
술잔을 비워내며 울고 싶어라
비가 온다 나의 가슴에
시리도록 마음이 춥다
미련이란 못된 눈물
빗물처럼 가슴에 흘러내린다
가슴에 흘러내린다"
남자는 배 여자는 항구,553,신미래,"언제나 찾아오는 부두의 이별이
아쉬워 두 손을 꼭 잡았나
눈앞에 바다를 핑계로 헤어지나
남자는 배 여자는 항구
보내주는 사람은 말이 없는데
떠나가는 남자가 무슨 말을 해
뱃고동 소리도 울리지 마세요
하루하루 바다만 바라보다
눈물지으며 힘없이 돌아오네
남자는 남자는 다 모두가 그렇게 다
아아 아아
이별의 눈물 보이고
돌아서면 잊어버리는
남자는 다 그래
아주 가는 사람이 약속은 왜 해
눈멀도록 바다만 지키게 하고
사랑했었단 말은 하지도 마세요
못 견디게 내가 좋다고
달콤하던 말 그대로 믿었나
남자는 남자는 다 모두가 그렇게 다
아아 아아
쓸쓸한 표정 짓고
돌아서선 웃어버리는
남자는 다 그래"
모정,163,이미자,"낯선 타국 바다 건너
열 세 살 어린 네가
오직 한 번 꿈에 본 듯
다녀간 이 날까지
기다리던 스무 해
모진 목숨은 백발이 되었네
하늘 끝 저 멀리에 소리쳐 불러봐도
구슬픈 메아리에 들리는 너의 이름
철새도 봄이면 돌아오는데
떠나버린 내 아들은 소식도 없네

철없는 너를 이국 땅 낯선곳에
피눈물로 보내놓고
만고 고생 다 시킨
못난 어밀 용서해라
어린 네가 뼈 아프게 번 돈
푼푼이 모아
이 어미 쓰라고 보내주면서
눈물에 얼룩진 편지에다
어머님 오래 오래 사시라고
간곡히도 이르더니
강물 같은 세월은 흘러만 가는데
보고싶은 내 자식은
어이되어 오지를 않나
어제도 오늘도 너 기다리다 병든 몸
지팡이에 온 힘을 다해 언덕에 올라가
아랫마을 정거장에 내리는
그림자를 지켜보고 섰는데
너는 왜 돌아오지 않느냐
강이야 강이야

불효 자식 기다리다 늙으신 어머니여
오매불망 쌓인 뜻을 이제야 풀려는데
자식 걱정 한 평생 그리움 안고
별나라 가셨네
죄 많은 뉘우침을 천만번 굽으소서
무정한 긴긴 세월 가슴이 메입니다
생전에 못 다한 자식의 도리
어머님 영전에서 흐느낍니다"
내 여자,"1,104",진시몬,아직 해줄게 많은데 당신사랑하는데 오늘밤에도 당신 향기에 내 가슴 뛰고 있는데 잠시 힘든 것 뿐이죠 내가 지켜줄께요 여전히 우린 사랑하기에 이것이 끝이 아니죠 운명이란 한배를 타고 가야 할 길이 아직도 멀고멀어요 그러미 미안하다니 고맙다느니 그런 말 하지 말아요 당신은 내여자니까 내운명이니까 내가슴에 둥지를 튼 사랑이니가 내인생 전부를 걸어도 아깝지 않아요 당신은 내 여자니까
가인,743,조항조,"아무말 못하고
그냥 울기만 했지
힘겨운 이별앞에
멍하니 서서
그대 처음부터 날
사랑하지 않았네
잠시 내곁에서
있었을뿐
난 그대가 나의
삶이라 믿어왔지
그대를 위해서
난 사는거라고
하지만 그대는
내가 원했던 사랑
단 한번도
주지 않았네
사랑앞에 더 이상
무릎 꿇진 않겠어
더이상의 슬픔은
없을테니까
그대가 날 버리고
떠나간 뒤에라도
다시 누군갈
사랑할 수 있으니
사랑이여 이젠
내가 달려갈테니
거기서 조금만
기다려줘
난 처음부터 그 사람의
여자가 아니었다
내가 사랑했던 사람은
날 사랑하지 않았고
난 끝내 그의 뒷모습을
보아야만 했다
그래 이젠 웃어야지
난 처음부터
그 사람의 여자가
아니었으니
난 그대가 나의
삶이라 믿어왔지
그대를 위해서
난 사는거라고
하지만 그대는
내가 원했던 사랑
단 한번도
주지 않았네
사랑앞에 더 이상
무릎꿇진 않겠어
더이상의 슬픔은
없을테니까
그대가 날 버리고
떠나간 뒤에라도
다시 누군갈
사랑할 수 있으니
사랑이여 이젠
내가 달려갈테니
거기서 조금만
기다려줘
사랑이여 이젠
내가 움직일테니
거기서 조금만
기다려줘"
그 순간,102,요요미,"그 순간 잊어버려야 할 그 순간
그대는 떠나버리고 나는 어디로 가야하나
그 전엔 너와 난 파란 꿈을 꾸며
아무도 없는 곳에서 우리는 사랑했었지
고요한 밤이 오면 별처럼 빛나던 그대의 눈
밤하늘 별빛처럼 웃음 짓던 그대의 얼굴
아아 아 아아아아아아 아 아아아아아
너무나 아름답던 그대의 그 모습이여
하지만 언제인가 전화벨 소리는
자꾸만 들려오고 그 전화 받는 순간
떨리는 목소리로 헤어져야 한다는
그대의 말 한 마디 그대의 말 한 마디 난
슬픔에 빠져버렸네
까만 내 눈엔 눈물이 자꾸 고이네
하지만 언제인가 전화벨 소리는
자꾸만 들려오고 그 전화 받는 순간
떨리는 목소리로 헤어져야 한다는
그대의 말 한 마디 그대의 말 한 마디 난
슬픔에 빠져버렸네
까만 내 눈엔 눈물이 자꾸 고이네
까만 내 눈엔 눈물이 자꾸 고이네
까만 내 눈엔 눈물이 자꾸 고이네
까만 내 눈엔 눈물이 자꾸 고이네"
그대여,"1,001",이정희,"나~나~나~나~~~~~
바람도 차가운 날 저녁에
그이와 단둘이서 만났네
정답던 이시간이 지나면 나혼자 떠나가야해
거리엔 가로등불 하나둘 어둠은 불빛속에내리고
정답던 이시간이 지나면 나혼자 떠나가야해
그대여 그대여 울지말아요
사랑은 사랑은 슬픈거래요
그대여 그대여 나를 보세요 그리고 웃어요
거리엔 가로등불 하나둘 어둠은 불빛속에내리고
정답던 이시간이 지나면 나혼자 떠나가야해
나~나~나~나~~~~~
그대여 그대여 울지 말아요
사랑은 사랑은 슬픈거래요
그대여 그대여 나를 보세요 그리고 웃어요
거리엔 가로등불 하나둘 어둠은 불빛속에 내리고
정답던 이시간이 지나면 나혼자 떠나가야해
나~~나~나~나~~~~~나~~~~~~"
모정의 세월,"1,380",진해성,"동지섣달 긴긴밤이 짧기만 한 것은
근심으로 지새우는 어머님 마음
흰머리 잔주름은 늘어만 가시는데
한없이 이어지는 모정의 세월
아~ 가지 많은 나무에 바람이 일듯
어머니 가슴에는 물결만 높네
아~ 가지 많은 나무에 바람이 일듯
어머니 가슴에는 물결만 높네
물결만 높네"
미련의 부르스,"2,006",박지현,"아무 말 하지 말고 그냥 가세요
붙잡진 않겠어요
이 순간이 괴로워도
잊으면 그만이니까
사랑이 사랑이 뭔지
이별이 이별이 뭔지
흐르는 세월에 알게 될 거야
먼 훗날 우리가 서로
우연히 만난다 해도
너무너무 오랜 세월에
서로가 변해버린 우리의 모습에
그때는 어떻게 하겠소
돌아선 그 마음을 돌릴 수 있다면
다시 다시 생각해 봐요

아무 말 하지 말고 그냥 가세요
붙잡진 않겠어요
이 순간이 괴로워도
잊으면 그만이니까
사랑이 사랑이 뭔지
이별이 이별이 뭔지
흐르는 세월에 알게 될 거야
먼 훗날 우리가 서로
우연히 만난다 해도
너무너무 오랜 세월에
서로가 변해버린 우리의 모습에
그때는 어떻게 하겠소
돌아선 그 마음을 돌릴 수 있다면
다시 다시 생각해 봐요"
가지마오,436,나훈아,"사랑해 사랑해요 당신을 당신만을
이 생명 다바쳐서 이 한 목숨 다받쳐
내 진정 당신만을 사랑해
가지마오 가지마오
나를 두고 가지를 마오
이대로 영원토록 한 백년 살고파요
나를 두고 가지를 마오
사랑해 사랑해요 당신을 당신만을
이 생명 다바쳐서 이 한 목숨 다받쳐
내 진정 당신만을 사랑해
가지마오 가지마오
정을 두고 가지를 마오
이대로 영원토록 한 백년 살고파요
정을 두고 가지를 마오"
목포행 완행열차,377,최수호,"목포행 완행열차
마지막 기차 떠나가고
늦은 밤 홀로 외로이
한잔 술에 몸을 기댄다
우리의 사랑은 이제
여기까지가 끝인가요
우리의 짧은 인연도
여기까지가 끝인가요
잘 가요 인사는 못해요
아직 미련이 남아서
언젠가 우리
다시 만나는 그날
그냥 편히 웃을 수 있게

우리의 사랑은 이제
여기까지가 끝인가요
우리의 짧은 인연도
여기까지가 끝인가요
잘 가요 인사는 못해요
아직 미련이 남아서
언젠가 우리
다시 만나는 그날
그냥 편히 웃을 수 있게
그냥 편히 안을 수 있게"
파초,"1,669",수와 진,"불꽃처럼 살아야해
오늘도 어제처럼
저 들판의 풀잎처럼
우린 쓰러지지 말아야해
모르는 사람들을
아끼고 사랑하며
행여나 돌아서서
우리 미워하지 말아야해
하늘이 내 이름을
부르는 그날까지
순하고 아름답게
오늘을 살아야해
정열과 욕망속에
지쳐버린 나그네야
하늘을 마시는
파초의 꿈을 아오
가슴으로 노래하는
파초의 뜻을 아오

모르는 사람들을
아끼고 사랑하며
행여나 돌아서서
우리 미워하지 말아야해
하늘이 내 이름을
부르는 그 날까지
순하고 아름답게
오늘을 살아야해
정열과 욕망속에
지쳐버린 나그네야
하늘을 마시는
파초의 꿈을 아오
가슴으로 노래하는
파초의 뜻을 아오
가슴으로 노래하는
파초의 뜻을 아오"
남자는 여자를 귀찮게 해,933,문주란,"처음에 사랑할 때 그 이는
씩씩한 남자였죠
밤하늘에 별도 달도 따주마
미더운 약속을 하더니
이제는 달라졌어 그 이는
나보고 다 해달래
애기가 되어버린 내 사랑
당신 정말 미워 죽겠네
남자는 여자를 정말로 귀찮게 하네
남자는 여자를 정말로 귀찮게 하네

결혼을 하고 난 후 그 이는
애기가 돼버렸어
밥달라 사랑달라 보채고
둘이서 놀기만 하쟤요
할 일은 해도해도 많은데
자기만 쳐다보래
웃어라 안아달라 조르는
당신 골치아파 죽겠네
남자는 여자를 정말로 귀찮게 하네
남자는 여자를 정말로 귀찮게 하네
남자는 여자를 정말로 귀찮게 하네"
여기요,"3,904",홍자,"여기요 여기 있어요
그대 찾는 사람
하나뿐인 사람
여기 있어요
스치는 바람처럼
지나쳐가는
사랑에 힘드셨나요
세월이 흘러가도
변하지 않는
그런 사랑 찾으시나요
여기요 여기 있어요
그대 찾는 사람
하나뿐인 사람
여기 있어요
여기요 여기 있어요
진심 어린 사랑
하나뿐인 사랑
여기 있어요
가슴이 두근두근 어떻게하죠
그대 보면 너무 떨려요
사랑의 열매가 열렸나봐요
어서빨리 가져가세요
여기요 여기 있어요
그대 찾는 사람
하나뿐인 사람
여기 있어요
여기요 여기 있어요
진심 어린 사랑
하나뿐인 사랑
여기 있어요
고민할 필요 없어요
당신을 위한 사람
거기 저기도 아니에요
운명같은 사랑
여기요 여기 있어요
그대 찾는 사람
하나뿐인 사람
여기 있어요
여기요 여기 있어요
진심 어린 사랑
하나뿐인 사랑
여기 있어요
진심 어린 사랑
하나뿐인 사랑
여기 있어요"
울긴 왜 울어,918,나훈아,"울지마 울긴 왜 울어
고까짓것 사랑 때문에
빗속을 거닐며
추억일랑 씻어버리고
한잔술로 잊어버려요
어차피 인생이란
이별이 아니더냐
울지마 울긴 왜 울어
바보처럼 울긴 왜 울어
울지마 울긴 왜 울어
고까짓것 미련 때문에
흐르는 강물에
슬픔일랑 던져버리고
돌아서서 웃어버려요
어차피 인생이란
연극이 아니더냐
울지마 울긴 왜 울어
바보처럼 울긴 왜 울어"
개구리다 (蛙化現象),207,김홍남,"보름달이 뜨고 초승달이 지고
깜깜 밤 하늘에
구름 한 점 없어
밝은 보릿고개

매끈한 다리
반짝이는 눈빛
빵빵한 엉덩이

구슬픈 노랫소리
들린다면 대답해주오

개굴 개굴 개구리 노랠 부른다!

僕はカエルだケロケロ
あなたは姫様ケロケロ
チューしてくれしてくれ
나는 그대 없이 못 사니까요

僕はカエルだケロケロ
あなたは姫様ケロケロ
チューしてくれしてくれ
나는 그대 없이 못 사니까요

고요한 새벽 둥근 하늘에서
반짝하고 떨어지는 별
두 손을 모아 모아
별님에게 빌어봅니다

그대 볼 수 있게 우렁찬 노랠
부르고 부르다 보면
조그만 우물에서
꺼내어 입 맞춰주겠죠

개굴개굴 개구리 노래를 한다
개굴개굴 개구리 목청도 좋다
개굴개굴 개구리 그댈 부른다
개굴개굴 개구리 개구리다

僕はカエルだケロケロ
あなたは姫様ケロケロ
チューしてくれしてくれ
나는 그대 없이 못 사니까요

僕はカエルだケロケロ
あなたは姫様ケロケロ
チューしてくれしてくれ
나는 그대 없이 못 사니까요"
사랑의 와이파이,"7,098",홍진영,"오직 나만을 사랑해 줘요
평생 나만을 바라봐 줘요
음
첫눈에 홀딱 반했나 봐요
사랑의 삘이 통했나 봐요
그대는 이제 내 꺼
영원히 내 꺼야
당신만이 내 사랑
하루도 우리 사랑 끊기면 안 돼
느려도 싫어 싫어요
낮에도 한 밤에도 팡팡 터져라
사랑의 와이파이야
첫눈에 홀딱 반했나 봐요
사랑의 삘이 통했나 봐요
그대는 이제 내 꺼
영원히 내 꺼야
당신만이 내 사랑
오직 나만을 사랑해 줘요
평생 나만을 바라봐 줘요
당신 밖에 나는 몰라요
내겐 당신 뿐이야
오늘은 나를 향한 그대 마음이
웬일로 잡히질 않아
산 넘고 물 건너도 팡팡 터져라
사랑의 와이파이야
첫눈에 홀딱 반했나 봐요
사랑의 삘이 통했나 봐요
그대는 이제 내꺼
영원히 내꺼야
당신만이 내 사랑
오직 나만을 사랑해 줘요
평생 나만을 바라봐 줘요
당신 밖에 나는 몰라요
내겐 당신 뿐이야
라라라라라 라라라
내가 내가 외롭지 않게
라라라라라 라라라
내 가슴 울리지 않게
오직 나만을 사랑해 줘요
평생 나만을 바라봐 줘요
당신 밖에 나는 몰라요
내겐 당신 뿐이야
그대는 이제 내 꺼
영원히 내 꺼야
당신만이 내 사랑"
돌아와요 부산항에,70,하이량,"꽃피는 동백섬에 봄이 왔건만
형제 떠난 부산항에 갈매기만 슬피 우네
오륙도 돌아가는 연락선마다
목메어 불러봐도 대답 없는 내 형제여
돌아와요 부산항에
그리운 내 형제여
가고파 목이 메어 부르던 이 거리는
그리워서 헤매이던 긴긴날의 꿈이었지
언제나 말이 없는 저 물결들도
부딪쳐 슬퍼하며 가는 길을 막았었지
돌아왔다 부산항에
그리운 내 형제여
오륙도 돌아가는 연락선마다
목메어 불러봐도 대답 없는 내 형제여
돌아와요 부산항에
그리운 내 형제여
그리운 내 형제여"
목포행 완행열차,683,장윤정,"목포행 완행열차
마지막 기차 떠나가고
늦은 밤 홀로 외로이
한잔 술에 몸을 기댄다
우리의 사랑은 이제
여기까지가 끝인가요
우리의 짧은 인연도
여기까지가 끝인가요
잘가요 인사는 못해요
아직 미련이 남아서
언젠가 우리 다시 만나는 그날
그냥 편히 웃을 수 있게
우리의 사랑은 이제
여기까지가 끝인가요
우리의 짧은 인연도
여기까지가 끝인가요
잘가요 인사는 못해요
아직 미련이 남아서
언젠가 우리 다시 만나는 그날
그냥 편히 웃을 수 있게
그냥 편히 안을 수 있게"
사치기 사치기,"1,699",남진,"월요일은
원래 사랑하는 날
화요일은
화끈하게 사랑하는 날
수요일은
수도 없이 사랑하고
목요일은
목숨 걸고 사랑하고
금요일은
금쪽같은 사랑을 하세
사랑만 하고 가도
아쉬운 인생
티격태격 해서 무엇해
토요일은
토닥토닥 사랑하고
일요일은
일찌감치 사랑하고
천년만년 함께 행복하세
월요일은
원래 사랑하는 날
화요일은
화끈하게 사랑하는 날
수요일은
수도 없이 사랑하고
목요일은
목숨 걸고 사랑하고
금요일은
금쪽같은 사랑을 하세
사랑만 하고 가도
아쉬운 인생
티격태격 해서 무엇해
토요일은
토닥토닥 사랑하고
일요일은
일찌감치 사랑하고
천년만년 함께 행복하세
사랑만 하고 가도
아쉬운 인생
티격태격 해서 무엇해
토요일은
토닥토닥 사랑하고
일요일은
일찌감치 사랑하고
천년만년 함께 행복하세
천년만년 함께 행복하세"
짝짝꿍짝 (Feat. 남승민) (Prod. 영탁),"18,442",정동원,"짝짝꿍짝 눈빛만 봐도
꿍하면 짝이잖아
니가 좋아 나도 좋아
변하지 말자
짝짝꿍짝
하루만 안 봐도 보고 싶고
또 보고 싶은 사람
맛있는 걸 먹을 때면
생각이 나는 사람
온종일 같이 붙어 다녀도
지겹지 않은 사람
말 한마디 없을 때도
통하는 그런 사람
짝짝꿍짝 우리 두 사람
죽이 짝짝 맞잖아
이런 사람 평생에 한 번
만날 수가 있을까
짝짝꿍짝 눈빛만 봐도
꿍하면 짝이잖아
니가 좋아 나도 좋아
변하지 말자
짝짝꿍짝
하루만 안 봐도 보고 싶고
또 보고 싶은 사람
맛있는 걸 먹을 때면
생각이 나는 사람
온종일 같이 붙어 다녀도
지겹지 않은 사람
말 한마디 없을 때도
통하는 그런 사람
짝짝꿍짝 우리 두 사람
죽이 짝짝 맞잖아
이런 사람 평생에 한 번
만날 수가 있을까
짝짝꿍짝 눈빛만 봐도
꿍하면 짝이잖아
니가 좋아 나도 좋아
변하지 말자
짝짝꿍짝"
님이여,"2,120",박서진,"님이여 님이시어
기어이 가시나요
뒷산에 접동새가
여태도록 우는데
가시면 떠나시면
어쩌라 어쩌라고
아니 되오 못 가오
나를 두고 못 가오
이 사랑 다 주기 전에
살아가는 오늘 또 내일이
님의 향기뿐인데
님이여 님이시어
차라리 죽으려오
님이 없는 세상은
온통 암흑천지요
내 사모하는 님이여
아 내 님이여

가시면 떠나시면
어쩌라 어쩌라고
아니 되오 못 가오
나를 두고 못 가오
이 사랑 다 받기 전에
가슴 가슴마디 뼈마디마다
님의 손길뿐인데
님이여 님이시어
차라리 죽으려오
님이 없는 세상에
살아 무엇하리오
내 사모하는 님이여
아 내 님이여
아 내 님이여"
송인,75,송자영,"바람에 날리는 저 꽃잎 보며
동그라미 그려보다가
오늘 밤 꿈속에 날 찾을까
시린 가슴만 애 태우죠
바람아 바람아 닿을 수 없는
그 길 따라가다
밤새워 흐르는 눈물조차
행여 짐 될까 감추었죠

바람아 바람아 닿을 수 없는
그 길 따라가다
고달픈 걸음에 눈물 고이면
몰래 나 대신 훔쳐다오
이 마음 전해다오"
김포가도,809,진해성,"그렇게도 떠나기를
아쉬워한 사람을
보내고 돌아오는 김포가도
창밖을 스쳐가는 싸늘한 바람
쌓이고 쌓였던 지난 사연
구름 속에 사라졌네
수많은 별 같은 추억을 안고
쓸쓸하게 돌아오는
밤 깊은 김포가도

그렇게도 헤어지길
망설이던 사람을
보내고 돌아오는 김포가도
두 눈에 아롱지는 가버린 얼굴
쌓이고 쌓였던 지난 사연
구름 속에 사라졌네
수많은 별 같은 추억을 안고
쓸쓸하게 돌아오는
밤 깊은 김포가도"
그것은 인생,"1,397",최혜영,"나나나 나나나 나나나나
나나나 나나나 나나나나
아기 때는 젖주면 좋아하고 아하
아이 때는 노는걸 좋아하고
저 가는 세월 속에 모두 변해가는 건
그것은 인생
철이 들어 친구도 알게되고 아하
사랑하며 때로는 당황하며
저 가는 세월 속에 모두 변해가는 건
그것은 인생
시작도 알 수 없고 끝도 알 수 없네
영원한 시간 속에 잠시 서있을뿐
우리가 얻은 것은 진정 무엇이고
우리가 잃은 것은 과연 무엇인가
저 가는 세월 속에 빈손으로 가는 건
그것은 인생
나나나 나나나 나나나나
나나나 나나나 나나나나
어릴 때는 엄마가 필요하고 아하
커가면서 애인도 필요하고
저 가는 세월 속에 모두 변해가는 건
그것은 인생
부딪히는 갈등과 갈등 속에 아하
숨겨있던 자신을 발견하며
저 가는 세월 속에 모두 변해가는 건
그것은 인생
시작도 알 수 없고 끝도 알 수 없네
영원한 시간 속에 잠시 서있을뿐
우리가 얻은 것은 진정 무엇이고
우리가 잃은 것은 과연 무엇인가
저 가는 세월 속에 빈손으로 가는 건
그것은 인생
나나나 나나나 나나나나
나나나 나나나 나나나나"
신 미아리 고개,947,금잔디,"미아리 눈물고개
님이 넘던 이별고개
아주 오래 전의 미아리 고개
울며불며 매달리던 눈물 고개
오늘 날의 현재는 미아리 고개
갈테면 가라지 냅두는 고개
내가 뭐 잡을 줄 아니
천만의 만만의 콩떡
여자 답게 상냥하게 보내는 거야
미아리 눈물 고개
네가 떠난 이별 고개
네가 없어도 남자는 많아
갈테면 어서 가라지
행여 나에게 돌아올 생각
꿈에도 하지 말아줘
아주 오래 전의 미아리 고개
울며불며 헤어지던 눈물 고개
오늘 날의 현재는 미아리 고개
갈테면 가라지 냅두는 고개
내가 뭐 잡을 줄 아니
천만의 만만의 콩떡
여자 답게 깔끔하게 보내는 거야
미아리 눈물 고개
네가 떠난 이별 고개
네가 없어도 남자는 많아
갈테면 어서 가라지
행여 나에게 연락할 생각
꿈에도 하지 말아줘"
사랑은 나비인가봐,875,현철,"고요한 내 가슴에
나비처럼 날아와서
사랑을 심어놓고
나비처럼 날아간 사람
내 가슴에 지울 수 없는
그리움 주고 간 사람
그리운 내 사연을
뜬 구름아 전해다오
사람은 얄미운 나비인가봐
고요한 내 가슴에
나비처럼 날아와서
사랑을 심어놓고
나비처럼 날아간 사람
내 가슴에 지울 수 없는
그리움 주고 간 사람
그리운 내 사연을
뜬 구름아 전해다오
사랑은 얄미운 나비인가봐"
자갈치 아지매,"2,023",박지현,"흥남 부두 돌아 돌아
국제시장 돌고 돌아
소리 내어 울었네 소리 내어 불렀네
당신을 찾아 헤맸네
반짝반짝 반짝이는
항구의 작은 별들아
우리 엄마 계신 곳까지
나를 나를 데려가다오
영도다리 난간 위에서
남포동 뒷골목에서
자갈치 아지매가
목놓아 부르는 이름
엄마 엄마 엄마를 찾는
자갈치 아지매

흥남 부두 돌아 돌아
국제시장 돌고 돌아
소리 내어 울었네 소리 내어 불렀네
당신을 찾아 헤맸네
반짝반짝 반짝이는
항구의 작은 별들아
우리 엄마 계신 곳까지
나를 나를 데려가다오
영도다리 난간 위에서
남포동 뒷골목에서
자갈치 아지매가
목놓아 부르는 이름
엄마 엄마 엄마를 찾는
자갈치 아지매
영도다리 난간 위에서
남포동 뒷골목에서
자갈치 아지매가
목놓아 부르는 이름
엄마 엄마 엄마를 찾는
자갈치 아지매
자갈치 아지매"
다함께 차차차,"1,409",설운도,"어차피 잊어야 할
사람이라면
돌아서서 울지마라
눈물을 거둬라
내일은 내일 또 다시
새로운 바람이 불거야
근심을 털어 놓고
다함께 차차차
슬픔을 묻어놓고
다함께 차차차
차차차 차차차
잊자 잊자 오늘만은
미련을 버리자
울지 말고
그래 그렇게
다함께 차차차
어차피 돌아서 간
사랑이라면
다시는 생각마라
눈물을 거둬라
내일은 내일 또 다시
새로운 바람이 불거야
근심을 털어놓고
다함께 차차차
슬픔을 묻어놓고
다함께 차차차
차차차 차차차
잊자 잊자 오늘만은
미련을 버리자
울지 말고
그래 그렇게
다함께 차차차"
갈색추억,88,박혜신,"희미한 갈색 등불 아래
싸늘히 식어가는 커피잔
사람들은 모두가 떠나고
나만홀로 남은찻집
아무런 약속도 없는데
그사람 올리도 없는데
나도몰래 또다시 찾아온
지난날 추억속의 그찻집
우리는 나란히 거피를 마시며
뜨거운 가슴 나누었는데
음악에 취해서 사랑에 취해서
끝없이 행복했는데
어느날 갑자기 그대는 떠나고
갈색등불 빛만 남아
외로운 찻잔에 싸늘한 찻잔에
희미한 갈색추억
우리는 나란히 거피를 마시며
뜨거운 가슴 나누었는데
음악에 취해서 사랑에 취해서
끝없이 행복했는데
어느날 갑자기 그대는 떠나고
갈색등불 빛만 남아
외로운 찻잔에 싸늘한 찻잔에
희미한 갈색추억
어느날 갑자기 그대는 떠나고
갈색등불 빛만 남아
외로운 찻잔에 싸늘한 찻잔에
희미한 갈색추억"
내사랑 그대여,"1,322",김용임,"날 좋아 한다고 말해요
그대없이 나는 못 살아요
메마른 내가슴에
단비를 뿌리는
그대를 너무나 좋아해
날사랑 한다고 말해요
그대두고 나는 못살아요
한줄기 빛이 되어
어둠을 밝히는
그대를 너무나 사랑해
이세상 영원 영원히
내 곁에만 있어 주세요
나의 모든것들은
다 그대꺼예요
뭐든지 드리겠어요
죽는 날까지 같이살아요
그대를 좋아해 사랑해
내사랑 그대여

날 좋아 한다고 말해요
그대없이 나는 못살아요
메마른 내 가슴에
단비를 뿌리는
그대를 너무나 좋아해
날사랑 한다고 말해요
그대두고 나는 못살아요
한줄기 빛이되어
어둠을 밝히는 그대를
너무나 사랑해
이세상 영원 영원히
그대곁에 있을 꺼에요
그대의 모든것들은
다 내 꺼예요
뭐든지 다주세요
죽는 날까지 같이 살아요
그대를 좋아해 사랑해
내사랑 그대여"
깐죽송,54,최양락,"오늘 하루
참고 참은 그 얘기를 해봐 유
내일은 또~오
바보처럼 참고 참을 건가 유
그러다가~ 병이 나면 어쩌려고 하나 유
첫 잔처럼 시원하게 모두 비워 내봐 유
꽉 졸라맨 넥타이 멋들어지네요
이제는 가슴 깊이 감춰둔 야수를 풀어봐
깐죽 포~차
하루 종일 참고 참은 그 얘기
참으면 병 된다 참지 말고 본색을 드러내
다 괜찮아~유 아프니까 인생인 것이여
어서 와 기가 막힌 여러분의 깐죽포차~
깐죽포~차~


그러다가~
흥이 나면 어쩌려고 하나 유
막잔처럼 시원하게 모두 쏟아 내봐 유
쫙 달라붙는 스타일 멋들어지네요
이제는 가슴 깊이 장전된 욕망을 뜨겁게 터트려봐
깐죽 포~차
하루 종일 참고 참은 그 얘기
참으면 병 된다 참지 말고 본색을 드러내
다 괜찮아~유 아프니까 인생인 것이여
여기가 기가 막힌 여러분의 깐죽~포차
깐죽포~차"
날개,201,반가희,"일어나라 아이야
다시 한 번 걸어라
뛰어라 젊음이여
꿈을 안고 뛰어라
날아라 날아라
고뇌에 찬 인생이여
일어나 뛰어라
눕지 말고 날아라
어느 누가 청춘을
흘러가는 물이라 했나
어느 누가 인생을
떠도는 구름이라 했나
날아라 날아라
고뇌에 찬 인생이여
일어나 뛰어라
눕지 말고 날아라
어느 누가 청춘을
흘러가는 물이라 했나
어느 누가 인생을
떠도는 구름이라 했나"
전복 먹으러 갈래,402,최수호,"전복 먹으러 갈래
서해안 고속도로 타고
완도 앞 바다로
나랑 같이 가볼래
슬쩍 기대도 돼
내 팔을 어깨 위에 두르고
저 구름 따라
지금 떠나볼래
어느새 바닷바람 시원하게 불어오잖아
좋아
걱정은 마 오늘은 내가 책임진다
진짜야
너에게 좋은 것만 주고픈 마음 알까
전복 먹으러 갈래
할 일은 내일로 다 미루고
이 기분 따라
훌쩍 떠나볼래

조개구이 먹으러 갈래
가까운 오이도도 좋아
까먹기 번거로우면
뭐 찜도 괜찮아
아님 뭐든 어때
랍스타 장어 새우 대게
둘이서 간다면
난 어디든 좋아
어느새 바닷바람 시원하게 불어오잖아
좋아
걱정은 마 오늘은 내가 책임진다
진짜야
너에게 좋은 것만 주고픈 마음 알까
진짜로 좋은 것만 주고픈 마음 알까

소주도 한잔할래
안주가 끝내주잖아
이거 마시면 우리
사귀는 거다"
이별의 부산정거장,"1,757",박지현,"보슬비가 소리도 없이
이별 슬픈 부산정거장
잘 가세요 잘 있어요 눈물의 기적이 운다
한 많은 피난살이 설움도 많아
그래도 잊지 못할 판잣집이여
경상도 사투리의
아가씨가 슬피 우네
이별의 부산정거장

서울 가는 십이 열차에
기대앉은 젊은 나그네
시름없이 내다보는 창밖의 등불이 존다
쓰라린 피난살이 지나고 보니
그래도 잊지 못할 순정 때문에
기적도 목이 메어
소리 높이 우는구나
이별의 부산정거장

가기 전에 떠나기 전에
하고 싶은 말 한마디를
유리창에 그려보는 그 마음 안타까워라
고향에 가시거든 잊지를 말고
한두 자 봄소식을 전해주소서
몸부림치는 몸을
뿌리치고 떠나가는
이별의 부산 정거장"
홍시,"1,184",김양,"1. 생각이 난다 홍시가 열리면 울 엄마가 생각이 난다


자장가 대신 젖가슴을 내~주던 울 엄마가 생각이 난다


눈이~오면 눈맞을 세라 비가 오면 비젖을 세라


험한 세상 넘어질 세라 사랑 땜에 울먹일 세라


그리워진다 홍시가 열리면 울 엄마가 그리워진다


눈에 넣어도 아프지도 않겠다던 울 엄마가 그리워진다 .





2. 생각이 난다 홍시가 열리면 울 엄마가 생각이 난다


회초리 치고 돌아 앉아 우시던 울 엄마가 생각이 난다


바람 불면 감기들 세라 안먹어서 약해 질 세라


힘든 세상 뒤쳐질 세라 사랑 땜에 아파 할 세라


그리워진다 홍~시가 열리면 울 엄마가 그리워진다


생각만 해도 눈물이 핑도는 울 엄마가 그리워진다


생각만 해도 가슴이 찡하는 울 엄마가 그리워진다.


울 엄마가 생가이 난다


울 엄마가 보고파진다."
세월아,"2,139",박지현,"가려거든 먼저 가거라
쉬엄쉬엄 쉬었다 가게

세월아 가지 말어라
가려거든 혼자서 가지
애꿎은 이 내 몸은 어이하라고
세월아 야속도 하구나
찬바람도 비바람도
견뎌온 내 청춘아
그 누가 알아주나
그 누가 알아주나
속절없이 살아온 세월
가려거든 먼저 가거라
쉬엄쉬엄 쉬었다 가게

세월아 가지 말어라
가려거든 혼자서 가지
애꿎은 이 내 몸은 어이하라고
세월아 야속도 하구나
찬바람도 비바람도
견뎌온 내 청춘아
그 누가 알아주나
그 누가 알아주나
속절없이 살아온 세월
가려거든 먼저 가거라
쉬엄쉬엄 쉬었다 가게"
당신,"1,161",김정수,"내 품에 안기어
곤히 잠든 그대여
어느덧 그대 눈가에도
주름이 졌네
내 가슴에 묻혀
꿈을 꾸는 그대여
야위어진 그댈 바라보니
눈물이 솟네
고왔던 여자의 순정을
이 못난 내게 바쳐두고
한마디 원망도 않은채
긴세월을 보냈지
난 맹세하리라
고생많은 당신께
이 생명 다하는 날까지
그대를 사랑하리
고왔던 여자의 순정을
이 못난 내게 바쳐두고
한마디 원망도 않은채
긴세월을 보냈지
난 맹세하리라
고생많은 당신께
이 생명 다하는 날까지
그대를 사랑하리"
인생극장,602,민수현,"인생은 너와 나의 얘기를
무대에 올리는 과정
슬펐을 때나 기쁠 때나
필름은 돌고 돌아

내 인생 지난날의 장면을
되돌려 감아보면
그 중에 최고 하이라이트
너와 나의 사랑

만난지 한 달 만에
사랑한다 고백하고
눈물 나고 꿈도 많은
사랑의 역사를 쓰고 있네

내 인생극장은 끝난게 아냐
내 인생극장은 동시 상영중

인생은 너와 나의 얘기를
무대에 올리는 과정
슬펐을 때나 기쁠 때나
필름은 돌고 돌아

내 인생 지난날의 장면을
되돌려 감아보면
그 중에 최고 하이라이트
너와 나의 사랑

만난지 한 달 만에
사랑한다 고백하고
눈물 나고 꿈도 많은
사랑의 역사를 쓰고 있네

내 인생극장은 끝난게 아냐
내 인생극장은 동시 상영중

내 인생극장은 끝난게 아냐
내 인생극장은 동시 상영중"
오키도키야,"1,727",진성,"오케이 오케이 오키도키야
세상이 뭐라 해도
오케이 오케이 포기는 없다
내 인생아 아자
인생이란 무대 위에서
저마다의 배역은 있지만
내 인생의 무대 위에서
주인공은 바로 나
어디서나 2번 3번 서러움도 컸지만
지금부터 서로에게 우린 1번인 거야
오케이 오케이 오키도키야
가슴이 가는 대로
오케이 오케이 오키도키야
내 길을 달려간다
오케이 오케이 오키도키야
세상이 뭐라 해도
오케이 오케이 포기는 없다
내 인생아 아자
당당하게 사랑할 거야
미안한 사랑은 난 싫어
보란 듯이 성공할 거야
호강시켜 줄 거야
어디서나 2번 3번 서러움도 컸지만
나를 믿는 나의 1번 당신이 있으니
오케이 오케이 오키도키야
가슴이 가는 대로
오케이 오케이 오키도키야
내 길을 달려간다
오케이 오케이 오키도키야
세상이 뭐라 해도
오케이 오케이 포기는 없다
내 인생아 아자
내 인생아 아자"
안돼요 안돼,584,김상배,"무슨말을 해야만이
내게로 오시렵니까
아무말을 하지 않는
이내맘을 모르시나요
이렇다 할 말도 없이
떠나려만 하신답니까
이가슴에 새긴정을
그대 어찌 모르십니까
안돼요 안돼 그리는 못합니다
울면서 애원했건만
스쳐간 세월이 나를 울리면
이 몸 홀로 어이 합니까

그리워도 보고파도
만날수는 없는 겁니까
마음주고 떠나시니
이 내몸은 어이 하나요
이렇다할 말도 없이
떠나려만 하신답니까
이가슴에 새긴정을
그대 어찌 모르십니까
안돼요 안돼 그리는 못합니다
울면서 애원했건만
스쳐가는 세월이 나를 울리면
이몸 홀로 어이 합니까"
당신이 좋아,"1,128",장윤정,"그대는 내 사랑 당신도 내 사랑
이 세상에 그 무엇도 쨉이 안되지
원앙이 따로 있나 우리가 원앙이지
환상의 해피한 원앙이지

아 꿀맛같은 그대 사랑에
내 인생을 걸었잖아
비가 와도 좋아 눈이 와도 좋아
바람 불어도 좋아
좋아 좋아 당신이 좋아

그대는 내 운명 당신도 내 운명
하늘 아래 누가 와도 쨉이 안되지
그댄 꽃 중에 꽃 당신은 불나비
환상의 해피한 꽃과 나비지

아 꿀맛같은 그대 사랑에
내 인생을 걸었잖아
비가 와도 좋아 눈이 와도 좋아
바람 불어도 좋아
좋아 좋아 당신이 좋아

아 꿀맛같은 그대 사랑에
내 인생을 걸었잖아
비가 와도 좋아 눈이 와도 좋아
바람 불어도 좋아
좋아 좋아 당신이 좋아
좋아 좋아 당신이 좋아"
오늘이 젊은날,874,진해성,"나이야 가라 나이야 가라
나이가 대수냐
오늘이 가장 젊은 날
내 과거 묻지를 마세요
알아서 무엇 하나요
지난 일은 지난밤에 묻어요
살다 보면 다 그렇지
마음엔 나이가 없는 거란 걸
세월도 비켜가는 걸
잊지는 말아요 오늘 이 순간이
내 인생에 가장 젊은 날

나이야 가라 나이야 가라
나이가 대수냐
오늘이 가장 젊은 날
인생을 돌아보지 마세요
그렇게 흘려보내요
아쉬워도 시간 속에 묻어요
인생이란 다 그렇지
청춘엔 기준이 없는 거란 걸
지금도 한창때란 걸
잊지는 말아요 오늘 이 순간이
내 인생에 가장 젊은 날
나이야 가라 나이야 가라
나이가 대수냐
오늘이 가장 젊은 날
오늘이 가장 젊은 날"
내가 바보야,740,강혜연,"눈시울을 적시면서
그 님에게 안녕하며
작별의 인사하고
이제 와서 후회하며
눈물 짓네
가지 말라 잡아볼걸
사랑한다 말해볼걸
이제 와서 무슨 소용이야
내가 바보야
내가 바보야
잡지 못한
내가 바보야
가지 말라 잡아볼걸
사랑한다 말해볼걸
이제 와서 무슨 소용이야
내가 바보야
내가 바보야
잡지 못한
내가 바보야"
쓰러집니다,690,황우림,"올 때는 내게 예고없이 다가왔다가
이제 와서 날 떠나요
말도 안돼 핑계 어쩌면
잘 갖다 붙여 뻔뻔하게도
차라리 내가 싫어졌다
말을 한다면
잡을 나도 아니겠지만
사랑해서 떠난다는 말
지금 뭐하자는 겁니까
쓰러집니다 쓰러집니다
그대 말을 듣고 있으면
뭐가 어때서 그런건가요
사랑이 장난인가요
가던 길 그냥 떠나지
왜 돌려요
이제는 그만 나를 울려요
가던 길 그냥 떠나지 왜 돌려요
가던 길 그냥 떠나지
쓰러집니다 쓰러집니다
그대 말을 듣고 있으면
뭐가 어때서 그런건가요
사랑이 장난인가요
가던 길 그냥 떠나지 왜 돌려요
이제는 그만 나를 울려요
가던 길 그냥 떠나지 왜 돌려요
가던 길 그냥 떠나지
가던 길 그냥 떠나지 왜 돌려요
이제는 그만 나를 울려요
가던 길 돌려 왔다가 다시 가면
나 정말 쓰러집니다
나 정말 쓰러집니다"
사랑바보,"13,197",임영웅,"그 사람은 나를 바보로 만든답니다
너무나 행복한 바보로 말이예요
그래서 행복합니다 너무 행복합니다
그대 바보가 되어서
그 사람은 나의 맘을 비워버려요
아무런 생각도 나지 않게 말이예요
나는 바보랍니다 그대의 바보랍니다
당신의 바보랍니다
다시 태어난 것만 같아요
꿈은 꿈은 아니겠지요
죽는 날까지 당신만을 위해
살아갈 겁니다
그 사람은 나를 바보로 만든 답니다
너무나 행복한 바보로 말이예요
그래서 행복합니다 너무 행복합니다
그대 바보가 되어서
다시 태어난 것만 같아요
꿈은 꿈은 아니겠지요
죽는 날까지 당신만을 위해
살아갈 겁니다
그 사람은 나를 바보로 만든 답니다
너무나 행복한 바보로 말이예요
그래서 행복합니다 너무 행복합니다
그대 바보가 되어서
나는 그대의 바보"
당신의 이름,50,천가연,"하얀 종이 위에
무심코 적어본 이름
내 마음속에 오르내린
당신의 그 이름
아무리 불러도 그리워해도
지금은 한마디 대답도 없이
허공중에 허공중에 사라져
사라져
사라져가는 이름

아무리 불러도 그리워해도
지금은 한마디 대답도 없이
세월 속에 세월 속에 잊혀져
잊혀져
잊혀져
세월 속에 세월 속에 사라져
사라져
사라져가는 이름"
그대안의 블루,"16,944",임영웅,"난 난 눈을 감아요
빛과 그대 모습 사라져
이제 어둠이 밀려오네
저 파란 어둠 속에서
그대 왜 잠들어 가나
세상은 세상은 아직
그대 곁에 있는데
사랑은 아니지만 우리의 만남
어둠은 사라지네 워
시간은 빛으로 물들어
또 다시 흐르네
내 눈빛속 그대
난 난 꿈을 꾸어요
그대 와의 시간은 멈춰지고
이제 어둠이 밀려오네
빛 바랜 사랑 속에서
그대 왜 잠들려 하나
시간은 시간은 오 아직 그대
곁에 있는데
사랑은 아니지만 우리의 만남
어둠은 사라지네 워
시간은 빛으로 물들어
또 다시 흐르네
그대 눈빛 속에 나
내 눈빛 속 그대"
그순간,681,김범룡,"그순간 잊어버려야할 그순간
그대는 떠나버리고
나는 어디로 가야하나
그전엔 너와난 파란꿈을 꾸며
아무도 없는곳에서
우리는 사랑했었지
고요한 밤이오면
별처럼 빛나던 그대의 눈
밤하늘 별빛처럼
웃음짓던 그대의 얼굴
아 너무나 아름답던
그대의 그모습이여
하지만 언제인가
전화벨소리는 자꾸만 들려오고
그 전화 받는 순간
떨리는 목소리로
헤어져야 한다는 그대의 말한마디
그대의 말한마디 난
슬픔에 빠져버렸네
까만내 눈엔 눈물이 자꾸 고이네

고요한 밤이오면
별처럼 빛나던 그대의 눈
밤하늘 별빛처럼
웃음짓던 그대의 얼굴
아 너무나 아름답던
그대의 그모습이여
하지만 언제인가
전화벨소리는 자꾸만 들려오고
그 전화 받는 순간
떨리는 목소리로
헤어져야 한다는 그대의 말한마디
그대의 말한마디 난
슬픔에 빠져버렸네
까만내 눈엔 눈물이 자꾸 고이네
까만내 눈엔 눈물이 자꾸 고이네
까만내 눈엔 눈물이 자꾸 고이네"
뿐이고,398,박구윤,"뿐이고 뿐이고 뿐이고
내 사랑은 당신뿐이다
여기에 있어도 당신뿐이고
저기에 있어도 당신뿐이고
이 넓은 세상 어느 곳에 있어도
내 사랑은 당신뿐이다
힘든 날은두 어깨를 기대고 가고
좋은 날은 마주 보고 가고
비바람 불면 당신 두 손을
내가 내가 붙잡고 가고
돈 없어도 당신뿐이고
돈 많아도 당신뿐이고
이 넓은 세상 어느 곳에 있어도
내 사랑은 당신뿐이다
내 사랑은 당신뿐이다
여기에 있어도 당신뿐이고
저기에 있어도 당신뿐이고
이 넓은 세상 어느 곳에 있어도
내 사랑은 당신뿐이다
힘든 날은 두 어깨를 기대고 가고
좋은 날은 마주 보고 가고
비바람 불면 당신 두 손을
내가 내가 붙잡고 가고
돈 없어도 당신뿐이고
돈 많아도 당신뿐이고
이 넓은 세상 어느 곳에 있어도
내 사랑은 당신뿐이다
뿐이고 뿐이고 뿐이고 당신뿐이다"
연상의 여인,"1,159",진해성,"이제는 잊어야 할
당신의 얼굴에서
수줍던 지난 날의
내 모습을 봅니다
내 젊음을 엮어서
내 영혼을 엮어서
사랑했던 여인 연상의 여인
못다한 사랑이
못다한 내 노래가
그리운 마음에서
당신 곁을 스치네
내 젊음을 엮어서
내 영혼을 엮어서
사랑했던 여인 연상의 여인
못다한 사랑이
못다한 내 노래가
그리운 마음에서
당신 곁을 스치네
당신 곁을 스치네"
코파카바나 (Copacabana) (Ferry Remix),87,조항조,"춤추는 너 너 너 너무 예뻐서
모두 너만 바라봐
코파카바나 그밤에
날보는 너 너 너 시선을
나는 느낄수 있었어
코파카바나 그밤에

Passion of the Night
그땐 그랬지 그 때가 좋았지
영원할거 같았어

Forever Night Dance Dance
떠나가보자
추억이 춤추고 있는
코파카바나 그밤에

Forever Night Dance Dance
떠나가보자
추억이 머물고 있는
코파카바나 그밤에


Passion of the Night
그땐 그랬지 그 때가 좋았지
영원할거 같았어

Forever Night Dance Dance
떠나가보자
추억이 춤추고 있는
코파카바나 그밤에

Forever Night Dance Dance
떠나가보자
추억이 머물고 있는
코파카바나 그밤에

Forever Night Dance Dance
떠나가보자
추억이 머물고 있는
코파카바나 그밤에"
꽃밭에서,"2,555",정훈희,"꽃밭에 앉아서 꽃잎을 보네
고운 빛은 어디에서 났을까
아름다운 꽃이여 꽃이여
이렇게 좋은 날엔
이렇게 좋은 날엔
그 님이 오신다면
얼마나 좋을까 아
꽃밭에 앉아서 꽃잎을 보네
고운 빛은 어디에서 났을까
아름다운 꽃송이

루루루루 루루 루루루
루루루루 루루 루
루루루 루루루루 루루 루루루
루루루루 루루루
이렇게 좋은 날엔
이렇게 좋은 날엔
그 님이 오신다면
얼마나 좋을까 아
꽃밭에 앉아서 꽃잎을 보네
고운 빛은 어디에서 났을까
아름다운 꽃송이

루루루루 루루 루루루
루루루루 루루 루
루루루 루루루루 루루 루루루
루루루루 루루루"
누가울어,844,배호,"소리 없이 흘러내리는
눈물같은 이슬비
누가 울어 이 한 밤
잊었던 추억인가
멀리 가버린 내 사랑은
돌아올 길 없는데
피가 맺히게
그 누가 울어 울어
검은 눈을 적시나
하염없이 흘러내리는
눈물같은 이슬비
누가 울어 이 한 밤
잊었던 상처인가
멀리 떠나간 내 사랑은
기약조차 없는데
애가 타도록
그 누가 울어 울어
검은 눈을 적시나"
고맙소,401,조항조,"이 나이
먹도록
세상을
잘 모르나 보다
진심을
다해도
나에게
상처를 주네
이 나이
먹도록
사람을
잘 모르나 보다
사람은
보여도
마음은
보이지 않아
이 나이
되어서
그래도
당신을 만나서
고맙소 고맙소
늘 사랑하오
술 취한
그날 밤
손등에
눈물을 떨굴 때
내 손을
감싸며
괜찮아
울어준 사람
세상이
등져도
나라서
함께 할 거라고
등 뒤에
번지던
눈물이
참 뜨거웠소
이 나이
되어서
그래도
당신을 만나서
고맙소 고맙소
늘 사랑하오
못난 나를
만나서
긴 세월
고생만 시킨 사람
이런
사람이라서
미안하고
아픈 사람
이 나이
되어서
그래도
당신을 만나서
고맙소 고맙소
늘 사랑하오
나 당신을 위해
살아가겠소
남겨진 세월도
함께 갑시다
고맙소 고맙소
늘 사랑하오"
고향으로 가는 배,"15,724",임영웅,"고향으로 가는 배 꿈을 실은 작은 배
정을 잃은 사람아 고향으로 갑시다
산과 산이 마주쳐 소곤대는 남촌에
아침 햇살 다정히 풀잎마다 반기니
고향으로 가는 배 꿈을 실은 작은 배
정을 잃은 사람아 고향으로 갑시다
산비둘기 쌍쌍이 짝을 찾는 남촌에
피리 부는 목동의 옛 노래가 그리운
고향으로 가는 배 꿈을 실은 작은 배
정을 잃은 사람아 고향으로 갑시다
고향으로 가는 배 꿈을 실은 작은 배
정을 잃은 사람아 고향으로 갑시다
고향으로 갑시다"
어매,509,박성온,"어매 어매 우리 어매
뭣할라고 날 낳았던가
낳을라거든 잘 났거나
못 낳을라면 못 났거나
살자하니 고생이요
죽자하니 청춘이라
요놈신세 말이 아니네
어매 어매 우리 어매
뭣할라고 날 낳았던가
어매 어매 우리 어매
뭣할라고 날 낳았던가"
파트너,"1,462",남진,"일년 삼백 육십 오일동안
우린 멋진 파트너야
많고 많은 사람 중에 최고
둘도 없는 파트너야
그래 그래 맞아 볼 때마다 미쳐
너무 좋은 파트너야
얼마나 기다리고 기다려서
우리가 만난거야
첫눈에 딱 보는 그 순간
너는 이미 나의 파트너
그냥 멀리서 바라만 봐도
두근두근 내 가슴은 뛰네
C0ME ON COME ON
더 이상 어떻게 좋아
일년 삼백 육십 오일동안
우린 멋진 파트너야
많고 많은 사람 중에 최고
둘도 없는 파트너야 그대
그래 그래 맞아 볼 때마다 미쳐
너무 좋은 파트너야 그대
얼마나 기다리고 기다려서
우리가 만난거야
첫눈에 딱 보는 그 순간
너는 이미 나의 파트너
그냥 멀리서 바라만 봐도
두근두근 내 가슴은 뛰네
Let's go Let's go
더 이상 어떻게 좋아
일년 삼백 육십 오일동안
우린 멋진 파트너야
많고 많은 사람 중에 최고
둘도 없는 파트너야 그대
그래 그래 맞아 볼 때마다 미쳐
너무 좋은 파트너야 그대
그래 그래 맞아 볼 때마다 미쳐
너무 좋은 파트너야 그대
너무 좋은 파트너야
그대 너무 좋은 파트너야 그대"
철없던 사랑,"1,124",박군,"이별은 싫어
추억의 그림자가 너무 많아
아름다워요 철없던 사랑이
철없던 마음으로 사랑을 나누었지
미움도 모르는 체 이별도 모르는 체
불타는 가슴으로 서로를 느끼면서
영원토록 향기로운 우리의 사랑이여
이별은 싫어
추억의 그림자가 너무 많아
그리워져요 철없던 우리 사랑이
내 사랑 그대 그대여
다시 한번 사랑해요
아름다워요 철없던 사랑이
철없던 마음으로 사랑을 나누었지
미움도 모르는 체 이별도 모르는 체
불타는 가슴으로 서로를 느끼면서
영원토록 향기로운 우리의 사랑이여
이별은 싫어
추억의 그림자가 너무 많아
그리워져요 철없던 우리 사랑이
내 사랑 그대 그대여
다시 한번 사랑해요
아름다워요 철없던 사랑이
이별은 싫어
추억의 그림자가 너무 많아
그리워져요 철없던 우리 사랑이
내 사랑 그대 그대여
다시 한번 사랑해요
아름다워요
아름다워요
아름다워요
철없던 사랑이"
일소일소 일노일노 (一笑一少 一怒一老),"3,383",신유,"세상사 스무고개 길
좋은 날만 있을까
이왕이라면 웃으며 살자
말처럼 쉽지 않아도
일소일소 일노일노 얼굴마다
쓰여져 감출수가 없는데
한치의 앞날 모르는 것이
인생인 것을
그게 바로 인생인 것을
웃다가도 한세상이고
울다가도 한세상인데
욕심 내봐야 소용 없잖아
가지고 갈 것 하나 없는데
인생사 구비 구비 길
힘든 날만 있을까
마음하나를 내려 놓는게
말처럼 쉽지 않아도
일소일소 일노일노 얼굴마다
쓰여져 감출수가 없는데
한치의 앞날 모르는 것이
인생인 것을
그게 바로 인생인 것을
웃다가도 한세상이고
울다가도 한세상인데
욕심 내봐야 소용 없잖아 가지고
갈 것 하나 없는데
일소일소 일노일노 얼굴마다
쓰여져 감출수가 없는데
한치의 앞날 모르는 것이
인생인 것을
그게 바로 인생인 것을
웃다가도 한세상이고
울다가도 한세상인데
욕심 내봐야 소용 없잖아 가지고
갈 것 하나 없는데"
버팀목,"2,641",박서진,"세상에 눈 뜬 시간부터
하늘은 맑고 태양은 빛나고
마냥 꽃 길인 줄 알았던 인생길에
먹구름도 끼었다
그래도 그대를 만나
살아 있길 잘했어요
그대는 나만의 버팀목이요
나를 나를 살게 한 사람
쓰러지는 나에게 손 내밀어 준
그 손 잡고 살아갈래요
그래도 그대를 만나
살아 있길 잘했어요
그대는 나만의 버팀목이요
나를 나를 살게 한 사람
쓰러지는 나에게 손 내밀어 준
그 손 잡고 살아갈래요
그대는 나만의 버팀목이요
나를 나를 지켜준 사람
세월 지나 모든 게 약해지는 날
그 손 잡고 일어설래요
그대만을 믿고 살래요"
사랑의 신호등,"3,463",정다경,"그댄 나의 사랑의 신호등이야
다른 남자 모두 빨간불이야
오직 너에게만 초록불이야
우리 사랑 이제 출발할거야
나의 사랑의 신호등이야
지난 일은 모두 빨간불이야
너와 함께라면 초록불이야
영원토록 너와 달려갈거야
반복돼 매일 똑같은하루
내겐 뭔가 특별한게 부족한거야
필요해 초록불 같은사람
주윌 둘러봐도 나는 너하나 뿐야
더이상은 멈추기 싫어
나를 위한 불빛이 되어줄래
다른 길은 생각 안할게
이제 너만 바라볼게
그댄 나의 사랑의 신호등이야
다른 남자 모두 빨간불이야
오직 너에게만 초록불이야
우리 사랑 이제 출발할거야
나의 사랑의 신호등이야
지난 일은 모두 빨간불이야
너와 함께라면 초록불이야
영원토록 너와 달려갈거야
지겨워 매번 똑같은 이별
나는 항상 퇴근길에 걸린것같아
필요해 초록불 같은사람
주윌 둘러봐도 나는 너하나 뿐야
더이상은 멈추기 싫어
나를 위한 불빛이 되어줄래
다른 길은 생각 안할게
이제 너만 바라볼게
그댄 나의 사랑의 신호등이야
다른 남자 모두 빨간불이야
오직 너에게만 초록불이야
우리 사랑 이제 출발할거야
나의 사랑의 신호등이야
지난 일은 모두 빨간불이야
너와 함께라면 초록불이야
영원토록 너와 달려갈거야"
행복을 주는 사람,"15,033",김호중,"내가 가는 길이 험하고 멀지라도
그대 함께 간다면 좋겠네
우리 가는 길에
아침 햇살이 비치면
행복하다고 말해주겠네
이리저리 둘러봐도 제일 좋은 건
그대와 함께 있는 것
그대 내게 행복을 주는 사람
내가 가는 길이 험하고 멀지라도
그대 내게 행복을 주는 사람
때론 지루하고 외로운 길이라도
그대 함께 간다면 좋겠네
때론 즐거움에
웃음 짓는 나날이어서
행복하다고 말해주겠네
이리 저리 둘러봐도
제일 좋은 건
그대와 함께 있는 것
그대 내게 행복을 주는 사람
내가 가는 길이 험하고 멀지라도
그대 내게 행복을 주는 사람
그대 내게 행복을 주는 사람
내가 가는 길이 험하고 멀지라도
그대 내게 행복을 주는 사람"
사랑사랑,383,최수호,"사랑 사랑 사랑 사랑
내 사랑이로구나
얼씨구나 절씨구나
일편단심 사랑일세
이리 봐도 저리 봐도
어찌 이리 고울까요
하늘에서 주신 천사
하루하루 꿈같구나
허락 없이 아프지 마요
혹시라도 먼저 가지 마
백발이 성성 늙어가도
당신 손 놓지 않으리
사랑 사랑 사랑 사랑
내 사랑이로구나
얼씨구나 절씨구나
일편단심 사랑일세

사랑 사랑 사랑 사랑
내 사랑이로구나
얼씨구나 절씨구나
일편단심 사랑일세
일편단심 사랑일세"
남자의 눈물,"1,802",박서진,"이별에 밤을 새우고
바람처럼 떠나간 당신
그렇게도 정을 주며
사랑했던 사람인데
소리치며 통곡한들
소용 있나요
그까짓 것 사랑이란
바람인 것을
가거라 가거라
정마저 가거라
아 아 가슴에 젖어드는
남자의 눈물

이별에 밤을 새우고
구름처럼 떠나간 당신
그렇게도 정을 주며
기약했던 사람인데
가슴 치며 통곡한들
소용 있나요
그까짓 것 사랑이란
바람인 것을
가거라 가거라
아주 멀리 가거라
아 아 사랑을 태워버린
남자의 눈물"
아미새,"1,136",현철,"아름답고 미운새 아미새 당신
남자의 애 간장만 태우는 여자
안보면 보고싶고 보면 미워라
다가서면 멀어지는 아름다운 미운새

아미새 아미새 아미새가 나를울린다
신기루 사랑인가 아미새야 아미새야


미워할수 없는새 아미새 당신
남자의 약한마음 흔든는 여자
간다고 말만하면 눈물흘리네
떠나려면 정을주는 아름다운 미운새


아미새 아미새 아미새가 나를울린다
신기루 사랑인가 아미새야 아미새야"
연리지,"7,055",이찬원,"살아도 같이 살아요
죽어도 같이 죽어요
끝내 이렇게 만나게 될 걸
왜 우리 먼 길 돌았나요
엇갈린 슬픈 운명
세찬 비바람
불고 또 불어도
세월에 등 기댄 채
정을 나누며
이렇게 한 자리에
서 있던 우리
힘들면 내게 기대요
눈물을 내게 쏟아요
꼭 잡은 두 손은
놓치진 말아요
우리의 사랑 연리지
엇갈린 슬픈 운명
세찬 비바람
불고 또 불어도
세월에 등 기댄 채
정을 나누며
이렇게 한 자리에
서 있던 우리
힘들면 내게 기대요
눈물을 내게 쏟아요
꼭 잡은 두 손은
놓치진 말아요
우리의 사랑 연리지
꼭 잡은 두 손은
놓치진 말아요
우리의 사랑 연리지"
용두산 엘레지,518,최수호,"용두산아 용두산아 너만은 변치말자
한 발 올려 맹세하고 두 발 딛어 언약하던
한 계단 두 계단 일백구십사 계단에
사랑 심어 다져 놓은 그 사람은 어디 가고
나만 혼자 쓸쓸히도 그 시절 못 잊어
아아 못 잊어 운다
둘이서 거닐던 일백구십사 계단에
즐거웠던 그 시절은 그 어디로 가버렸나
잘 있거라 나는 간다 꽃 피던 용두산
아아 용두산 엘레지"
카사노바,604,윤준협,"사랑을 이야기 할때
내 눈을 바라봐줘요
그대의 눈빛속에 나 지금 어디있나요
당신땜에 아파요 아야야 아야야
잊지 못할 키스로
또다시 날 믿게해줘
그댄 카사노바 카사노바
미치도록 뜨겁게
정말 사랑해요 사랑했어요
섹시한 남자 그 남자
그댄 카사노바 카사노바
사랑 장난인가요
잠깐 반짝 반짝 그런건가요
라이터 불을 켠만큼
폭풍처럼 강하게 때로는 초콜릿처럼
아슬아슬 녹일듯 사랑을 속삭여주던
당신땜에 아파요 아야야 아야야
잊지 못할 키스로
또 다시 날 믿게해줘
그댄 카사노바 카사노바
사랑 장난인가요
잠깐 반짝 반짝 그런건가요
라이터 불을 켠 만큼
라이터 불을 켠 만큼"
남자라는 이유로,295,양지은,"누구나 웃으면서 세상을 살면서도
말 못 할 사연 숨기고 살아도

나 역시 그런저런 슬픔을 간직하고
당신 앞에 멍하니 서 있네

언제 한번 가슴을 열고 소리 내어
소리 내어 울어 볼 날이

남자라는 이유로 묻어두고 지낸
그 세월이 너무 길었어

저마다 처음인 듯 사랑을 하면서도
쓰라린 이별 숨기고 있어도

당신도 그런저런 과거가 있겠지만
내 앞에서 미소를 짓네

언제 한번 가슴을 열고 소리 내어
소리 내어 울어 볼 날이

남자라는 이유로 묻어두고 지낸
그 세월이 너무 길었어

언제 한번 그런 날 올까요 가슴을 열고
소리 내어 울어 울어 볼 날이
남자라는 이유로 묻어두고 지낸
그 세월이 너무 길어요"
그대가 오는 밤,83,두리 (DooRi),"그대가 내게 다가오는 이 밤
그대의 눈빛이 뜨거운 이 밤

오늘 한번 빠져볼까
멋진 그대 빠져볼까
여자 마음은 뜨거워지네

첨부터 내 눈에 쏙 들어왔지
볼수록 매력이 만점이었지

오늘 한번 놀아볼까
밤새 한번 놀아볼까
여자 마음은 불타오르네

트트트트 트위스트
트트트트 트위스트
사랑에 빠져보니
오늘 밤이 멋진 밤

트트트트 트위스트
트트트트 트위스트
온몸이 땀에 젖어
쓰러져도 난 좋아 오늘 밤

첨부터 내 눈에 쏙 들어왔지
볼수록 매력이 만점이었지

오늘 한번 놀아볼까
밤새 한번 놀아볼까
여자 마음은 불타오르네

트트트트 트위스트
트트트트 트위스트
사랑에 빠져보니
오늘 밤이 너무 좋아

트트트트 트위스트
트트트트 트위스트
온몸이 땀에 젖어
쓰러져도 난 좋아 오늘 밤

트트트트 트위스트
트트트트 트위스트
사랑에 빠져보니
오늘 밤이 멋진 밤

트트트트 트위스트
트트트트 트위스트
온몸이 땀에 젖어
쓰러져도 난 좋아 오늘 밤

온몸이 땀에 젖어
쓰러져도 나는 좋아 오늘 밤"
화장을 지우는 여자,718,강진,"노을속에 사라진 그 사랑을 못잊어
오늘도 거울앞에 서있는 여인
행여만날 그사람이 몰라볼까봐
가슴이 두근거리네
핑크빛 입술을 그리다가
뜨거웠던 추억에 젖어버렸나
곱게 그린 두 눈가에 이슬 맺히네
사랑을 잃어버린 그녀
하얀 티슈에 묻어나는 추억
화장을 지우는 여자
바람처럼 사라진 그 사랑을 못잊어
오늘도 거울앞에 서있는 여인
행여만날 그사람이 몰라볼까봐
가슴이 두근거리네
핑크빛 입술을 그리다가
뜨거웠던 추억에 젖어버렸나
곱게 그린 두 눈가에 이슬 맺히네
사랑을 잃어버린 그녀
하얀 티슈에 묻어나는 추억
화장을 지우는 여자
핑크빛 입술을 그리다가
뜨거웠던 추억에 젖어버렸나
곱게 그린 두 눈가에 이슬 맺이네
사랑을 잃어버린 그녀
하얀 티슈에 묻어나는 추억
화장을 지우는 여자"
잘가라,"1,735",홍진영,"잘 가라 나를 잊어라
이까짓 거 사랑 몇 번은 더 할 테니
알잖아 내가 뒤끝이 좀 짧아서
알잖아 내가 너 말고도 님이 많아서
난 싫어 간질간질 거리는 이별
이 맘 때쯤 때쯤 흐르는 눈물
할 만큼 했잖아 미련이 없잖아
짠짠 짜잔 짠
잘 가라 나를 잊어라
이까짓 거 사랑 몇 번은 더 할 테니
잘 가라 돌아보지 말아라
여기서 난 안녕 멀리 안 나갈 테니
울지 마라
알잖아 내가 깔끔한 게 좋아서
혹시나 하는 맘에 하는 얘기인 거야
비라도 부슬부슬 오는 늦은 밤
술이 한 잔 두 잔 들어가는 밤
혀 꼬인 말투로 전화하지 마라
짠짠 짜잔 짠
잘 가라 나를 잊어라
이까짓 거 사랑 몇 번은 더 할 테니
잘 가라 돌아보지 말아라
여기서 난 안녕 멀리 안 나갈 테니
잘 가라 나를 잊어라
이까짓 거 이별 몇 번은 더 할 테니
잘 가라 돌아보지 말아라
여기서 난 안녕 멀리 안 나갈 테니
울지 마라 울지 마라 울지 마라"
홍랑,487,민수현,"쓰라린 이별에 우는 맘
버들가지 꺾어 보내노라
진한 사랑 진한 정을
어이 두고 떠나 갔나요
백년이 흘러가도 천년이 가도
나는 그대 여자랍니다
객창에 피는 묏버들 보면
날인가 홍랑인가 여기소서
소리없이 울면서 지샌 밤
방울방울 띄워 보내노라
진한 사랑 진한 정을
어이 두고 떠나갔나요
백년이 흘러가도 천년이 가도
나는 그대 여자랍니다
객창에 우는 두견새 보면
날인가 홍랑인가 여기소서
객창에 우는 두견새 보면
날인가 홍랑인가 여기소서"
사모곡,414,최수호,"앞산 노을 질 때까지
호미 자루 벗을 삼아
화전 밭 일구시고
흙에 살던 어머니
땀에 찌든 삼베 적삼
기워 입고 살으시다
소쩍새 울음 따라 하늘 가신 어머님
그 모습 그리워서
이 한밤을 지샙니다
무명 치마 졸라 매고
새벽이슬 맞으시며
한평생 모진 가난
참아 내신 어머니
자나 깨나 자식 위해
신령님전 빌고 빌며
학처럼 선녀처럼 살다가 신 어머님
이제는 눈물 말고
그 무엇을 바치리까
자나 깨나 자식 위해
신령님전 빌고 빌며
학처럼 선녀처럼 살다가신 어머님
이제는 눈물 말고
그 무엇을 바치리까"
보고싶다 내사랑,194,강유진,"보고싶다 내 사랑아
가로등 불빛이 꺼져가는 서울의 밤
갈 곳을 잃은 이 마음
추억에 젖은 채 이 거리를 걸어 봐도
눈물이 앞을 가리네
돌이킬 수 없는 그 세월
돌아올 수 없는 그 남자
우연히 어디서라도
꼭 한 번 보고 싶은 그때 그 남자
아 아 밤은 깊어 가는데
외로워 너무 외로워
사랑아 내 사랑아
보고싶다 내 사랑아
보고싶다 내 사랑아"
달도 밝은데,802,진해성,"달도 밝은데 달도 밝은데
추야장 깊은 밤에 달도 밝은데
숯덩이 같은 가슴
남몰래 남모르게
까맣게 타버렸네
님아 님아
못 잊을 내 님아
달덩이 같은 내 님아
순정을 다 바쳐서
죽도록 사랑한 사람
님아 님아 우리 님아
정만 두고 가지 마오

달도 밝은데 달도 밝은데
추야장 깊은 밤에 달도 밝은데
숯덩이 같은 가슴
남몰래 남모르게
까맣게 타버렸네
님아 님아
못 잊을 내 님아
달덩이 같은 내 님아
순정을 다 바쳐서
죽도록 사랑한 사람
님아 님아 우리 님아
정만 두고 가지 마오"
왔다야,"1,446",강혜연,"어머 왔다야 왔다야
하나부터 열까지 대박
누가 뭐래도 나에겐
자기가 너무나 좋아
어머 왔다야 왔다야
나는 자기 하나면 끝나
세상 그 누가 뭐래도
나에겐 정말 왔다야
어머 이런 남자가 어디서 왔을까
해맑은 미소 눈빛이 참좋아
카키색 톤에 딱 붙는 민소매 셔츠가
나의 마음을 설레게해요
말 없이 뒤에서 날 꼭 안아줄 때면
나의 가슴이 꽃잎처럼 흘러 내려요
어머 왔다야 왔다야
하나부터 열까지 대박
누가 뭐래도 나에겐
자기가 너무나 좋아
어머 왔다야 왔다야
나는 자기 하나면 끝나
세상 그 누가 뭐래도
나에겐 정말 왔다야
어머 이런 남자가 또 어디 있을까
깔끔한 매너 마음씨가 참 좋아
에매랄드빛 딱 떨어지는 멋진 타이가
나의 마음을 설레게해요
말없이 뒤에서 날 꼭 안아줄때면
나의 가슴이 꽃잎처럼 흘러내려요
어머 왔다야 왔다야
하나부터 열까지 대박
누가 뭐래도 나에겐
자기가 너무나 좋아
어머 왔다야 왔다야
나는 자기 하나면 끝나
세상 그 누가 뭐래도
나에겐 정말 왔다야
세상 그 누가 뭐래도
나에겐 정말 왔다야"
엄마가 딸에게,"6,621",정동원,"난 잠시 눈을 붙인 줄만 알았는데
벌써 늙어 있었고
넌 항상 어린 아이일 줄만 알았는데
벌써 어른이 다 되었고
난 삶에 대해 아직도 잘 모르기에
너에게 해줄 말이 없지만
네가 좀 더 행복해지기를
원하는 마음에
내 가슴 속을 뒤져 할 말을 찾지
공부해라
아냐 그건 너무 교과서야
성실해라
나도 그러지 못했잖아
사랑해라
아냐 그건 너무 어려워
너의 삶을 살아라
난 한참 세상 살았는 줄만 알았는데
아직 열다섯이고
난 항상 멋진 아들이고 싶었지만
이미 미운 털이 박혔고
난 삶에 대해 아직도 잘 모르기에
알고픈 일들 정말 많지만
엄만 또 늘 같은 말만 되풀이하며
내 마음의 문을 더 굳게 닫지
공부해라
그게 중요한 건 나도 알아
성실해라
나도 애쓰고 있잖아요
사랑해라
더는 상처받고 싶지 않아
나의 삶을 살게 해줘
왜 항상 내 마음 모른 채
매일 똑같은 잔소리로
또 자꾸만 보채
난 지금 차가운 새장 속에 갇혀
살아갈 새처럼 답답해
원망하려는 말만 계속해
제발 나를 내버려두라고
왜 애처럼 보냐고
내 얘길 들어보라고
나도 마음이 많이 아퍼
힘들어하고 있다고
아무리 노력해봐도
난 아직까지
그저 철없는 아이인 거냐고
나를 혼자 있게 놔둬
공부해라
아냐 그건 너무 교과서야
성실해라
나도 그러지 못했잖아
사랑해라
아냐 그건 너무 어려워
너의 삶을 살아라
내가 좀 더 좋은 엄마가
되지 못했던 걸
용서해줄 수 있겠니
넌 나보다는 좋은 어른이
되겠다고 약속해주겠니
랄 라랄 라랄 라랄
말하지 않아도 난 알고 있다고
날 걱정해주는 당신의 마음을
그래서 난 자신 있게 말할 수 있어
더 좋은 어른 되는 게
내 꿈이라고
말하지 않아도 난 알고 있다고
그 누구보다
더 나를 사랑한단 걸
그래서 난 자신 있게 말할 수 있어
당신을 행복하게 해주는 게
바로 내 꿈이란 거
랄 라랄 라랄 라랄
랄 라랄 라랄 라랄"
바람이 전하는 말,"1,392",조용필,"내 영혼이 떠나간뒤에 행복한 너는 나를 잊어도
어느순간 홀로인듯한 쓸쓸함이 찾아올거야
바람이 불어오면 귀기울여봐
작은일에 행복하고 괴로워하며
고독한 순간들을 그렇게들 살다갔느니
착한당신 외로워도 바람소리라 생각하지마

너의 시선 머무는 곳에 꽃씨하나 심어 놓으리
그 꽃나무 자라나서 바람에 꽃잎 날리면
쓸쓸한 너의저녁 아름다울까
그 꽃잎 지고나면 낙엽의 연기 타버린
그 재속에 숨어있는 불씨의 추억
착한당신 속상해도 인생이란 따뜻한거야"
비와 외로움,766,장윤정,"낯설은 이비가 내몸을 적시며
살며시 찾아드는 외로움
조용한 선술집에서 생각하는 그대모습
귓가에 가로등 내몸을 비추며
살며시 찾아 드는 외로움
조용한 그 카페에서 생각하는 그대모습
그대가 내곁에서 멀어져
바람속에 묻힐때
또다시 길을 나서며 만드는
낯설은 비와 외로움
내마음 쓰러져 길가에
쓸쓸함이 쌓이네

귓가에 가로등 내몸을 비치며
살며시 찾아드는 외로움
조용한 그 카페에서 생각하는 그대모습
그대가 내곁에서 멀어져
바람속에 묻힐때
또다시 길을나서며 만드는
낯설은 비와 외로움
내마음 쓰러져 길가에 쓸쓸함이 쌓이네
내마음 쓰러져 길가에 쓸쓸함이 쌓이네"
반지,781,최유나,"그 날 노을진 마포대교
나의 눈물마저 헐어버린
차가운 강물에
반지를 던지면서
내 사전에 사랑이란 말은 없죠
빗겨간 인연 때문에
나 이제 울지않아요
그대 하나 지워버린다면
마음 편해질 수 있다고
던져버린 반지 속에는
어리석은 내가 있지요
그대만을 사랑했던 나
빗겨간 인연 때문에
나 이제 울지않아요
그대 하나 지워버린다면
마음 편해질 수 있다고
던져버린 반지 속에는
어리석은 내가 있지요
그대만을 사랑했던 나
그대만을 사랑했던 나"
오라버니,"1,498",금잔디,"나의 오라버니
날 사랑 하신다 하니
정말 그러시다니
구름 타고 빛나는 하늘
훨훨 날아갑니다
날 사랑 하신다 하니
정말 행복하여서
설레이다 떠는 가슴은
아픈 줄도 모른답니다
오라버니 어깨에
기대어 볼래요
커다란 가슴에
얼굴을 묻고
지금 이대로 죽어도
여한 없어요
난 정말 여자라서
행복해요
사랑한다 말해주세요
정신을 못 차릴거야
오라버니 목소리에
울고 웃어요
내겐 영원한 오라버니
오라버니 어깨에
기대어 볼래요
커다란 가슴에
얼굴을 묻고
지금 이대로 죽어도
여한 없어요
난 정말 여자라서
행복해요
사랑한다 말해주세요
정신을 못 차릴거야
오라버니 목소리에
울고 웃어요
내겐 영원한 오라버니
내겐 영원한 오라버니
나의 오라버니"
울면서 후회하네,"1,108",마리아,"순정을 다 바쳐서 믿었던 그 사람
사랑의 낙서만 남기고 떠나갔네
사랑이 이렇게도 괴로운 줄
왜 몰랐을까
빼앗긴 내 마음을
찾을 수도 없으면서
울면서 후회하네
아 아 스쳐만 지나갈걸
그냥 그대로 있을걸
당신 앞에 머뭇거린
내가 미워서
울면서 후회하네
상처 난 내 마음을
달랠 수도 없으면서
울면서 후회하네
아 아 차라리 스칠 것을
쳐다보지 말 것을
당신 앞에 서성거린
내가 미워서
울면서 후회하네"
사랑꽃,322,오유진,"나만을 사랑 해주는 당신은 사랑 꾼이야
나는 나는 나는 나는 당신이 좋아요
아름다운 당신은 나만의 꽃이 랍니다
사랑 사랑 합니다 좋아 좋아 합니다
사랑주고 사랑받는 나는 당신 사랑 꽃
나만을 사랑 해주는 당신은 사랑 꾼이야
나는 나는 나는 나는 당신이 좋아요
아름다운 당신은 나만의 꽃이 랍니다
사랑 사랑 합니다 좋아 좋아 합니다
사랑주고 사랑받는 나는 당신 사랑 꽃
아름다운 당신은 나만의 꽃이 랍니다
사랑 사랑 합니다 좋아 좋아 합니다
사랑주고 사랑받는 나는 당신 사랑 꽃
나는 당신 사랑 꽃"
고장난 벽시계,"6,413",이찬원,"세월아 너는 어찌
돌아도 보지 않느냐
나를 속인 사람보다
네가 더욱 야속하더라
한두 번 사랑땜에 울고 났더니
저만큼 가버린 세월
고장 난 벽시계는 멈추었는데
저 세월은 고장도 없네
한두 번 사랑땜에 울고 났더니
저만큼 가버린 세월
고장 난 벽시계는 멈추었는데
저 세월은 고장도 없네
고장 난 벽시계는 멈추었는데
저 세월은 고장도 없네"
도시의 삐에로,"1,845",박혜성,"생각 없이 길을 걸어도 울적한 마음
무엇으로 달래야 하나
비에 젖은 가로등 되어 밤이 새도록
타오르는 이 마음
늘어지는 음악소리에 몸을 기대고
어디론가 가는 이 마음
반짝이던 푸른 꿈들이 날아가 버린
둥지 잃은 삐에로
사랑도 고독도 영원 속의 잠자는
가녀린 불꽃
언젠간 모두 나를 태워야 하리
춤추던 낭만의 기억 위로
흐르는 노래
연기처럼 사라진 추억 속의 그리움
늘어지는 음악 소리에 몸을 기대고
어디론가 가는 이 마음
반짝이던 푸른 꿈들이 날아가 버린
둥지 잃은 삐에로
사랑도 고독도 영원 속의 잠자는
가녀린 불꽃
언젠간 모두 나를 태워야 하리
춤추던 낭만의 기억 위로
흐르는 노래
연기처럼 사라진 추억 속의 그리움
추억 속의 그리움"
10분내로,494,김연자,"그래요 믿어줄께요 나만
사랑한다면 딱 한가지만 약속해줘요
내가전화할땐 늦어도 십분내로
내게로달려와요 꾸물대지말고
핑계대지말고 옆길로 새지도말고
여자는 꽃이랍니다 혼자두지말아요
당신가슴에 영원히지지않는
꽃이될래요 십분내로
그래요 믿어줄께요
나만사랑한다면
딱한가지만 약속줘해요
세상 끝나도록
바람이 분다해도 눈보라 친다해도
나만 사랑한다 나만 생각한다 그렇게
약속해줘요 당신은 나만의 남자
나는 당신의 여자 언제나 멋진
당신가슴에안겨 꽃이될래요
십분내로 여자는 꽃이랍니다
혼자두지말아요
당신가슴에 영원히
지지않는 꽃이될래요
십분내로
꽃이될래요 십분내로"
찔레꽃,440,LPG,"찔레꽃 붉게피는 남쪽나라 내 고향
언덕위에 초가삼간 그립습니다
자주고름 입에 물고 눈물로 젖어
이별가를 불러주던 못 잊을 사람아
달 뜨는 저녁이면 노래하던 새동무
천리객창 북두성이 서럽습니다
작년 봄에 모여앉아 찍은 사진
하염없이 바라보니 즐거운 시절아
하염없이 바라보니 즐거운 시절아"
기억,"1,340",장윤정,"가슴이 아파서
눈물에 가려서
그땐 기억 못합니다
긴 시간이 흐르면
조금씩 지워지겠죠
세월에 무뎌진 아픔도
그땐 아물겠죠
잊을 수 없던 사랑도
지난 추억이 되고
지울 수 없던 상처도
기억 저편에
가슴이 아파서
너무나 시려서
기억조차 아픈 사랑
가슴이 아파서
눈물에 가려서
그땐 기억 못합니다
또 하루가 지나고
조금씩 변해가겠죠
세월에 묻어둔 기억도
모두 잊었겠죠
잊을 수 없던 사랑도
지난 추억이 되고
지울 수 없던 상처도
기억 저편에
가슴이 아파서
너무나 시려서
기억조차 아픈 사랑
가슴이 아파서
눈물에 가려서
그땐 기억 못합니다
그땐 기억 못합니다"
하얀 민들레,875,진미령,"나 어릴땐

철부지로 자랐지만

지금은 알아요

떠나는 것을

엄마품이

아무리 따뜻하지만

때가 되면 떠나요

할 수 없어요

안녕 안녕 안녕

손을 흔들며

두둥실 두둥실 떠나요

민들레 민들레 처럼

돌아 오지 않아요

민들레 처럼



나 옛날엔

사랑을 믿었지만

지금은 알아요

믿지 않아요

눈물이

아무리 쏟아져 와도

이제는 알아요 떠나는 마음

조용히

나만 혼자 손을 흔들며

두둥실 두둥실 떠나요

민들레 민들레 처럼

돌아 오지 않아요

민들레 처럼

민들레 처럼

민들레 처럼"
당신과 함께 갈거예요,135,태진아,"꽃처럼 아름답던 청춘은 간곳없고
얼굴에 주름살이 슬프게 울고 있네요
인생길 가는 길이 힘들고 지칠 때도
당신이 있었기에 힘든 줄 몰랐었다오
사는 게 인생이고 사는 게 행복이었어
인생길 마지막까지 당신과 함께 갈거예요
인생길 가는 길이 힘들고 지칠 때도
당신이 있었기에 힘든 줄 몰랐었다오
사는 게 인생이고 사는 게 행복이었어
인생길 마지막까지 당신과 함께 갈거예요"
그랬었구나,726,정의송,"그랬었구나 내가 그랬었구나
마음에 상처 주었었구나
그랬었구나 내가 그랬었구나
깊은 실망을 안겨 주었었구나
미안하다 미안해 정말 미안해
나 혼자의 욕심을 부렸었구나
미안하다 미안해 정말 미안해
너에 대한 배려를 못했었구나
오오
그랬었구나 내가 그랬었구나
나의 사랑이 많이 부족했구나
미안하다 미안해 정말 미안해
나 혼자의 욕심을 부렸었구나
미안하다 미안해 정말 미안해
너에 대한 배려를 못했었구나
오오
그랬었구나 내가 그랬었구나
나의 사랑이 많이 부족했구나
그래 그래 그래 그래
내가 그랬었구나
그래 그래 그래 그래 그랬었구나
그랬었구나 내가 그랬었구나
너를 더 많이 아껴줘야겠구나
너를 더 많이 사랑해야겠구나"
평양 아줌마,227,나훈아,"오늘따라 지는 해가
왜 저다지 고운지
붉게 타는 노을에 피는 추억
잔주름에 고인 눈물
하루에도 열두 번씩
그리운 고향 엎어지면
코 닿을 듯 가까운 고향
아아 오마니 아바지
불러보는 평양아줌마
서산마루 지는 해는
어김없이 넘어가고
무심하게 가고 오는 그 세월이
타향살이 어연 반평생
가고파도 갈 수 없는 북녘 내 고향
한 맺힌 휴전선이 원수더라
아아 대동강아 모란봉아
불러보는 평양아줌마"
돌아오지 마세요,351,주현미,"떠날 땐 말없이 훌쩍 떠나더니
이제 와서 때늦은 후회라니요
가고 싶음 가고 오고 싶음 오는
당신은 정말 좋겠네
허튼 꿈일랑 꾸지도 말아 주세요
마지막 눈길도 외면하더니
이제 와서 또다시 받아달라고
가고 싶어 가고 오고 싶어 오는
당신은 정말 좋겠네
백만금을 다 준다 해도 돌아갈 수 없어요
다신 제발 돌아오지 마세요
마지막 눈길도 외면하더니
이제 와서 또다시 돌아온다고
가고 싶어 가고 오고 싶어 오는
당신은 정말 좋겠네
별을 따다 다 준다 해도 이젠 소용없어요
다신 제발 돌아오지 마세요
가고 싶어 가고 오고 싶어 오는
당신은 정말 좋겠네
백만금을 다 준다 해도 돌아갈 수 없어요
다신 제발 돌아오지 마세요
나는 예전 내가 내가 아니랍니다"
지름길,346,금잔디,"흘러가는 구름아
어디로 가니
산을 넘고 물을 건너서
우리 님이 계신 곳 행여 가거든
내 말 전해 주려므나
그립다 그립다 이제 미워져
기다리지 않더라고
마음 변해 버렸더라고
그렇지만 행여나
우리 님이 그 말 듣고 울거들랑
나 있는 곳 살며시 전해주려마
지름길도 일러주려마
그립다 그립다 이제 미워져
기다리지 않더라고
마음 변해 버렸더라고
그렇지만 행여나 우리 님이
그 말 듣고 울거들랑
나 있는 곳 살며시 전해주려마
지름길도 일러주려마
나 있는 곳 살며시 전해주려마
지름길도 일러주려마
지름길도 일러주려마"
섬마을 선생님,651,장윤정,"해당화 피고지는 섬마을에
철새따라 찾아온 총각선생님
열아홉살 섬색시가 순정을 바쳐
사랑한 그이름은 총각선생님
서울엘랑 가지들마오 가지들마오
- 간 주 중 -
구름도 쫓겨가는 섬마을에
무엇하러 왔는가 총각선생님
그리움이 별처럼 쌓이는 바닷가에
시름을 달래보는 총각선생님
서울엘랑 가지들마오 떠나지마오"
동숙의 노래,997,문주란,"너무나도 그 님을
사랑했기에
그리움이 변해서
사모친 미움
원한 맺힌 마음에 잘못 생각해
돌이킬 수 없는 죄 저질러 놓고
뉘우치면서 울어도
때는 늦으리
음 때는 늦으리
님을 따라 가고픈
마음이건만
그대 따라 못 가는
서러운 미움
저주받은 운명에
끝나는 순간
임의 품에 안기운 짧은 행복에
참을 수 없이 흐르는
뜨거운 눈물
음 뜨거운 눈물"
미운 사랑,430,나상도,"남몰래 기다리다가
가슴만 태우는 사랑
어제는 기다림에
오늘은 외로움
그리움에 적셔진 긴 세월
이렇게 살라고 인연을 맺었나
차라리 저 멀리 둘 걸
미워졌다고 갈 수 있나요
행여나 찾아 올까봐
가슴이 사랑을 잊지 못해
이별로 끝난다해도
그 끈을 놓을 순 없어
너와 난 운명인 거야
이렇게 살라고 인연을 맺었나
차라리 저 멀리 둘 걸
미워졌다고 갈 수 있나요
행여나 찾아 올까봐
가슴이 사랑을 잊지 못해
이별로 끝난다해도
그 끈을 놓을 순 없어
너와 난 운명인 거야
그 끈을 놓을 순 없어
너와 난 운명
운명인 거야"
여기요,"1,048",홍자,"여기요 여기 있어요
그대 찾는 사람
하나뿐인 사람
여기 있어요
스치는 바람처럼
지나쳐가는
사랑에 힘드셨나요
세월이 흘러가도
변하지 않는
그런 사랑 찾으시나요
여기요 여기 있어요
그대 찾는 사람
하나뿐인 사람
여기 있어요
여기요 여기 있어요
진심 어린 사랑
하나뿐인 사랑
여기 있어요
가슴이 두근두근 어떻게 하죠
그대 보면 너무 떨려요
사랑의 열매가 열렸나 봐요
어서 빨리 가져가세요
여기요 여기 있어요
그대 찾는 사람
하나뿐인 사람
여기 있어요
여기요 여기 있어요
진심 어린 사랑
하나뿐인 사랑
여기 있어요
고민할 필요 없어요
당신을 위한 사람
거기 저기도 아니에요
운명 같은 사랑
여기요 여기 있어요
그대 찾는 사람
하나뿐인 사람
여기 있어요
여기요 여기 있어요
진심 어린 사랑
하나뿐인 사랑
여기 있어요
진심 어린 사랑
하나뿐인 사랑
여기 있어요"
영원한 내사랑,317,남진,"날 알아보지 못해도
날 기억하지 못해도
당신만 곁에 있으면
난 행복해요 좋아요
젊어서 고생시키고
속 썩인 내가 미워서
당신이 나를 잊은거 같아
눈물이 납니다
여보 미안해요
여보 고마워요
이 세상 저 세상까지
당신과 함께 하겠소
걱정하지 말아요
영원한 내 사랑
젊어서 고생시키고
속 썩인 내가 미워서
당신이 나를 잊은거 같아
눈물이 납니다
여보 미안해요
여보 고마워요
이 세상 저 세상까지
당신과 함께 하겠소
걱정하지 말아요
영원한 내 사랑 영원한 내 사랑"
나 같은 건 없는 건가요,"2,020",손태진,"그대여 떠나가나요
다시 또 볼 수 없나요
부디 나에게 사랑한다고
한 번만 말해 주세요

혼자 너 없이 살 수 없을 거라
그대도 잘 알잖아요
비틀거리는 내 모습을 보며
그대 맘도 아프잖아요

그대만 행복하면 그만인가요
더 이상 나 같은 건 없는 건가요
한 번만 나를 한 번만 나를
생각해 주면 안 되나요

혼자 너 없이 살 수 없을 거라
그대도 잘 알잖아요
비틀거리는 내 모습을 보며
그대 맘도 아프잖아요

그대만 행복하면 그만인가요
더 이상 나 같은 건 없는 건가요
한 번만 나를 한 번만 나를
생각해 주면 안 되나요

한 번만 나를 한 번만 나를
생각해 주면 안 되나요

그래도 떠나가네요
붙잡을 수는 없겠죠
부디 나에게 사랑했다고
한 번만 말해 주세요"
동백아가씨,67,김산하,"헤일 수 없이 수많은 밤을
내 가슴 도려내는 아픔에 겨워

얼마나 울었던가 동백 아가씨

그리움에 지쳐서 울다 지쳐서
꽃잎은 빨갛게 멍이 들었소

동백꽃잎에 새겨진 사연
말 못 할 그 사연을 가슴에 안고

오늘도 기다리는 동백 아가씨

가신 님은 그 언제 그 어느 날에
외로운 동백꽃 찾아오려나"
뱃노래,"1,753",박서진,"부딪치는 파도 소리에 단잠을 깨보니
들려오는 노 젓는 소리가 처량도 하구나
어기야 디여차 어기야디여 어기여차
뱃놀이 가잔다
망망대해 파도 소리에 큰북을 울리며
뱃머리에 큰 기를 달고 돌아들 오누나
어기야 디여차 어기야디여 어기여차
뱃놀이 가잔다

만경창파 풍랑 헤치며 노 젓는 뱃사공
흰 갈매기 친구를 삼고 흘러만 가누나
어기야 디여차 어기야디여 어기여차
뱃놀이 가잔다
서산낙조 해 저문 날에 뱃노래 부르며
어기여차 노를 저어라 달맞이 가잔다
어기야 디여차 어기야디여 어기여차
뱃놀이 가잔다"
어왔이상세내젠이 (기적의 주문),43,조항조,"어왔이상세내젠이 (어왔이상세내젠이)
어왔이상세내젠이 (어왔이상세내젠이)
우리 다같이 크게 소리내어
행운을 또 부르는 기적의 주문을 걸어
어왔이상세내젠이

이 멋진 세상에 내가 태어났으니
폼나게 한번쯤은 살아봐야지
꿈꾸는 내 인생이 원하고 원한만큼
어느새 나에게 다 오고 있잖아
온세상이 울리도록 소리지르며
어왔이상세내젠이 주문을 걸어
내가 정말 원하고 원하는 그만큼
기적처럼 모든 것이 꼭 이루어 질테니까
어왔이상세내젠이

어왔이상세내젠이 (어왔이상세내젠이)
어왔이상세내젠이 (어왔이상세내젠이)
우리 다같이 크게 소리내어
행운을 또 부르는 기적의 주문을 걸어
어왔이상세내젠이


이제는 내 인생 내가 선택 할거야
너라는 사람밖에 눈에 안보여
불타는 청춘속에 별하나 붙여놓고
오늘도 너에게 난 가고 있잖아
내 가슴이 터지도록 소리지르며
어왔이상세내젠이 주문을 걸어
내가 정말 원하고 원하는 그만큼
기적처럼 모든 것이 꼭 이루어 질테니까

어왔이상세내젠이 (어왔이상세내젠이)
어왔이상세내젠이 (어왔이상세내젠이)
우리 다같이 크게 소리내어
행운을 또 부르는 기적의 주문을 걸어
어왔이상세내젠이"
둠바둠바,820,진시몬,"살다 보면 힘이 들겠지

인생이란 다 그런 거니까

처음부터 다 가졌었다면

사는 의미는 없을지 몰라

젊은 날에 당신을 만나

목숨 바쳐 사랑을 했지

세월 가고 텅 빈 가슴엔

왜 외로움들이 와 있는 걸까

알아 고생했지

나를 만나서 너 힘겨웠지

우리 흘린 눈물

그 무엇보다도 소중했는데

둠바 둠바 둠바 외로워 마라

둠바 둠바 둠바 처음 그때처럼

둠바 둠바 둠바 이제부터야

당신은 영원한 나의 사랑



젊은 날에 당신을 만나

목숨 바쳐 사랑을 했지

세월 가고 텅 빈 가슴엔

왜 외로움들이 와 있는 걸까

알아 고생했지

나를 만나서 너 힘겨웠지

우리 흘린 눈물

그 무엇보다도 소중했는데

둠바 둠바 둠바 외로워 마라

둠바 둠바 둠바 처음 그때처럼

둠바 둠바 둠바 이제부터야

당신은 영원한 나의 사랑

그래 우리 사랑은

세월이 흘러도

변할 순 없는 거야

둠바 둠바 둠바 외로워 마라

둠바 둠바 둠바 처음 그때처럼

둠바 둠바 둠바 이제부터야

당신은 영원한 나의 사랑

영원한 나의 사랑"
퇴근길,"26,226",김호중,"오늘도 동료들과 한잔을 하며
고단한 하루의 시름을 턴다
해야 할 것들이 너무 많기에
반 잔 남기고 간다
나는 아직도 꿈이 있는데
저기 별처럼 빛이 나는데
발끝에 걸리는 그림자 하나
문득 서러워
루루루 루루루 눈물이 난다
아마 이건 술김일 거야
하나씩 켜져 가는 가로등 불빛
저마다 집으로 돌아가는 길
누구는 별 아래 집을 나서며
세상 틈을 채운다
나는 아직도 꿈이 있는데
저기 별처럼 빛이 나는데
발끝에 걸리는 그림자 하나
문득 서러워
가야 할 길은 멀기만 하고
이 길의 끝은 보이지 않아
발끝에 걸리는 그림자 하나
문득 서러워
루루루 루루루 눈물이 난다
아마 이건 술김일 거야
내일이면 괜찮을 거야"
아미새,342,최우진,"아름답고 미운새 아미새 당신
남자의 애간장만 태우는 여자
안 보면 보고 싶고 보면 미워라
다가서면 멀어지는 아름다운 미운새
아미새 아미새
아미새가 나를 울린다
신기루 사랑인가 아미새야 아미새야
간다고 말만 하면 눈물 흘리네
떠나려면 정을 주는
아름다운 미운 새
아미새 아미새
아미새가 나를 울린다
신기루 사랑인가 아미새야 아미새야
아미새야 아미새야"
그 여자의 마스카라,"2,082",박지현,"알고 십 년 속아 십 년
인생은 그런 거라고
속절없이 웃고 마는
강 건너 외로운 여자
세상에 과거 없는 사람 있냐며
마지막 술잔 속에 눈물을 감추고
그 여자의 마스카라
그 여자의 젖은 입술
나를 나를 울리려 하네

사랑 몇 번 이별 몇 번
인생은 그런 거라고
흔들리듯 춤을 추는
강 건너 쓸쓸한 여자
세상에 과거 없는 사람 있냐며
마지막 젖은 담배
한숨을 지우고
그 여자의 마스카라
그 여자의 젖은 입술
나를 나를 울리려 하네
세상에 과거 없는 사람 있냐며
마지막 술잔 속에 눈물을 감추고
그 여자의 마스카라
그 여자의 젖은 입술
나를 나를 울리려 하네"
타타타,"2,708",김국환,"네가 나를 모르는데
난들 너를 알겠느냐
한치앞도 모두 몰라
다 안다면 재미없지
바람이 부는 날은 바람으로
비오면 비에 젖어
사는거지 그런거지
음음음 아 하하
산다는건 좋은거지
수지맞는 장사잖소
알몸으로 태어나서
옷한벌은 건졌잖소
우리네 헛짚는 인생살이
한세상 걱정조차 없이 살면
무슨 재미 그런게 덤이잖소
네가 나를 모르는데
난들 너를 알겠느냐
한치앞도 모두 몰라
다 안다면 재미없지
바람이 부는 날은 바람으로
비오면 비에 젖어
사는거지 그런거지
음음음 아 하하
산다는건 좋은거지
수지맞는 장사잖소
알몸으로 태어나서
옷한벌은 건졌잖소
우리네 헛짚는 인생살이
한세상 걱정조차 없이 살면
무슨 재미 그런게 덤이잖소"
어부바,"2,276",김다현,"어부바 부리 부비바
내 사랑 나의 어부바
어부바 부리 부비바
사랑해요 어부바
미운 열 살 애기같아요
정말로 장난 아니죠
나만 보면 뭐가 좋은지
떨어져선 살 수 없대요
살수 없대
안아 달라고
업어 달라고
툭하면 떼쓰곤 해요
철은 없어도
착한 내 사랑
내게 와요 내 사랑
어부바
가끔씩 애교스런
닭살 멘트로
웃게하는 센스도 있고
소풍가는 애처럼
도시락 들고
점심도 함께 하재요
어부바 부리 부비바
내 사랑 나의 어부바
어부바 부리 부비바
사랑해요 어부바
미운 열세 살 닮았어요
이 사람 특히 그래요
나를 만나면
뭐가 신난지
끝없이 장난만 쳐요
장난만 쳐
같이 있자고
놀아 달라고
툭하면 떼쓰곤 해요
얼래 보아도
달래 보아도
철이 없는 내 사랑
어부바
가끔씩 애교스런
닭살 멘트로
웃게 하는 센스도 있고
햇살 좋은 날에는
김밥을 들고
공원에 놀러 가재요
어부바 부리 부비바
내 사랑 나의 어부바
어부바 부리 부비바
사랑해요 어부바
어부바 부리 부비바
내 사랑 나의 어부바
어부바 부리 부비바
사랑해요 어부바
사랑해요 어부바
어부바"
아침밥상,426,박군,"코흘리개 어린시절
할배할매 막둥이도
도란도란 둘러앉아서
함께먹던 아침밥상
고기반찬 없었어도
웃음꽃이 피어나던
어머니가 차려주신
된장국에 아침밥상
그리워라 보고파라
어머니의 목소리
밥한그릇 뚝딱말아
든든하게 먹으라시던...
울어무이 웃음이 그리워
한숟가락 더하라시며
입에 단건 나를 주시고
힘이들면 생각이나는
어머니의 아침밥상
고기반찬 없었어도
웃음꽃이 피어나던
어머니가 차려주신
시래깃국 아침밥상
그리워라 보고파라
어머니의 목소리
밥한그릇 뚝딱말아
든든하게 먹으라시던...
울어무이 웃음이 그리워
그리워라 보고파라
어머니의 목소리
밥한그릇 뚝딱말아
든든하게 먹고가라던...
울어무이 손맛이 그리워
울어무이 밥상이 그리워"
둥지,339,남진,"너 빈자리 채워 주고 싶어
내 인생을 전부 주고 싶어
이젠 너를 내 곁에다 앉히고
언제까지나 사랑 할까봐

우리 더 이상 방황하지마
한눈 팔지마 여기 둥지를 틀어

지난날의 아픔은 잊어버려
스쳐 지나가는 바람처럼
이제 너는 혼자가 아니잖아
사랑하는 나 있잖아

너는 그냥 가만이 있어 다 내가 해 줄께
현실일까 꿈일까 사실일까 아닐까
헷갈리고 서 있지만 우-

사랑이 뭔지 그동안 몰랐지
내 품에 둥지를 틀어봐

너 빈자리 채워 주고 싶어
내 인생을 전부 주고 싶어
이젠 너를 내 곁에다 앉히고
언제까지나 사랑 할까봐

우리 더 이상 방황하지마
한눈 팔지마 여기 둥지를 틀어

지난날의 아픔은 잊어버려
스쳐 지나가는 바람처럼
이제 너는 혼자가 아니잖아
사랑하는 나 있잖아

너는 그냥 가만이 있어 다 내가 해 줄께
현실일까 꿈일까 사실일까 아닐까
헷갈리고 서 있지만 우-

사랑이 뭔지 그동안 몰랐지
내 품에 둥지를 틀어봐

내 품에 둥지를 틀어봐-"
그 사람을 아나요,348,조명섭,"그 사람을 아나요 나를 두고 간 사람
나를 벌써 잊었나 야속한 사람
그 사람을 아나요 나를 두고 간 사람
정도 벌써 지웠나 무정한 사람

아무런 말없이 눈물만 흘리던
그 사람 지금은 어디에 살고 있을까

사랑한다는 말을 남기고
떠날 때는 아무 말도 없이 떠나버렸네
잡으려 해도 허무한 마음
떠난 님을 다시 불러봐도
그때는 늦으리

그 사람을 아나요 나를 두고 간 사람
나를 벌써 잊었나 야속한 사람
그 사람을 아나요 나를 두고 간 사람
정도 벌써 지웠나 무정한 사람

아무런 말없이 눈물만 흘리던
그 사람 지금은 어디에 살고 있을까

사랑한다는 말을 남기고
떠날 때는 아무 말도 없이 떠나버렸네
잡으려 해도 허무한 마음
떠난 님을 다시 불러봐도
그때는 늦으리

그 사람이 다시 돌아오길 기도 하리라"
비나리,"17,053",임영웅,"큐피트 화살이 가슴을 뚫고
사랑이 시작된 날
또다시 운명의 페이지는 넘어가네
나 당신 사랑해도 될까요 말도 못하고
한없이 애타는 나의 눈짓들
세상이 온통 그대 하나로 변해 버렸어
우리사랑 연습도 없이
벌써 무대로 올려졌네
생각하면 덧없는 꿈일지도 몰라
꿈일지도 몰라
하늘이여 저 사랑
언제 또 갈라놓을꺼요
하늘이여 간절한 이 소망
또 외면할꺼요
예기치 못했된 운명의 그 시간
당신을 만나던 날
드러난 내 상처 어느새 싸매졌네
나만을 사랑하면 안될까요
마음만 달아올라
오늘도 애타는 나의 몸짓들
따사로운 그대 눈빛 따라도는
해바라기처럼
사랑이란 작은배 하나 이미
바다로 띄워졌네
생각하면 허무한 꿈일지도 몰라
꿈일지도 몰라
하늘이여 이사람
다시 또 눈물이면 안돼요
하늘이여 저사람
영원히 사랑하게 해줘요
아아 사랑하게 해줘요"
유일한 사람,866,김혜연,"그대는 나의 모자람을
미소로 채워주고
감싸주는 유일한 사람
그대는 나의 마음속에
해가뜨고 지는지를
알고 있는 유일한 사람
가는길이 아무리 험하고 멀어도
우리서로를 지켜주리라
내가 기뻐 할때도
내가 슬퍼 할때도
언제나 내곁에
있어준 사람
내가 외로울때도
내가 아파할때도
따뜻한 미소로 지켜줄사람
그대는 나의모자람을
미소로 채워주고
감싸주는 오직 한사람
그대는 나의마음속에
비가오고 개는지를
알고 있는 오직 한사람
누구하나힘들고
지치고 아프면
우리서로를 업어주리라
내가 기뻐할때도
내가 슬퍼 할때도
언제나 내곁에 있어줄 사람
내가외로울때도
내가 아파할때도
따뜻한 미소로 지켜줄사람
따뜻한 미소로 지켜줄사람"
내 마음 갈 곳을 잃어,"1,565",최백호,"가을엔 가을엔
떠나지 말아요

낙엽지면 서러움이 더해요

차라리 하얀 겨울에 떠나요
눈길을 걸으며
눈길을 걸으며
옛 일을 잊으리라
거리엔 어둠이 내리고
안개속에 가로등 하나
비라도 우울히 내려 버리면
내마음 갈곳을 잃어
가을엔 가을엔 떠나지 말아요

차라리 하얀 겨울에 떠나요

거리엔 어둠이 내리고
안개속에 가로등 하나
비라도 우울히 내려 버리면
내마음은 갈곳을 잃어
가을엔 가을엔 떠나지 말아요
차라리 하얀 겨울에 떠나요
하얀 겨울에 떠나요"
사랑의 거리,486,문희옥,"""여기는 남서울 영동 사랑의 거리
사계절 모두 봄봄봄
웃음꽃이 피니까
외롭거나 쓸쓸할 때는
누구라도 한번쯤은 찾아오세요
아아 여기는 사랑을
꽃피우는 남서울 영동
사랑의 거리
여기는 남서울 영동 연인의 거리
사계절 모두 뜨거운
바람이 있으니까
외로움에 지친 사람들
누구라도 한번쯤은 걸어보세요
아아 여기는 사랑을
꽃피우는 남서울 영동 사랑의 거리
여기는 남서울 영동 사랑의 거리
사계절 모두 봄봄봄
웃음꽃이 피니까
외롭거나 쓸쓸할 때는
누구라도 한번쯤은 찾아오세요
아아 여기는 사랑을
꽃피우는 남서울 영동
사랑의 거리

"""
사랑여행,671,김용임,"험난한 가시밭길
그대와 함께라면
아무리 멀다고 해도
그 길은 분명 꽃 길
진정한 사랑 진정한 행복
둘이서 만들어 가요
이렇게 많은 저 별들 중에
우린 인연이잖아
너와 나 손 마주잡고
여행길을 떠나요
천 번의 그리움이
한 번의 사랑이죠
스치며 지난다 해도
인연은 여기 있잖아
진정한 사랑 진정한 행복
둘이서 만들어 가요
이렇게 많은 저 별들 중에
우린 인연이잖아
너와 나 손 마주잡고
여행길을 떠나요
너와 나 손 마주잡고
여행길을 떠나요"
새벽 아침,907,수와 진,"나는 나는 풀꽃이 되어
대지 위에 자라고
너는 너는 이슬이 되어
나의 모습을 적신다
우리들이 만나는 날은
안개가 낀 이른 새벽 아침
너의 이슬이 나를 적실때
나는 기쁨의 눈물을 흘린다
나는 나는 풀꽃이 되어
대지 위에 자라고
너는 너는 이슬이 되어
나의 모습을 적신다

나는 나는 갈대가 되어
너를 기다리고
너는 너는 이슬이 되어
나의 모습을 찾는다
우리들이 만나는 날은
안개가 낀 이른 새벽 아침
너의 이슬이 나를 적실때
나는 기쁨의 눈물을 흘린다
나는 나는 갈대가 되어
너를 기다리고
너는 너는 이슬이 되어
나의 모습을 찾는다"
여자의 일생,206,이미자,"참을 수가 없도록 이 가슴이 아파도
여자이기 때문에 말 한 마디 못하고
헤아릴 수 없는 설움 혼자 지닌 채
고달픈 인생 길을 허덕이면서
아 참아야 한다기에 눈물로 보냅니다
여자의 일생
견딜 수가 없도록 외로워도 슬퍼도
여자이기 때문에 참아야만 한다고
내 스스로 내 마음을 달래어 가며
비탈진 언덕 길을 허덕이면서
아 참아야 한다기에 눈물로 보냅니다
여자의 일생"
내가 난생 처음 여자가 되던날,"1,015",진미령,"내가 난생 처음 여자가 되던 날
아버지는 나에게
꽃을 안겨주시고
어머니는 다 큰 여자가 되었다고
너무나 좋아하셔
그때 나는 사랑을
조금은 알게되고
어느 날 남자친구에게 전화왔네
어머니는 빨리 받으라고 하시고
아버지는 이유 없이 화를 내시며
밖으로 나가셨어
그때 나는 아버지가 정말 미웠어
내일이면 나는 시집을 간다네
어머니는 왠지 나를 바라보셔
아버지는 경사났다면서
너무나 좋아하셔
그때 나는 철이 없이
웃고만 서있었네
웨딩마치가 울리고
식장에 들어설때
내 손 꼭 쥔 아버지
가늘게 떨고있어
난생 처음 보았네
세상에서 가장 슬픈 아버지 모습
나도 같이 주저앉아 울고 싶었어
내일이면 나는 쉰이라네
딸 아이가 벌써 시집을 간다
우리 엄마 살아 계셨더라면
얼마나 기뻐할까
그때 나는 눈시울이
뜨거워지는데
그 옛날 엄마 마음을
조금은 알 거 같아
자꾸 바라보는 나의 딸아이 모습
그래 사랑이란 바로 이런 거란 걸
왜 진작 몰랐을까
그래 사랑이란 바로 이런 거란 걸
그래 사랑이란 바로 이런 거야
그래 행복이란 바로 이런 거란 걸"
미워 미워 미워,220,마이진,"나뭇잎이 떨어져 바람결에 뒹굴고
내 마음도 갈 곳 잃어 낙엽 따라 헤매네
잊으라는 그 한마디 남기고 가버린
사랑했던 그 사람 미워 미워 미워
잊으라면 잊지요 잊으라면 잊지요
그까짓 것 못 잊을까 봐
이슬비가 내리네 소리없이 내리네
님을 잃은 내 가슴을 하염없이 적시네
잊으라는 그 한마디 남기고 갈 바엔
사랑한다 왜 그랬나요 미워 미워 미워
잊으라면 잊지요 잊으라면 잊지요
그까짓 것 못 잊을까 봐
잊으라는 그 한마디 남기고 갈 바엔
사랑한다 왜 그랬나요 미워 미워 미워
잊으라면 잊지요
잊으라면 잊지요
그까짓 것 못 잊을까 봐
그까짓 것 못 잊을까 봐"
잘생기면 다 오빠,"4,984",정동원,"웃어요 날 보며 웃어요
좋아요 기분이 좋아요
잘생기면 다 오빠
오빠 오빠야
나이가 뭐 중요한가요
그대만 행복하면 돼요
멋있으면 다 오빠 오빠
하루 중에 몇 번이나 웃고 사나요
하늘 한 번 올려다볼 틈도 없지요
웃어야지 복이 온대요
Ha! Ha! Ha! Ha! 따라 해봐요
찡그린 얼굴 활짝 펴봐요
난 그대의 연예인 그대의 스타
그댈 위해 노래할 거야
웃어요 날 보며 웃어요
좋아요 기분이 좋아요
잘생기면 다 오빠
오빠 오빠야
나이가 뭐 중요한가요
그대만 행복하면 돼요
멋있으면 다 오빠 오빠
다 오빠야
하루 종일 정신없이 바쁘다가도
천근만근 몸도 맘도 무겁다가도
피로가 싹 날아갈 거야
La! La! La! La! 콧노랠 불러
내 얼굴 보면 절로 힘이 나
난 그대의 비타민, 해피 바이러스
그댈 위해 노래할 거야
웃어요 날 보며 웃어요
좋아요 기분이 좋아요
잘생기면 다 오빠
오빠 오빠야
나이가 뭐 중요한가요
그대만 행복하면 돼요
멋있으면 다 오빠 오빠
다 오빠야
웃어요 날 보며 웃어요
좋아요 기분이 좋아요
잘생기면 다 오빠
오빠 오빠야
나이가 뭐 중요한가요
그대만 행복하면 돼요
멋있으면 다 오빠 오빠
다 오빠야"
넌 너무 예뻐,"4,821",민수현,"넌 너무 예뻐 누가 봐도 예뻐
하염없이 예뻐 사정없이 예뻐
애기야 부를 때 빨리 나와
마스카라 5분 립스틱 5분
지웠다 발랐다
여우 둔갑 뚝 그만하고
우리 애기 웃는 얼굴
안 발라도 너무 예뻐
내 맘 속에 짱 박힌 너
뭘 입어도 (넌 넌) 너무 예뻐
보고 싶다 빨리 내가 기다리잖아
넌 너무 예뻐 누가 봐도 예뻐
거울 속에 비친 너보다 더 예뻐
애기야 뭐하니 그냥 나와
빨간 구두 한 번 파란 구두 한 번
거울은 답답해
야단법석 뚝 그만하고
우리 애기 자신 있게
거울 한 번 무시해 봐
내 맘 속에 짱 박힌 너
바로 나와도 (넌 넌) 너무 예뻐
보고 싶다 빨리 내가 기다리잖아
우리 애기 자신 있게
거울 한 번 무시해 봐
내 맘 속에 짱 박힌 너
바로 나와도 (넌 넌) 너무 예뻐
보고 싶다 빨리 내가 기다리잖아
보고 싶다 빨리 내가 기다리잖아"
사랑은 마끼아또,"1,884",두자매,"사랑은 마끼아또 카라멜 마끼아또
쓰면서 달콤하게 입술을 적시네요
어제는 알쏭달쏭 오늘은 알콩달콩
서윗한 속삭임에 내 맘을 녹이네요
한마디 한마디만 말해줄래요
나만을 사랑한다고
안아줘요 안아줘요
꼼짝 못하게 말예요
사랑은 마끼아또야
달달하게 새까맣게
다가와요
해줘 뽀뽀뽀
다시 뽀뽀뽀
당신이랑
온종일 같이 있어도 모자라요
내 사랑은 마끼아또
사랑은 마끼아또
카라멜 마끼아또
차갑고 또 뜨겁게
입술을 적시네요
어제는 알쏭달쏭 오늘은 알콩달콩
짜릿한 시그널에 내 맘을 녹이네요
한번 더 두번 세번 말해줄래요
나만을 바라본다고
안아줘요 안아줘요
꼼짝못하게 말예요
사랑은 마끼아또야
달달하게 새까맣게
다가와요
해줘 뽀뽀뽀
다시 뽀뽀뽀
당신이랑
온종일 같이 있어도
모자라요.
내 사랑은 마끼아또
사랑은 마끼아또"
사랑에 빠졌어,228,최진희,"난 그만 사랑에 빠졌어
처음으로 사랑을 느꼈어
그대에게 빠져버린 이 마음
난 이제 어떡하나요
사랑이 이런 거네요
헤어날 수 없는 거네요
나도 몰래 빠져버린 이 마음
난 이제 어떡하나요
술잔에 취한 이 마음
사랑에 빠진 이 마음
눈물이 흐르네
그 사람이 너무 좋아서
난 그만 사랑에 빠졌어
처음으로 사랑을 느꼈어
그대에게 빠져버린 이 마음
난 이제 어떡하나요
사랑이 이런 거네요
헤어날 수 없는 거네요
나도 몰래 빠져버린 이 마음
난 이제 어떡하나요
술잔에 취한 이 마음
사랑에 빠진 이 마음
눈물이 흐르네
그 사람이 너무 좋아서
난 그만 사랑에 빠졌어
처음으로 사랑을 느꼈어
그대에게 빠져버린 이 마음
난 이제 어떡하나요
난 이제 어떡하나요"
고추잠자리,"2,498",조용필,"아마 나는 아직은 어린가봐 그런가봐
엄마야 나는 왜 자꾸만 기다리지
엄마야 나는 왜 갑자기 보고 싶지
아마 나는 아직은 어린가봐 그런가봐
엄마야 나는 왜 자꾸만 슬퍼지지
엄마야 나는 왜 갑자기 울고 싶지
가을빛 물든 언덕에 들꽃 따러 왔다가 잠든 날
엄마야 나는 어디로 가는 걸까 외로움 젖은
마음으로 하늘을 보면 흰구름만 흘러가고
나는 어지러워 어지럼 뱅뱅 날아가는 고추 잠자리
아마 나는 아직은 어린가봐 그런가봐
엄마야 나는 왜 자꾸만 기다리지
엄마야 나는 왜 갑자기 보고 싶지
아마 나는 아직은 어린가봐 그런가봐
엄마야 나는 왜 자꾸만 슬퍼지지
엄마야 나는 왜 갑자기 울고 싶지


가을 빛 물든 언덕에 들꽃 따러 왔다가 잠든 날
엄마야 나는 어디로 가는 걸까 외로움 젖은
마음으로 하늘을 보면 흰구름만 흘러가고
나는 어지러워 어지럼 뱅뱅 날아가는 고추 잠자리
아마 나는 아직은 어린가봐 그런가봐
엄마야 나는 왜 자꾸만 기다리지
엄마야 나는 왜 갑자기 보고 싶지
아마 나는 아직은 어린가봐 그런가봐
엄마야 나는 왜 자꾸만 슬퍼지지
엄마야 나는 왜 갑자기 울고 싶지
아마 나는 아직은 어린가봐 그런가봐"
사랑꽃,"1,657",조항조,"사랑 사랑 사랑꽃
하나 가슴에 피었다
나이가 아닌
나의 마음이 청춘이랍니다
지나간 세월을 붙잡고
잘했네 잘못했네 하면 뭐하나
지나간 사랑을 붙잡고
따진들 뭐하나
가슴이 춤추는 지금이
나에겐 사랑하는 이윤데
나이를 묻고 명함을 묻고
그런들 무엇을 하나
사랑 사랑 사랑꽃 하나
가슴에 피었다
사랑 사랑 사랑꽃 하나
나에게 피었다
나이가 아닌 나의 마음이
청춘이랍니다
라라라라 라라라라라라
라라라라 라라라라라라
살다가 한번은 누구나
넘어져 부딪치고 한숨을 쉬지
내일이 없는것 같아도
아침은 또 온다
열정이 숨쉬는 지금이 나에겐
살아가는 이윤데
나이를 묻고 명함을 묻고
그런들 무엇을 하나
사랑 사랑 사랑꽃 하나
가슴에 피었다
사랑 사랑 사랑꽃 하나
나에게 피었다
나이가 아닌 나의 마음이
청춘이랍니다
나이야가라 나의 마음이
사랑이랍니다"
추억의 소야곡,"1,795",홍지윤,"다시 한 번
그 얼굴이
보고 싶어라
몸부림 치며 울면
떠난 사람아
저 달이 밝혀주는
이 창가에서
이 밤도 너를 찾는
이 밤도 너를 찾는 노래 부른다
바람 결에 너의 소식
전해 들으면
행복을 비는 마음
애달프구나
불러도 대답 없는
흘러 간 사랑
차라리 잊으리라
차라리 잊으리라
맹세 슬프다
차라리 잊으리라
차라리 잊으리라
맹세 슬프다"
님 찾아 가는 길,392,추혁진,"나 밖에 몰랐던 그 사람
내 곁을 떠나 버렸네
아쉬운 미련만 남겨둔 채로
내 곁을 떠나 버렸네
어어야 무정한 사람
나를 두고 어디로 갔소
님이여 텅 빈 내 가슴
그 무엇도 채울 길 없어
어어야 어어야
님 찾아 나는 가리라
그렇게 믿었던 그 사람
날 두고 떠나 갈 줄은
이렇게 못 잊을 그리움 두고
내 곁을 떠나 버렸네
어어야 무정한 사람
나를 두고 어디로 갔소
어어야 못 잊을 사람
이 마음을 어떡하라고
님이여 허전한 가슴
그 무엇도 달랠 길 없어
어어야 어어야
님 찾아 나는 가리라
님 찾아 나는 가리라"
용서,77,박우철,"황혼에 물든 잎새가 바람에울고 간 거리
내마음은 묻지도 않고 돌아선 미운 사람아
맺지도 못할사랑 왜 내게 남겨 놓았나
차갑게 내민손에 떨어진 눈물
잡지도 놓지도 못하는 마음
석양은 알고 있을까

황혼에 물든 하늘이 유난히 슬픈 이 저녁
돌아온단 약속도 없이 가버린 미운 사람아
맺지도 못할사랑 왜 내게 두고 갔나요
힘없이 내민손에 떨어진 눈물
잡지도 놓지도 못하는 마음
석양은 알고 있을까"
천상재회,289,정요심,"그대는 오늘밤도 내게 올 순 없겠지
목메어 애타게 불러도 대답 없는 그대여
못다한 이야기는 눈물이 되겠지요
나만을 사랑했다는 말 바람결에 남았어요

끊을 수 없는 그대와 나의 인연을 운명이라 생각했죠
가슴에 묻은 추억의 작은 조각들 되돌아 회상하면서
천상에서 다시 만나면 그대를 다시 만나면
세상에서 못다했던 그 사랑을 영원히 함께 할래요

그대는 오늘밤도 내게 올 순 없겠지
목메어 애타게 불러도 대답 없는 그대여
못다한 이야기는 눈물이 되겠지요
나만을 사랑했다는 말 바람결에 남았어요

끊을 수 없는 그대와 나의 인연을 운명이라 생각했죠
가슴에 묻은 추억의 작은 조각들 되돌아 회상하면서
천상에서 다시 만나면 그대를 다시 만나면
세상에서 못다했던 그 사랑을 영원히 함께 할래요

천상에서 다시 만나면 그대를 다시 만나면
세상에서 못다했던 그 사랑을 영원히 함께 할래요"
사랑님,65,윤수현,"몇 굽이 돌고 돌아
사랑님을 보았을까
새벽안개 이슬 되어
알알이 맺혔구나

한 올 한 올 타는 가슴
어디에 둘까
그리운 맘 사랑에 젖네

아 아아 아 아 아아 아
안타까운 내 님이여

저 구름에 몸을 실어
둥실둥실 띄워볼까
저 바람은 내 맘 알까

먹물 같은 이 내 심정
사랑님은 아시려나

한 올 한 올 타는 가슴
어디에 둘까
그리운 맘 사랑에 젖네

아 아아 아 아 아아 아
안타까운 내 님이여

저 구름에 몸을 실어
둥실둥실 띄워볼까
저 바람은 내 맘 알까

먹물 같은 이 내 심정
사랑님은 아시려나

우리 님은 아시려나"
아버지와 딸,"1,824",유지나,"내가 태어나서 두 번째로 배운 이름 아버지
가끔씩은 잊었다가 찾는 그 이름
우리 엄마 가슴을 아프게도 한 이름
그래그래도 사랑하는 아버지
세상 벽에 부딪혀 내가 길을 잃을 땐
우리 집 앞에 마음을 매달고
힘을 내서 오라고 집 잘 찾아오라고
밤새도록 기다리던 아버지
내가 시집가던 날 눈시울을 붉히며
잘 살아라 하시던 아버지
사랑합니다 우리 아버지
내가 처음 너를 만났던 그날 아침은
산까치가 너 가 왔다고 알려 주었지
너만 보면 온갖 시름 모두모두 다 잊고
힘든 세상을 헤엄칠 수 있었지
공든 탑을 쌓듯이 소중하게 키어온
사랑하는 딸아 내 딸아
징검다리 놓듯이 아낌없이 모아온
내 사랑을 꼭 안고 살아라
네가 시집가던 날 아쉽고도 기쁜게
아버지의 마음 이였단다
사랑한다 예쁜 내 딸아
아무리 바빠도 얼굴 한번 봅시다
만나서 차 한 잔 합시다
우리 사랑을 가슴에 담고서"
잊혀진 계절,"16,006",임태경,"지금도 기억하고 있어요
시월의 마지막 밤을
뜻 모를 이야기를 남긴채
우리는 헤어졌지요
그 날의 쓸쓸했던 표정이
그대의 진실인가요
한마디 변명도 못하고
잊혀져야 하는 건가요
언제나 돌아오는 계절은
나에게 꿈을 주지만
이룰 수 없는 꿈은 슬퍼요
나를 울려요
그날의 쓸쓸했던 표정이
그대의 진심인가요
한마디 변명도 못하고
잊혀져야 하는건가요
언제나 돌아오는 계절은
나에게 꿈을 주지만
이룰 수 없는 꿈은 슬퍼요
나를 울려요"
빠라빠빠,"1,261",박현빈,"달린다 달려간다
턱까지 숨이 차도
힘차게 달려가야 한다
청춘의 이름으로
미지의 꿈을 향해
끝까지 완주해야 한다
아무리 커다란
힘겨운 시련들이
버티고 서 있다 해도
우리는 할 수 있어 이룰꺼야
빠라빠 빠라빠빠
청춘의 나팔을 울려라
빠라빠 빠라빠빠
높푸른 하늘에 퍼져라
티없이 영롱한 그라스에
희망의 술을 부어
모두 함께 술잔을 들어라
우리들의 청춘을 위해
다같이 소리 높여 건배 건배

저어라 노를 저어
턱까지 숨이 차도
힘차게 저어가야 한다
청춘의 이름으로
미지의 꿈을 향해
끝까지 저어가야 한다
아무리 커다란
힘겨운 시련들이
버티고 서 있다 해도
우리는 할 수 있어 이룰꺼야
빠라빠 빠라빠빠
청춘의 나팔을 울려라
빠라빠 빠라빠빠
높푸른 하늘에 퍼져라
저 넓은 세상의 바다위에
희망의 배를 띄워
모두 함께 힘차게 노를 저라
미지의 세계를 향해
다같이 소리 높여 어기여차
빠라빠 빠라빠빠
청춘의 나팔을 울려라
빠라빠 빠라빠빠
높푸른 하늘에 퍼져라
티없이 영롱한 그라스에
희망의 술을 부어
모두 함께 술잔을 들어라
우리들의 청춘을 위해
다같이 소리 높여 건배 건배
다같이 소리 높여 건배 건배"
백세인생,"8,023",이애란,"60세에 저세상에서
날 데리러 오거든
아직은 젊어서
못 간다고 전해라
70세에 저세상에서
날 데리러 오거든
할 일이 아직 남아
못 간다고 전해라
80세에 저세상에서
날 데리러 오거든
아직은 쓸 만해서
못 간다고 전해라
90세에 저세상에서
날 데리러 오거든
알아서 갈 테니
재촉 말라 전해라
100세에 저세상에서
날 데리러 오거든
좋은 날 좋은 시에
간다고 전해라
아리랑 아리랑 아라리요
아리랑 고개를 또 넘어간다
80세에 저세상에서
또 데리러 오거든
자존심 상해서
못 간다고 전해라
90세에 저세상에서
또 데리러 오거든
알아서 갈 텐데
또 왔냐고 전해라
100세에 저세상에서
또 데리러 오거든
극락왕생 할 날을
찾고 있다 전해라
150에 저세상에서
또 데리러 오거든
나는 이미 극락세계
와 있다고 전해라
아리랑 아리랑 아라리요
우리 모두 건강하게 살아가요"
개 여울,968,정미조,"당신은 무슨 일로 그리합니까
홀로이 개여울에 주저앉아서
파릇한 풀 포기가 돋아 나오고
잔물이 봄바람에 헤적일 때에
가도 아주 가지는 않노라시던
그런 약속이 있었겠지요
날마다 개여울에 나와 앉아서
하염없이 무엇을 생각합니다
가도 아주 가지는 않노라심은
굳이 잊지 말라는 부탁인지요
가도 아주 가지는 않노라시던
그런 약속이 있었겠지요
날마다 개여울에 나와 앉아서
하염없이 무엇을 생각합니다
가도 아주 가지는 않노라심은
굳이 잊지 말라는 부탁인지요"
아담과 이브처럼,"1,172",김용필,"난 그냥 니가 왠지 좋아
이유도 없이 그냥 좋아
난 너를 사랑하고 싶어
사랑에 빠지고 싶어
오렌지 빛 노을 창가에
와인 잔에 입맞춤으로
사랑을 마시고 싶어
사랑을 꿈꾸고 싶어
난 그냥 니가 정말 좋아
이유도 없이 그냥 좋아
난 너를 모두 알고 싶어
벗어버린 아담과 이브처럼
오렌지빛 노을 창가에
와인 잔에 입맞춤으로
사랑을 마시고 싶어
사랑을 꿈꾸고 싶어
난 그냥 니가 정말 좋아
이유도 없이 그냥 좋아
난 너를 모두 알고 싶어
벗어버린 아담과 이브처럼
벗어버린 아담과
이브처럼"
18세 순이,"1,119",진해성,"살구꽃이 필때면
돌아온다던
내 사랑 순이는
돌아올줄 모르고
서쪽하늘 문틈새로
스며드는 바람에
떨어진 꽃 냄새가
나를 자꾸 울리네
가야해 가야해
나는 가야해
순이 찾아 가야해
가야해 가야해
나는 가야해
순이 찾아 가야해
누가 이런 사랑을
본 적이 있나요
나이는 18세
이름은 순이
가야해 가야해
나는 가야해
순이 찾아 가야해
가야해 가야해
나는 가야해
순이 찾아 가야해
누가 이런 사랑을
본 적이 있나요
나이는 18세
이름은 순이
나이는 18세
이름은 순이"
나도 한 잔,960,양지은,"세상아 그래봐야 네가 어쩌겠니
모질게 힘든 날이 엊그제 같구나
아무리 그래도 우리는 해냈다
돌아보니 별거 아니었다
들쑥날쑥 삐쭉빼쭉 모난 세상살이
덜컹덜컹 흔들리며 잘도 버텨왔다
나도 한 잔 줘요 오늘은 쉬어 갈래
멋진 인생 잘도 살았으니
사랑아 그래봐야 네가 어딜 가니
눈물로 지샌 밤이 많기도 했구나
아무리 그래도 우리는 지켰다
돌아보니 당신 뿐이더라
들쑥날쑥 삐쭉빼쭉 모난 세상살이
덜컹덜컹 흔들리며 잘도 버텨왔다
나도 한 잔 줘요 오늘은 쉬어 갈래
멋진 인생 잘도 살았으니
들쑥날쑥 삐쭉빼쭉 모난 세상살이
덜컹덜컹 흔들리며 잘도 버텨왔다
나도 한 잔 줘요 오늘은 쉬어 갈래
멋진 인생 잘도 살았으니
멋진 인생 우리 모두 건배"
제비처럼,543,장윤정,"꽃피는 봄이 오면 내 곁으로 온다고 말했지
노래하는 제비처럼
언덕에 올라보면 지저귀는 즐거운 노랫소리
꽃이 피는 봄을 알리네
그러나 당신은 소식이 없고
오늘도 언덕에 혼자 서있네
푸르른 하늘 보면 당신이 생각나서
한 마리 제비처럼 마음만 날아가네
당신은 제비처럼 반짝이는 날개를 가졌나
다시 오지 않는 님이여

꽃피는 봄이 오면 내 곁으로 온다고 말했지
노래하는 제비처럼
언덕에 올라보면 지저귀는 즐거운 노랫소리
꽃이 피는 봄을 알리네
그러나 당신은 소식이 없고
오늘도 언덕에 혼자 서있네
푸르른 하늘 보면 당신이 생각나서
한 마리 제비처럼 마음만 날아가네
당신은 제비처럼 반짝이는 날개를 가졌나
다시 오지 않는 님이여"
못난 놈,350,공훈,"남 속이고 사는 게 그리 좋더냐
두 다린 뻗고 잘 자니
자식 낳았다고 미역국 드신
애미 생각나지도 않더냐
무엇을 주워 먹고 그 몹쓸 심보냐
숯덩이 같은 인생아
일 더하기 일은 이 그리 가르쳤건만
구구단 밤에 배웠더냐 못난 놈
남 속이고 사는 게 그리 좋더냐
두 다린 뻗고 잘 자니
자식 낳았다고 잔치 벌이신
부모통곡 들리지 않더냐
무엇을 주워 먹고 그 몹쓸 심보냐
숯덩이 같은 인생아
올바르게 살라고 그리 가르쳤건만
소귀에 경 읽기냐 못난 놈
올바르게 살라고 그리 가르쳤건만
소귀에 경 읽기냐 못난 놈
소귀에 경 읽기냐 못난 놈"
울며 헤진 부산항,104,강혜연,"울며 헤진 부산항을 돌아다보는
연락선 난간머리 흘러온 달빛
이별만은 어렵더라
이별만은 슬프더라
더구나 정들인 사람끼리
음음음음

달빛 아랜 허허바다 파도만 치고
부산항 간 곳 없는 검은 수평선
이별만은 무정 터라
이별만은 야속 터라
더구나 못 잊을 사람끼리 사람끼리
음음음음"
배배꼬였네 (BAEBAE),261,양지원 (YangJiwon),"배배꼬였네 배배꼬였네
바보같이 배배꼬였네
사랑한다 해놓고 좋아한다 해놓고
미련없이 떠나버린 사람아

한때는 나도 잘나가던 남자야
사랑앞에 모든걸 걸었다
사랑아 케세라 이별도 케세라
배배꼬인 나의 사랑아


배배꼬였네 배배꼬였네
바보같이 배배꼬였네
사랑한다 해놓고 좋아한다 해놓고
미련없이 떠나버린 사람아

한때는 나도 잘나가던 여자야
사랑앞에 모든걸 걸었다
사랑아 케세라 이별도 케세라
배배꼬인 나의 사랑아

한때는 나도 잘나가던 여자야
사랑앞에 모든걸 걸었다
사랑아 케세라 이별도 케세라
배배꼬인 나의 사랑아

배배꼬인 나의 사랑아"
가지마오,473,강혜연,"가지마오 가지를마오
날 두고 가지를 마오
사랑한다고 좋아한다고
당신이 말을 했잖아
이제와서 가버리면
나는 나는 어떡하라고
이렇게 도망치듯 갈거면
그렇게 가버리면 어쩌나
준 정도 가져가야지
가지마오 가지를 마오
날 두고 가지를 마오
가지마오 가지를마오
날 두고 가지를 마오
사랑한다고 좋아한다고
당신이 말을 했잖아
이제와서 가버리면
나는 나는 어떡하라고
이렇게 도망치듯 갈거면
그렇게 가버리면 어쩌나
준 정도 가져가야지
가지마오 가지를 마오
날 두고 가지를 마오
이제와서 가버리면
나는 나는 어떡하라고
이렇게 도망치듯 갈거면
그렇게 가버리면 어쩌나
준 정도 가져가야지
가지마오 가지를 마오
날 두고 가지를 마오
다시 한번 생각해봐요"
만남,"1,167",노사연,"우리 만남은 우연이 아니야
그것은 우리의 바램이었어
잊기엔 너무한
나의 운명이었기에
바랄 수는 없지만
영원을 태우리
돌아보지 말아
후회하지 말아
아 바보같은 눈물
보이지 말아
사랑해 사랑해 너를
너를 사랑해

돌아보지 마라
후회하지 말아
아 바보같은 눈물
보이지 말아
사랑해 사랑해
너를 너를 사랑해
사랑해 사랑해 너를
너를 사랑해"
빈 지게,"1,567",신성,"바람 속으로 걸어왔어요
지난 날의 나의 청춘아
비틀거리며 걸어왔어요
지난 날의 사랑아
돌아보면 흔적도 없는
인생길은 빈 술잔
빈 지게만 덜렁 메고서
내가 여기 서있네
아 나의 청춘아 아 나의 사랑아
무슨 미련 남아있겠니
빈 지게를 내려놓고 취하고 싶다
술아 내 맘 알겠지
빈 지게를 내려놓고 취하고 싶다
술아 내 맘 알겠지"
가는 세월 (2023 Ver.),"4,526",이찬원,"가는 세월 그 누구가 잡을 수가 있나요
흘러가는 시냇물을 잡을 수가 있나요
아가들이 자라나서 어른이 되듯이
슬픔과 행복 속에 우리도 변했구려

하지만 이것만은 변할 수 없어요
새들이 저 하늘을 날아서 가듯이
달이 가고 해가 가고 산천초목 다 바껴도
이내몸이 흙이 되도 내 마음은 영원하리

하지만 이것만은 변할 수 없어요
새들이 저 하늘을 날아서 가듯이
달이 가고 해가 가고 산천초목 다 바껴도
이내몸이 흙이 되도 내 마음은 영원하리
이내몸이 흙이 되도 내 마음은 영원하리"
진또배기,"13,455",임영웅,"어 허야듸야 허야듸야
허야듸야 허야듸야 얼 쑤
어촌마을 어귀에 서서
마을에 평안함을 기원하는
진또배기 진또배기 진또배기
오리 세 마리 솟대에 앉아
물 불 바람을 막아주는
진또배기 진또배기 진또배기
모진 비바람을 견디며
바다의 심술을 막아주고
말없이 마을을 지켜온
진또배기 진또배기 진또배기
어 허야듸야 허야듸야
풍어와 풍년을 빌면서
일 년 내내 기원하는
진또배기 진또배기
진또배기 진또배기
어 허야듸야 허야듸야
배띄워라 노를 저어라
파도가 춤을 춘다 노래한다
진또배기 진또배기 진또배기
어 허야듸야 허야듸야
허야듸야 허야듸야 얼쑤"
잠자는 공주,543,신유,"세상이미워진다고~ 누군가 잊어야만하나~
날마다 쓰러지고 또다시일어나지만 달라지는건 없는하루~
세상길 걷다가보면~ 삥돌아가는길도있어~
하루를 울었으면 하루는 웃어야해요~
그래야만 견딜수있어~
앵두빛~ 그 고운 두 볼에~ 살며시 키~스를해주면~
그대는 잠~에서 깨어나~ 나에게 하얀 미소~ 지을까~
그대여 어서일어나~ 차가운 가슴을 녹여요~
또다시 시작되는 아침을 걸어봐요~ 그대곁에 나 있을께~
앵두빛~ 그 고운 두 볼에~ 살며시 키~스를 해주면~ 그대는 잠~에서 깨어나~ 나에게 하얀미소 지을까~
그대여 어서일어나~ 차가운 가슴을 녹여요~
또다시 시작되는 아침을 걸어봐요~ 그대곁에 나 있을께~ 또다시 시작되는 아침을 걸어봐요 그대곁에 나 있을께~ 그대곁에 나 있을께~"
지금,"1,193",조영남,"지금 지금 우리는
그 옛날의 우리가
아닌 것
분명 네가 알고 있는
만큼 나도 알아
단지 지금 우리는
달라졌다고 먼저
말할 자신이 없을 뿐
아 저만치
와 있는 이별이 정녕코
무섭지는 않아
두마음에 빛바램이
쓸쓸해 보일 뿐이지
진정 사랑했는데
우리는 왜 사랑은 왜
변해만 가는지
지금 지금 우리는
그 옛날의 열정이
아닌 것 분명 내가
알고 있는 만큼 너도
알아 단지 지금 우리는
헤어지자고
먼저 말할 용기가 없을 뿐
아 저만치 와있는
안녕이 그다지
슬프진 않아 두 가슴의
엇갈림이 허무해
보일 뿐이지 아닌 척
서로 웃으며 이젠
안녕 이젠 안녕
돌아서야지"
인생 뭐 있나,880,안성훈,"인생 뭐 있나 있어
즐겁게 사는거야
인생 뭐 있나 있어
신나게 사는거야
골치 아픈 사연
전쟁같은 인생
모두 다 던져버려
나를 위해 쓰고
멋부리고 살면
최고인 거지
인생 뭐 있나 있어
말로만 하지말고
지금부터 쨍하고 뜨는거야
하루하루 나를 위해 살다보면
어둠은 사라지고
살랑살랑살랑
꽃바람이 불어 웃음꽃 핀다
인생 뭐 있나 있어
즐겁게 사는 거야
인생 뭐 있나 있어
신나게 사는 거야
인생 뭐 있나 있어
즐겁게 사는 거야
인생 뭐 있나 있어
신나게 사는 거야
신나게 사는 거야
인생 뭐 있나"
그 이름 어머니,970,최수호,"입이 없어 말 못할까
죄가 커서 말 못 할뿐
생겨나와 품안자식
허물 벗은 뒤로 잊고 사네
물가에 아이처럼 평생
가슴을 애태우다 주름 깊어진
그 이름 어머니 회초리 맞던
그 시절로 세월아
우리 엄니 돌려줘
생각 없이 말 못할까
가슴 시려 말 못 할뿐
생겨나와 품안자식
허물 벗은 뒤로 잊고 사네
객지 떠난 자식걱정
평생 가슴을 애태우다 청춘 멀어진
그 이름 어머니 회초리 맞던
그 시절로 세월아
우리 엄마 돌려줘
객지 떠난 자식 걱정
평생 가슴을 애태우다 청춘 멀어진
그 이름 어머니 회초리 맞던
그 시절로 세월아
우리 엄니 돌려줘
세월아
우리 엄마 돌려줘"
울어라 열풍아,460,이미자,"못견디게 괴로워도
울지 못하고
가는님을 웃음으로
보내는 마음
그 누구가 알아주나
기막힌 내 사랑을
울어라 열풍아
밤이 새도록

님을 보낸 아쉬움에
흐느끼면서
하염없이 헤매도는
서러운 밤길
내 가슴의 이 상처를
그 누가 달래주리
울어라 열풍아
밤이 새도록"
들꽃,"2,933",장민호,"밤하늘 달 걸음 따라서
당신이 보고 싶은 밤
가슴 속에 가득 별님처럼 가득
당신 얼굴이 아련해
아 내 안에 활짝 피어난
들꽃 하나 꺽어 쥐고서
사랑이라오 한송이 꽃이라오
천 송이 만 송이 당신께 주고픈데
손끝에 엉성히 구겨진 들꽃 하나가
내 맘을 불꽃처럼 태웠소
당신과 나란히 잠든 방
수척한 그댈 보면서
나도 몰래 글썽 당신 몰래 글썽
눈물 소리가 가득해
아 세상에 고운 사랑아
이 사람 좀 데려가주오
사랑이라오 한송이 꽃이라오
천 송이 만 송이 당신께 주고픈데
손끝에 엉성히 구겨진 들꽃 하나가
내 맘을 불꽃처럼 태웠소
사랑이라오 한송이 꽃이라오
천 송이 만 송이 당신께 주고픈데
손끝에 엉성히 구겨진 들꽃 하나가
내 맘을 불꽃처럼 태웠소"
인생유정,415,박성온,"저 강물 흘러흘러 어디로 가나
정처없이 굽이굽이 휘몰아 가네
세월따라 가다보면 다시 못 올 길
어이도 미련만은 그리 많아서
사랑도 미움도 저 강물에 실어
나도야 따라가네 흘러흘러 가려하네
한 자락 사랑을 담고 굽이쳐 가도
한서린 설움 담아 휘몰아 가네
세월따라 가다보면 다시 못 올 길
어이도 미련만은 그리 많아서
사랑도 미움도 저 강물에 띄워
나도야 따라가네 흘러흘러 가려네
세월따라 가다보면 다시 못 올 길
어이도 미련만은 그리 많아서
사랑도 미움도 저 강물에 띄워
나도야 따라가네 흘러흘러 가려네
흘러흘러 가려네"
코파카바나,"2,283",손태진,"춤추는 너 너 너 너무 예뻐서
모두 너만 바라봐
코파카바나 그 밤에

날 보는 너 너 너 너의 시선을
나는 느낄 수 있었지
코파카바나 그 밤에

Passion of the Night
그땐 그랬지 그 때가 좋았지
영원할 것 같았어

Forever Night Dance Dance
떠나가보자
추억이 춤추고 있는
코파카바나 그 밤에

Forever Night Dance Dance
떠나가보자
추억이 머물고 있는
코파카바나 그 밤에

Passion of the Night
그땐 그랬지 그때가 좋았지
영원할 것 같았어

Forever Night Dance Dance
떠나가보자
추억이 춤추고 있는
코파카바나 그 밤에

Forever Night Dance Dance
떠나가보자
추억이 머물고 있는
코파카바나 그 밤에

Forever Night Dance Dance
떠나가보자
추억이 머물고 있는
코파카바나 그 밤에"
너무합니다,435,김수희,"마지막 한마디 그 말은
나를 사랑한다고
돌아올 당신은 아니지만
진실을 말해줘요
떠날 땐 말없이 떠나가세요
날 울리지 말아요
너무합니다 너무합니다
당신은 너무합니다

조용히 두 눈을 감고서
당신을 그려봅니다
너무나 많았던
추억들을 잊을 수가 없어요
떠나간 당신은 야속하지만
후회하지 않아요
너무합니다 너무합니다
당신은 너무합니다"
우리 정말 나쁘다 (演歌),"13,320",영탁,"아무도 몰래 우리는 만나야 했고
그래야 함께 할수가 있었지
서로를 이해하며 받아드렸어
사랑은 없으니까
오늘은 더욱 서로가 간절했었지
숨을 쉴수조차 없었을만큼
아쉬운 시간은 그렇게 흐르고
또다시 우리는 헤어져야 했었지
나홀로 남겨져있는 이 밤이
오늘따라 너무나 싫다
사랑하지 말자고 다짐했는데
흔들리는 내가 너무나 싫다
사랑 한다는 말이라도
나 건네볼까
괜히 말해서 끝나면 어떡해
그댄 어차피 나의
사람이 아닌걸 아는데
내 심장만 모르고 있네요
우연히 그대의 사진을 봤고
그속에 네가 있었어
나 아닌 사람과 낯선곳에서
너무나 행복해 보이는구나
가끔이라도 내생각
하고 있는걸까
아니라면 나 너무 비참해
너의 뜨거운 숨결에 오늘
또 나를 태워도
변하지 않는 우리의 현실
사랑 한다는 말이라도
나 건네볼까
괜히 말해서 끝나면 어떡해
그댄 어차피 나의
사람이 아닌걸 아는데
내 심장만 모르고 있네요
이러는 우리 정말 나쁘다"
사나이 눈물,565,나훈아,"흘러가는 뜬 구름은 바람에 가고
허무한 내 청춘은 세월에 가네
취한 김에 부르는 노래
끝도 없는 인생의 노래
아 뜨거운 눈물 사나이 눈물
웃음이야 주고 받을 친구는 많지만
눈물로 마주 앉을 사람은 없더라
취한 김에 부르는 노래
박자 없는 인생의 노래
아 뜨거운 눈물 사나이 눈물
돌아보면 그 다지도 먼 길도 아닌데
저 만큼 지는 노을 날 보고 웃네
취한 김에 껄껄 웃지만
웃는 눈에 맺힌 눈물은
아 뜨거운 눈물 사나이 눈물"
가지마,"19,527",임영웅,"가지 마 가지 마
동아줄로도 못 잡는 청춘
미련 만 한숨 만
제발 남지 않는 삶이 되길
눈물방울 빗물로 여기면서
살아왔던 날들이
후회 한 점 없다면 그건 거짓말
그저 오로지 사랑 하나만을 위해
나 살리라 오늘 내일도
가지 마 가지 마
동아줄로도 못 잡는 청춘
미련 만 한숨 만
제발 남지 않는 삶이 되길
눈물방울 빗물로 여기면서
살아왔던 날들이
후회 한 점 없다면 그건 거짓말
그저 오로지 사랑 하나만을 위해
나 살리라 오늘 내일도
눈물방울 빗물로 여기면서
살아왔던 날들이
후회 한 점 없다면 그건 거짓말
그저 오로지 사랑 하나만을 위해
나 살리라 오늘 내일도"
눈물의 술잔,"1,374",홍자,"술을 마셨어요 많이 취했어요
맨정신 갖고는
잠을 이루지 못할 것 같아
아무런 생각도 하기 싫어
독한 술을 마셨어요
그런데 왜 자꾸 보고 싶을까요
눈물이 쏟아질까요
그대와 거닐던 이 길을
밤새워 걸었어요
이제 다시는 볼 수가 없죠
이제 다시는 만질 수 없죠
오늘도 마시는 술잔에
내 눈물이 떨어지네요
그런데 왜 자꾸 그리울까요
눈물이 쏟아질까요
그대와 만났던 카페에
나 홀로 앉았어요
이제 다시는 볼 수가 없죠
이제 다시는 만질 수 없죠
오늘도 마시는 술잔에
내 눈물이 떨어지네요
내 눈물이 떨어지네요"
천개의 바람이 되어 (Orchestra Ver.),"7,057",정동원,"나의 사진 앞에서 울지 마요
나는 그곳에 없어요
나는 잠들어 있지 않아요
제발 날 위해 울지 말아요
나는 천개의 바람
천 개의 바람이 되었죠
저 넓은 하늘 위를
자유롭게 날고 있죠
가을엔 곡식들을 비추는
따사로운 빛이 될게요
겨울엔 다이아몬드처럼
반짝이는 눈이 될게요
아침엔 종달새 되어
잠든 당신을 깨워줄게요
밤에는 어둠 속에 별 되어
당신을 지켜 줄게요
나는 천 개의 바람
천 개의 바람이 되었죠
저 넓은 하늘 위를
자유롭게 날고 있죠
저 넓은 하늘 위를
자유롭게 날고 있죠"
명자,"1,204",진해성,"나 어릴 적에
개구졌지만
픽하면 울고
꿈도 많았지
깔깔거리며
놀던 옥희 순이
지금 어디서
어떻게 변했을까
자야자야 명자야
불러샀던 아버지
술 심부름에
이골 났었고
자야자야 명자야
찾아샀던 어머니
청소해라
동생 업어줘라
어스름 저녁
북녘하늘 별 하나
눈물 너머로
반짝반짝 거리네
자야자야 명자야
무서웠던 아버지
술 깨시면
딴사람 되고
자야자야 명자야
가슴 아픈 어머니
아이고 내 새끼
달래시며 울고
세월은 흘러
모두 세상 떠나시고
저녁별 되어
반짝반짝 거리네
눈물 너머로
반짝반짝 거리네"
사랑은 차가운 유혹,90,김예은,"사랑은 차가운 유혹
그래도 피할 순 없어
이별은 때늦은 후회
다시는 만날 수 없어

마지막 인사를 하지도 못하고
어깨를 움츠린 채로
고개만 떨구네
힘없이 다가와
내 손을 잡을 때
뺨 위로 흐르는 눈물
가슴만 메이네
이 세상 모두를 사랑한 당신이
어이해 나만을 사랑할 수 없나
사랑은 차가운 유혹
그래도 피할 순 없어
이별은 때늦은 후회
다시는 만날 수 없어
사랑은 차가운 유혹
그래도 피할 순 없어
이별은 때늦은 후회
다시는 만날 수 없어

언젠가 우연히 마주친다 해도
모르는 사람들처럼
지나쳐 가겠지
이 세상 모두를 사랑한 당신이
어이해 나만을 사랑할 수 없나
사랑은 차가운 유혹
그래도 피할 순 없어
이별은 때늦은 후회
다시는 만날 수 없어
사랑은 차가운 유혹
그래도 피할 순 없어
이별은 때늦은 후회
다시는 만날 수 없어
사랑은 차가운 유혹"
네박자,"1,530",송대관,"니가 기쁠 때
내가 슬플 때
누구나 부르는 노래
내려 보는 사람도
위를 보는 사람도
어차피 쿵짝 이라네
쿵차 쿵차 쿵차자 쿵차
네박자 속에
사랑도 있고
이별도 있고
눈물도 있네
한구절 한고비
꺾어 넘을 때
우리네 사연을 담는
울고 웃는 인생사
연극같은 세상사
세상사 모두가
네박자 쿵짝
쿵짝 쿵짝 쿵짜자 쿵짝
네박자 속에
사랑도 있고
이별도 있고
눈물도 있네
짠짠 짜리라라 짠짠짠
짜라 짜리라라 짜라짠

나 그리울 때
너 외로울 때
혼자서 부르는 노래
내가 잘난 사람도
지가 못난 사람도
어차피 쿵짝 이라네
쿵차 쿵차 쿵차자 쿵차
네박자 속에
사랑도 있고
이별도 있고
눈물도 있네
한구절 한고비
꺾어 넘을 때
우리네 사연을 담는
울고 웃는 인생사
소설 같은 세상사
세상사 모두가
네박자 쿵짝"
거기까지만,"9,709",송가인,"거기까지만 거기까지만
말한다고 해 놓고
내 마음 속속들이 열어 보였네
사랑하기 때문에
잡기도 하고 놓기도 하는
변덕스런 그대 장난 앞에
만나면 그냥 무너지는
이 마음을 알고 있는
당신이 미워 미워요
거기까지만 거기까지만
말한다고 해 놓고
내 마음 속속들이 들키고 말았네
사랑하기 때문에
잡기도 하고 놓기도 하는
변덕스런 그대 장난 앞에
만나면 그냥 무너지는
이 마음을 알고 있는
당신이 미워 미워요
만나면 그냥 무너지는
이 마음을 알고 있는
당신이 미워 미워요"
오빠는 골프스타,718,차오름,"드라이브 꺼내 들고서
있는대로 폼을 잡더니
남아도는 힘때문에
산으로 간 나의 인생아
친구들 만세 부르네
도시락 인생이라고
삼백미터 치면 뭐하니
십팔미터 세번 치는데
아 진짜 칠때마다 뚜껑 열리네
오늘도 백돌이인가
머리 잡고 힘 빼고
부드럽게 몸을 돌려
오빠는 골프스타야
전반전 몸 풀었으니
본때를 보여줘야지
큰소리 뻥뻥치더니
이번엔 헤져드 인생
도대체 이유가 뭘까
니 멋대로 칠 걸 왜 물어
어쩌다 투온했는데
3미터를 쓰리퍼터해
아 진짜 칠때마다 뚜껑 열리네
퍼터도 뒷땅을 치네
급해지면 뒷땅이고
머리 들면 오비잖아
부드럽게 몸을 돌려
사랑을 할 때처럼 부드럽게 날려봐
오빠는 골프스타야"
빙빙빙,753,김용임,"먼 길을 돌아 먼 길을 돌아
돌아 올꺼야
빙빙빙 돌아 올꺼야
바람이 불면 바람을 타고
빙빙빙 돌아 올꺼야
당신은 내 사랑
나는 나는 나는 나는 잊을 수 없어
스쳐지나간 지난 일들을
차창가에 날려버리고
먼 길을 돌아 먼 길을 돌아
돌아 올꺼야
빙빙빙 돌아 올꺼야
먼 길을 돌아 먼 길을 돌아
돌아 올꺼야
빙빙빙 돌아 올꺼야
그대의 향기 바람을 타고
솔솔솔 불어 올꺼야
손가락 걸며 맹세한
나를 나를 나를 나를 잊어버렸나
함께 웃었고 함께 울었던
그 세월이 너무 정다워
먼 길을 돌아 먼 길을 돌아
돌아 올꺼야
빙빙빙 돌아 올꺼야
먼 길을 돌아 먼 길을 돌아
돌아 올꺼야
내 사랑 돌아 올꺼야"
평행선,"1,440",김수찬,"그 무슨 운명의 장난인가요
마주선 평행선처럼
바라보다 그리움에 청춘이 가요
세월이 흘러가요
까마득히 먼 하늘끝에서
만나야할 인연이라면
세월의 한자락을 잘라버리고
당신 곁에 바로 가고파
사랑으로 평행선을 지우고 싶다
그 사랑에 취하고싶다
그 누가 저지른 잘못인가요
마주선 평행선처럼
잡힐듯이 잡지못해 청춘이 가요
세월이 흘러가요
까마득히 먼 하늘끝에서
만나야할 인연이라면
세월의 한자락을 잘라버리고
당신 곁에 바로 가고파
사랑으로 평행선을 지우고 싶다
그 사랑에 잠들고 싶다
그 사랑에 취하고 싶다"
당.나.귀,658,은가은,"오늘 뭐해요? 시간 있어요?
나 오늘 시간이 남아요
술 한잔해요 할 말 있어요
털어놔 봐요 받아줄게요

내 눈을 봐요 느껴지나요
그대를 원하고 있어요
천천히 와요 다가와 줘요
오늘은 밤이 길 것 같아요

아무도 모르게 둘이서 떠나요
이 공간 이 공기 둘이서 느껴요
당신과 나 귀신도 모르게 쉿
당신과 나 귀에다 속삭여

오늘 뭐해요? 시간 있어요?
나 오늘 시간이 남아요
술 한잔해요 할 말 있어요
털어놔 봐요 받아줄게요

보고 있나요 느껴지나요
그대를 원하고 있어요
망설이지 마요 다가와 줘요
오늘은 그대 여자 될래요

아무도 모르게 둘이서 떠나요
이 공간 이 공기 둘이서 느껴요
당신과 나 귀신도 모르게 쉿
당신과 나 귀에다 속삭여

오늘만 지금만
당신을 사랑할래요
아무도 모르게
그대와 사랑할래요

당신과 나 귀신도 모르게 쉿
당신과 나 귀에다 속삭여
당신과 나 당신과 나"
여자의 일생,823,안성훈,"참을 수가 없도록
이 가슴이 아파도
여자이기 때문에
말 한마디 못하고
헤아릴 수 없는 설움 혼자 지닌 채
고달픈 인생길을 허덕이면서
아 참아야 한다기에
눈물로 보냅니다
여자의 일생
견딜 수가 없도록
외로워도 슬퍼도
여자이기 때문에
참아야만 한다고
내 스스로 내 마음을 달래어 가며
비탈진 인생길을 허덕이면서
아 참아야 한다기에
눈물로 보냅니다
여자의 일생
아 참아야 한다기에
눈물로 보냅니다
여자의 일생"
삼천포 아가씨,76,화연,"비 내리는 삼천포에
부산 배는 떠나간다
어린 나를 울려놓고
떠나가는 내 님이여
이제 가면 오실 날짜
일년이요 이년이요
돌아와요 네 돌아와요 네
삼천포 내 고향으로

조개껍질 옹기종기
포개놓은 백사장에
소꼽장난하던 시절
잊었나 님이시여
이 배 타면 부산 마산
어디든지 가련만은
기다려요 네 기다려요 네
삼천포 아가씨는"
슬픈소원,690,진시몬,"밤새워 달려온 쓸쓸한 바닷가에서
추억을 찾아 나는 걸었네
파도야 너는 알겠지 지나온 시간들을
우리의 사랑 우리의 이별
그리고 슬픔까지도
새벽안개 헤치고 도착한 기차에서
니가 왔을까 혹시 내릴까 기다렸어
너없이 혼자서
무슨 소원을 빌어야 하나
벌써 태양은 나의 얼굴을 비추는데
널 안았던 느낌 널 만졌던 느낌
아직 그대로 내게 남아 있는데
그 누굴 만나던 그 누굴 사랑하던
떠오른 해를 보며 행복하길 빌어본다
새벽안개 헤치고 도착한 기차에서
니가 왔을까 혹시 내릴까 기다렸어
너없이 혼자서
무슨 소원을 빌어야 하나
벌써 태양은 나의 얼굴을 비추는데
널 안았던 느낌 널 만졌던 느낌
아직 그대로 내게 남아 있는데
그 누굴 만나던 그 누굴 사랑하던
떠오른 해를 보며 행복하길 빌어본다"
땡벌,"27,971",강진,"아 당신은 못믿을 사람
아 당신은 철없는 사람
아무리 달래봐도
어쩔 순 없지만
마음 하나는 괜찮은 사람
오늘은 들국화
또 내일은 장미꽃
치근 치근 치근대다가
잠이 들겠지
난 이제 지쳤어요 땡벌
기다리다 지쳤어요 땡벌
혼자서는 이 밤이
너무 너무 추워요
당신은 못 말리는 땡벌
당신은 날 울리는 땡벌
혼자서는 이 밤이
너무 너무 길어요
아 당신은 야속한 사람
아 당신은 모를 사람
밉다가도 돌아서면
마음에 걸리는
마음 하나는 따뜻한 사람
바람에 맴돌다
또 맴돌다 어딘가
기웃 기웃 기웃대다가
잠이 들겠지
난 이제 지쳤어요 땡벌
기다리다 지쳤어요 땡벌
혼자서는 이 밤이
너무 너무 추워요
당신은 못말리는 땡벌
당신은 날울리는 땡벌
혼자서는 이 밤이
너무 너무 길어요
당신을 사랑해요 땡벌
당신을 좋아해요 땡벌
밉지만 당신을
너무 너무 사랑해"
돋보기,"4,084",별사랑,"니가 궁금해 너무 궁금해
하루종일 니 이름만 검색해보네
니 흔적을 따라가며
눌러대는 돋보기
보여보여 잘 보여 잘 보여 잘
봐요봐요 날 봐요 날 봐요 날
내 마음이 보이시나요
너라는 알고리즘에 빠져 버린거야
도무지 헤어날 수 없잖아
돋보기보기보기보기 돋보기
돋보기보기보기보기 돋보기
자세히 자세히 더 자세히 알고싶어요
돋보기보기보기보기 돋보기
돋보기보기보기보기 돋보기
볼 거야 볼 거야
사랑의 돋보기
니가 궁금해 너무 궁금해
하루종일 니 이름만 검색해보네
니 흔적을 따라가며
눌러대는 돋보기
보여보여 잘 보여 잘 보여 잘
봐요봐요 날 봐요 날 봐요 날
내 마음이 보이시나요
너라는 알고리즘에 빠져 버린거야
도무지 헤어날 수 없잖아
돋보기보기보기보기 돋보기
돋보기보기보기보기 돋보기
자세히 자세히 더 자세히 알고싶어요
돋보기보기보기보기 돋보기
돋보기보기보기보기 돋보기
볼 거야 볼 거야
사랑의 돋보기
도기도기도기도기 각도기
내 사랑을 한번 재봐요 각도기
그대를 향한 내 사랑을 보여줄게요
돋보기보기보기보기 돋보기
돋보기보기보기보기 돋보기
볼 거야 볼 거야
사랑의
내꺼야 내꺼야
사랑의 돋뽀기"
나에게로 떠나는 여행,"14,607",임영웅,"저 푸른 바다 끝까지
말을 달리면
소금 같은 별이 떠 있고
사막엔 낙타만이 가는 길
무수한 사람
길이 되어 열어 줄거야
낡은 하모니카
손에 익은 기타
Your melody
나는 떠날래
어린 왕자 Your melody
찾아 떠날래
Far away your my sunshine
We were together
나는 사랑보다
좋은 추억 알게 될거야
텀블러 한잔에 널 털어 넘기고
이제 나를 좀 더 사랑할거야
저 끊어 넘친 태양은 부글거리고
오랜 꿈은 삐꺽거리고
쿨럭이 자동차를 타고서
꿈의 날개로
구름 속을 산책할거야
낡은 하모니카
손에 익은 기타
Your melody
나는 떠날래
어린 왕자 Your melody
찾아 떠날래
Far away your my sunshine
We were together
나는 사랑보다
좋은 추억 알게 될거야
For my life
Find my life
찾아 누릴 천국에
지지 않을 너를 안게 될거야
Far away your my sunshine
We were together
나는 사랑보다
좋은 추억 알게될거야
For my life
Find my life
찾아 누릴 천국에
지지 않을 너를 안게 될거야"
바람 바람 바람,"2,207",박지현,"문밖에는 귀뚜라미 울고
산새들 지저귀는데
내 님은 오시지는 않고
어둠만이 짙어가네
저 멀리엔 기타소리
귓가에 들려오는데
언제 님은 오시려나
바람만 휭하니 부네
내 님은 바람이련가
스치고 지나가는 바람
오늘도 잠 못 이루고
어둠 속에 잠기네
그대 이름은 바람 바람 바람
왔다가 사라지는 바람
그대 이름은 바람 바람 바람
날 울려 놓고 가는 바람
창가에 우두커니 앉아
어두운 창밖 바라보면
힘없는 내 손잡아 주며
님은 곧 오실 것 같아
내 님은 바람이련가
스치고 지나가는 바람
오늘도 잠 못 이루고
어둠 속에 잠기네
그대 이름은 바람 바람 바람
왔다가 사라지는 바람
그대 이름은 바람 바람 바람
날 울려 놓고 가는 바람
날 울려 놓고 가는 바람"
현아,485,김범룡,"현아 외로운 이 밤
나홀로 지샐 순 없어
현아 뜨거운 눈물
이렇게 흘려야 하니
현아 너 떠난 후에
얼마나 울었는지
먼 곳에 있는 당신은
아무것도 몰라
달빛 물들은 밤이 오면
내 손을 잡아주며
영원히 내 곁에 있겠다고
맹세도 했었잖아
현아 날 버리지 말아요
현아 날 떠나지 말아요
현아 당신 떠나시면
이 슬픔 정말 어쩌란 말야

현아 쓸쓸한 밤 길
나홀로 걸어 봤지
현아 부는 바람이
너무도 차가왔어
현아 너 떠난 후에
얼마나 외로운지
먼 곳에 있는 당신은
아무것도 몰라
별빛 수 놓은 밤이 오면
내 눈을 바라보며
영원히 날 사랑하겠다고
맹세도 했었잖아
현아 날 버리지 말아요
현아 날 떠나지 말아요
현아 당신 떠나시면
이 슬픔 정말 어쩌란 말야
현아 날 버리지 말아요
현아 날 떠나지 말아요
현아 당신 떠나시면
이 슬픔 정말 어쩌란 말야"
옛 시인의 노래,"2,370",손태진,"마른 나무 가지에서 떨어지는
작은 잎새 하나
그대가 나무라 해도
내가 내가 잎새라해도
우리들의 사이엔 아무 것도
남은 게 없어요
그대가 나무라해도
내가 내가 잎새라해도
좋은 날엔 시인의 눈빛되어
시인의 가슴이 되어
아름다운 사연들을 태우고
또 태우고 태웠었네
뚜루루루 귓전에 맴도는
낮은 휘파람 소리
시인은 시인은 노래 부른다
그 옛날의 사랑 얘기를

좋은 날엔 시인의 눈빛 되어
시인의 가슴이 되어
아름다운 사연들을 태우고
또 태우고 태웠었네
뚜루루루 귓전에 맴도는
낮은 휘파람 소리
시인은 시인은 노래 부른다
그 옛날의 사랑 얘기를
그 옛날의 사랑 얘기를
그 옛날의 사랑 얘기를"
간대요 글쎄,420,김다현,"가야 한대요
가야 한대요
이 한 잔 커피를 마시고 나면
처음으로 돌아가야 한대요

자기 밖에 모르도록
모르도록 만들어 놓고

남의 사람 되려고 간대요 글쎄
남의 사람 되려고 간대요 글쎄

싸늘한 커피잔에 이별을 남기고
돌아가야 한대요

글쎄 간대요
글쎄 간대요
이 한 잔 커피를 마시고 나면
타인으로 돌아가야 한대요

자기 밖에 모르도록
모르도록 만들어 놓고

남의 사람 되려고 간대요 글쎄
남의 사람 되려고 간대요 글쎄

텅 빈 커피잔에 눈물을 남기고
글쎄 가야 한대요

남의 사람 되려고 간대요 글쎄
남의 사람 되려고 간대요 글쎄

싸늘한 커피잔에 이별을 남기고
돌아가야 한대요
글쎄 가야 한대요"
약속,"1,408",장윤정,"기억 하나요 가슴 아픈 사연을
님 오실 날을 저울질 하나요

한참 후에야 그 마음을 알았죠
내가 아닌 곳에 머물러 있다는 걸

내게 올 순 없나요 사랑할 순 없었나요
그대 헤일 수 없는 맘 나였던가요

잊지 말아요 가슴 아픈 사랑이
슬퍼하는 날엔 내가 서 있을게요

내게 올 순 없나요 사랑할 순 없나요
그대 헤일 수 없는 맘 나였던 가요

이대론 안되나요 돌아올 길 잊었나요
그대 헤일 수 없는 맘 나였던가요

잊지 말아요 가슴 아픈 사랑이
슬퍼하는 날엔 내가 서 있을게요"
찰랑찰랑,"1,498",이자연,"찰랑 찰랑 찰랑 대네
잔에 담긴 위스키처럼
그 모습이 찰랑대네
사랑이란 한잔 술이던가

오- 그대는 나를 취하게 하는 사랑이었고
가까이에서 이 마음을 자꾸 흔들었어
촉촉히 젖은 눈빛 하나로
이 마음을 적셔 주었어

그것이 사랑이라면
이 순간 모든 것 다줄 수 있어
그것이 거짓없는 진실이라면
나는 나는 그대 잔속에서
찰랑찰랑 대는 술이 되리라

오- 그대는 나를 취하게 하는 사랑이었고
가까이에서 이 마음을 자꾸 흔들었어
촉촉히 젖은 눈빛 하나로
이 마음을 적셔 주었어

그것이 사랑이라면 이 순간
모든 것 다줄 수 있어
그것이 거짓없는 진실이라면
나는 나는 그대 잔속에서
찰랑찰랑 대는 술이되리라

나는 나는 그대 잔속에서
찰랑찰랑 대는 술이되리라
그대 위하여 -"
동네오빠 (Prod. 플레이사운드),"2,823",영기,"오빠 동네오빠야
오빠 오빠 오빠 오빠 영기오빠야
알고보면 괜찮은 오빠
계산할때 잘생긴 오빠
가성비 최고인 오빠야
혼자밥먹기 싫을때
커피한잔이 땡길때
주저말고 동네오빠 불러주세요
아플때는 119
무서울때는 112
심심할땐 동네오빠 불러주세요
오빠 동네오빠야
오빠 오빠 오빠 오빠 영기오빠야
알고보면 괜찮은 오빠
계산할때 잘생긴 오빠
가성비 최고인 오빠야
한잔할때는 흑기사
취했을때는 대리기사
롸잇나우 동네오빠 불러주세요
변기막히면 뚫어뻥
보일러 고장나면 귀뚜라미
24시 동네오빠 불러주세요
오빠 동네오빠야
오빠 오빠 오빠 오빠 영기오빠야
알고보면 괜찮은 오빠
계산할때 잘생긴 오빠
가성비 최고인 오빠야
가성비 최고인 오빠야"
흙에 살리라,873,진해성,"초가삼간집을 지은
내 고향 정든 땅
아기 염소 벗을 삼아
논밭 길을 가노라면
이 세상 모두가 내 것인 것을
왜 남들은 고향을 버릴까
고향을 버릴까
나는야 흙에 살리라
부모님 모시고 효도하면서
흙에 살리라

물레방아 돌고도는
내 고향 정든 땅
푸른 잔디 베개 삼아
풀 내음을 맡노라면
이 세상 모두가 내 것인 것을
왜 남들은 고향을 버릴까
고향을 버릴까
나는야 흙에 살리라
내 사랑 순이와 손을 맞잡고
흙에 살리라"
장녹수,52,한수정,"가는 세월 바람 타고
흘러가는 저 구름아
수많은 사연 담아
가는 곳이 어드메냐
구중궁궐 처마 끝에
한 맺힌 매듭 엮어
눈물강 건너서
높은뜻 걸었더니
부귀도 영화도
구름인 양 간 곳 없고
어이타 녹수는
청산에 홀로 우는가

한 조각 구름따라
떠도는 저 달님아
한 많은 사연 담아
네 숨은 곳 어드메냐
골룡포 한자락에
구곡간장 애태우며
안개강 건너서
높은 뜻 키웠더니
부귀도 영화도
꿈인 양 간곳없고
어이타 녹수는
청산에 홀로 우는가
청산에 홀로 우는가"
두바퀴,"1,363",박구윤,"우리사랑 두바퀴 사랑
바라만 봐도 좋은 당신
그려만 봐도 좋은 당신
멀리 있어도 가까이 있어도
너무 좋은 사람 내 당신
두바퀴로 달려가는
자전거 페달을 힘껏 밟으면
당신은 앞바퀴 나는 뒷바퀴
두바퀴로 달리는 사랑
당신 없으면 쓰러지는 내 사랑
우리사랑 두바퀴 사랑
쓰러지지 말고 달려요
두바퀴로 달려요
우리사랑 영원히 영원히
우리사랑 두바퀴 사랑
바라만 봐도 좋은 당신
그려만 봐도 좋은 당신
멀리 있어도 가까이 있어도
너무 좋은 사람 내 당신
두바퀴로 달려가는 자전거
페달을 힘껏 밟으면
당신은 앞바퀴 나는 뒷바퀴
두바퀴로 달리는 사랑
당신 없으면 쓰러지는 내 사랑
우리사랑 두바퀴 사랑
쓰러지지 말고 달려요
두바퀴로 달려요
우리사랑 영원히 영원히
우리사랑 두바퀴 사랑"
날 보러와요,838,오유진,"날 보러와요 날 보러와요
오늘은 날 보러와요
시간은 언제라도 좋아
축 처진 당신 어깨를 내가 쫙 펴줄게요
내일도 날 보러와요
날씨가 안 좋아도 좋아
혹시나 비가 내려도 분위긴 짱이잖아요
사는 게 힘이 들 때면 눈물도 짐이 되겠죠
하지만 함께 있다면 세상에 겁날 게 없어
날 보러와요 날 보러와요
울고 싶을 땐 보고 싶을 땐
날 보러 오세요 날 보러 오세요
오늘은 날 보러 와요
시간은 언제라도 좋아
보고 또 보고 또 봐도 당신이 완전 좋아요
내일도 날 보러와요
날씨가 안 좋아도 좋아
비 오는 거리를 걸어도 분위긴 짱이잖아요
사는 게 힘이 들 때면 눈물도 짐이 되겠죠
하지만 함께 있다면 세상에 겁날 게 없어
날 보러와요 날 보러와요
울고 싶을 땐 보고 싶을 땐
날 보러 오세요
날 보러와요 날 보러와요
울고 싶을 땐 보고 싶을 땐
날 보러 오세요
날 보러 오세요
날 보러와요 날 보러와요 날 보러와요"
천년바위,"2,706",양지은,"동녘 저편에
먼동이 트면
철새처럼 떠나리라
세상 어딘가 마음 줄 곳을
집시 되어 찾으리라
생은 무엇인가요
삶은 무엇인가요
부질없는 욕심으로
살아야만 하나
서산 저 너머
해가 기울면
접으리라 날개를
내가 숨 쉬고 내가 있는 곳
기쁨으로 밝히리라
생은 무엇인가요
삶은 무엇인가요
부질없는 욕심으로
살아야만 하나
이제는 아무것도 그리워 말자
생각을 하지 말자
세월이 오가는 길목에 서서
천년바위 되리라
천년바위 되리라"
갈색추억,"1,023",한혜진,"희미한 갈색 등불 아래
싸늘히 식어가는 커피잔
사람들은 모두가 떠나고
나만홀로 남은 찻집
아무런 약속도 없는데
그사람 올리도 없는데
나도 몰래 또다시 찾아온
지난 날 추억속의 그찻집
우리는 나란히 커피를 마시며
뜨거운 가슴 나누었는데
음악에 취해서 사랑에 취해서
끝없이 행복했는데
어느날 갑자기 그대는 떠나고
갈색 등불 빛만 남 아---
외로운 찻잔에 싸늘한 찻잔에
희미한 갈색추억
- 간 주 중 -
우리는 나란히 커피를 마시며
뜨거운 가슴 나누었는데
음악에 취해서 사랑에 취해서
끝없이 행복했는데
어느날 갑자기 그대는 떠나고
갈색 등불 빛만 남 아---
외로운 찻잔에 싸늘한 찻잔에
희미한 갈색추억
어느날 갑자기 그대는 떠나고
갈색 등불 빛만 남 아---
외로운 찻잔에 싸늘한 찻잔에
희미한 갈색추억"
그날,294,김연숙,"언덕위에 손잡고
거닐던 길목도 아스라히
멀어져간 소중했던
옛 생각을 돌이켜 그려보네
나래치는 가슴이
서러워 아파와 한숨지며
그려보는 그 사람을 기억하나요
지금 잠시라도
달의 미소를 보면서
내 너의 두 손을 잡고
두나 별들의 눈물을 보았지
고요한 세상을
우우우우우 우우우 우우우우
한아름의 꽃처럼 보여지며
던진 내 사랑에
웃음지며 님의 소식
전한 마음 한없이 보내본다

달의 미소를 보면서
내 너의 두 손을 잡고
두나 별들의 눈물을 보았지
고요한 세상을
우우우우우 우우우 우우우우
한아름의 꽃처럼 보여지며
던진 내 사랑에
웃음지며 님의 소식
전한 마음 한없이 보내본다"
곡예사의 첫사랑,385,박경애,"줄을 타며 행복했지 춤을 추면 신이 났지
손풍금을 울리면서 사랑노래 불렀었지
공굴리며 좋아했지 노래하면 즐거웠지
흰분칠에 빨간코로 사랑얘기 들려줬지
영원히 사랑하자 맹세했었지
죽어도 변치말자 언약했었지
울어봐도 소용없고 후회해도 소용없는
어릿광대의 서글픈 사랑
줄을 타며 행복했지 춤을 추면 신이 났지
손풍금을 울리면서 사랑노래 불렀었지


영원히 사랑하자 맹세했었지
죽어도 변치말자 언약했었지
울어봐도 소용없고 후회해도 소용없는
어릿광대의 서글픈 사랑
공굴리며 좋아했지 노래하면 즐거웠지
흰분칠에 빨간 코로 사랑얘기 불러줬지"
천년지기,"1,124",금잔디,"넌 정말 좋은 친구야
내가 지쳐 있을 때
내가 울고 있을 때
위로가 되어준 친구
너는 나의 힘이야
너는 나의 보배야
천년지기 나의 벗이야
친구야 우리 우정의 잔을
높이 들어 건배를 하자
같은 배를 함께 타고
떠나는 인생길
니가 있어 외롭지 않아
넌 정말 좋은 친구야
넌 정말 좋은 친구야
내가 외로워 할 때
내가 방황을 할 때
위로가 되어준 친구
너는 나의 힘이야
너는 나의 보배야
천년지기 나의 벗이야
친구야 우리 우정의 잔을
높이 들어 건배를 하자
같은 배를 함께 타고
떠나는 인생길
니가 있어 외롭지 않아
넌 정말 좋은 친구야"
새벽비,533,요요미,"새벽비가 주룩주룩
철길을 적시네
새벽비가 주룩주룩
지붕을 적시네
삑삑삑삑 기적이 울리면
이제 정말 나는 갑니다
새벽비가 주룩주룩
창문을 적시네
새벽비가 주룩주룩
얼굴을 적시네
삑삑삑삑 여음을 남기고
새벽차는 떠나갑니다
아 사랑하고 있는데
아 내마음 어디로 가나
비를 뚫고
칙칙칙칙 기차는 달려가네
비를 뚫고
칙칙칙칙 한없이 달려가네
삑삑삑삑 메아리를 남기고
이제 정말 나는 갑니다
아 사랑하고 있는데
아 내마음 어디로 가나
비를 뚫고
칙칙칙칙 기차는 달려가네
비를 뚫고
칙칙칙칙 한없이 달려가네
삑삑삑삑 메아리를 남기고
이제 정말 나는 갑니다
이제 정말 나는 갑니다
이제 정말 나는 갑니다
이제 정말 나는 갑니다"
무시로,"1,645",나훈아,"이미 와버린 이별인데 슬퍼도 울지 말아요

이미 때늦은 이별인데 미련은 두지 말아요

눈물을 감추어요 눈물을 아껴요

이별보다 더 아픈게 외로움인데

무시로 무시로 그리울 때 그때 울어요



이미 돌아선 님이라면 미워도 미워 말아요

이미 약속된 이별인데 아무 말 하지 말아요

눈물을 감추어요 눈물을 아껴요

이별보다 더 아픈게 외로움인데

무시로 무시로 그리울때 그때 울어요

눈물을 감추어요 눈물을 아껴요

이별보다 더 아픈게 외로움인데

무시로 무시로 그리울 때 그때

울 어 요"
I'm Yours,"17,584",임영웅,"Well you done done me
and you bet I felt it
I tried to be chill
but you're so hot that I melted
I fell right through the cracks
Now I'm trying to get back
Before the cool done run out
I'll be giving it my bestest
And nothing's gonna stop me
but divine intervention
I reckon it's again my turn
To win some or learn some
But I won't hesitate
No more no more
It cannot wait
I'm yours
Well open up your mind
and see like me
Open up your plans
and damn you're free
Look into your heart
and you'll find love
love love love
Listen to the music of the moment
people dance and sing
we're just one big family
And it's our God forsaken
right to be loved
loved loved loved loved
So I won't hesitate
No more no more
It cannot wait
I'm sure
There's no need to complicate
Our time is short
This is our fate
I'm yours
Do you want to come on
scooch on over closer dear
And I will nibble your ear
I've been spending way
too long checking my tongue
in the mirror
And bending over backwards
just to try to see it clearer
But my breath fogged up the glass
And so I drew a new face
and I laughed
I guess what I'll be saying is
there ain't no better reason
To rid yourself of vanities
and just go with the seasons
It's what we aim to do
Our name is our virtue
But I won't hesitate
No more no more
It cannot wait
I'm yours
Well open up your mind
and see like me
Open up your plans
and damn you're free
Look into your heart
and you'll find
that the sky is yours
So please don't
please don't please don't
There's no need to complicate
'Cause our time is short
This oh this oh this is our fate
I'm yours
Oh I'm yours
Oh oh"
이태원 배터리,"3,645",유세윤,"이태원 프리덤 이태원 프리덤
나를 사랑으로 채워줘요
사랑의 배터리가 다 됐나봐요
당신 없인 못살아 정말 나는 못살아
당신은 나의 배터리
내겐 당신만이 전부에요
당신이 너무 좋아 완전 좋아요
하나뿐인 내 사랑 둘도 없는 내 사랑
당신이 짱이랍니다
요즘 심심할 땐 뭐해 따분할 땐 뭐해
어디서 시간때우나
강남 너무 사람 많아 홍대 사람 많아
신촌은 뭔가 부족해
배달하는 집배원 물건파는 판매원
기타치는 김태원 모두 모여 이태원
배달하는 집배원 물건파는 판매원
기타치는 김태원 모두 모여 이태원
나를 사랑으로 채워줘요
사랑의 배터리가 다 됐나봐요
당신 없인 못 살아 정말 나는 못 살아
당신은 나의 배터리
한번 더 나를 안아주세요
가슴이 터지도록 안아주세요
사랑의 약발이 떨어졌나봐
나 지금 외로워요
다 알려주겠어 다 말해주겠어
새로운 세상 그곳을 말해봐
음악이 있어 또 사랑도 있어
세계가 있어 나에게 말해줘
청소년은 대공원 노인들은 양로원
아이들은 유치원 우리들은 이태원
청소년은 대공원 노인들은 양로원
아이들은 유치원 우리들은 이태원
나를 사랑으로 채워줘요
사랑의 배터리가 다 됐나봐요
당신 없인 못 살아 정말 나는 못 살아
당신은 나의 배터리
내겐 당신만이 전부에요
당신이 너무 좋아 완전 좋아요
하나뿐인 내 사랑 둘도 없는 내 사랑
당신이 짱이랍니다
당신이 짱이랍니다
당신이 짱이랍니다
이태원 프리덤"
사노라면,112,정다경,"붉은태양 서산마루
아쉬움에 눈시울 붉히듯
가끔식은 잊혀진 당신 생각에
가슴시리다 가슴 아프다

아쉬움 잊혀지고 살다보니
가끔식 생각나는 당신 모습을
너무좋아 한없이 사랑했는데
아픈 흔적만 남긴 당신

약속도 초대도 한적 없는데
어느날 내가슴에 둥지튼 당신
간다온다 말없이 홀연히 떠난
당신은 어디 있나요
사랑했어요 말없이 보낸세월이
미안해 당신 그립습니다

약속도 초대도 한적 없는데
어느날 내가슴에 둥지튼 당신
간다온다 말없이 홀연히 떠난
당신은 어디 있나요
사랑했어요 말없이 보낸세월이
미안해 당신 그립습니다

사랑했어요 말없이 보낸세월이
미안해 당신 그립습니다"
바람이려오,910,이용,"그대 잠든 머리맡에
가만히 앉아
이 밤을 지키는 나는
나는 바람 바람 이려오
그대 잠든 모습처럼
가만히 앉아
이 밤을 지키는 나는
나는 어둠 어둠 이려오
멀리서 멀리서
밝아 오는 아 침이
나의 노래 천국의 노래
삼켜버려요
날개짓 하면서
밝아 오는 아 침이
나의 노래 천국의 노래
흩어 놓아요
산들 산들 불어오는
포근한 바람
이 밤을 지키는 나는
나는 바람 바람 이려오

멀리서 멀리서
밝아 오는 아 침이
나의 노래 천국의 노래
삼켜버려요
날개짓 하면서
밝아 오는 아 침이
나의 노래 천국의 노래
흩어 놓아요
산들 산들 불어오는
포근한 바람
이 밤을 지키는 나는
나는 바람 바람 이려오
이 밤을 지키는 나는
나는 어둠이려오"
장녹수,888,양지은,"가는 세월 바람타고
흘러가는 저 구름아
수많은 사연 담아가는 곳이 어드메냐
구중궁궐 처마 끝에
한 맺힌 매듭 엮어
눈물강 건너서 높은 뜻 걸었더니
부귀도 영화도 구름인양 간 곳 없고
어이타 녹수는 청산에 홀로 우는가
한 조각 구름 따라
떠도는 저 달님아
한 많은 사연 담아내
숨은 곳 어드메냐
곤룡포 한 자락에 구곡간장 애태우며
안개강 건너서 높은 뜻 기웠더니
부귀도 영화도 구름인양 간 곳 없고
어이타 녹수는 청산에 홀로 우는가
청산에 홀로 우는가"
살리고,279,박성온,"내 인생도 살리고 니 인생도 살리고
신나게 살아보자
내 기분도 살리고 니 기분도 살리고
살리고 살리고

있는 사람 없는 사람도
아프면 찬밥이더라
살다 보니 별거 없더라
마음먹기 달린 거더라

잡지 마 잡지 마 잡으려 하지 마
인생은 공수래공수거
놓지 마 놓지 마 자신을 놓지 마
사는 게 행복인 거야

내 인생도 살리고 니 인생도 살리고
신나게 살아보자
내 기분도 살리고 니 기분도 살리고
살리고 살리고

내 인생도 살리고 니 인생도 살리고
신나게 살아보자
내 기분도 살리고 니 기분도 살리고
살리고 살리고

있는 사람 없는 사람도
아프면 찬밥이더라
살다 보니 별거 없더라
마음먹기 달린 거더라

잡지 마 잡지 마 잡으려 하지 마
인생은 공수래공수거
놓지 마 놓지 마 자신을 놓지 마
사는 게 행복인 거야

내 인생도 살리고 니 인생도 살리고
신나게 살아보자
내 기분도 살리고 니 기분도 살리고
살리고 살리고

잡지 마 잡지 마 잡으려 하지 마
인생은 공수래공수거
놓지 마 놓지 마 자신을 놓지 마
사는 게 행복인 거야

내 인생도 살리고 니 인생도 살리고
신나게 살아보자
내 기분도 살리고 니 기분도 살리고
살리고 살리고

신나게 놀아보자"
자갈치 아지매,61,신미래,"흥남부두 돌아 돌아
국제시장 돌고 돌아

소리 내어 울었네
소리 내어 불렀네
당신을 찾아 헤맸네

반짝반짝 반짝이는
항구의 작은 별들아

우리 엄마 계신 곳까지
나를 나를 데려가 다오

영도다리 난간 위에서
남포동 뒷골목에서

자갈치 아지매가
목 놓아 부르는 이름

엄마 엄마 엄마를 찾는
자갈치 아지매

흥남부두 돌아 돌아
국제시장 돌고 돌아

소리 내어 울었네
소리 내어 불렀네
당신을 찾아 헤맸네

반짝반짝 반짝이는
항구의 작은 별들아

우리 엄마 계신 곳까지
나를 나를 데려가 다오

영도다리 난간 위에서
남포동 뒷골목에서

자갈치 아지매가
목 놓아 부르는 이름

엄마 엄마 엄마를 찾는
자갈치 아지매

영도다리 난간 위에서
남포동 뒷골목에서

자갈치 아지매가
목 놓아 부르는 이름

엄마 엄마 엄마를 찾는
자갈치 아지매
자갈치 아지매"
통하는 사람,73,화연,"우리는 통해요
모두 다 통해요
일일이 말로 하지 않아도
다다다 통해요 모두 다 통해요
우리는 통하는 사람

오늘 처음 본 당신은 왠지 낯설지 않죠
드라마 영화에서처럼 필이 팍 꽂혔죠

사람들은 말하죠
세상에 믿을 사람 없고
마음 둘 곳 없는 세상이라고
답답한 세상이라고

하지만 당신은
내가 무얼 먹고 싶어 하는지
내가 어딜 가고 싶어 하는지
내가 무슨 생각 하고 있는지
한눈에 딱 아네요

우리는 통해요 모두 다 통해요
일일이 말로 하지 않아도
다다다 통해요 모두 다 통해요
우리는 통하는 사람


사랑이 내게 찾아왔죠
내 곁에 당신 있으니
드라마 영화 같은 운명 이제야 만났죠

이젠 우리 소리쳐
소통이 잘 되니
숨통이 트이는 세상이라고
만사 형통이라고

내 사랑 그대는
내가 무얼 먹고 싶어 하는지
내가 어딜 가고 싶어 하는지
내가 무슨 생각 하고 있는지
한눈에 딱 아네요

우리는 통해요
모두다 통해요
일일이 말로 하지 않아도
다다다 통해요 모두 다 통해요
우리는 통하는 사람

우리는 통해요
모두 다 통해요
일일이 말로 하지 않아도
다다다 통해요 모두 다 통해요
우리는 통하는 사람

당신은 나만의 사랑"
진또배기,"2,466",이성우,"어촌마을 어귀에 서서
마을에 평안함을 기원하는
진또배기 진또배기 진또배기
오리 세 마리 솟대에 앉아
물 불 바람을 막아주는
진또배기 진또배기 진또배기
모진 비바람을 견디며
바다의 심술을 막아주고
말없이 마을을 지켜온
진또배기 진또배기 진또배기
어 허야듸야 허야듸야
풍어와 풍년을 빌면서
일 년 내내 기원하는
진또배기 진또배기
진또배기 진또배기
배띄워라 노를 저어라
파도가 노래한다 춤을 춘다
진또배기 진또배기 진또배기
오리 세 마리 솟대에 앉아
물 불 바람을 막아주는
진또배기 진또배기 진또배기
모진 비바람을 견디며
바다의 심술을 막아주고
말없이 마을을 지켜온
진또배기 진또배기
어 허야듸야 허야듸야
풍악을 울려라 만선이다
신나게 춤을 추자 풍년이다
진또배기 진또배기
진또배기 진또배기
어 허야듸야 허야듸야 진또배기"
니가 올래 내가 갈까,"21,233",임영웅,"니가 올래 아니면 내가 갈까
아무래도 나는 좋아
니가 올래 아니면 내가 갈까
아무래도 나는 좋아
보고 싶다 오늘따라
니가 올래 아니면 내가 갈까
보고 또 보고 보고 또 봐도
또 보고 싶은 니 얼굴
넌 아마 모를거야
넌 정말 모를거야
무작정 보고 싶은 내맘을
모를거야 모를거야
죽도록 너를 사랑해
니가 올래 아니면 내가 갈까
아무래도 난 좋아
니가 올래 아니면 내가 갈까
아무래도 난 좋아
니가 올래 아니면 내가 갈까
아무래도 난 좋아
니가 올래 아니면 내가 갈까
아무래도 난 좋아
보고 싶다 오늘따라
니가 올래 아니면 내가 갈까
보고 또 보고 보고 또 봐도
또 보고 싶은 니 얼굴
넌 아마 모를거야
넌 정말 모를거야
얼마나 너를 사랑하는지
사랑한다 사랑한다
죽도록 너를 사랑해
넌 아마 모를거야
넌 정말 모를거야
얼마나 너를 사랑하는지
사랑한다 사랑한다
죽도록 너를 사랑해
죽도록 너를 사랑해"
애정표현,"19,928",임영웅,"너무나 오래 참았어
가슴만 설레 눈감고
난 지금 꿈을 꾸었어
너무도 아름다웠지
널 만나 흔들리는
내 맘을 들킬까 두려웠었어
너에게 애정표현 단 한번도 하지 못하고
가슴만 뛰었던 나
Oh my darling my darling
널 품에 안으며
나의 마음을 고백하고파
Oh my darling my darling
입술에 닿으며
달콤하게 영원한 사랑 전할래
너무나 오래 참았어
가슴만 설레 눈감고
매일 밤 꿈을 꾸지만
용기가 없던 나였어
널 만나 흔들리는 내 맘을
들킬까 두려웠었어
너에게 애정표현 단 한번도 하지 못하고
가슴만 뛰었던 나
Oh my darling my darlin
널 품에 안으며
나의 마음을 고백하고파
Oh my darling my darling
입술에 닿으며
달콤한 사랑 나누고 싶어
Oh my darling my darling
널 품에 안으며
나의 마음을 고백하고파
Oh my darling my darling
입술에 닿으며
달콤하게 영원한 사랑 전할래"
아버지의 바다(삼천포 아리랑),"3,418",박서진,"동트면 배타고 따라갔던 놈
고향떠나 타향살이 멀리도 왔다
고이고이 접어둔 아버지 마음
미안함만 써있구나
바다야 바다야 울지를 마라
울아버지 애태우신다
파도야 파도야 치지를 마라
울아버지 배 나가신다
그날밤 울아버지 펑펑 우셔서
바닷물이 짰더라예
바다야 바다야 울지를 마라
울아버지 애태우신다
파도야 파도야 치지를 마라
울아버지 배 나가신다
바다야 바다야 넘치지 마라
꿈에라도 나는 가련다
천둥아 천둥아 치지를 마라
울아버지 배 넘어간다
그날밤 울아버지 펑펑 우셔서
바닷물이 짰더라예
바닷물이 짰더라예
어어 어어어 나 나아 어이
삼천포 바다로 배 나가신다
울아버지 울아버지 배 나가신다
배 나가신다 배 나가신다"
상사화,"2,809",장민호,"모란이 피면 모란으로
동백이 피면 넌 다시 동백으로
나에게 찾아와 꿈을 주고
너는 또 어디로 가버리나
인연이란 끈을 놓고 보내긴 싫었다
향기마저 떠나보내고
바람에 날리는 저 꽃잎 속에
내 사랑도 진다
아아 모란이 아아 동백이
계절을 바꾸어 다시피면
아아 세월이 휭 또 가도
내 안에 그대는 영원하리
인연이란 끈을 놓고 보내긴 싫었다
향기마저 떠나보내고
바람에 날리는 저 꽃잎 속에
내 사랑도 진다
아아 모란이 아아 동백이
계절을 바꾸어 다시피면
아아 세월이 휭 또 가도
내 안에 그대는 영원하리
아아 모란이 아아 동백이
계절을 바꾸어 다시피면
아아 세월이 휭 또 가도
내 안에 그대는 영원하리"
초혼,842,민지,"산산이 부서진 이름이여
허공중에 헤어진 이름이여
불러도 대답없는 이름이여
부르다가 내가 죽을 이름이여
부르다가 내가 죽을 이름이여
심중에 남아있는 말 한마디를
끝끝내 마저 하지 못하였구나
사랑했던 그 사람이여
사랑했던 그 사람이여
설움에 겹도록 부르노라
설움에 겹도록 부르노라
부르는 소리는 비켜가지만
하늘과 땅 사이가 너무 넓구나
하늘과 땅 사이가 너무 넓구나
선채로 이 자리에 돌이 되어도
부르다가 내가 죽을 이름이여
사랑했던 그 사람이여
사랑했던 그 사람이여
저녁하늘 산 마루에 걸리었다
사슴에 무리도 슬피운다
떨어져 나가 앉은 산 위에서
나는 그대 이름 부르노라
나는 그대 이름 부르노라"
천태만상,863,윤수현,"천태만상 인간세상 사는법도
가지가지 귀천이 따로있나
재판한다 판사 변호한다 변호사
범인잡는 형사 계룡산에 부채도사
연구한다 박사 운전한다 기사 트럭
택시 기차 전차 버스 봉고
도저 기중기
요리한다 요리사 소개한다 중계사
파마한다 미용사 간호한다
간호사 얼럴러리여
천태만상 인간세상 사는법도
가지가지 귀천이 따로있나
술판다 술장수 밥판다 밥장수
옷판다 옷장수 고기채소 과일장수
놀고먹는 백수 운동한다 선수 축구
야구 농구 배구 씨름 골프
복싱 태권도
말을탄다 기수 집짓는다 목수
돌깎는다 석수 고라니잡는 포수
얼럴러리여
천태만상 인간세상 사는법도
가지가지 귀천이 따로있나
천태만상 인간세상 사는법도
가지가지 귀천이 따로있나
설교한다 목사님 염불한다 스님
가르친다 선생님 병고친다 의사님
재롱둥이 연예인 나라지키는 군인
육군 공군 해군 해병대 특전사
카츄샤 순경 의경
공무보는 공무원 업무보는 회사원
경비보는 경비원
청소하는 미화원
얼럴러리여
천태만상 인간세상 사는법도
가지가지 귀천이 따로있나
농사짓는 농부 고기잡는 어부
공사장에 잡부 알바 도우미 파출부
약초캐는 심마니 오일장에 할머니
달래 냉이 취나물 콩나물 고사리
더덕 단감 곶감
이고 지고 오셔서 한푼두푼 벌어서
손주 용돈 주면서 고생고생하는데
백수가 웬말이냐
천태만상 인간세상 사는법도
가지가지 귀천이 따로있나"
비익조,864,김의영,"혼자선 날 수 없는 새
당신의 날개로 나는 새
두 마음 한 몸 되어
날으는 새 비익조
여자라는 이름으로 다시 태어나
당신 곁에 둥지를 튼 꿈 같은 세월
인생길 험한 길도
나는 나는 두렵지 않아
영원히 함께 할래요
당신과 함께 할래요
온 세상 다 하도록
떨어져 못 사는 나무
당신의 뿌리로 선 나무
두 가닥 한 몸 되어
크는 나무 연리지
여자라는 이름으로 다시 태어나
당신 곁에 둥지를 튼 꿈 같은 세월
인생길 험한 길도
나는 나는 두렵지 않아
영원히 함께 할래요
당신과 함께 할래요
온 세상 다하도록
영원히 함께 할래요
당신과 함께 할래요
온 세상 다 하도록
온 세상 다 하도록"
애가 타 + 옆집 누나,"1,638",김희재,"이대로 나를 바라봐 눈으로 나를 안아줘
만날 때마다 자꾸만 가슴이 먼저 하는 말
사랑에 빠진 건가요 어떻게 하면 좋아요
이제는 아닌 척해도 아무런 소용이 없어
그냥 바라만 봐도 애가 타
맘이 너무 아파서 애가 타
이러는 게 아닌데 흘린 눈물 때문에
사랑하는 마음 들켜버렸어요
가까이 내게 와줘요 뭐라고 말 좀 해봐요
이렇게 애가 타도록 사랑하고 있는데
그냥 바라만 봐도 애가 타
맘이 너무 아파서 애가 타
이러는 게 아닌데 흘린 눈물 때문에
사랑하는 마음 들켜버렸어요
가까이 내게 와줘요 뭐라고 말 좀 해봐요
이렇게 애가 타도록 사랑하고 있는데
사랑하고 있는데
옆집 오빠랍니다 얼굴도 마음씨도 착한
알고 보면 정도 많고 귀여운 남자랍니다
울적하다면 와요 집에 놀러 와요
라면 끓여줄게요
고민 있다면 와요 소주 한잔하며
뭐든지 다 들어줄게
오오 날 보러 와요 보고 싶을 땐
오오 날 보러 와요
오빠가 생각날 땐 언제든
옆집 오빠랍니다 얼굴도 마음씨도 착한
알고 보면 정도 많고 귀여운 남자랍니다
어디 아프면 와요 오빠 손은 약손
내가 호 해줄게요
외로울 때면 와요 아무 때나 좋아
내가 곁에 있어줄게
오오 날 보러 와요 보고 싶을 땐
오오 날 보러 와요
오빠가 생각날 땐 언제든
옆집 오빠랍니다 얼굴도 마음씨도 착한
알고 보면 정도 많고 귀여운 남자랍니다
멋진 오빠랍니다 볼수록 매력 있는 남자
성격 하난 끝내주는 옆집 오빠랍니다
다 주고 싶어 모두 주고 싶어
당신 향한 내 마음
나에게 와요 오늘 밤에 와요
내가 안아줄게요
착한 오빠랍니다 영원히 변치 않을 남자
당신만을 사랑하는 당신의 남자랍니다
옆집 오빠랍니다"
18세 순이,145,강혜연,"누가 이런 사람을 본 적이 있나요
나이는 쉿! 비밀이에요 이름은 연이

살구꽃이 필 때면 돌아온다던
내 사랑 순이는 돌아올 줄 모르고

서쪽 하늘 문 틈새로 새어드는 바람에
떨어진 꽃냄새가 나를 울리네

가야해 가야해 나는 가야해
순이 찾아 가야해

가야해 가야해 나는 가야해
순이 찾아 가야해

누가 이런 사람을 본적이 있나요
나이는 18세 이름은 순이

가야해 가야해 나는 가야해
순이 찾아 가야해

가야해 가야해 나는 가야해
순이 찾아 가야해

가야해 가야해 나는 가야해
순이 찾아 가야해

가야해 가야해 나는 가야해
순이 찾아 가야해

누가 이런 사람을 본적이 있나요
나이는 (궁금해요) 이름은 연이
나이는 18세 이름은 순이"
가까이 하고 싶은 그대,"6,874",Nami (나미),"그대 눈빛만 보아도 나는 느낄 수 있어요
나를 좋아하고 있다는걸 처음부터 난 알 수 있었어요

이젠 두렵지 않아요 내게 다가온다해도
나도 그댈 좋아한다는걸 알고부터 모든게 꿈만같아
내곁에 있는 그대 모습을 보면서
사랑에 빠진 나의 마음을 알았네
가까이 하고 싶은 그대 자꾸만 가슴이 떨려
오 그대여 오늘밤 이대로 단둘이 그대와 있고만 싶어요

이젠 두렵지 않아요 내게 다가온다해도
나도 그댈 좋아한다는걸 알고부터 모든게 꿈만같아
내곁에 있는 그대 모습을 보면서
사랑에 빠진 나의 마음을 알았네
가까이 하고 싶은 그대 자꾸만 가슴이 떨려
오 그대여 오늘밤 이대로 단둘이 그대와 있고만 싶어요

그대와 있고만싶어
이대로"
수은등,"2,486",정미애,"어스름 저녁길에 하나 둘
수은등 꽃이 피며는
그대와 단둘이서 거닐던
이 길을 서성입니다
수은등 은은한 빛 변함 없어도
당신은 변했구려 보이질 않네
아 수은등 불빛아래
이 발길은 떠날 줄 몰라
어두운 밤 거리에 하나 둘
오색불 깜빡거리면
그대의 웃음소리 들려 올듯
내 가슴은 설레이네
바람부는 이 거리는 변함이 없건만
당신은 변했구려 보이질 않네
아오색불 깜빡이는
이 거리를 잊으셨구려
이 거리를 잊으셨구려"
예쁜여우,"1,071",김혜연,"남자들은 믿지 마라
모두 늑대다
지나깨나 남자 조심해
겉 모습이 여러 여자
설레게 하는
남자들은 모두 늑대다
삼일만에 나의 손을
잡아 버리고
사랑한다 고백을 하네
한 달만에 내 입술을
훔쳐 가고선
얼렁뚱땅 결혼 하자네
분명 이 남자는 늑대일꺼야
여자 마음 흔들어 놓는
그윽한 눈빛 달콤한 말로
내 맘을 사로잡네
하지만 어쩔 수 없어
늑대에게 빠져버린 나
그래도 그런 걱정 마세요
나는 예쁜 여운걸

여자들을 조심해라
모두 여우다
자나깨나 여자 조심해
눈웃음을 살살치며
꼬리 흔드는
여자들은 모두 여우다
처음 만나 술 사달라
억지 부리고
다짜고짜 사랑한다네
여자라면 어머니도 믿지 말라고
믿을것이 못 된다는데
분명 이 여자는 여우일꺼야
남자 마음을 들뜨게 하는
야릇한 미소 달콤한 입술
내 맘을 사로잡네
하지만 어쩔 수 없어
여우에게 홀려 버린걸
그래도 좋아 여우가 좋아
나의 예쁜 여우야
분명 이 남자는 늑대일꺼야
여자마음 흔들어 놓는
그윽한 눈빛 달콤한 말로
내 맘을 사로잡네
하지만 어쩔 수 없어
늑대에게 빠져버린 나
그래도 그런 걱정 마세요
나는 예쁜 여운걸"
오빠는 풍각쟁이,776,신미래,"오빠는 풍각쟁이야 뭐
오빠는 심술쟁이야 뭐
난 몰라 난 몰라
내 반찬 다 뺏어 먹는 건 난 몰라
불고기 떡볶이는 혼자만 먹고
오이지 콩나물만 나한테 주고
오빠는 욕심쟁이 오빠는 심술쟁이
오빠는 깍쟁이야
오빠는 트집쟁이야 뭐
오빠는 심술쟁이야 뭐
난 싫어 난 싫어
내 편지 남몰래 보는 건 난 싫어
명치좌 구경 갈 땐 혼자만 가고
심부름시킬 때면 엄벙뗑하고
오빠는 핑계쟁이 오빠는 안달쟁이
오빠는 트집쟁이야
오빠는 주정뱅이야 뭐
오빠는 모주꾼이야 뭐
난 몰라 난 몰라
밤늦게 술 취해 오는 건 난 몰라
날마다 회사에선 지각만 하고
월급만 안 오른다고 짜증만 내고
오빠는 짜증쟁이 오빠는 모주쟁이
오빠는 대포쟁이야"
님은 먼 곳에 (2023 Ver.),"4,293",이찬원,"사랑한다고 말할걸 그랬지
님이 아니면 못산다 할 것을
사랑한다고 말할걸 그랬지
망설이다가 가버린 사람

마음 주고 눈물 주고
꿈도 주고 멀어져 갔네
님은 먼 곳에 영원히 먼 곳에
망설이다가 님은 먼 곳에

사랑한다고 말할걸 그랬지
망설이다가 가버린 사람

마음 주고 눈물 주고
꿈도 주고 멀어져 갔네
님은 먼 곳에 영원히 먼 곳에
망설이다가
망설이다가 님은 먼 곳에"
애증의 강,"1,175",김재희,"어제는 바람 찬 강변을
나홀로 걸었어
길 잃은 사슴처럼
저 강만 바라보았어
강 건너 저 끝에 있는
수 많은 조약돌처럼
당신과 나 사이에 사연도 참 많았어
사랑했던 날들보다
미워했던 날이 더 많아
우리가 다시 저 강을
건널 수만 있다면
후회없이 후회없이 사랑할텐데
하지만 당신과
나는 만날 수가 없기에
당신이 그리워지면
저 강이 야속하다오
사랑했던 날들보다
미워했던 날이 더 많아
우리가 다시 저 강을
건널 수만 있다면
후회없이 후회없이 사랑할텐데
하지만 당신과
나는 만날 수가 없기에
당신이 그리워지면
저 강이 야속하다오
당신이 그리워지면
저 강이 야속하다오"
사랑해 고마워,"3,189",홍정희,"사랑해 내 인생이 다할때까지
고마워 내 곁에서 머물러줘서
오오 사랑하는 사람아
오오 고마운 내 사람아
언제나 그대만을 사랑하리라
사랑이란건 늘 곁에 있을땐
소중한걸 모르나봐요
이젠 알아요 숨쉬는 것보다
그대가 내게 필요하단걸

사랑해 내 인생이 다할때까지
고마워 내 곁에서 머물러줘서
오오 사랑하는 사람아
오오 고마운 내 사람아
언제나 그대만을 사랑하리라


사랑이란건 사는게 힘들때
무엇보다 힘이 되네요
이젠 알아요 그대가 없다면
내 인생 의미 없다는것을

사랑해 내 인생이 다할때까지
고마워 내 곁에서 머물러줘서
오오 사랑하는 사람아
오오 고마운 내 사람아
언제나 그대만을 사랑하리라
나 그대에게 맹세할게요
내 모든 걸 다바쳐 사랑해요
사랑해 눈물나게 그댈 사랑해
미안해 좀더 잘해주지 못해서
오오 사랑하는 사람아
오오 고마운 내 사람아
언제나 그대만을 지켜드리리
오오 사랑하는 사람아
오오 고마운 내 사람아<사랑해 내 인생이 다할 때까지
고마워 내 곁에서 머물러 줘서
오오 사랑하는 사람아
오오 고마운 내 사람아
언제나 그대만을 사랑하리라
사랑이란 건 늘 곁에 있을 땐
소중한 걸 모르나 봐요
이젠 알아요 숨 쉬는 것보다
그대가 내게 필요하단 걸
사랑해 내 인생이 다할 때까지
고마워 내 곁에서 머물러 줘서
오오 사랑하는 사람아
오오 고마운 내 사람아
언제나 그대만을 사랑하리라
사랑이란 건 사는 게 힘들 때
무엇보다 힘이 되네요
이젠 알아요 그대가 없다면
내 인생 의미 없다는 것을
사랑해 내 인생이 다할 때까지
고마워 내 곁에서 머물러 줘서
오오 사랑하는 사람아
오오 고마운 내 사람아
언제나 그대만을 사랑하리라
나 그대에게 맹세할게요
내 모든 걸 다 바쳐 사랑해요
사랑해 눈물 나게 그댈 사랑해
미안해 좀 더 잘 해 주지 못해서
오오 사랑하는 사람아
오오 고마운 내 사람아
언제나 그대만을 지켜 드리리
오오 사랑하는 사람아
오오 고마운 내 사람아
평생을 그대만을 사랑하리라
r>평생을 그대만을 사랑하리라"
사랑만은 않겠어요,578,윤수일,"이렇게-도 사-랑이 괴로울 줄 알-았다면
차라리 당신만은 만나지나 말- 것을

* 이제와서 후회해도 소용없는- 일이지-만
그 시절 그 추억이 또 다시 온다해도
사랑만은 않-겠어요*

* 반 복 *"
또 만났네요,"12,629",영탁,"또 만났네
또 만났어
야속한 그 사람
약속이나 한 것처럼
또 만났네
나도 모르게 생각만해도
설레이는 내마음
언제볼까 궁금했는데
또 만났네요
어쩌다 눈길이 마주칠 때면
자꾸만 가슴이 두근거리네
그 언제쯤 말을 붙일까
때가 되면은
때가 되면은
사랑을 고백할거야
또 만났네
또 만났어
야속한 그 사람
약속이나 한 것처럼
또 만났네
당신과 헤어져 헤어 질때면
자꾸만 아쉬워 아쉬워 지네
이게 바로 정이란 걸까
때가 되면은
때가 되면은
사랑을 고백할거야
어쩌다 눈길이 마주칠 때면
자꾸만 가슴이 두근거리네
그 언제쯤 말을 붙일까
때가 되면은
때가 되면은
사랑을 고백
사랑을 고백
사랑을 고백할거야"
누가울어,"1,632",진해성,"소리 없이 흘러내리는
눈물 같은 이슬비
누가 울어 이 한 밤
잊었던 추억인가
멀리 가버린 내 사랑은
돌아올 길 없는데
피가 맺히게
그 누가 울어 울어
검은 눈을 적시나
하염없이 흘러내리는
눈물 같은 이슬비
누가 울어 이 한 밤
잊었던 상처인가
멀리 떠나간 내 사랑은
기약조차 없는데
애가 타도록
그 누가 울어 울어
검은 눈을 적시나
아아
그 누가 울어
아아 누가 울어
누가 울어
아 아 아
기약조차 없는데
애가 타도록
그 누가 울어 울어
검은 눈을 적시나
검은 눈을 적시나"
왜 돌아보오,"1,770",박서진,"갈래면 가지 왜 돌아보오
갈래면 가지 왜 돌아보오
떠나갈 당신을 붙잡을 줄 알고
갈래면 가지 왜 돌아보오
찢어지는 아픔을 느껴야 하나요
마음속에 눈물을 보아야 하나요
사랑한다 말을 마오
유행가 가사인 줄 아오
갈래면 가지 왜 돌아봅니까

지나간 일들을 잊으라니요
지나간 일들을 잊으라니요
사랑이 무슨 장난인가요
갈래면 가지 왜 돌아보오
찢어지는 아픔을 느껴야 하나요
마음속에 눈물을 보아야 하나요
사랑한다 말을 마오
유행가 가사인 줄 아오
갈래면 가지 왜 돌아봅니까"
추억 속의 재회,758,조용필,"지나치는 어둠속에서
긴머리 낯선 그 모습
파도처럼 일렁이며
창가를 스쳐가는
젖은 눈의 그댈 보았네
입맞추면 고운 그 입술
울먹이는 슬픈 그대여
바람속에 지는
그대의 만남
순간에 머물렀을 뿐
떠나버린 날들은
이제는
사랑이라 부르지 않으리
영원히
기약없는 이별뒤에 찾아와
추억의 서러움만 남기네
미워할수 없는 그댈 지우며
눈감은 내가슴엔 눈물이
Hey

멀어지는 그대의 모습
부드러운 꽃향기처럼
가까이 다가와서
아프도록 마주보며
사랑으로 나를 부르네
이 시간이 지나면 이제는
잊혀져간 꿈으로 남으리
영원히
기약없는 이별뒤에 찾아와
추억의 서러움만 남기네
미워할수 없는 그댈 지우며
눈감은 내가슴엔 눈물이
Hey

기약없는 이별뒤에 찾아와
추억의 서러움만 남기네
미워할수 없는 그댈 지우며
눈감은 내가슴엔 눈물이
기약없는 이별뒤에 찾아와
추억의 서러움만 남기네
미워할수 없는 그댈 지우며
눈감은 내가슴엔 눈물이
기약없는 이별뒤에 찾아와"
무시로,"28,984",임영웅,"이미 와버린 이별인데
슬퍼도 울지 말아요
이미 때늦은 이별인데
미련은 두지 말아요
눈물을 감추어요 눈물을 아껴요
이별보다 더 아픈게 외로움인데
무시로 무시로
그리울 때 그때 울어요
이미 돌아선 님이라면
미워도 미워 말아요
이미 약속된 이별인데
아무 말 하지 말아요
눈물을 감추어요 눈물을 아껴요
이별보다 더 아픈게 외로움인데
무시로 무시로 그리울때 그때 울어요
눈물을 감추어요 눈물을 아껴요
이별보다 더 아픈게 외로움인데
무시로 무시로
그리울 때 그때 울 어 요
그리울 때 그때 울 어 요"
삼백초,"2,316",박지현,"바보야
가버린 너는 바보야
엽서도 한 장 남기지 않고
떠나가버린 너
너는 너는 너는
바보야
삼백초 꽃 잎 같은 내 마음에
눈물이 맺히고 있네
아늑한 가슴 나직한 음성
은근한 그 애정
다시 돌아올 수 없겠니
미운 바보야
예쁜 바보야
내 마음도 몰라주는
바보 바보야
바보야
가버린 너는 바보야
한 마디 말도 원망도 없이
떠나가버린 너
너는 너는 너는
바보야
삼백초 이슬 같은 내 마음에
그리움 번지고 있네
바람은 불고
갈잎은 울고
계절은 슬픈데
너의 발길 간 곳 어디니
미운 바보야
예쁜 바보야
내 마음도 몰라주는 바보 바보야"
뭐야 뭐야,508,방실이,"뭐야 뭐야 뭐야 뭐야 뭐야
뭐야 뭐야 당신이 뭐야
제발 날 내버려두지마

당신이 당신이 뭐길레
날 이렇게 힘들게 해
술잔을 쓸쓸히 마주한 나에게
휘감겨오는 그사람

세상에 흔한것이 남자라 하지만
너무 가슴이 아파
다시 한번만 기회를 주세요
최선을 다할께요

뭐야 뭐야 뭐야 뭐야 뭐야
당신이 뭐길레 날 애원하게 만들어
뭐야 뭐야 뭐야 뭐야 뭐야
살빠질것 같아 제발 날 내버려두지마

뭐야 뭐야 뭐야 뭐야 뭐야
뭐야 뭐야 당신이 뭐야
제발 날 내버려두지마

당신이 당신이 뭐길레
세월 흐른 지금도
당신모습 당신 생각에
지금도 난 가슴이 뛰어요

당신 밖엔 사랑할줄 모르는 여자
바보같은 여자
다시 한번만 기회를 주세요
최선을 다할께요

뭐야 뭐야 뭐야 뭐야 뭐야
당신이 뭐길레 날 애원하게 만들어
뭐야 뭐야 뭐야 뭐야 뭐야
살빠질것 같아 제발 날 내버려두지마

제발 날 내버려두지마"
세월에 던진 사랑,288,박우철,"가슴에 다 묻지말아요
어차피 잊을거라면
그냥 세월에 던져버려요
날 두고 가버린 사랑
모래위에 발자욱처럼
언젠가는 지워지겠죠
사랑은 파도가
추억은 바람이
하나씩 지울꺼니까
가슴에는 묻지말아요
가슴에 다 묻지말아요
어차피 잊을거라면
그냥 세월에 던져버려요
날 두고 돌아선 사람
모래위에 발자욱처럼
언젠가는 지워지겠죠
사랑은 파도가
추억은 바람이
하니씩 지울거니까
가슴에는 묻지말아요
세월에 다 던져버려요"
대박 날 테다,"5,983",장민호,"오늘은 또 몇 시에 집에 가
칼퇴가 웬 말 눈치싸움 실패했어
매일 똑같은 하루 속에
숨이 막힐 것 같은 나지만
잘 봐 곧 좋은 날 올 테니까
Oh 대박 대박 대박 나에게로 와라
크게 한번 터트려보자
그대로 나를 따라 따라와 니가 위너다
빨리빨리 따라와
좋아 청춘아 좋아 힘을 내봐
웃자 세상아 대박 날 테다
숨죽이고 오늘도 난 버텨
며칠만 참자 월급이면 해결된다
잘하면 니 덕 잘못하면
나를 탓하냐 만만해 내가
잘 봐 곧 터질 날 올 테니까
Oh 대박 대박 대박 나에게로 와라
크게 한번 터트려보자
그대로 나를 따라 따라와 니가 위너다
빨리빨리 따라와
좋아 청춘아 좋아 힘을 내봐
웃자 세상아 대박 날 테다
Oh 대박 대박 대박 나에게로 와라
크게 한번 터트려보자
그대로 나를 따라 따라와 니가 위너다
빨리빨리 따라와
좋아 청춘아 좋아 힘을 내봐
웃자 세상아 대박 날 테다
대박 날 테다
대박 날 테다"
사모,"1,090",진해성,"오소서 님이여 님이시여
촉촉히 젖은 입술로
바람에 업히어 구름에 실려
살짝이 오소서
오소서 님이여 님이시여
선바람 모습 그대로
풋서리길 말고 꽃길을 따라
살짝이 오소서
낙숫물에 머리를 감고
달빛에 머리를 빗고
님이 오시는 길목에 서서
사모하는 가슴앓이 아신다면은
오소서 님이여 님이시여
살짝이 오소서
낙숫물에 머리를 감고
달빛에 머리를 빗고
님이 오시는 길목에 서서
사모하는 가슴앓이 아신다면은
오소서 님이여 님이시여
잽싸게 오소서
오소서 님이여 님이시여
잽싸게 오소서"
연하의 남자,"2,737",박서진,"나는 나는 연하의 남자
부를 땐 누나라고
누나라고 말하지만
내 마음은 설레이고 있어요
처음 본 순간부터
내 마음을 뺏겼어요
내 영혼을 흔들었어요
이제부턴 동생 아닌
남자로 봐주세요
당신을 사랑합니다
내 사랑을 받아주세요
조건없이 다 드릴게요
당신에게 빠져 버린
당신에게 빠져 버린
나는 나는 연하의 남자
나는 나는 연하의 남자
부를 땐 누나라고
누나라고 말하지만
내 마음은 설레이고 있어요
처음 본 순간부터
내 마음을 뺏겼어요
내 영혼을 흔들었어요
이제부턴 동생 아닌
남자로 봐주세요
당신을 사랑합니다
내 사랑을 믿어주세요
행복하게 해드릴게요
당신에게 빠져 버린
당신에게 빠져 버린
나는 나는 연하의 남자
당신에게 빠져버린
당신에게 빠져버린
나는 나는 연하의 남자"
그대와 영원히,"13,855",임영웅,"헝클어진 머리결
이젠 빗어봐도 말을 듣지 않고
초점 없는 눈동자
이젠 보려 해도
볼 수가 없지만
감은 두 눈 나만을 바라보며
마음과 마음을 열고
따스한 손길
쓸쓸한 내 어깨 위에
포근한 안식을 주네
저 붉은 바다 해 끝까지
그대와 함께 가리
이 세상이 변한다 해도
나의 사랑 그대와 영원히
무뎌진 내 머리에
이제 어느 하나 느껴지질 않고
메마른 내 입술엔
이젠 아무 말도
할 수가 없지만
맑은 음성 가만히 귀 기울여
행복의 소리를 듣고
고운 미소 쇠잔한 내 가슴속에
영원토록 남으리
저 붉은 바다 해 끝까지
그대와 함께 가리
이 세상이 변한다 해도
나의 사랑 그대와 영원
이 세상이 변한다 해도
나의 사랑 그대와 영원히"
개과천선,421,박민수,"갑자기 당신이 생각이 나서
처음으로 꽃을 샀어요
바쁘다는 핑계로 잘해주지 못했던
지난 나를 용서해줘요
저 하늘 별 같았던 예뻤던 얼굴
잔주름이 늘어났지만
그런 당신 착한 당신을
너무나 사랑합니다
미안해요 놀라지 말아요
당신은 나의 천사야
갑자기 당신이 보고 싶어서
무작정 나 집에 왔어요
피곤하단 이유로 등 돌리고 잤었던
지난 나를 용서해줘요
생일날 기념일날 눈물만 주고
돌아서서 울던 나지만
그런 당신 착한 당신을
너무나 사랑합니다
미안해요 놀라지 말아요
당신은 나의 천사야
앞으론 좋은 날만 행복한 날만
당신 품에 선물할게요
나의 여자 착한 당신을
너무나 사랑합니다
미안해요 더 잘할 거예요
당신은 나의 천사야
당신은 나의 천사야"
걱정을 말아요,"1,795",박서진,"걱정을 말아요 염려를 말아요
할 수 있어요 걱정을 말아요
세상 사는 동안에 어려움이 있어도
눈물은 흘리지 말아요
삶의 무거운 짐은 누구라도 있어요
아파하고 슬퍼도 말아요
지나간 시간들은 잊어버려요
잊으려면 못 잊을 게 없는데
걱정을 말아요 염려를 말아요
할 수 있어요 걱정을 말아요

걱정을 말아요 염려를 말아요
할 수 있어요 걱정을 말아요
걱정해서 된다면 끝까지 하겠지만
이 또한 나의 삶인데
포기하지 말아요 후회하지 말아요
바람처럼 지나갈 시간들
인생에 정답이란 없는 거예요
이제부터 다시 시작해 봐요
걱정을 말아요 염려를 말아요
할 수 있어요 걱정을 말아요
걱정을 말아요 염려를 말아요
할 수 있어요 걱정을 말아요
할 수 있어요 걱정을 말아요
할 수 있어요 걱정을 말아요"
오랜만이야,"19,098",임영웅,"참 오랜만이란 말로
웃으며 인사 하는 너
처음 널 만날 때처럼
내 가슴이 철없이 또 뛰어
꼭 행복 하라는 말로
울면서 보내줬는데
그 말이 무색 할 만큼
너 왜 이렇게 많이 야위었어
무슨 일 있었던 거니
세상을 다 줄 것 같은 그 사람과
오래오래 잘 사는게 행복 하는게
그렇게 힘이 들었니
붙잡을걸 그랬나봐
내가 더 사랑한다 말할걸
가진게 너무 없어 줄게 너무 없어
안되는 줄 알았어
기다릴걸 그랬나봐
네가 돌아올 줄 알았다면
혼자가 아닌 나라 널 잡을 수 없어
바보 같지만 미안해
나 다시 널 보낼게
좀 일찍오지 그랬어
너땜에 힘들었는데
죽을 것 같았던 나를
그녀가 겨우 구해줬는데
나 왜 이렇게 못됐니
네 작은 어깨를 꼭 안고 싶어져
자꾸만 후회 되는게 미치겠는게
아프게 너를 또 원해
붙잡을걸 그랬나봐
내가 더 사랑한다 말할걸
가진게 너무 없어 줄게 너무 없어
안되는 줄 알았어
기다릴껄 그랬나봐
네가 돌아올 줄 알았다면
혼자가 아닌 나라 널 잡을 수 없어
바보 같지만 미안해
나 다시 널 보낼게
몰라볼걸 그랬나봐
널 닮은 사람이지 그랬어
내 앞에 있는 너를 애써웃는 너를
안아줄 수도 없는데
스쳐갈걸 그랬나봐
고갤 돌리지 말걸 그랬어
멀어져가는 너를 난 잡을수 없어
다시 한번 더 부탁해
나 보다 더 행복해"
향수 (guitar by 함춘호),"17,580",조영남,"넓은 벌 동쪽 끝으로
옛이야기 지줄 대는
실개천이 휘돌아 나가고
얼룩빼기 황소가 해설피 금빛
게으른 울음을 우는 곳
그곳이 차마 꿈엔들 잊힐 리야 우
질화로에 재가 식어지면
빈 밭에 밤바람 소리 말을 달리고
엷은 졸음에 겨운 늙으신 아버지가
짚 베개를 돋아 고이 쉬는 곳
그곳이 차마 꿈엔들 잊힐 리야
흙에서 자란 내 마음
파란 하늘빛이 그리워
함부로 쏜 화살을 찾으러
풀섶 이슬에 함추름 휘적시던 곳
그곳이 차마 꿈엔들 잊힐 리야
전설 바다에 춤추는 밤물결 같은
검은 귀밑머리 날리는 어린 누이와
아무렇지도 않고 예쁠 것도 없는
사철 발 벗은 아내가
따가운 햇살을 등에 지고
이삭 줍던 곳
그곳이 차마 꿈엔들 잊힐 리야
하늘에는 성근 별
알 수도 없는 모래성으로
발을 옮기고
서리 까마귀 우지짖고
지나가는 초라한 지붕
흐릿한 불빛에
둘러앉아 도란도란 거리는 곳
그곳이 차마 꿈엔들
꿈엔들 꿈엔들 꿈엔들
꿈엔들 꿈엔들 잊힐리야"
비가,674,윤태화,"사랑하는 사람의
그 이름을 끝내 부르지 못해
그리움 하나로 잊혀져가는
내 이름 석자
등을 돌려 내게서
등 돌려 가는 사람이여
그래 말없이 떠나라
다시 돌아오지 말아라
바람에 스치우는 그대 그리운 말
이제는 잊으리라
노을 한 자락에도 떨어지는
이 눈물은 씻어 지리라
살다 살다 외로워질 때
나보다 더 그대 외로울 때
그때 그리워지리라
잊혀진 내 이름 석자
바람에 스치우는 그대 그리운 말
이제는 잊으리라
노을 한 자락에도 떨어지는
이 눈물은 씻어 지리라
바람에 스치우는 그대 그리운 말
이제는 잊으리라
노을 한 자락에도 떨어지는
이 눈물은 씻어 지리라
살다 살다 외로워질 때
나보다 더 그대 외로울 때
그때 그리워지리라
잊혀진 내 이름 석자
잊혀진 내 이름 석자"
미운사내,98,김소유,"순진한 여자의 가슴에다
돌을 던진 사내야

떠나버릴 사람이라면
사랑한다 말은 왜 했나

활짝 핀 꽃처럼 웃던 얼굴이
웬일인지 요즈음 우울해졌네

순진한 내 가슴에
돌을 던진 사내야

미운 사내
미운 사내
얄미운 사내야

순진한 여자의 가슴에다
돌을 던진 사내야

떠나버릴 사람이라면
사랑한다 말은 왜 했나

활짝 핀 꽃처럼 웃던 얼굴이
웬일인지 요즈음 우울해졌네

순진한 내 가슴에
돌을 던진 사내야

미운 사내
미운 사내
얄미운 사내야

미운 사내
미운 사내
얄미운 사내야"
님은 먼 곳에,904,나미애,"사랑한다고 말할걸 그랬지
님이 아니면 못산다 할 것을
사랑한다고 말할걸 그랬지
망설이다가 가버린 사람
마음주고 눈물주고
꿈도주고 멀어져갔네
님은 먼곳에 영원히 먼곳에
망설이다가 님은 먼곳에

사랑한다고 말할걸 그랬지
망설이다가 가버린 사람
마음주고 눈물주고
꿈도주고 멀어져갔네
님은 먼곳에 영원히 먼곳에
망설이다가 님은 먼곳에"
고장난 벽시계,"1,017",김용임,"세월아 너는 어찌 돌아도 보지 않느냐
나를 속인 사람보다
네가 더욱 야속하더라
한 두번 사랑땜에 울고 났더니
저 만큼 가버린 세월
고장난 벽시계는 멈추었는데
저 세월은 고장도 없네

청춘아 너는 어찌 모른척 하고 있느냐
나를 버린 사람보다
네가 더욱 무정하더라
뜬구름 쫒아가다 돌아 봤더니
어느새 흘러간 청춘
고장난 벽시계는 멈추었는데
저 세월은 고장도 없네"
그 정 때문에,"1,129",양지은,"아 그 정 때문에 아 그 정 때문에
바람에 늙고 시름에 젖어도
단 한 번도 잊은 적 없네
똑딱똑딱 가는 소리에
내 모습 변해만 져도
맺지도 못할 사랑 때문에
목메어 운다
그 정 때문에 그 정 때문에
이러지도 저러지도 못하네
아 그 정 때문에 아 그 정 때문에
바람에 늙고 시름에 젖어도
단 한 번도 잊은 적 없네
똑딱똑딱 가는 소리에
내 모습 변해만 져도
맺지도 못할 사랑 때문에
목메어 운다
그 정 때문에 그 정 때문에
이러지도 저러지도 못하네
그 정 때문에 그 정 때문에
이러지도 저러지도 못하네
이러지도 저러지도 못하네"
최고 친구,"1,675",김정호,"오늘은 술이 너무 달다
시린 가슴에 바람이 분다
외로움에 눈물이 난다
힘차게 달려온 후회 없는 내 인생
돈도 명예도 별것 없더라
힘이 들때 부르면 어디든지 달려온
네가 정말 최고 친구야
세찬 비바람이 불어도
거센 눈보라가 닥쳐도
함께 있어 나는 행복해
고맙다 친구야 사랑한다 친구야
오늘은 술이 너무 달다
오늘은 술이 너무 달다
시린 가슴에 바람이 분다
외로움에 눈물이 난다
힘차게 달려온 후회 없는 내 인생
돈도 명예도 별것 없더라
힘이 들때 기대면 아낌없이 감싸 준
네가 정말 최고 친구야
세찬 비바람이 불어도
거센 눈보라가 닥쳐도
함께 있어 나는 행복해
고맙다 친구야 사랑한다 친구야
오늘은 술이 너무 달다
고맙다 친구야 사랑한다 친구야
오늘은 술이 너무 달다
오늘은 술이 너무 달다"
홍도야 우지마라,63,윤수현,"사랑을 팔고 사는 꽃 바람 속에
너 혼자 지키려는 순정의 등불
홍도야 우지마라 오빠가 있다
아내의 나갈 길을 너는 지켜라

구름에 쌓인 달을 너는 보았지
세상은 구름이요 홍도는 달빛
하늘이 믿으시는 내 사랑에는
구름을 걷어주는 바람이 분다

바람이 분다"
빠이 빠이야,"1,301",소명,"사랑의 그 약속을 내팽개치고
떠나가는 여자야
울 줄 알았지 착각하지마
너를 잡을 줄 아냐
이 세상에 어디 여자가 너뿐이더냐
너보다 착한 여자 너보다 고운여자
만나 살면 되는 걸
그래 가거라 행복해라
빠이빠이 빠이빠이야
사랑의 그 맹세를 나 몰라라고
돌아서는 남자야
나를 떠난건 너의 실수야
속이 편할 줄 아냐
이 세상에 어디 남자가 너뿐이더냐
너보다 잘난 남자 너보다 멋진 남자
만나 살면 되는 걸 그래 가거라 잘살아라
빠이빠이 빠이빠이야

사랑의 그 약속을 내팽개치고
떠나가는 여자야
울 줄 알았지 착각하지마
너를 잡을 줄 아냐
이 세상에 어디 여자가 너뿐이더냐
너보다 착한 여자 너보다 고운여자
만나 살면 되는 걸 그래 가거라 행복해라
빠이빠이 빠이빠이야
이 세상에 어디 남자가 너뿐이더냐
너보다 잘난 남자 너보다 멋진 남자
만나 살면 되는 걸 그래 가거라 잘살아라
빠이빠이 빠이빠이야
빠이빠이 빠이빠이야"
모정,945,진해성,"낯선 타국 바다 건너
열세 살 어린 네가
오직 한 번 꿈에 본 듯
다녀간 이날까지
기다리던 스무 해
모진 목숨은
백발이 되었네
하늘 끝 저 멀리에
소리쳐 불러봐도
구슬픈 메아리에
들리는 너의 이름
철새도 봄이면 돌아오는데
떠나버린 내 아들은
소식도 없네

불효 자식 기다리다
늙으신 어머니여
오매불망 쌓인 뜻을
이제야 풀려는데
자식 걱정 한 평생
그리움 안고
별나라 가셨네
죄 많은 뉘우침을
천만번 굽으소서
무정한 긴긴 세월
가슴이 메입니다
생전에 못다 한
자식의 도리
어머님 영전에서
흐느낍니다"
언제벌써,"1,338",윤정아,"내 나이 황혼이 오면
다 끝난 줄 알았는데
인생의 참맛을 다 보고 살아 온
지금 내 나이가 제일 좋더라
살기 바빠 가는 세월
모르고 살아 왔는데
내 나이 언제 벌써 여기까지 왔는지
언제 벌써 여기까지 왔는지
내 나이 황혼이 오면
다 끝난 줄 알았는데
인생의 참맛을 다 보고 살아 온
지금 내 나이가 제일 좋더라
가는 세월 막을 수 없고
지는 해 잡을 수 없어
내 나이 언제 벌써 여기까지 왔는지
언제 벌써 여기까지 왔는지
살기 바빠 가는 세월
모르고 살아왔는데
내 나이 언제 벌써 여기까지 왔는지
언제 벌써 여기까지 왔는지
언제 벌써 여기까지 왔는지"
애가 타,328,조항조,"이대로
나를 바라봐
눈으로
나를 안아줘
만날 때마다
자꾸만
가슴이 먼저
하는 말
사랑에
빠진 건가요
어떻게 하면
좋아요
이제는
아닌 척해도
아무런
소용이 없어
그냥
바라만 봐도
애가 타
마음이
너무 아파서
애가 타
이러는 게
아닌데
흘린 눈물
때문에
사랑하는 마음
들켜버렸어요
가까이
내게 와줘요
뭐라고
말 좀 해봐요
이렇게
애가 타도록
사랑하고
있는데
그냥
바라만 봐도
애가 타
마음이
너무 아파서
애가 타
이러는 게
아닌데
흘린 눈물
때문에
사랑하는 마음
들켜버렸어요
그냥
바라만 봐도
애가 타
마음이
너무 아파서
애가 타
이러는 게
아닌데
흘린 눈물
때문에
사랑하는 마음
들켜버렸어요
가까이
내게 와줘요
뭐라고
말 좀 해봐요
이렇게
애가 타도록
사랑하고
있는데
사랑하고
있는데"
정녕,"1,033",진해성,"당신은 나에게 할 말이 없나요
아직도 나는 할 말이 많은데
당신의 눈엔 한 방울 눈물이
이별의 진실인가요
사랑은 정녕 무엇인가요
가슴 하나 태우면 그만인가요
이별은 정녕 무엇인가요
또 다른 만남의 시작인가요
돌아서는 그대 마지막 눈물에
나는 바람 되어 웁니다
당신의 진실은 무엇인가요
나에겐 오직 당신뿐인데
우리가 나눈 사랑의 기쁨이
이별을 막을 수는 없었나요
사랑은 정녕 무엇인가요
가슴 하나 태우면 그만인가요
이별은 정녕 무엇인가요
또 다른 만남의 시작인가요
돌아서는 그대 마지막 눈물에
나는 바람 되어 웁니다
돌아서는 그대 마지막 눈물에
나는 바람 되어 웁니다"
님의 등불,766,은가은,"동쪽에서 부는 바람
이내 옷깃 스칠라
서쪽에서 부는 바람
이내 살갗 스칠라
하나밖에 없는 내님이여
누가 볼까 두렵소
장뚝 뒤에 숨길까
이내 등뒤에 숨길까
세찬 비바람 불어도
거센 눈보라가 닥쳐도
나는 영원한
당신의 등불이 되리라
장뚝 뒤에 숨길까
이내 등뒤에 숨길까
세찬 비바람 불어도
거센 눈보라가 닥쳐도
나는 영원한
당신의 등불이 되리라"
내 하나의 사람은 가고 (2023 Ver.),"4,480",이찬원,"너를 보내는 들판에
마른 바람이 슬프고
내가 돌아선 하늘엔
살빛 낮달이 슬퍼라
오래도록 잊었던
눈물이 솟고
등이 휠 것 같은
삶의 무게여

가거라 사람아
세월을 따라
모두가 걸어가는
쓸쓸한 그 길로

이젠 그 누가 있어
이 외로움 견디며 살까
이젠 그 누가 있어
이 가슴 지키며 살까
아 저 하늘의
구름이나 될까
너 있는 그 먼 땅을
찾아 나설까

사람아 사람아
내 하나의 사람아
이 늦은 참회를
너는 아는지

사람아 사람아
내 하나의 사람아
이 늦은 참회를
너는 아는지"
영일만 친구,683,손빈아,"바닷가에서 오두막집을 짓고
사는 어릴 적 내 친구
푸른 파도 마시며 넓은 바다의
아침을 맞는다
누가 뭐래도 나의 친구는
바다가 고향이란다
갈매기 나래 위에
시를 적어 띄우는
젊은 날 뛰는 가슴 안고
수평선까지 달려나가는
돛을 높이 올리자 거친 바다를
달려라 영일만 친구야
누가 뭐래도 나의 친구는
바다가 고향이란다
갈매기 나래 위에
시를 적어 띄우는
젊은 날 뛰는 가슴 안고
수평선까지 달려나가는
돛을 높이 올리자 거친 바다를
달려라 영일만 친구야
영일만 친구야
영일만 친구야"
사내,609,민수현,"사내답게 살다가 사내답게 갈 거다
가자
큰 소리로 울면서 이 세상에 태어나
가진 것은 없어도 비굴하진 않았다
때론 사랑에 빠져 비틀댄 적 있지만
입술 한 번 깨물고 사내답게 웃었다
긴가민가하면서 조마조마하면서
설마설마하면서 부대끼며 살아온
이 세상을 믿었다 나는 나를 믿었다
추억 묻은 친구야 물론 너도 믿었다
벌거벗은 몸으로 이 세상에 태어나
자랑할 건 없어도 부끄럽지도 않아
한때 철없던 시절 방황한 적 있지만
소주 한잔 마시고 사내답게 잊었다
긴가민가하면서 조마조마하면서
설마설마하면서 부대끼며 살아온
이 세상을 믿었다 나는 나를 믿었다
추억 묻은 친구야 물론 너도 믿었다
미련 같은 건 없다 후회 역시도 없다
사내답게 살다가 사내답게 갈 거다
사내답게 갈 거다"
한오백년,"1,090",조용필,"한 많은 이세상 야속한 님아
정을 두고 몸만 가니 눈물이 나네
아무렴 그렇지 그렇구 말고
한 오백년 살자는데 웬 성화요
백사장 세모래밭에
칠성단을 보고
임생겨 달라고 비나이다
아무렴 그렇지 그렇고 말고
한 오백년 살자는데 웬 성화요
청춘에 짓밟힌 애끓는 사랑
눈물을 흘리며
어디로 가나
아무렴 그렇지 그렇고 말고
한 오백년 살자는데 웬 성화요
한 많은 이 세상 냉정한 세상
동정심 없어서 나는 못살겠네
아무렴 그렇지 그렇고 말고
한 오백년 살자는데 웬 성화요
아무렴 그렇지 그렇고 말고
한 오백년 살자는데 웬 성화요"
뜨거운 안녕,189,마이진,"또다시
말해주오
사랑하고
있다고
별들이 별들이
다정히 다정히
손을
잡는 밤
기어이
가신다면
헤어집시다
아프게
마음 새긴
그 말
한마디
보내고 밤마다
울음이 나도
남자답게
말하리라
안녕이라고
뜨겁게 뜨겁게
뜨겁게 뜨겁게
안녕이라고
또다시
말해주오
사랑하고
있다고
비둘기
나란히
구구대는데
기어이 기어이
떠난다면
보내드리리
너무나
깊이 맺힌
그날 밤
입술
긴긴날 그리워
몸부림쳐도
남자답게
말하리라
안녕이라고
뜨겁게
뜨겁게
안녕이라고
뜨겁게
뜨겁게
안녕이라고
안녕이라고
안녕이라고"
사랑 빛,"12,119",임영웅,"그댈 보면 얼굴이 빨개지고
그댈 보면 가슴이 두근두근
아이처럼 수줍게 말하고
그댈 보면 괜시리 웃음이 나
바보처럼 자꾸만 그래
아마 내게 사랑이 온 건 가봐
그대는 내 마음 속의 President
내 가슴의 별 수 놓지
I'm Genie for you Girl
내 숨을 멎게 하지
그대가 원하는 건 다
너를 사랑하니까
내 사랑에 이유는 없잖아
You know 그대는 Darling
밤 하늘 별빛보다 아름다워요
내 맘속 깊은 곳에서 반짝거리는
나만의 사랑 빛 그대를 사랑해요
Darling 언제나 내 곁에서
빛을 내줘요
매일 밤 바라보고
바라봐도 아름다워요
그댄 나의 사랑 빛
그댈 보면
구름을 나는 기분
유치해도 자꾸만 그래 아마 내게
사랑이 온 건 가봐
그대는 Darling
밤 하늘 별빛보다 아름다워요
내 맘속 깊은 곳에서 반짝거리는
나만의 사랑 빛
그대를 사랑해요 Darling
언제나 내 곁에서
빛을 내줘요
매일 밤 바라보고
바라봐도 아름다워요
그댄 나의 사랑 빛
그대는 Lovely
저 하늘 햇살보다 눈이 부셔요
내 맘속 어둔 곳까지 밝게 비추는
나만의 사랑 빛 그대를 사랑해요
Lovely 두 눈을 감아봐도
그대 보여요
이렇게 바라보고 바라봐도
눈이 부셔요 그댄 나의 사랑 빛"
엄마 아리랑,68,마리아,"엄마아리랑 아리랑
아리아리랑 아라리요

우리 엄마 무병장수
정성으로 기원하오
엄마 아리랑

사랑하는 내 어머니
보고싶소 울 어머니

서산마루 해가 지고 달이 뜨는구나

아리랑 아리랑
사랑 음 사랑 음
엄마아리랑

아리아리랑 아라리요
쓰리쓰리랑 아라리요

우리 엄마 사랑은 아리랑
엄마 아리랑

아리랑 아리랑
사랑 음 사랑 음
엄마아리랑

아리아리랑 아라리요
쓰리쓰리랑 아라리요

우리 엄마 사랑은 아리랑
엄마 아리랑

엄마 엄마
우리 어머니 아리랑

엄마 아리랑"
홀로아리랑 (Prod. 박경훈),"24,022",김호중,"저 멀리 동해바다 외로운 섬
오늘도 거센 바람 불어오겠지
조그만 얼굴로 바람 맞으니
독도야 간밤에 잘 잤느냐
아리랑 아리랑 홀로아리랑
아리랑 고개를 넘어가 보자
가다가 힘들면 쉬어 가더라도
손잡고 가보자 같이 가보자
금강산 맑은 물은 동해로 흐르고
설악산 맑은 물도 동해 가는데
우리네 마음들은 어디로 가는가
언제쯤 우리는 하나가 될까
아리랑 아리랑 홀로아리랑
아리랑 고개를 넘어가 보자
가다가 힘들면 쉬어 가더라도
손잡고 가보자 같이 가보자
백두산 두만강에서 배 타고 떠나라
한라산 제주에서 배 타고 간다
가다가 홀로 섬에 닻을 내리고
떠오르는 아침 해를 맞이해보자
아아 아아 아리랑 고개 넘어가 보자
가다가 힘들면 쉬어 가더라도
손잡고 가보자 같이 가보자
손잡고 가보자 같이 가보자
손잡고 가보자 같이 가보자"
꽃이 핍니다,"3,559",박서진,"핍니다 핍니다
사랑에 꽂이 핍니다
당신만 당신만보면
메마른 메마른 가슴에
핍니다 꽃이 핍니다
내 가슴에 꽃이 핍니다
봄 여름 가을 겨울 피는 꽃보다
당신 얼굴에 피는 꽃이 더 좋아
당신 만나 피는 꽃 사랑꽃이
장미보다도 동백보다도
나는 나는 더 좋아
당신만 만나면
사랑에 꽃이핍니다
핍니다 핍니다
사랑에 꽂이 핍니다
당신만 당신만보면
메마른 메마른 가슴에
핍니다 꽃이핍니다
내 가슴에 꽃이 핍니다
봄 여름 가을 겨울 피는 꽃보다
당신 얼굴에 피는 꽃이 더 좋아
당신 만나 피는 꽃 사랑꽃이
장미보다도 동백보다도
나는 나는 더 좋아
당신만 만나면
사랑에 꽃이핍니다
내 사랑에 꽃이 핍니다"
목포행 완행열차,"2,406",박서진,"목포행 완행열차
마지막 기차 떠나가고
늦은 밤 홀로 외로이
한잔 술에 몸을 기댄다
우리의 사랑은 이제
여기까지가 끝인가요
우리의 짧은 인연도
여기까지가 끝인가요
잘 가요 인사는 못해요
아직 미련이 남아서
언젠가 우리 다시 만나는 그날
그냥 편히 웃을 수 있게

우리의 사랑은 이제
여기까지가 끝인가요
우리의 짧은 인연도
여기까지가 끝인가요
잘 가요 인사는 못해요
아직 미련이 남아서
언젠가 우리 다시 만나는 그날
그냥 편히 웃을 수 있게
그냥 편히 안을 수 있게"
백세인생,"20,321",김호중,"70세에 저 세상에서
날 데리러 오거든
미스터트롯 콘서트땜에
못간다고 전해라
80세에 저 세상에서
날 데리러 오거든
장가 한 번 가보기 전까지는
못간다고 전해라
90세에 저 세상에서
날 데리러 오거든
진또배기 진또배기땜에
못간다고 전해라
100세에 저 세상에서
날 데리러 오거든
이번 미션 1등 못하면
안 간다고 전해라
아리랑 아리랑 아라리요
우리 모두 백세 청춘
행복하게 살아요"
너는 내 남자,52,마리아,"꽉 낀 청바지
갈아입고 거리에 나섰다
오늘 따라 보고 싶어
너무나 보고 싶어
그 카페를 찾아갔지만
너의 모습은 보이지 않았어

너를 의식 못한
내 방식대로 사랑한 탓으로
왠지 너를 놓칠 것 같은 예감 때문에
돌아오는 길이 난 무척 힘들었어

내가 미워도 한 눈 팔지마
너는 내 남자
그래도 언제나 너는 내 남자

다시 한 번 다시 한 번
다시 한 번 마음 돌려 내게로 돌아와
오늘 따라 보고 싶어 너무나 보고 싶어
그 카페를 찾아갔지만
너의 모습은 보이지 않았어

내가 미워도 한 눈 팔지마
너는 내 남자
그래도 언제나 너는 내 남자
그래도 언제나 너는 내 남자"
인생은 물레방아,"1,798",양지은,"이른 아침에
둥근 해를 바라보면은
왠지 나도 모르게 기분이 좋아
앞산 새 한마리
가사없는 노래를 하고
너도나도 일어나 큰 북을 울려라
잠에서 깨어나라
깨어나서 뛰어 보아라
인생은 물레방아
돌고 도는게 인생살이지
살다보면 너나나나
좋은 날이 찾아 올거야
어제 밤에는
비 바람이 몰아 치더니
오늘 아침에 무지개 떴네
세상 사람들아
젖은 옷을 벗어 버리고
둥기 둥기 두둥둥
큰 북을 울려라
희망찬 아침해가
덩실 더덩실 춤을 추더라
나에게 광명이
광명의 빛이 찾아오려나
살다보면 너나나나
좋은 날이 찾아 올거야
좋은 날이 찾아 올거야"
내 이름은 구름이여,"1,001",조용필,"기다려요 한마디에 긴긴 세월
살아온 나 갈길잃어 서성이는
내 이름은 구름이여 그리워도
그대 위해 이슬처럼 잊으리라
보고파도 그대 위해 옛일처럼
잊으리라 밤새워 기도하던
이 마음 달래봐도 갈길잃어
서성이는 내 이름은 구름이여

그리워도 그대 위해 이슬처럼
잊으리라 보고파도 그대 위해
옛일처럼 잊으리라 밤새워 기도하던
이 마음 달래봐도 갈길잃어 서성이는
내 이름은 구름이여
내 이름은 구름이여
내 이름은 구름이여"
당신은 몰라,438,최헌,"여기에 당신의 모습이 보인다
가슴에 기대어 수줍던 그모습이
세월은 흘러서 당신은 떠나고
남겨진 마음에 눈물이 흐르는데
아 당신은 이마음 몰라
어두운 밤지새는 이마음
세월이 흐르면 당신을 잊을까
눈물이 마르면 당신이 잊혀질까

아 당신은 이마음 몰라
어두운밤 지새는 이마음
세월이 흐르면 당신을 잊을까
눈물이 마르면 당신이 잊혀질까"
장미꽃 한 송이,563,오승근,"고은꽃 한 송이 숨어 있었네
그대 같은 사람 보질 못했네
햇볕에 가려진
저 그늘 속에서
생명꽃 피었네
내가 마음 바쳐 사랑할 수 있도록
그대 줄기 위에
한몸 되어서
그 대 사랑으로 피고 싶어라
내사랑 내사랑 받아주오
장미꽃 한 송이
수많은 사람들 속에 있었네
보속 같은 그대 이제 만났네
챗볕에 가려진
저 그늘 속에서
생명꽃 피었네
내가 마음 바쳐
사랑 할 수 있도록
그대 줄기 위에
한 몸 되어서
그대 사랑으로 피고 싶어라
내사랑 내사랑 받아주오
장미꽃 한 송이

내가마음 받쳐 사랑 할 수 있도록
그대 줄기 위에 한몸 되어서
그대 사랑으로 피고 싶어라
내사랑 내사랑 받아주오
장미꽃 한송이"
왔구나 왔어,"2,225",장윤정,"왔구나 왔어요
왔구나 왔어요
왔구나 왔어요
왔구나 왔어요
왔어왔어요 사랑이 왔어요
매일같이 오는 사람 아니예요
여기왔어요 내앞에 왔어요
오 정말 잡고 싶어요
왔어왔어요 드디어 왔어요
내일이면 떠날지도 모르는걸
오늘이 아니면 놓칠지몰라
오 당장 잡아 볼까요
사랑은 늘 예고없이 찾아온대요
첫눈에난 반해버렸죠
어떡하면 내사람 만들까 오오
왔구나 오 니가 왔어 오래
기다렸던 나의 사랑이다 오오
왔구나 오 니가 왔어 나의
이마음을 훔쳐 버렸구나 오오
어허허어야 왔구나 왔어요 아아
어허허어야 왔구나 왔어요 아아
이사랑을 놓친다면 후회할걸요
이리저리 둘러보아도
이런남자 찾을수 없어요 오오
왔구나 오 니가 왔어 오래
기다렸던 나의 사랑이다 오오
왔구나 오 니가 왔어 나의
이마음을 훔쳐 버렸구나 오오
어허허어야 왔구나 왔어요 오오
어허허어야 왔구나 왔어요 오오
왔구나 내안에 왔어 내게
빠졌구나 나의 사랑이다 오오
왔구나 내안에 왔어 완전
빠졌구나 나의 남자로다 오오
어허허어야 왔구나 왔어요 오오
어허허어야 왔구나 왔어요 오오"
옥경이,330,태진아,"희미한 불빛 아래 마주 앉은 당신은
언젠가 어디선가 본 듯한 얼굴인데
고향을 물어 보고 이름을 물어봐도
잃어버린 이야긴가
대답하지 않네요
바라보는 눈길이 젖어 있구나
너도 나도 모르게 흘러간 세월아
어디서 무엇을 하며
어떻게 살았는지
물어도 대답없이 고개 숙인 옥경이
바라보는 눈길이 젖어 있구나
너도 나도 모르게 흘러간 세월아
어디서 무엇을 하며
어떻게 살았는지
물어도 대답없이 고개 숙인 옥경이"
나보다 더 사랑해요,"22,384",김호중,"서로 다른 길에
우리 둘의 만남은
돌아보니 꿈만 같아요
같은 시간 속에 우리는
서로의 삶에
멈춰버렸죠
바다처럼 깊어진
우리의 믿음
흔들리지 않아요
그댈 나보다 더 나보다 더
사랑해요
저기 별빛이 내리는 아래
고백할게요
그댈 나보다 더 나보다 더
사랑해요 그대
마음 받아주세요
맘이 힘든 날엔
말을 하지 않아도
언제나 내 편인 한사람
자신보다 나를 위해준
그 사람에게
난 부족한 사람
바다처럼 깊어진
우리의 믿음
흔들리지 않아요
그댈 나보다 더 나보다 더
사랑해요
저기 별빛이 내리는 아래
고백할게요
그댈 나보다 더 나보다 더
사랑해요 그대
마음 받아주세요
볕이 안 드는 고된 삶의 틈에도
손 내밀어 주세요 워
우린 별이 되어 달이 되어
세상이 끝나도
함께할 사랑 함께할 운명
그댈 사랑합니다"
너나 나나,"16,919",김호중,"너나 나나 나나 너나 똑같은 인생
나나 너나 너나 나나 똑같은 세상
지지고 볶고 살아보아도
너나 나나 거기서 거기
니꺼냐 내꺼냐 따져보아도
너나 나나 거기서 거기
바람처럼 살아가다
바람처럼 사라지리라
낮은 곳에 내려놓고
웃으며 살아보자
너나 나나 나나 너나 똑같은 인생
나나 너나 너나 나나 똑같은 세상
너나 나나 나나 너나 수많은 사연
나나 너나 너나 나나 수많은 눈물
지지고 볶고 살아보아도
너나 나나 거기서 거기
니꺼냐 내꺼냐 따져보아도
너나 나나 거기서 거기
먼지처럼 살아가다
먼지처럼 사라지리라
낮은 곳에 내려놓고
웃으며 살아보자
너나 나나 나나 너나 똑같은 인생
나나 너나 너나 나나 수많은 눈물
너나 나나 나나 너나 똑같은 인생
나나 너나 너나 나나 똑같은 세상
똑같은 세상"
애가타,311,장윤정,"이대로 나를 바라봐
눈으로 나를 안아줘
만날 때마다 자꾸만
가슴이 먼저 하는 말
사랑에 빠진 건가요
어떻게 하면 좋아요
이제는 아닌 척 해도
아무런 소용이 없어
그냥 바라만 봐도 애가 타
맘이 너무 아파서 애가 타
이러는 게 아닌데
흘린 눈물 때문에
사랑하는 마음 들켜버렸어요
가까이 내게 와줘요
뭐라고 말 좀 해봐요
이렇게 애가 타도록 사랑하고 있는데
그냥 바라만 봐도 애가 타
맘이 너무 아파서 애가 타
이러는 게 아닌데
흘린 눈물 때문에
사랑하는 마음 들켜버렸어요
가까이 내게 와줘요
뭐라고 말 좀 해봐요
이렇게 애가 타도록 사랑하고 있는데
사랑하고 있는데"
찔레꽃,692,나훈아,"<1절
찔레꽃 붉게 피는 남족나라 내고향
언덕위에 초가삼간 그립습니다.
자주고름 입에물고 눈물 젖어
이별가를 불러주던 못잊을 사람아

(2절
달뜨는 저녘이면 노래하던 새동무
철리객장 북극성이 서럽습니다
작년봄에 모여 앉아 매일같이
하염없이 바라보니 즐거운 시절아"
뿐이고,671,박상철,"뿐이고 뿐이고 뿐이고
내 사랑은 당신뿐이다
여기에 있어도 당신뿐이고
저기에 있어도 당신뿐이고
이 넓은 세상 어느 곳에 있어도
내 사랑은 당신뿐이다
힘든 날은 두 어깨를 기대고가고
좋은 날은 마주 보고 가고
비바람불면 당신 두 손을
내가 내가 붙잡고 가고
돈 없어도 당신뿐이고
돈 많아도 당신뿐이고
이 넓은 세상 어느 곳에 있어도
내 사랑은 당신뿐이다
내 사랑은 당신뿐이다
여기에 있어도 당신뿐이고
저기에 있어도 당신뿐이고
이 넓은 세상 어느 곳에 있어도
내 사랑은 당신뿐이다
힘든 날은 두 어깨를 기대고가고
좋은 날은 마주 보고 가고
비바람 불면 당신 두 손을
내가 내가 붙잡고 가고
돈 없어도 당신뿐이고
돈 많아도 당신뿐이고
이 넓은 세상 어느 곳에 있어도
내 사랑은 당신뿐이다
뿐이고 뿐이고 뿐이고
당신뿐이다"
아시나요,613,양지은,"아시나요
세월이 또 가네요
아시나요
내 사랑도 따라가요
기약 없는 발걸음
애태우며 바라보고
풀잎에 스친 이별이
왜 이리 힘든가요
아아아아
내 사랑을 아시나요
아아아아
내 사랑을 아시나요
기약 없는 발걸음
애태우며 바라보고
풀잎에 스친 이별이
왜 이리 힘든가요
아아아아
내 사랑을 아시나요
아아아아
내 사랑을 아시나요
내 사랑을 아시나요"
야! 놀자,744,김다현,"야! 놀자 놀자 야! 놀자 야! 놀자 놀자 놀자 놀자 우리 둘이
야! 놀자 놀자 야! 놀자 야! 놀자 놀자 놀자 놀자
하루 종일 놀 거야

춤추고 싶은 사람 손들어 나처럼 흔들 사람 흔들어
왼쪽 사람도 오른쪽 사람도 한바탕 턱 빠지게 놀자구

충청도 전라도를 찍고서 경상도 강원도 가자
산으로 바다로 강으로 팔도로 자꾸 웃음만 나와

여행을 떠나자 전국 방방곡곡 달려 보자구
볼거리 먹거리 찾아 인증샷 찍으러 출발

야! 놀자 놀자 야! 놀자 야! 놀자 놀자 놀자 놀자 우리 둘이
야! 놀자 놀자 야! 놀자 야! 놀자 놀자 놀자 놀자
하루 종일 놀 거야



더 놀고 싶은 사람 손들어 나처럼 흔들 사람 흔들어
밤이 세도록 날이 새도록 한바탕 턱 빠지게 놀자구

충청도 전라도를 찍고서 경상도 강원도 가자
산으로 바다로 강으로 팔도로 대한민국 최고야

여행을 떠나자 전국 방방곡곡 달려 보자구
볼거리 먹거리 찾아 인증샷 찍으러 출발

야! 놀자 놀자 야! 놀자 야! 놀자 놀자 놀자 놀자 우리 모두
야! 놀자 놀자 야! 놀자 야! 놀자 놀자 놀자 놀자
하루 종일 놀 거야"
사랑해 누나,"5,103",장민호,"사랑해 누나 - 장민호

사랑해 누나 한번만 안아줘요



아차차차 실수했네 깜빡했었네

와따따따 따따 누난 내게 한마디 하겠지

아리까리 모르는 게 여자라지 예쁘면 다 그래

변덕스런 누나의 마음 모르겠어



백번을 잘해주고 한번을 못해줬다고

진짜 진짜 굿바이더냐



누나 누나 사랑해 누나 한 번만 안아줘요

누나를 떠나라는 말 빼곤 다해줄게요

나만 믿어요 약속할게요 누나의 영원한 기사될게요

사랑해 누나 한번만 안아줘요



아차차차 실수했네 깜빡했었네

와따따따 따따 누난 내게 한마디 하겠지

아리까리 모르는 게 여자라지 예쁘면 다 그래

변덕스런 누나의 마음 모르겠어



백번을 잘해주고 한번을 못해줬다고

진짜 진짜 굿바이더냐



누나 누나 사랑해 누나 한번만 안아줘요

누나를 떠나라는 말 빼곤 다해줄게요

나만 믿어요 잘해줄게요 누나의 영원한 기사될게요

사랑해 누나 한번만 안아줘요



사랑해 누나 한번더 안아줘요



누나 누나"
영영,510,나훈아,"잊으라 했는데 잊어 달라 했는데
그런데도 아직 난 너를 잊지 못하네
어떻게 잊을까 어찌 하면 좋을까
세월 가도 아직 난
너를 못 잊어 하네
아직 나는 너를 사랑하고 있나봐
아마 나는 너를 잊을 수가 없나봐
영원히 영원히 네가 사는 날까지
아니 내가 죽어도 영영 못 잊을 거야
잊으라 했는데 잊어 달라 했는데
그런데도 아직 난 너를 잊지 못하네
아직 나는 너를 사랑하고 있나봐
아마 나는 너를 잊을 수가 없나봐
영원히 영원히 네가 사는 날까지
아니 내가 죽어도 영영 못 잊을 거야
아니 내가 죽어도 영영 못 잊을 거야"
누이,"24,732",임영웅,"언제나 내겐 오랜 친구같은
사랑스런 누이가 있어요
보면 볼 수록 매력이 넘치는
내가 제일 좋아하는 누이
마음이 외로워 하소연 할 때도
사랑으로 내게 다가와
예쁜 미소로 예쁜 마음으로
내 마음을 달래주던 누이
나의 가슴에 그대 향한 마음을
언제나 사랑하고 있어요
언제나 내겐 오랜 친구같은
사랑스런 누이가 있어요
보면 볼 수록 매력이 넘치는
내가 제일 좋아하는 누이
마음이 외로워 하소연 할 때도
사랑으로 내게 다가와
예쁜 미소로 예쁜 눈빛으로
내 마음을 감싸주던 누이
누나 정말 사랑해요
나의 가슴에 그대 향한 마음은
언제나 사랑하고 있어요
언제나 사랑하고 있어요"
여인의 눈물,"1,265",김연지,"사랑이 사랑으로 남아 있나요
기억 저편 난 어디쯤에 있나
다정했던 사람이
그 모진 사랑이
가슴에 남아있는데
그날이 그리워서 눈물이 나면
하염없이 이 길을 걷고 있네
밤새우던 웃음도
꼭 잡은 두 손도
모두 다 지난 이야기
긴 세월 속에
수 많았던 인연
늘 상처뿐인 사랑이여
아 아 바람처럼 멀리
길도 없이 떠나가는가
슬픔은 흘러간다
또 나를 달랜다
가녀린 여인의 눈물
사랑이 야속하다 아니라 해도
속절없이 가슴을 저며온다
달콤했던 사람이
그 모진 사랑이
가슴에 저며오는데
아스라이 사라진 기억
그 언약들은 별이 되어
아 아 구름처럼 그대
끝도 없이 떠나가는가
아픔은 스쳐간다
또 나를 안는다
가녀린 여인의 눈물
아 아 구름처럼
그대 끝도 없이 떠나가는가
아픔은 스쳐간다
또 나를 안는다
가련한 여인의 눈물
가련한 여인의 눈물"
애낳고 30년,"12,135",임영웅,"애 낳고 삼십 년이
구름 따라 흘렀구나
내 평생 소원 있다면
자식 하나 잘 되는 거
앞만 보고 달려온 세월
뒤돌아본 나의 인생아
좋은 일도 힘든 일도
모든 것이 지나가더라
눈가에는 주름이 지고
거친 손이 나를 말해주네
자식 하나 바라보고
모진 인생 살아온 세월
애 낳고 삼십 년이
구름 따라 흘렀구나
내 평생 소원 있다면
자식 하나 잘 되는 거
마음만은 아직 청춘이야
다시 한번 젊게 살고 싶다
기쁜 일도 슬픈 일도
울다 웃다 함께 가보자
눈가에는 주름이 지고
거친 손이 나를 말해주네
자식 하나 바라보고
모진 인생 살아온 세월
애 낳고 삼십 년이
구름 따라 흘렀구나
내 평생 소원 있다면
자식 하나 잘 되는 거
자식들 생각만 하면
잘해주지 못한 마음
그래도 이 세상에서
우리 아들 제일 사랑한다
우리 딸을 제일 사랑한다"
사랑해요 그대를,"2,145",박지현,"너무나 고마운 사람
너무나 따뜻한 사람
한 번도 잊어본 적 없는
내 마음속에 그 사람
나 그대 생각만 해도
가슴이 뭉클해지고
그런 당신 내 곁에 있어
나는 행복한 사람
그대는 나만의 사랑
그대는 나만의 행복
세월 가도 영원히
당신은 나만의 사랑
사랑해요 그대를
사랑해요 그대를
이 생명 다할 때까지
당신은 내 사랑

사랑해요 그대를
사랑해요 그대를
이 생명 다할 때까지
당신은 내 사랑
이 생명 다할 때까지
당신은 내 사랑"
그 강을 건너지 마오,79,윤태화,"가지마오 가지를 마오
그 강을 건너지마오

가려거든 가시려거든
이 언약 가져가시오

검은 머리 파뿌리 되는
날까지 지켜준다고

가슴 품고 눈물로 맺은
언약을 잊지 마시오

강물에 떠내려가는
마지막 꽃잎일세라

이 손을 놓지 못하오
님이여 움켜쥐시오

가지마오 가지를 마오
그 강을 건너지마오

가려거든 가시려거든
이 언약 가져가시오

강물에 떠내려가는
마지막 꽃잎일세라

이 손을 놓지 못하오
님이여 움켜쥐시오

가지마오 가지를 마오
그 강을 건너지마오

가려거든 가시려거든
이 언약 가져가시오
이 언약 가져가시오"
우리사랑,343,마이진,"당신을 사랑하고 생각합니다
이 마음 다 줄 수 있게
미운 정 고운 정도 사랑인지 몰라도
내 맘 속엔 당신뿐이야
천생연분 따로 있나
그댈 위해 살면 되는 거지
힘들고 외로울 때도 가슴으로
내 마음을 달래준 사람
하나 밖에 없는 우리 사랑
사는 날까지
우리 사랑 꽃피우리라
당신을 사랑하고 생각합니다
내 사랑 다 줄 수 있게
미운 정 고운 정도 사랑인지 몰라도
내 사랑은 당신뿐이야
천생연분 따로 있나
그댈 위해 살면 되는 거지
힘들고 외로울 때도 가슴으로
내 마음을 달래준 사람
하나 밖에 없는 우리 사랑
사는 날까지
우리 사랑 꽃피우리라
우리 사랑 꽃피우리라"
끌어올려 (Prod. by 장윤정),336,김호영,"딱 보면 feel이 통하는데
어쩌자고 내숭이야
그만하고 나랑 놀아 봐
흔들어 개운하게
딱 보면 살짝 특이해도
어쩌라고 내 맘이야
그만하고 벌떡 일어나
미쳐봐 화끈하게
펄펄 끓는 텐션을
애타게 묻어 두지만 말고
단전에서 올려 올려
목젖까지 끌어올려 (올려~~ 올려~~)
딱 보면 feel이 통하는데
어쩌자고 내숭이야
그만하고 나랑 놀아 봐
흔들어 개운하게
딱 보면 살짝 특이해도
어쩌라고 내 맘이야
그만하고 벌떡 일어나
미쳐봐 화끈하게
펄펄 끓는 텐션을
애타게 묻어 두지만 말고
단전에서 올려 올려
목젖까지 끌어올려 (올려~~ 올려~~)"
사모곡,883,태진아,"앞산 노을 질때 까지 호미자루 벗을 삼아

화전밭 일구시고 흙에 살던 어머니

땀에 찌든 삼베 적삼 기워 입고 살으시다

소쩍새 울음 따라 하늘 가신 어머님

그 모습 그리워서 이 한밤을 지샙니다



무명 치마 졸라 매고 새벽 이슬 맞으시며

한평생 모진 가난 참아 내신 어머니

자나 깨나 자식 위해 신령님전 빌고 빌며

학 처럼 선녀 처럼 살다가신 어머님

이제는 눈물말고 그 무엇을 바치리까

자나 깨나 자식 위해 신령님전 빌고 빌며

학 처럼 선녀 처럼 살다가신 어머님

이제는 눈물말고 그 무엇을 바치리까"
강원도 아리랑,556,조용필,"아리아리 쓰리쓰리 아라리오
아리아리 고개로 넘어간다

아주까리 정자는 구경자리
살구나무 정자로만 만나보세
아리아리 쓰리쓰리 아라리오
아리아리 고개로 넘어간다
열라는 콩밭은 왜 아니열고
아주까리 동백은 왜 여는가
아리아리 쓰리쓰리 아라리오
아리아리 고개로 넘어간다

아리아리 쓰리쓰리 아라리오
아리아리 고개로 넘어간다
아리랑고개다 주막집을 짓고
정든님 오기만 기다린다
아리아리 쓰리쓰리 아라리오
아리아리 고개로 넘어간다"
그대 없이는 못살아,"1,657",패티김,"좋아해 좋아해 당신을 좋아해
저하늘에 태양이 돌고있는한 당신을 좋아해
좋아해 좋아해 당신을 좋아해
밤하늘에 별들이 반짝이는 한 당신을 좋아 해
그대 없이는 못살아 나혼자서는 못살아
헤어져서는 못살아 떠나가면 못살아~
사모해 사모해 당신을 사모해
강물이 바다로 흘러가듯이 당신을 사모해
사모해 사모해 당신을 사모해
장미꽃이 비오기를 기다리듯이 당신을 사모해
~ 후렴구 ~
사랑해 사랑해 당신을 사랑해
이생명을 이마음을 다바치고 당신을 사랑해
사랑해 사랑해 당신을 사랑해
영원히 영원히 변함이 없이 당신을 사랑해
그대 없이는 못살아 나혼자서는 못살아
헤어져서는 못살아 떠나가면 못살아~
그대 없이는 못살아 나혼자서는 못살아
헤어져서는 못살아 떠나가면 못살아~
나혼자선 못살아 ~ 떠나가면 못살아 ~ 아~~~하 ~ 아 ~"
나 같은 건 없는 건가요,209,홍자,"그대여 떠나가나요
다시 또 볼 수 없나요

부디 나에게 사랑한다고
한 번만 말해 주세요
제발 부탁이 있어요
이렇게 떠날 거라면

가슴 속에 둔 네 맘마저도
그대가 가져가세요

혼자 너 없이 살 수 없을 거라
그대도 잘 알잖아요

비틀거리는 내 모습을 보면
그대 맘도 아프잖아요

그대만 행복하면 그만 인가요
더 이상 나 같은 건 없는 건가요

한 번만 나를 한 번만 나를
생각해 주면 안 되나요


제발 부탁이 있어요
이렇게 떠날 거라면

가슴 속에 둔 네 맘마저도
그대가 가져가세요

혼자 너 없이 살 수 없을 거라
그대도 잘 알잖아요

비틀거리는 내 모습을 보면
그대 맘도 아프잖아요

(그대만 행복하면 그만 인가요)
(더 이상) 나 같은 건 없는 건가요

언젠가 나를 언젠가 나를
생각해 주면 안 되나요

그대여 떠나가나요
붙잡을 수는 없겠죠

부디 나에게 사랑했다고
한 번만 말해 주세요
한 번만 말해 주세요"
카사노바,59,두리 (DooRi),"사랑을 이야기할 때
내 눈을 바라봐줘요

그대의 눈빛 속에
나 지금 어디있나요

당신땜에 아파요
아야야 아야야

잊지 못할 키스로
또다시 날 믿게 해줘

카사노바

그댄 카사노바 카사노바
미치도록 뜨겁게

정말 사랑해요 사랑했어요
섹시한 남자 그 남자

그댄 카사노바 카사노바
사랑 장난인가요

잠깐 반짝 반짝 그런건가요
라이터 불을 켠 만큼

당신땜에 아파요
아야야 아야야

잊지 못할 키스로
또다시 날 믿게 해줘

카사노바

그댄 카사노바 카사노바
미치도록 뜨겁게

정말 사랑해요 사랑했어요
섹시한 남자 그 남자

그댄 카사노바 카사노바
사랑 장난인가요

잠깐 반짝 반짝 그런건가요
라이터 불을 켠 만큼
그댄 카사노바 카사노바

그댄 카사노바 카사노바
라이터 불을 켠 만큼
카사노바"
폼나게 살거야,"1,844",박서진,"폼나게 살 거야
멋지게 살 거야
어차피 사는 세상
하루를 살아도 내 사랑
백 년을 살아도 내 사랑
나는 나는 네가 좋더라
이제부터 폼나게 살 거야
그 누가 누가 누가 뭐래도
큰소리치고 살게 할 거야
따라와 따라와
다 내가 해줄 거야 따라와
따라와 따라와
아무 걱정 하지 말고 따라와
하루를 살아도 멋지게 살 거야
폼나게 살 거야

폼나게 살 거야
멋지게 살 거야
어차피 사는 인생
천년을 살아도 내 사랑
백 년을 살아도 내 사랑
나는 나는 네가 좋더라
이제부터 폼나게 살 거야
그 누가 누가 누가 뭐래도
큰소리치고 살게 할 거야
따라와 따라와
다 내가 해줄 거야 따라와
따라와 따라와
아무 걱정 하지 말고 따라와
하루를 살아도 멋지게 살 거야
폼나게 살 거야
폼나게 살거야"
가슴 아프게,731,남진,"당신과 나 사이에
저 바다가 없었다면
쓰라린 이별만은 없었을 것을
해 저문 부두에서
떠나가는 연락선을
가슴 아프게 가슴 아프게
바라보지 않았으리
갈매기도 내 마음 같이
목메어 운다
당신과 나 사이에
연락선이 없었다면
날 두고 떠나지는 않았을 것을
아득히 바다 멀리
떠나가는 연락선을
가슴 아프게 가슴 아프게
바라보지 않았으리
갈매기도 내 마음같이
목메어 운다"
아침의 나라에서,"1,132",김연자,"모두가 다정한 친구처럼
모두가 다정한 형제처럼
우리의 가슴이 열리는 곳
오 서울 코리아
사랑이 넘치는 거리에서
바람이 시원한 강변에서
일류의 꿈들이 피어난다
오 서울 코리아
저 푸른 하늘에 나부끼는 깃발은
세계가 하나로 뭉쳐지는
평화의 손길
모이자 모이자
아침의 나라에서
모이자 모이자
우리 함께 달리자
나라와 나라는 이웃처럼
나라와 나라는 가족처럼
모두가 하나로 이어지는 곳
오 서울 코리아
찬란히 떠오른 햇빛아래
언제나 이 땅은 아름답고
지구의 미래는 밝아온다
오 서울 코리아
저 푸른 하늘에 나부끼는 깃발은
세계가 하나로 뭉쳐지는
평화의 손길
모이자 모이자
아침의 나라에서
모이자 모이자
우리 함께 달리자"
휘파람,"16,936",임영웅,"그대 떠난 여기 노을진 산마루턱엔
아직도 그대 향기가 남아서
이렇게 서있오
나를 두고가면 얼마나 멀리가려고
그렇게 가고 싶어서 나를 졸랐나
그대여 나의 어린애
그대는 휘파람 휘이히
불며 떠나가 버렸네
그대여 나의 장미여
그대 떠난 여기 노을진 산마루턱엔
아직도 그대 향기가 남아서
이렇게 서있오
나를 두고가면 얼마나 멀리가려고
그렇게 가고 싶어서 나를 졸랐나
그대여 나의 어린애
그대는 휘파람 휘이히
불며 떠나가 버렸네
그대여 나의 장미여
그대여 나의 어린애
그대는 휘파람 휘이히
불며 떠나가 버렸네
그대여 나의 장미여"
나는 행복합니다,"4,254",이찬원,"나는 행복합니다
나는 행복합니다
나는 행복합니다
정말 정말 행복합니다
기다리던 그날 그날이 왔어요
즐거운 날이에요
움츠렸던 어깨
답답한 가슴을
활짝 펴봐요
가벼운 옷차림에
다정한 벗들과
즐거운 마음으로
들과 산을 뛰며
노래를 불러요
우리 모두 다 함께
나는 행복합니다
나는 행복합니다
나는 행복합니다
정말 정말 행복합니다
진달래꽃 피는 봄이 지나면
여름이 돌아와요
쏟아지는 태양 젊음이 있는 곳
우리들의 여름이죠
강에도 산에도 넓은 바다에도
우리들의 꿈 있어요
그곳으로 가요
노래를 불러요
우리 모두 다 함께
나는 행복합니다
나는 행복합니다
나는 행복합니다
정말 정말 행복합니다
나는 행복합니다
나는 행복합니다
나는 행복합니다
정말 정말 행복합니다
나는 행복합니다
나는 행복합니다
나는 행복합니다
정말 정말 행복합니다"
사랑하는 그대에게,446,유심초,"사랑한단 말 한마디 못하지만
그대를 사랑하오
그대 위해 기도하진 못하지만
그대를 사랑하오
다시는 돌아오지 않는다 해도
그대를 사랑하오
사랑이란 얼마나
참아야 하는지
나의 사랑 그대여
내 마음 아나요
가슴속을 파고드는 그리움이
눈물되어 흘러도
내 모습 그대에게 잊혀져도
그대를 사랑하오

사랑이란 얼마나
참아야 하는지
나의 사랑 그대여
내 마음 아나요
가슴속을 파고드는 그리움이
눈물되어 흘러도
내 모습 그대에게 잊혀져도
그대를 사랑하오
그대를 사랑하오"
흔들어주세요,"2,193",소유미,"남자 답게 날 흔들어 주세요
흔들흔들 흔들어 주세요
흔들어 주세요
화끈하게 날 흔들어 주세요
흔들흔들 흔들어 주세요
shake it
아직도 준비가 안 됐나요
언제쯤 날 가져갈 건가요
더 이상 날 기다리게 하면
이대로 끝날지도 몰라
많이 생각하고 아껴주는
그대의 넓은 마음은 알아요
하지만 이대로 혼자서 집으로
오늘은 나를 보내지 말아요
남자 답게 날 흔들어 주세요
쩨쩨하게 간 보지 마세요
화끈하게 날 꽉 안아 주세요
가슴에 그대 말곤 전부 다
다 부서지도록
그대만 남기고 다 부서지도록
드디어 그 순간이 왔나요
왔나요
이제는 애태우기 싫어요
싫어
더 이상 날 기다리게 하면
그대를 떠날지도 몰라
많이 생각하고 아껴주는
그대의 넓은 마음은 알아요
하지만 이대로 혼자서 집으로
오늘은 정말로 가기 싫어요
남자 답게 날 흔들어 주세요
쩨쩨하게 간 보지 마세요
화끈하게 날 꽉 안아주세요
가슴에 그대 말곤 전부 다
다 부서지도록
나를 보내지 말아요
말아
정말로 가기 싫어요
싫어요
왜 맘을 몰라요 여자 맘을 몰라요
빨리 날 붙잡아 줘요
남자 답게 날 흔들어 주세요
흔들흔들
쩨쩨하게 간 보지 마세요
간 보지 마세요
화끈하게 날 꽉 안아 주세요
딴 생각 같은 건 할 수 없게
남자 답게 날 흔들어 주세요
흔들흔들
쩨쩨하게 간 보지 마세요
간 보지 마세요
화끈하게 날 꽉 안아 주세요
가슴에 그대 말곤 전부 다
다 부서지도록
그대만 남기고 다 부서지도록
날 흔들어 주세요"
내사랑 그대여,"13,324",김용임,"날 좋아한다고 말해요
그대없이 나는 못 살아요
메마른 내가슴에
단비를 뿌리는
그대를 너무나 좋아해
날사랑 한다고 말해요
그대두고 나는 못살아요
한줄기 빛이 되어
어둠을 밝히는
그대를 너무나 사랑해
이세상 영원 영원히
내 곁에만 있어 주세요
나의 모든것들은
다 그대꺼예요
뭐든지 드리겠어요
죽는 날까지 같이살아요
그대를 좋아해 사랑해
내사랑 그대여
날 좋아한다고 말해요
그대없이 나는 못살아요
메마른 내 가슴에
단비를 뿌리는
그대를 너무나 좋아해
날사랑 한다고 말해요
그대두고 나는 못살아요
한줄기 빛이 되어
어둠을 밝히는 그대를
너무나 사랑해
이세상 영원 영원히
그대곁에 있을 꺼에요
그대의 모든것들은
다 내꺼예요
뭐든지 다주세요
죽는 날까지 같이 살아요
그대를 좋아해 사랑해
내사랑 그대여"
첫정,73,김소유,"잊어야 하기에 가슴은 아파도
미련 없이 잊을래요

사랑도 주고 눈물도 주고
떠나버린 그 사람을

사랑하던 지난 시절
받은 첫정 때문에

무거운 발길을 돌리지 못하고
외로이 서서 망설이고 있답니다

지워야 하기에 가슴은 아파도
눈을 감고 지울래요

행복도 주고 슬픔도 주고
떠나버린 그 사람을

사랑하던 지난 시절
받은 첫정 때문에

외로운 마음을 달래지 못하고
나홀로 서서 망설이고 있답니다"
가시나요,59,조아서,"내가 정말 잘해줄게요

어서 오세요 빨리 오세요
그대 내 맘에 다가와 주세요

살랑살랑 살랑살랑
바람이 불어오듯
그대가 내 맘에 왔어요

살짝 다가서면 슬쩍 멀어지네요
그래도 그대가 좋아요
이런 내 마음을 정말 모르시나요
아닌 척하는 그대가 미워

가시나요 나요 나요
나를 두고 떠나 시나요
아니죠, 아니, 아니잖아요

어서 와요 와요 와요
그대 내 품에 들어와요
내가 정말 잘해 줄게요

살짝 다가서면 슬쩍 멀어지네요
그래도 그대가 좋아요
이런 내 마음을 정말 모르시나요
모른 척하는 그대가 미워

가시나요 나요 나요
나를 두고 떠나 시나요
아니죠, 아니, 아니잖아요

어서 와요와요 와요
그대 내 품에 들어와요
내가 정말 잘해 줄게요

내가 가요 가요 가요
그대에게만 다가가요
사랑에 빠져 버렸잖아요

말해줘요 줘요 줘요
날 사랑한다 말해줘요
내가 정말 잘해 줄게요
이젠 정말 내 꺼 해줘요"
사랑이 뭐길래,727,최영철,"사랑이 뭐길래 사랑이 뭐길래
소리없이 나를 애태우나
바라만 보아도 스며들 듯한
그 모습이 나는 좋아
이 사람이 마지막 남자겠지
믿고 싶은 여자 여자 마음
사랑이 뭐길래 사랑이 뭐길래
희노애락 남기고 가나
당신이 뭐길래 당신이 뭐길래
보고 싶어 흐느껴 우나
홀로 있는 밤이 너무나 싫어
외로워서 난 정말 싫어
사랑 뒤에 남는 건 눈물인데
왜 이렇게 마음이 설레일까
당신이 뭐길래 당신이 뭐길래
희노애락 남기고 가나
이 사람이 마지막 남자겠지
믿고 싶은 여자 여자 마음
사랑이 뭐길래 사랑이 뭐길래
희노애락 남기고 가나
희노애락 남기고 가나"
곡예사의 첫사랑,668,장윤정,"줄을 타며 행복했지
춤을 추면 신이 났지
손 풍금을 울리면서
사랑 노래 불렀었지
공 굴리며 좋아했지
노래하면 즐거웠지
흰 분칠에 빨간코로
사랑 얘기 들려줬지
영원히 사랑하자
맹세했었지
죽어도 변치말자
언약했었지
울어봐도 소용없고
후회해도 소용없는
어릿광대의 서글픈 사랑
줄을 타며 행복했지
춤을 추면 신이 났지
손 풍금을 울리면서
사랑 노래 불렀었지
영원히 사랑하자
맹세했었지
죽어도 변치말자
언약했었지
울어봐도 소용없고
후회해도 소용없는
어릿광대의 서글픈 사랑
공 굴리며 좋아했지
노래하면 즐거웠지
흰 분칠에 빨간 코로
사랑 얘기 들려줬지"
부라보 아줌마,226,풍금,"경자 영자 미자 춘자야
집안에서 뭣들하느냐
순자 복자 희자 명자야
모닝커피 한잔마시자
집에서 하루종일 궂은일하고
시부모 신경쓰고 남편도 신경쓰고
자식들이 속을 썩여도
인생이 뭐 있나 즐기며 살아야지
화를 내고 짜증내면 나만 손해
짠짜라 짠짠짠 짠짜라 짠짠짠
힘든 세상 괴로운 세상
답답하게 살지만 말고
노래부르고 춤도춰보자 부라보아줌마
경자 영자 미자 춘자야
집안에서 뭣들하느냐
순자 복자 희자 명자야
모닝커피 한잔마시자
집에서 하루종일 궂은일하고
시부모 신경쓰고 남편도 신경쓰고
자식들이 속을 썩여도
인생이 뭐 있나 즐기며 살아야지
화를 내고 짜증내면 나만 손해
짠짜라 짠짠짠 짠짜라 짠짠짠
힘든 세상 괴로운 세상
답답하게 살지만 말고
노래부르고 춤도춰보자
부라보아줌마
노래부르고 춤도춰보자
부라보아줌마 부라보아줌마"
사랑에 빠졌어,"1,003",진해성,"난 그만 사랑에 빠졌어
처음으로 사랑을 느꼈어
그대에게 빠져버린 이 마음
난 이제 어떡하나요
사랑이 이런 거네요
헤어날 수 없는 거네요
나도 몰래 빠져버린 이 마음
난 이제 어떡하나요
술잔에 취한 이 마음
사랑에 빠진 이 마음
눈물이 흐르네
그 사람이 너무 좋아서
난 그만 사랑에 빠졌어
처음으로 사랑을 느꼈어
그대에게 빠져버린 이 마음
난 이제 어떡하나요

사랑이 이런 거네요
헤어날 수 없는 거네요
나도 몰래 빠져버린 이 마음
난 이제 어떡하나요
술잔에 취한 이 마음
사랑에 빠진 이 마음
눈물이 흐르네
그 사람이 너무 좋아서
난 그만 사랑에 빠졌어
처음으로 사랑을 느꼈어
그대에게 빠져버린 이 마음
난 이제 어떡하나요
난 이제 어떡하나요"
곡예사의 첫사랑,62,하이량,"줄을 타며 행복했지
춤을 추면 신이 났지

손풍금을 울리면서
사랑 노래 불렀었지

공 굴리며 좋아했지
노래하면 즐거웠지

흰 분칠에 빨간 코로
사랑 얘기 들려줬지

영원히 사랑하자
맹세했었지

죽어도 변치 말자
언약했었지

울어봐도 소용없고
후회해도 소용없는
어릿광대의 서글픈 사랑

줄을 타며 행복했지
춤을 추면 신이 났지

손풍금을 울리면서
사랑 노래 불렀었지

영원히 사랑하자
맹세했었지

죽어도 변치 말자
언약했었지

울어봐도 소용없고
후회해도 소용없는
어릿광대의 서글픈 사랑

공 굴리며 좋아했지
노래하면 즐거웠지

흰 분칠에 빨간 코로
사랑 얘기 들려줬지

나나나나 나나나나나
나나나나 나나나나나
나나나나 나나나나나"
술 한잔,"1,677",안소미,"술 한잔 따라 주세요
오늘은 꼭 취해볼래요
세상을 살다보면은
오늘 같은 날도 있겠죠
세상에 흔해 빠진
그런 여자이지만
나만을 사랑해줄
사람도 있었답니다
그땐 사랑이 당연했나봐
진짜 사랑을 몰랐었나봐
나만 바라 본 당신을 보며
바보 같다 생각했죠
지금 어디서 무엇을 할까
가끔이라도 생각은 할까
우연이라도 마주친다면
술 한잔 꼭 해봐요
술 한잔 따라 주세요
오늘은 꼭 취해볼래요
비라도 내려준다면
우산없이 걷고 싶어요
인생은 혼자라며
강한척 해보였지만
세월이 흐른 뒤에
이제야 알았답니다
그땐 사랑이 당연했나봐
진짜 사랑을 몰랐었나봐
나만 바라 본 당신을 보며
바보 같다 생각했죠
지금 어디서 무엇을 할까
가끔이라도 생각은 할까
우연이라도 마주친다면
술 한잔 꼭 해봐요
그때는 당연했나봐
진짜 사랑을 몰랐었나봐
한동안이고 또 한번이고
잊혀질 줄 알았는데
다시 그대가 보고싶네요
이런 내가 바보 같은가요
우연이라도 마주친다면
술 한잔 꼭 해봐요
지금 어디서 무엇을 할까
가끔이라도 생각은 할까
우연이라도 마주친다면
술 한잔 꼭 해봐요
술 한잔 꼭 해봐요"
빗속에서,"10,489",이찬원,"비 내리는 거리에서
그대 모습 생각해
이룰 수 없었던 그대와 나의 사랑을
가슴깊이 생각하네
온종일 비 맞으며 그대 모습 생각해
떠나야 했나요 나의 마음
이렇게 빗속에 남겨두고
흐르는 눈물 누가 닦아주나요
흐르는 뜨거운 눈물
오가는 저 많은 사람들
누가 내 곁에 와줄까요
비 내리는 거리에서
그대 모습 생각해
이룰 수 없었던 그대와 나의 사랑을
가슴깊이 생각하네
흐르는 눈물 누가 닦아주나요
흐르는 뜨거운 눈물
오가는 저 많은 사람들
누가 내 곁에 와줄까요
비 내리는 거리에서
그대 모습 생각해
이룰 수 없었던 그대와 나의 사랑을
가슴깊이 생각하네
비 내리는 거리에서
그대 모습 생각해
이룰 수 없었던 그대와 나의 사랑을
가슴깊이 생각하네"
사랑은 연필로 쓰세요,"26,454",임영웅,"꿈으로 가득차
설레이는 이가슴에
사랑을 쓸려거든 연필로 쓰세요
사랑을 쓰다가 쓰다가 틀리면
지우개로 깨끗이 지워야 하니까
처음부터 너무 진한 잉크로
사랑을 쓴다면
지우기가 너무너무 어렵잖아요
사랑은 연필로 쓰세요
꿈으로 가득차
설레이는 이가슴에
사랑을 쓸려거든 연필로 쓰세요
사랑을 쓰다가 쓰다가 틀리면
지우개로 깨끗이 지워야 하니까
꿈으로 가득차
설레이는 이가슴에
사랑을 쓸려거든 연필로 쓰세요
사랑을 쓰다가 쓰다가 틀리면
지우개로 깨끗이 지워야 하니까
처음부터 너무 진한 잉크로
사랑을 쓴다면
지우기가 너무너무 어렵잖아요
사랑은 연필로 쓰세요
꿈으로 가득차
설레이는 이가슴에
사랑을 쓸려거든 연필로 쓰세요
사랑을 쓰다가 쓰다가 틀리면
지우개로 깨끗이 지워야 하니까
지우개로 깨끗이 지워야 하니까"
애인,515,태진아,"사랑해선 안 되나요 정이들면 안 되나요
주고 싶은 사랑도 받고 싶은 그 정도
우리들은 안 되나요
이미 엎질러진 물인걸 이미 깨진 유리잔인걸
이제와서 어떻해요 이미사랑해 버린 걸
알아요 알아요 나도 알아요
맺지 못한다는 걸 조금만 시간을 줘요
내가 돌아설 수 있게
이미 엎질러진 물인걸 이미 깨진 유리잔인걸
이제와서 어떻해요 이미 사랑해 버린 걸
알아요 알아요 나도 알아요
맺지 못한다는 걸 조금만 시간을 줘요
내가 돌아설 수 있게
조금만 시간을 줘요 내가 돌아설 수 있게"
천년의 사랑,"17,090",김호중,"이대로 널 보낼 수는 없다고
밤을 세워 간절히 기도했지만
더 이상 널 사랑할 수 없다면
차라리 나도 데려가
내 마지막 소원은 하늘이
끝내 모른 척 져버린대도
불꽃처럼 꺼지지 않는 사랑으로
영원히 넌 가슴속에 타오를테니
나를 위해서 눈물도 참아야했던
그 동안에 넌 얼마나 힘이 들었니
천년이 가도 난 너를 잊을 수 없어
사랑했기 때문에
내 마지막 소원은 하늘이
끝내 모른 척 져버린대도
불꽃처럼 꺼지지 않는 사랑으로
영원히 넌 가슴속에 타오를테니
나를 위해서 눈물도 참아야했던
그 동안에 넌 얼마나 힘이 들었니
천년이 가도 난 너를 잊을 수 없어
사랑했기 때문에
나를 위해서 눈물도 참아야 했던
그 동안에 넌 얼마나 힘이 들었니
천년이 가도 난 너를 잊을 수 없어
사랑했기 때문에
사랑했기 때문에"
엄니,879,나훈아,"엄니 엄니 워째서 울어쌌소
나 여그 있는디 왜 운당가
엄니 엄니 뭐 땀시 날 낳았소
한 많은 이 세상 어째 낳았소
들리지라우 엄니 들리지라우 엄니
인자 그만 울지 마시오
엄니 엄니 워째서 불러쌌소
눈앞에 나 있는디 어째 날 찾소
엄니 엄니 무등산 꽃 피거든
한 아름 망월동에 심어주소
들리지라우 엄니 들리지라우 엄니
인자 그만 울지 마시오
엄니 엄니 워째서 잠 못 자요
잠자야 꿈속에서 날 만나제
엄니 엄니 나 잠들고 싶은디
잠들게 자장가나 불러주소
들리지라우 엄니 들리지라우 엄니
인자 그만 울지 마시오
인자 그만 울지 마시오
인자 그만 울지 말랑께"
바다새,"27,019",임영웅,"어두운 바닷가 홀로
나는 새야 새야
갈 곳을 잃었나
하얀 바다새야 우우
힘없는 소리로
홀로 우는 새야 새야
네 짝을 잃었나
하얀 바다새야
모두 다 가고 없는데
바다도 잠이 드는데
새는 왜에 날개짓하며
저렇게 날아만 다닐까
새야 해지고 어두운데
새야 어디로 떠나갈까
새야 달마저 기우는데
새야 아픈맘 어이하나
어두운 바닷가 홀로
나는 새야 새야
갈 곳을 잃었나
하얀 바다새야 우우
힘없는 소리로
홀로 우는 새야 새야
네 짝을 잃었나
하얀 바다새야
모두 다 가고 없는데
바다도 잠이 드는데
새는 왜에 날개짓하며
저렇게 날아만 다닐까
새야 해지고 어두운데
새야 어디로 떠나갈까
새야 달마저 기우는데
새야 아픈맘 어이하나
아 아 아 새야 아 아 아 새야
우 우 우 새야 우 우 우 새야
새야"
당신은 바보야,356,현역부A (대박주희),"사랑엔 약한 것이
여자라지만
그 마음 몰라주는
무정한 남자의 마음
한 사람 품안에서 잠들고 싶은
그 마음 모르는 사람
당신은 바보야
당신은 바보야
내 마음을 모르는 사람
당신은 바보야
당신은 바보야
사랑을 모르는 바보
사랑엔 약한 것이 남자라지만
그 마음 몰라주는
무정한 여자의 마음
한 사람 품에 안고 잠들고 싶은
그 마음 모르는 사람
당신은 바보야
당신은 바보야
내 마음을 모르는 사람
당신은 바보야
당신은 바보야
사랑을 모르는 바보
당신은 바보야
당신은 바보야
내 마음을 모르는 사람
당신은 바보야
당신은 바보야
사랑을 모르는 바보
사랑을 모르는 바보"
그집앞 (Cover Ver.),101,미스터 팡,"별빛으로 다가오는
네 작은 모습에
잠 못 이뤄 찾아왔네
그 집 앞
불빛 꺼진 네 창가엔
슬픔만 더해와
혼자 몰래 울고 가네
그 집 앞
꽃잎으로 새겨버린
그리운 이름을
부르다가 찾아왔네
그 집 앞
대답 없는 네 창가엔
아픔만 밀려와
눈물지며 돌아서네
그 집 앞
이제 다시 다시는
너를 생각 말아야지
돌아 올 수 없는
지나간 시간인걸
이제 다시 다시는
울지도 말아야지
어차피 잊어야 할
슬픈 기억인걸
그 집 앞 우우
난 아직 떠날 수 없어
그 집 앞 우우
난 너를 지울 수 없어
그 집 앞 우우
난 아직 떠날 수 없어
눈물 속에 서성이네
그 집 앞
이제 다시 다시는
너를 생각 말아야지
돌아 올 수 없는
지나간 시간인걸
이제 다시 다시는
울지도 말아야지
어차피 잊어야 할
슬픈 기억인걸
그 집 앞 우우
난 아직 떠날 수 없어
그 집 앞 우우
난 너를 지울 수 없어
그 집 앞 우우
난 아직 떠날 수 없어
눈물 속에 서성이네
그 집 앞"
미안한 사람 (Sorry to you),104,진성,"어제가 지나면 오지를 않고
오늘이 지나면 오지를 않아
이 많은 사랑을 갚으려 해도
무심히 흐르는 세월

나 당신을 위하여
그 무엇을 무엇을 드렸나요

세월아 아아 세월아
이 사람 데려가지 마
한평생 날 위해 고생만 한 사람
미안한 사람이란다

나 당신을 위하여
그 무엇을 무엇을 드렸나요

세월아 아아 세월아
이 사람 데려가지 마
한평생 날 위해 고생만 한 사람
미안한 사람이란다

세월아 아아 세월아
이 사람 데려가지 마
야속한 내 인생 품어준 한 사람
고마운 사람이란다

미안한 사람이란다"
빙빙빙,62,마리아,"먼 길을 돌아 먼 길을 돌아
돌아올 거야
빙빙빙 돌아올 거야

바람이 불면 바람을 타고
빙빙빙 돌아올 거야

당신은 내 사랑
나는 나는 나는 나는 잊을 수 없어

스쳐지나간 지난 일들을
차창가에 날려버리고

먼 길을 돌아 먼 길을 돌아
돌아올 거야
빙빙빙 돌아올 거야

그대의 향기 바람을 타고
솔솔솔 불어올 거야

손가락 걸며 맹세한
나를 나를 나를 나를 잊어버렸나

함께 웃었고 함께 울었던
그 세월이 너무 정다워

먼 길을 돌아 먼 길을 돌아
돌아올 거야
빙빙빙 빙빙빙
빙빙빙 돌아올 거야

먼 길을 돌아 먼 길을 돌아
돌아올 거야
내 사랑 돌아올 거야
내 사랑 돌아올 거야"
봄비,97,박혜신,"봄비 속에
떠난 사람
봄비 맞으며
돌아왔네
그때 그날은
그때 그날은
웃으면서
헤어졌는데
오늘 이 시간
오늘 이 시간
너무나
아쉬워
서로가 울면서
창밖을 보네
봄비가 되어
돌아온 사람
비가 되어
가슴 적시네
봄비 속에
떠난 사람
봄비 맞으며
돌아왔네
그때 그날은
그때 그날은
웃으면서
헤어졌는데
오늘 이 시간
오늘 이 시간
너무나
아쉬워
서로가 울면서
창밖을 보네
봄비가 되어
돌아온 사람
비가 되어
가슴 적시네
오늘
이 시간
너무나
아쉬워
서로가 울면서
창밖을 보네
봄비가 되어
돌아온 사람
비가 되어
가슴 적시네
비가 되어
가슴 적시네
비가 되어
가슴 적시네"
사랑할 나이,"2,449",박서진,"꺾어진 나이라고
무시하지 말아요
인생의 계급장은 늘어만 가고
온몸이 쑤시고 아파와도
마음은 이팔청춘입니다
아 불꽃같은 사랑을 할래요
나는 아직 뜨겁답니다
나이야 가거라 숫자야 가거라
야속한 세월아 너 먼저 가거라
나 이제 사랑할 나이
꺾어진 나이라고
무시하지 말아요
인생의 계급장은 늘어만 가고
온몸이 쑤시고 아파와도
마음은 이팔청춘입니다
아 불꽃같은 사랑을 할래요
나는 아직 뜨겁답니다
나이야 가거라 숫자야 가거라
야속한 세월아 너 먼저 가거라
나 이제 사랑할 나이
아 불꽃같은 사랑을 할래요
나는 아직 뜨겁답니다
나이야 가거라 숫자야 가거라
야속한 세월아 너 먼저 가거라
나 이제 사랑할 나이
내 나이 사랑할 나이"
당신도 울고 있네요,"1,003",김종찬,"당신이 울고 있네요
잊은 줄 알았었는데
찻잔에 어리는 추억을 보며
당신도 울고 있네요
이렇게 만나게 될 줄을
그 누가 알았던가요
옛날에 옛날에 내가 울 듯이
당신도 울고 있네요
한때는 당신을 미워했지요
남겨진 상처가 너무 아파서
당신의 얼굴이 떠오를 때면
나 혼자 방황했었죠 음
당신도 울고 있네요
잊은 줄 알았었는데
옛날에 옛날에 내가 울 듯이
당신도 울고 있네요

한때는 당신을 미워했지요
남겨진 상처가 너무 아파서
당신의 얼굴이 떠오를 때면
나 혼자 방황했었죠 음
당신도 울고 있네요
잊은 줄 알았었는데
옛날에 옛날에 내가 울 듯이
당신도 울고 있네요
옛날에 옛날에 내가 울 듯이
당신도 울고 있네요"
미련 때문에,"2,151",손태진,"너무나 짧았던 만남이지만
진정으로 사랑했다오
돌아서는 나의 두 뺨 위에
눈물이 흘러 내렸네
언젠가는 언젠가는
떠날 줄 알면서도
미련 때문에 미련 때문에
난 울고 말았다오
사랑도 미움도 잊어야 하나
돌이킬 수 없는 그 사랑
멀어져 가버린 우리의 사랑
추억만 남아있겠지
언젠가는 언젠가는
떠날 줄 알면서도
미련 때문에 미련 때문에
미련 때문에
난 울고 말았다오
언젠가는 언젠가는
언젠가는 언젠가는
떠날 줄 알면서도
미련 때문에 미련 때문에
미련 때문에
난 울고 말았다오
미련 때문에 미련 때문에
난 울고 말았다오
진정으로 사랑했다오"
내 마음 당신 곁으로,404,에녹,"당신의 빛나던 눈동자 위에
흐르는 한줄기 눈물 때문에

이 마음 차가운 바람 불어와
떨어진 낙엽이 되었네

잊으려 잊으려 애를 써봐도
당신의 따듯한 미소 때문에

이 마음 영원히 함께 타오를
사랑의 촛불이 되었네

바람 불어와 내 몸이 날려도
당신 때문에 외로운 내 마음

모든 것이 다 지나가 버려도
내 마음은 당신 곁으로

당신을 너무나 사랑했기에
수많은 미련이 나를 찾지만

이제는 영원히 잡을 수 없는
지나간 추억이 되었네

바람 불어와 내 몸이 날려도
당신 때문에 외로운 내 마음

모든 것이 다 지나가 버려도
내 마음은 당신 곁으로

바람 불어와
내 몸이 날려도
당신 때문에
외로운 내 마음

모든 것이 다
지나가 버려도
내 마음은 당신 곁으로

내 마음은 당신 곁으로
내 마음은
당신 곁으로"
창부타령,218,장민,"1 아~니~ 이이 아니~ 놀지는 못하리라

창문을 닫쳐도 스며드는 달빛

마음을 달래도 파고드는 사랑

사랑이 달빛인가 달빛이 사랑인가

텅 빈~ 내 가슴 속에 사랑만 가득히 쌓였구나

사랑 사랑 사랑 이라네 사랑이란 게 무엇인가

보일 듯이 아니 보이고 잡힐 듯 허다 놓쳤으니

나혼자만이 고민하는 게 그것이 사랑의 결국인가



얼씨구나 지화자 좋네

아니 놀지는 못하리라

아니~ ~ 아니 놀지는 못하리라



한송이 떨어진 꽃을 낙화진다고 서러마라

한 번 피었다 지는 줄을 가고 오는 이 알 건마는

모진 손으로 꺽어다가 시들기 전에 내버리니

버린 것도 쓰라리거든 무심코 밟고 가니 핀들 아니 슬픈손가

숙명적인 운명이라면 너무도 아파서 못살겠네

얼씨구나 좋다 지화자 좋네

아니나 놀진 못하리라





2. 띠리띠 띠리띠 띠리 띠리 띠리...

아니 아니 놀지는 못하리라

추강월색 달밝은 밤에 벗 없는 이내몸이

어둠침침 민망하네

외로이도 홀로 누워 밤늦도록 야심토록

침불안석 잠 못들고

몸부림에 시달리며 꼬끼오 닭은 울었구나

오늘도 뜬 눈으로

새벽맞이를 하였구나



얼시구 절시구 절시구 지화자 좋네

아니나 놀진 못하리라

아니~ 아니 놀지는 못하리라



어지러운 사바세계 어찌 할 곳 바이없어

모든 미련 다 떨치고 산간벽지를 찾노라니

송죽바람 쓸쓸한데 두견조차 슬피우네

귀촉도 두견이야 너도 울고 나도 울어

심야 삼경 깊은 밤을 같이 울어 새워볼까

얼씨구나 좋다 지화자 좋네

아니 노지는 못하리라"
여백,"2,545",손태진,"처음 만났던 그 순간부터
우린 서로 마음이 끌려

하얀 가슴에 오색 무지개
곱게 곱게 그렸었지

우리는 진정 사랑했기에
그려야 할 그림도 많아

여백도 없이 빼곡빼곡
가슴 가득 채워놓았지

언제부터인가 우리 사이에
바람처럼 스며든 공간

가슴앓이 속의 이 순간이
사랑의 여백인가요

바람 부는데 구름 가는데
내 마음도 흘러가는데

언제쯤일까 어디쯤일까
우리 사랑 여백의 끝은

언제부터인가 우리 사이에
바람처럼 스며든 공간

가슴앓이 속의 이 순간이
사랑의 여백인가요

바람 부는데 구름 가는데
내 마음도 흘러가는데

언제쯤일까 어디쯤일까
우리 사랑 여백의 끝은

언제쯤일까 어디쯤일까
우리 사랑 여백의 끝은"
감수광,"1,265",혜은이,"바람부는 제주에는 돌도 많지만
인정많고 마음씨 고운 아가씨도 많지요
감수광 감수광 나어떡할렝 감수광 설릉사랑
보낸시엥 가거들랑 혼조옵서예

겨울 오는 한라산에 눈이 덮여도
당신 하고 나 사이에는 봄이 한창이라오
감수광 감수광 나어떡할렝 감수광 설릉사랑
보낸시엥 가거들랑 혼조옵서예

어쩌다가 나를 두고 떠난다해도 못잊어
그리우면 혼자 돌아옵서예 감수광 감수광
나어떡할렝 감수광
설릉사랑 보낸시엥 가거들랑 혼조옵서예"
포기하지마,"1,128",성진우,"다 포기하지마 또 다른 모습에
나 살기 위해 몸부림 치는걸

다 포기하지마 또 다른 모습에
나 살기 위해 몸부림 치는걸
너 돌아보지마 또 힘든 내 모습
더 먼곳으로 나 떠나갈거야
이제껏 구겨진 생활속에 지쳐서
모든걸 그렇게 지나치며 살았어
그래도 아직은 포기못해 너만은
다시금 널 찾아 떠나겠지
달려가 내 몸을 너에게 안길거야
쉽게 지나치진 못하겠지
조금씩 더 크게 네 이름 부를거야
이렇게 더 사랑하는 너를

너 돌아보지마 또 힘든 내모습
더 먼곳으로 나 떠나갈거야
이제껏 구겨진 생활속에 지쳐서
모든걸 그렇게 지나치며 살았어
그래도 아직은 포기못해 너만은
다시금 널 찾아 떠나겠지
달려가 내 몸을 너에게 안길거야
쉽게 지나치진 못하겠지
조금씩 더 크게 네 이름 부를거야
이렇게 더 사랑하는 너를
달려가 내 몸을 너에게 안길거야
쉽게 지나치진 못하겠지
조금씩 더 크게 네 이름 부를거야
이렇게 더 사랑하는 너를"
노래방,"1,250",박상철,"읏짜라 읏짜, 읏짜라 읏짜, 읏짜라 읏짜, 읏짜라 읏짜, 노래방
골목길 지나 길모퉁이 돌아서면 내가 찾던 그 노래방
쿵짜라라 리듬에 맞춰 신나게 춤을 추던 딩동댕 그 노래방
너와 함께 부르던 그 노래 슬픈 가사 울리는 멜로디
눈물방울 뚝뚝뚝 떨어진다 그 사람이 보고 싶어
빙글 빙글 돌아가는 노래방은 이런 내 맘 알고 있을까
오늘도 신나게 돌아가는 딩동댕 그 노래방
읏짜라 읏짜, 읏짜라 읏짜, 읏짜라 읏짜, 읏짜라 읏짜, 노래방
골목길 지나 길모퉁이 돌아서면 내가 찾던 그 노래방
쿵짜라라 리듬에 맞춰 신나게 춤을 추던 딩동댕 그 노래방
너와 함께 부르던 그 노래 슬픈 가사 울리는 멜로디
눈물방울 뚝뚝뚝 떨어진다 그 사람이 보고 싶어
빙글 빙글 돌아가는 노래방은 이런 내 맘 알고 있을까
오늘도 신나게 돌아가는 딩동댕 그 노래방
오늘도 신나게 돌아가는 딩동댕 그 노래방
내 맘 울린 그 노래방"
난 정말 몰랐었네,541,최병걸,"발길을 돌리려고 바람
부는대로 걸어도
돌아서지 않는것은 미련인가
아쉬움인가
가슴에 이 가슴에 심어준
그 사랑이
이다지도 깊은 줄은
난 정말 몰랐었네
아아아 아아아
진정 난 몰랐었네
가슴에 이 가슴에 심어준
그 사랑이
이다지도 깊은 줄은
난 정말 몰랐었네
아아아 아아아
진정 난 몰랐었네
진정 난 몰랐었네
진정 난 몰랐었네"
웃어넘겨,608,유해준,"내 맘 기댈 곳 하나 없고
가진 것도 없는 삶이지만
꿈 하나 믿고 거친 세상
오늘도 버틴다
가끔 집으로 가는 길이 외롭고
쓸쓸하긴 하지만
누구나 걷는 인생길이야
웃어넘겨
때론 세상이 날 속이고
내 가슴에 상처를 주지만
화나고 너무 억울해도
어쩔 수 없잖아
세상 무너질 것 같은 일이라도
결국 지나가더라
행복으로 다 돌아올 거야
웃어넘겨
어차피 인생이란게
밑져봐야 본전인 거야
맨몸으로 태어나서
더 잃을 것도 없으니까
손해 볼 것도 없으니
그냥 부딪혀 보는 거야
다시 오지 않을 인생인 거야
살아보는 거야
모진 세상의 시련들이
나를 향해 몰려온다 해도
그냥 웃어넘겨 좋은 날이 올 거야
그래 어차피 빈손으로 왔다가
가는게 인생이야
두려울 것도 겁날 것도
잃을 것도 없다
때론 괴롭고 힘든 일이
한 번에 몰아쳐서 오지만
어떻게든 다 살아지더라 웃어넘겨
어차피 인생이란게
밑져봐야 본전인 거야
맨몸으로 태어나서
더 잃을 것도 없으니까
손해 볼 것도 없으니
그냥 부딪혀 보는 거야
다시 오지 않을 인생인 거야
살아보는 거야
모진 세상의 시련들이
나를 향해 몰려온다 해도
그냥 웃어넘겨 좋은 날이 올 거야
그냥 웃어넘겨 좋은 날이 올 거야"
나이가 든다는게 화가나,93,김충훈,"나이가 든다는게 화가나
지나간 시간들이 아쉬워
하늘에 떠다니는 구름과
세상에 떠다니는 나
늙어 간다는게
창피한 일도 아닌데
저 멀리 지는 석양과
닮아서 맘이 서글퍼
길을 잃어도 좋아
두렵지도 않을 나이야
이별 두번 한대도
웃어넘길 그럴 나이야
나이가 든다는게 화가나
떠나간 내 사랑이 그리워
고독을 달래 주던 친구도
하나 둘 떠나 가누나
늙어 간다는게
창피한 일도 아닌데
저 멀리 지는 석양과
닮아서 맘이 서글퍼
길을 잃어도 좋아
두렵지도 않을 나이야
이별 두번 한대도
웃어넘길 그럴 나이야
외로움에 지쳐도
웃어버릴 그럴 나이야
웃어버릴 그럴 나이야"
님 찾아 가는길,258,진성,"나 밖에 몰랐던 그 사람
내 곁을 떠나 버렸네
아쉬운 미련만 남겨둔 채로
내 곁을 떠나 버렸네
어어야 무정한 사람
나를 두고 어디로 갔소
님이여 텅 빈 내 가슴
그 무엇도 채울 길 없어
어어야 어어야
님 찾아 나는 가리라

그렇게 믿었던 그 사람
날 두고 떠나 갈 줄은
이렇게 못 잊을 그리움 두고
내 곁을 떠나 버렸네
어어야 못잊을 사람
이 마음을 어떡하라고
님이여 허전한 가슴
그 무엇도 달랠 길 없어
어어야 어어야
님 찾아 나는 가리라"
괜찮아요,883,이창휘,"수많은 세월이
흐른다 해도
지워지지않는 사랑
내가 가 진 슬픔을
잠재워주던
그 눈빛을 잊을 수 없어
가끔은 가슴에
눈물이 흘러도
채워지지않는 사랑
내가 가 진 아픔을
잊게 해주던
그 눈빛을 잊을 수 없어
괜찮아요 거기 그렇게
서있어만 준다면
괜찮아요 그대 그렇게
바라볼 수 있다면
내게 남겨진
그 눈빛으로
내일을 살아갈게요
행복해야 해요
그 누구보다
소중한 사람이니까

가끔은 가슴에
눈물이 흘러도
채워지지않는 사랑
내가 가 진 아픔을
잊게 해주던
그 눈빛을 잊을 수 없어
괜찮아요 거기 그렇게
서있어만 준다면
괜찮아요 그대 그렇게
바라볼 수 있다면
내게 남겨진
그 눈빛으로
내일을 살아갈게요
행복해야 해요
그 누구보다
소중한 사람이니까
행복해야 해요
그 누구보다
소중한
사람이니까"
두렵지 않은 사랑,"1,470",김진복,"한번만 나를 안아 주세요 아무런 말도 하지 말아요
이대로 영원히 함께해요 가슴이 메어져 오네요
알아요 맺지 못한 다는걸 하지만 어쩔 수 없잖아요
이렇게 우린 하나인데 내곁에 있어주세요
사랑해요 나를 안아줘요 두렵지가 않아요
세상이 뭐라해도 난 괜찮아 너와 함께 할 수 있다면
내 모든 것을 다 잃어도 좋아 이렇게 함께 있으면

시간은 우릴 또 갈라 놓고 이렇게 돌아서야 하는데
아는지 모르는지 저 새벽은 애타게 밝아져 오네요
날 봐요 왜 또 울고 그래요 아픈 맘 어쩔 수 없잖아요
난 오직 너의 사랑인데 왜 자꾸 울고 그래요
사랑해요 나를 안아줘요 두렵지가 않아요
세상이 뭐라해도 난 괜찮아 너와 함께 할 수 있다면
내 모든 것을 다 잃어도 좋아 이렇게 함께 있으면
내 모든 것을 다 잃어도 좋아 이렇게 함께 있으면"
하늬바람,167,정다경,"불어온다 하늬바람
남촌에 서풍이 불어온다
사랑을 담아 바다를 건너
얼씨구 좋다 풍년이야
에헤라 좋구나 만선이야
우리 소원 이뤄주러
하늬바람 불어온다
어기여차 좋구나
행운이 왔구나
사랑 실어 꿈을 실어
닻을 올려라 노 저어라
하늬바람 맞바람에
풍년이 왔구나

불어온다 하늬바람
남촌에 서풍이 불어온다
사랑을 담아 바다를 건너
얼씨구 좋다 풍년이야
에헤라 좋구나 만선이야
우리 소원 이뤄주러
하늬바람 불어온다
어기여차 좋구나
행운이 왔구나
사랑 실어 꿈을 실어
닻을 올려라 노 저어라
하늬바람 맞바람에
풍년이 왔구나

하늬바람 맞바람에
풍년이 왔구나"
물음표,768,송가인,"밉다 밉다 하면서도
미워할 수 없는 그 사람
온다 온다 온다더니
그 말도 모두 거짓말
물감으로 물감으로 색칠하듯
내 가슴만 물들여 놓고
물음표만 물음표만
남겨 놓은 사람아
당신은 화가인가요
사랑의 물감인가요
빨갛게 물들여 놓고
긴가민가 하면서도
믿을 수가 없는 그 사람
간다 간다 간다더니
그 말도 모두 거짓말
물감으로 물감으로 색칠하듯
내 가슴만 물들여 놓고
물음표만 물음표만
남겨놓은 사람아
당신은 화가인가요
사랑의 물감인가요
빨갛게 물들여 놓고
물음표만 물음표만
남겨놓은 사람아
당신은 화가인가요
사랑의 물감인가요
빨갛게 물들여 놓고
물음표만 남긴 사람아"
원점,750,설운도,"사랑했던 그사람을
말없이 돌려보내고

원점으로 돌아서는
이 마음 그대는 몰라

수많은 사연들을
네온불에 묻어놓고

무작정 사랑을
사랑을 넘어버린
나는 나는 정말 바보야

눈물속에 피는 꽃이
여자란 그말때문에

내 모든걸 외면한채
당신을 사랑했어요

수많은 사연들을
네온불에 묻어놓고

무작정 가슴을
가슴을 열어버린
나는 나는 정말 바보야"
When We Disco,"1,408","녹용 씨스터즈(김다현,김의영,류원정,진달래,홍지윤)","마법 같았지
When we disco when we disco
그래서 잊지를 못해 아직도
너무 그리워
When we disco when we disco
너도 기억하고 있는지 지금도
넌 지금 어디에 있는지
날 가끔 생각은 하는지
아름다웠던 그 시절의 우릴
Do you remember baby
마법 같았지
When we disco when we disco
그래서 잊지를 못해 아직도
너무 그리워
When we disco when we disco
너도 기억하고 있는지 지금도
찌른 건 하늘이 아니라
서로의 마음이었었지
흔든 건 골반이 아니라
서로의 인생이었었지
마법 같았지
When we disco when we disco
그래서 잊지를 못해 아직도
너무 그리워
When we disco when we disco
너도 기억하고 있는지 지금도"
까딱없어요,817,홍자,"그깟 사랑이 뭐가 힘들어
헤어지면 그만인 것을
힘들다 외롭다 그런 말 말아요
그깟 사랑 까딱없어요
만나면 헤어짐이 당연지산데
울고불고 하덜 말고 떠나 버려요
널리고 널린 것이 사랑이더라
그깟 사랑 까딱없어요
그깟 인생이 뭐가 힘들어
살아 있으니 사는 거지
힘들다 외롭다 그런 말 말아요
그깟 인생 까딱없어요
한번 왔다 가는 인생 거기서 거기
안절부절 하덜 말고 웃고 살아요
살다 보면 맛난 것이 인생이더라
그깟 인생 까딱없어요
만나면 헤어짐이 당연지산데
울고불고 하덜 말고 떠나 버려요
널리고 널린 것이 사랑이더라
그깟 사랑 까딱없어요
그깟 인생 까딱없어요"
너라고 부를게,"6,775",정동원,"너라고 부를게
오늘부터 내 여자니까
네 이름 부를게
누난 너무 예쁘니까
너라고 부를게
오늘부터 내 여자니까
네 이름 부를게
누난 너무 예쁘니까
하늘의 별도 달도 따줄게
매일 널 웃게 만들어줄게
누가 뭐래도 너라고 부를게
눈을 뜨면 생각나는 한 사람
꿈에서도 보이는 사람
이게 사랑인가 봐
가슴이 떨리잖아
못 참겠어 이제부터 나
너라고 부를게
오늘부터 내 여자니까
네 이름 부를게
누난 너무 예쁘니까
하늘의 별도 달도 따줄게
매일 널 웃게 만들어줄게
누가 뭐래도 너라고 부를게
좋은 날엔 함께 기뻐해 주고
슬픈 날엔 울어준 사람
이게 사랑인가 봐
가슴이 떨리잖아
못 참겠어 이제부터 나
너라고 부를게
오늘부터 내 여자니까
네 이름 부를게
누난 너무 예쁘니까
하늘의 별도 달도 따줄게
매일 널 웃게 만들어줄게
누가 뭐래도 너라고 부를게
영원히 내 품 안에서 My love
평생을 너만 사랑해줄게
오늘부터 나 너라고 부를게"
가버린 사랑,626,김의영,"백년 해로 맺은 언약
마음속에 새겼거늘
무정할사 그대로다
나를 두고 어디 갔나
그대 이왕 가려거든
정마저 가져가야지
정만 두고 몸만 가니
남은 이 몸 어이 하리
백년 해로 맺은 언약
마음속에 새겼거늘
무정할사 그대로다
나를 두고 어디 갔나
그대 이왕 가려거든
정마저 가져가지
남은 이 몸 혼자 두고
남은 이 몸 어이하리
만수무강 하옵소서"
열애,"2,243",홍자,"처음엔 마음을
스치며 지나가는 타인처럼
흩어지는 바람인 줄 알았는데
앉으나 서나 끊임없이 솟아나는
그대 향한 그리움
그대의 그림자에 쌓여
이 한 세월 그대와 함께 하나니
그대의 가슴에 나는 꽃처럼 영롱한
별처럼 찬란한 진주가 되리라
그리고
이 생명 다하도록 이 생명 다하도록
뜨거운 마음속 불꽃을 피우리라
태워도 태워도 재가 되지 않는
진주처럼 영롱한 사랑을 피우리라
우우우우우
그리고
이 생명 다하도록 이 생명 다하도록
뜨거운 마음속 불꽃을 피우리라
태워도 태워도 재가 되지 않는
진주처럼 영롱한 사랑을 피우리라"
사랑하나로,563,남승민,"청춘아 내 청춘아
말 못할 사연도 많았다
술잔에 쓰러지는
도시의 네온불
여기서 멈출순 없다
사랑 사랑 하나로
설움도 참았다
눈물도 참았다
앞길을 막지마라
막지를 마라
내몫만큼 살다 갈테니
청춘아 내 청춘아
말 못할 사연도 많았다
술잔에 쓰러지는
도시의 네온불
여기서 멈출순 없다
사랑 사랑 하나로
설움도 참았다
눈물도 참았다
앞길을 막지마라
막지를 마라
내몫만큼 살다 갈테니
사랑 사랑 하나로
설움도 참았다
눈물도 참았다
앞길을 막지마라
막지를 마라
내몫만큼 살다 갈테니
내몫만큼 살다 갈테니"
사랑은 어디에,"6,112",김희재,"아
아무도 모르게 살아온 지난 날
후회도 미련도 없네
지나온 날들 뒤돌아 보니
머나먼 고향 같구나
덧없는 인생길에
때로는 방황도 했지만
아 외로움이 스치면
한 잔 술에 씻어 버렸네
아 사랑이 그리워지면
노래를 불러 보리라
이젠 미움도 그리움도
모두 다 흘러갔네
사랑을 찾아서 노래를 찾아서
바람처럼 구름처럼 살아가리라
하늘이여 하늘이여
당신이 주신 사랑은
어디에 사랑은 어디에
아 사랑이 그리워지면
노래를 불러 보리라
이젠 미움도 그리움도
모두 다 흘러갔네
사랑을 찾아서 노래를 찾아서
바람처럼 구름처럼 살아가리라
하늘이여 하늘이여
당신이 주신 사랑은
어디에 사랑은 어디에
아 아"
죽는 시늉,"12,588",임영웅,"아무리 둘러봐도
당신만한 사람은 없어
아무리 찾아봐도
당신만큼 예쁜 사람은 없어
내 눈엔 당신입니다
오로지 당신입니다
자꾸만 생각납니다
당신을 사랑합니다
어떻게 해야 할까요
어떻게 하면 좋을까요
어떻게 하면 내 맘 알까요
죽으라면 죽는 시늉까지 할게요
아무리 살펴봐도
당신 밖에 보이질 않아
아무리 따져 봐도
당신만큼 좋은 사람은 없어
수많은 사람들 중에
당신만 보였습니다
수많은 인연 중에서
당신은 사랑의 인연
어떻게 해야 하나요
당신이 너무 좋은데
어떻게 하면 내 속 알까요
죽으라면 죽는 시늉까지 할게요
죽으라면 죽는 시늉까지 할게요"
사랑이 왔어요,53,오승하,"사랑이 사랑이 왔어요
행복이 나에게 왔어요
꽁꽁 숨은 보물처럼
설레이던 내 사랑
별처럼 반짝거려요
내 마음을 흔드는 당신
내 입술을 훔쳐 간 당신
꿈같은 사랑이 내게 왔어요
사랑이 사랑이 왔어요
행복이 나에게 왔어요
이리 봐도 내 사랑
저리 봐도 내 사랑
기다리고 기다리던 사랑이 왔어요

내 마음을 흔드는 당신
내 입술을 훔쳐 간 당신
꿈같은 사랑이 내게 왔어요
사랑이 사랑이 왔어요
행복이 나에게 왔어요
이리 봐도 내 사랑
저리 봐도 내 사랑
기다리고 기다리던 사랑이 왔어요
기다리고 기다리던 사랑이 왔어요"
굳세어라 금순아,"1,784",박서진,"눈보라가 휘날리는
바람찬 흥남부두에
목을 놓아 불러봤다 찾아를 봤다
금순아 어디로 가고
길을 잃고 헤매었더냐
피눈물을 흘리면서
일사 이후 나 홀로 왔다

일가친척 없는 몸이
지금은 무엇을 하나
이 내 몸은 국제시장 장사치기다
금순아 보고 싶구나
고향 꿈도 그리워진다
영도다리 난간 위에
초생달만 외로이 떴다

철의 장막 모진 설움
받고서 살아를 간들
천지 간의 너와 난데 변함 있으랴
금순아 굳세어다오
남북통일 그날이 오면
손을 잡고 울어보자
얼싸안고 춤도 춰보자"
내 생의 마지막 사랑,787,유상록,"들리는 너의 목소리
문득 돌아보는 그 순간
잡힐 듯 사라진 너의 모습에
또 다시 눈물이 흐르네
가슴에 멍을 남기고
잊어달란 말을 남기고
내게서 떠나간 사랑한 사람
내 생의 마지막 사랑
애가 타게 너를 불러보지만
대답없는 사람아
이 목숨 다 바쳐 사랑했는데
죽도록 사랑했는데
가슴에 멍을 남기고
잊어달란 말을 남기고
그렇게 떠나간 사랑한 사람
내 생의 마지막 사랑
애가 타게 너를 불러보지만
대답없는 사람아
이 목숨 다 바쳐 사랑했는데
죽도록 사랑했는데
가슴에 멍을 남기고
잊어달란 말을 남기고
그렇게 떠나간 사랑한 사람
내 생의 마지막 사랑
내 생의 마지막 사랑"
신라의 달밤,"2,180",조명섭,"아 신라의 밤이여
불국사의 종소리 들리어 온다
지나가는 나그네여
걸음을 멈추어라
고요한 달빛 어린 금오산 기슭에서
노래를 불러 보자 신라의 밤 노래를
아 신라의 밤이여
화랑도의 추억이 새롭구나
푸른 강물 흐르건만
종소리는 끝이 없네
화려한 천년 사직 간 곳을 더듬으며
노래를 불러 보자 신라의 밤 노래를
아 신라의 밤이여
아름다운 궁녀들 그리워라
대궐 뒤에 숲 속에서
사랑을 맺었던가
님들의 치맛소리 귓 속에 들으면서
노래를 불러 보자 신라의 밤 노래를"
무시로,"1,107",진해성,"이미 와버린 이별인데
슬퍼도 울지 말아요
이미 때늦은 이별인데
미련은 두지 말아요
눈물을 감추어요
눈물을 아껴요
이별보다 더 아픈 게
외로움인데
무시로 무시로
그리울 때 그때 울어요

이미 돌아선 님이라면
미워도 미워 말아요
이미 약속된 이별인데
아무 말 하지 말아요
눈물을 감추어요
눈물을 아껴요
이별보다 더 아픈 게
외로움인데
무시로 무시로
그리울 때 그때 울어요"
당신이어서,456,에녹,"가지 말아야 하는 길인데
오늘도 그 길을 걷네요

그리워 말아야 하는데
그리움 당신이어서

한 사람 사랑하는 게
이렇게 힘이 드네요

사랑에 눈이 먼 미련한 사랑
아파도 울지 못하고

사랑하지 말아야 하는데
사랑해버렸네

아파도 아파도 말 못 합니다
그 사랑 당신이어서

한 사람 사랑하는 게
이렇게 힘이 드네요

사랑에 눈이 먼 미련한 사랑
아파도 울지 못하고

사랑하지 말아야 하는데
사랑해 버렸네

아파도 아파도 말 못 합니다
그 사랑 당신이어서

그 사랑 당신이어서"
수은등,"1,202",장윤정,"어스럼 저녁 길 하나 둘
수은등 꽃이 피면은
그대와 단 둘이서 거닐던
이 길을 서성입니다
수은등 은은한 빛 변함은 없어도
당신은 변했구려 보이질 않네
아아 수은등 불빛아래
이 발길은 떠날 줄 몰라
어두운 밤거리에 하나 둘
오색 불 깜박거리면
그대에 웃음소리 들려올 듯
내 가슴은 설레이네
바람 부는 이 거리는 변함이 없건만
당신은 변했구려 보이질 않네
아아 오색 불 깜박이는
이 거리를 잊으셨구려
이 거리를 잊으셨구려
이 거리를 잊으셨구려"
동행,"17,111",임영웅,"아직도 내겐 슬픔이
우두커니 남아 있어요
그날을 생각하자니
어느새 흐려진 안개
빈 밤을 오가는 마음
어디로 가야만 하나
어둠에 갈 곳 모르고
외로워 헤매는 미로
누가 나와 같이 함께
울어줄 사람있나요
누가 나와 같이 함께
따뜻한 동행이 될까
사랑하고 싶어요
빈 가슴 채울 때까지
사랑하고 싶어요
사랑있는 날까지
누가 나와 같이 함께
울어줄 사람있나요
누가 나와 같이 함께
따뜻한 동행이 될까
사랑하고 싶어요
빈 가슴 채울 때까지
사랑하고 싶어요
사랑있는 날까지"
인생,"13,519",임영웅,"세상에 올 때
내 맘대로 온건
아니지만은
이 가슴에
꿈도 많았지
내 손에 없는
내 것을 찾아
낮이나 밤이나
뒤 볼새 없이
나는 뛰었지
이제 와서
생각하니
꿈만 같은데
두 번 살 수
없는 인생
후회도 많아
스쳐간 세월
아쉬워한들
돌릴 수 없으니
남은 세월이나
잘해봐야지
돌아본 인생
부끄러워도
지울 수 없으니
나머지 인생
잘 해봐야지
세상에 올 적에
내 맘대로 온건
아니지만은
이 가슴에
꿈도 많았지
내 손에 없는
내 것을 찾아
낮이나 밤이나
뒤 볼 새 없이
나는 뛰었지
이제 와서
생각하니
꿈만 같은데
두 번 살 수
없는 인생
후회도 많아
스쳐간 세월
아쉬워 한들
돌릴 수 없으니
남은 세월이나
잘해봐야지
돌아본 인생
부끄러워도
지울 수 없으니
나머지 인생
잘해봐야지
나머지 인생
잘해봐야지"
사랑을 한 번 해보고 싶어요,"1,028",진해성,"사랑에 한 번 빠지고 싶어요
아주 멋진 여자를 만나
바다가 있는 아름다운 해변을
둘이서 걷고 싶어요
가슴이 불타올라요
눈물마저 핑 도네요
지금까지 살아오면서
나를 위해 무엇을 했나
세월이 다 가기 전에
내 모습 변하기 전에
그대와 둘이 밤을 지세며
지난 날을 잊고 싶어요
사랑을 한 번 해보고 싶어요
매력있는 여자를 만나
아무도 없는 무인도에서
그녀와 함께 있고 싶어요
가슴이 벅차 올라요
눈물마저 핑 도네요
지금까지 살아오면서
나를 위해 무엇을 했나
세월이 다 가기 전에
내 모습 변하기 전에
사랑하는 그대 그대와 둘이
지난 날을 잊고 싶어요
지난 날을 잊고 싶어요"
묻어버린 아픔,396,김중연,"흔한 게 사랑이라지만
나는 그런 사랑 원하지 않아
바라만 봐도 괜히 그냥 좋은
그런 사랑이 나는 좋아
변한 건 세상이라지만
우리 사랑 이대로 간직하면
먼 훗날 함께 마주 앉아 둘이
얘기할 수 있으면 좋아
어둠이 내려와 거리를 떠돌면
부는 바람에 내 모든 걸 맡길 텐데
한순간 그렇게 쉽사리 살아도
지금 이 순간 나는 행복해
어둠이 내려와 거리를 떠돌면
부는 바람에 내 모든 걸 맡길 텐데
한순간 그렇게 쉽사리 살아도
지금 이 순간 나는 행복해
지금 이 순간 나는 행복해
지금 이 순간 나는 행복해"
남자라는 이유로,"2,215",박지현,"누구나 웃으면서 세상을 살면서도
말 못 할 사연 숨기고 살아도
나 역시 그런저런 슬픔을 간직하고
당신 앞에 멍하니 서있네
언제 한 번 가슴을 열고 소리 내어
소리 내어 울어 볼 날이
남자라는 이유로 묻어두고 지낸
그 세월이 너무 길었어
저마다 처음인 듯 사랑을 하면서도
쓰라린 이별 숨기고 있어도
당신도 그런저런 과거가 있겠지만
내 앞에선 미소를 짓네
언제 한번 그런 날 올까요 가슴을 열고
소리 내어 울어 울어 볼 날이
남자라는 이유로 묻어두고 지낸
그 세월이 너무 길어요"
원점,"15,069",임영웅,"사랑했던 그사람을
말없이 돌려보내고
원점으로 돌아서는
이 마음 그대는 몰라
수많은 사연들을
네온불에 묻어놓고
무작정 사랑을
사랑을 넘어버린
나는 나는 정말 바보야
눈물속에 피는 꽃이
여자란 그말때문에
내 모든걸 외면한채
당신을 사랑했어요
수많은 사연들을
네온불에 묻어놓고
무작정 가슴을
가슴을 열어버린
나는 나는 정말 바보야"
사나이 가슴에 비가 내리네,"2,213",박지현,"돌아서서 그냥 갔어요
이젠 꿈이라 생각해요
비오는 거리 충무로에서
아 왜 망설이시나요
여자의 마음은 다 그런건가요
남자의 가슴에 못을 박고서
울기만 하긴가요
아아아아 당신은
아 이 마음 모르나요
사나이 가슴에 비가 내려요
충무로에도 비만 내려요
돌아서서 그냥 갔어요
이젠 잊는다 생각해요
비오는 거리 충무로에서
아 왜 떠나지 못해요
여자의 마음은 다 그런건가요
남자의 가슴에 못을 박고서
울기만 하긴가요
아아아아 당신은
아 이 마음 모르나요
사나이 가슴에 비가 내려요
충무로에도 비만 내려요"
미워도 다시 한번,418,남진,"이 생명 다 바쳐서
죽도록 사랑했고
순정을 다 받쳐서 믿고 또 믿었건만
영원히 그 사람을
사랑해선 안될사람
말 없이 가는길에 미워도 다시한번
아아 안녕
나만이 가야하는
그 사랑에 길이기에
울면서 돌아설 땐 미워도 다시 한번
아아 안녕"
홀로 가는 길,650,심수봉,"나는 떠나고 싶다
이름모를 머나먼 곳에
아무런 약속없이
떠나고픈 마음 따라
나는 가~고 싶다
나는 떠나 가야해
가슴에 그리움 갖고서
이제는 두번 다시
가슴 아픔 없을 곳에
나는 떠~나야해
나를 떠나간 님에
마음처럼
그렇게 떠날순 없지만
다시 돌아온단 말없이
차마 떠나~가리라
사랑도 이별도
모두가
지난 얘긴걸
지나간 날들 묻어두고
떠~나 가야지

나를 떠나간 님에
마음처럼
그렇게 떠날순 없지만
다시 돌아온단 말없이
차마 떠나~ 가리라
사랑도 이별도
모두가
지난 얘긴걸
지나간 날들 묻어두고
떠~나 가야지"
드라마,"5,059",장민호,"사랑에 울다 웃다 해봤고
그깟 돈 있다 없다 해봤고
산 넘어 또 산
쉽지만은 않더라
사는 게 드라마더라
병 주고 약도 주던
세월아 네월아
별의별 일 많구나
드라마 내가 내가 드라마
이 사연을 누가 알 텐가
설탕같이 달다가
커피같이 쓰다가
아 아 아 우리 인생 드라마
사랑에 울다 웃다 해봤고
그깟 돈 있다 없다 해봤고
산 넘어 또 산
쉽지만은 않더라
사는 게 드라마더라
병 주고 약도 주던
세월아 네월아
별의별 일 많구나
드라마 내가 내가 드라마
이 사연을 누가 알 텐가
설탕같이 달다가
커피같이 쓰다가
아 아 아 우리 인생 드라마
아 아 아 내가 내가 드라마"
사랑타령,"2,307",강혜연,"야야야 사랑이로구나
야야야 사랑타령이야
야야야 사랑이로구나
야야야 사랑타령이야
봄날사랑은 꽃피는 사랑
여름사랑은 소낙비 사랑
가을사랑은 단풍잎 사랑
겨울사랑은 겨울비 사랑
메마른 가슴에 사랑비가 오네
메마른 가슴에 사랑비
사랑비가 오네
야야야 사랑이로구나
야야야 사랑타령이야
가는 세월은 잡을 수가 없고
가는 청춘도 잡을 수가 없어
가는 세월은 이자도 없고
가는 청춘은 벌금도 없어
세상천지를 다 준다 해도
지나간 세월은 다시 돌아오지 않아
야야야 사랑이로구나
야야야 사랑타령이야
사랑 사랑 사랑타령이야
사랑 사랑 사랑타령이야
사랑 사랑 사랑 사랑 사랑타령이야
내 주머니에 돈 떨어지니
양주 먹다가 소주를 먹고
내 주머니에 돈 떨어지니
자가용 타다가 버스를 타고
야야야 사랑이로구나
야야야 사랑타령이야
내 주머니에 돈 떨어지니
고기 먹다가 라면을 먹고
내 주머니에 돈 떨어지니
친구마저도 나를 나를 떠나가네
야야야 사랑이로구나
야야야 사랑타령이야
야야야 사랑이로구나
야야야 사랑타령이구나"
내 삶을 눈물로 채워도,"1,406",진해성,"간간이 너를 그리워하지만
어쩌다 너를 잊기도 하지
때로는 너를 미워도 하지만
가끔은 눈시울 젖기도 하지
어쩌면 지금 어딘가 혼자서
나처럼 저 달을 볼지도 몰라
초저녁 작게 빛나는 저 별을
나처럼 보면서 울지도 몰라
루루루 루루 루루루 루루
아마 나는 평생을 못 잊을 것 같아
너를
인연이라는 만남도 있지만
숙명이라는 이별도 있지
우리의 만남이 인연이었다면
그 인연 또 한 번 너였음 좋겠어
어쩌면 우리 언젠가 또다시
우연을 핑계로 만날지 몰라
내 삶의 전부 눈물로 채워도
널 기다리면서 살는지 몰라
루루루 루루 루루루 루루
아마 나는 평생을 못 잊을 것 같아
너를
루루루 루루 루루루 루루
아마 나는 평생을 못 잊을 것 같아
너를
루루루 루루 루루루 루루
루루루 루루 루루루 루루
루루루 루루 루루루 루루
아마 나는 평생을
아마 나는 평생을
못 잊을 것 같아 너를"
사랑의 지혜,448,나훈아,"그대 없인 난 못살아
당신 너무 예쁘다
남자들아 이런 말은
입에 달고 살아라
그대 있어 행복해요 당신이 최고야
여자들아 이런 말은 앵무새가 되어라
남자야 과거는 털어놓지 말아라
아무리 꼬셔도 딱 잡아떼라
여자야 아무리 바가지 긁어도
남자 기는 죽이지 마라
첫눈 오면 나가자고 속삭여줘라
남자들아 적어놓고 잊지 말고 살아라
힘들다고 푸념할 때 사랑해줘라
여자들아 엄마처럼 안아주어라
내가 다시 태어나도
그댈 사랑할 거야
남자들아 거짓말을 입에 달고 살아라
당신 정말 너무 멋져 사랑합니다
여자들아 하고 하고 또 자꾸 해줘라
남자야 첫사랑은 오리발이다
무조건 아니다 명심하도록
여자야 티격태격 싸울지라도
자존심은 건들지 마라
비가 오면 우산 들고 나들이해라
남자들아 멋진 카페
예약 잊지 말아라
세상살이 지친 하루 힘들어하거든
여자들아 누나처럼 달래주어라
여자들아 친구처럼 감싸주어라"
느낌 아니까,416,추혁진,"니들이 느낌을 알아?
느낌 아니까 느낌 아니까 음~ 미스터추
느낌 아니까 느낌 아니까
리듬에 따라 비트에 따라
느낌 아니까
뜨거운 터치에 오늘 밤 사랑이
불타는 신호 러브콜
외로운 사람들 (이리 와)
재미없는 사람들 (들이대)
느낌 따라 모여봐
one two follow follow me
follow follow me
신나는 춤을 섹시한 춤을
follow follow me follow follow me
리듬에 몸을 실어봐
끈적이는 시선이
내 몸을 감싸올 때면
런어웨이 모델처럼
화려하게 빛이 나는 나
느낌 아니까
느낌 아니까
리듬에 따라 비트에 따라
너만을 위한 몸짓 느낌 아니까
느낌 아니까
느낌 아니까
리듬에 따라 비트에 따라
느낌 아니까
Ah~ oh~yeh
Ah~ oh 느낌
조명이 감싸와 딱붙는 매력은
사랑의 신호 러브콜
외로운 사람들 (이리 와)
재미없는 사람들 (들이대)
느낌 따라 모여봐
Come on follow follow me
follow follow me
신나는 춤을 섹시한 춤을
follow follow me follow follow me
리듬에 몸을 실어봐
끈적이는 시선이
내 몸을 감싸올 때면
런어웨이 모델처럼
화려하게 빛이 나는 나
느낌 아니까
느낌 아니까
본능에 따라 불타오르는
너만을 위한 유혹 오늘 밤의 댄스
느낌 아니까
느낌 아니까
너만을 위한 사랑의 키스
느낌 아니까
느낌 아니까
느낌 아니까"
봄비,453,에녹,"봄비 속에 떠난 사람
봄비 맞으며 돌아왔네
그때 그날은 그때 그날은
웃으면서 헤어졌는데
오늘 이 시간 오늘 이 시간
너무나 아쉬워
서로가 울면서 창밖을 보네 헤에헤
봄비가 되어 돌아온 사람
비가 되어 가슴 적시네
오늘 이 시간 오늘 이 시간
너무나 아쉬워
서로가 울면서 창밖을 보네 헤에에
봄비가 되어 돌아온 사람
비가 되어 가슴 적시네"
폼나게 살거야,538,배일호,(폼나게 살거야) 1. 폼나게 살거야 멋지게 살거야 어차피 사는 세상 하루를 살아도 내 사랑 백년을 살아도 내 사랑 나는 나는 네가 좋더라 이제부터 폼나게 살거야 그 누가 누가 누가 뭐래도 큰소리치고 살게 할거야 따라와 (헤이) 따라와 (헤이) 다 내가 해줄거야 따라와 따라와 (헤이) 따라와 (헤이) 아무 걱정하지 말고 따라와 하루를 살아도 멋지게 살거야 폼나게 살거야 (폼나게 살거야) 2. 폼나게 살거야 멋지게 살거야 어차피 사는 세상 천년을 살아도 내 사랑 백년을 살아도 내 사랑 나는 나는 네가 좋더라 이제부터 폼나게 살거야 그 누가 누가 누가 뭐래도 큰소리치고 살게 할거야 따라와 (헤이) 따라와 (헤이) 다 내가 해줄거야 따라와 따라와 (헤이) 따라와 (헤이) 아무 걱정하지 말고 따라와 하루를 살아도 멋지게 살거야 폼나게 살거야 폼나게 살거야
연하의 남자,"1,019",강진,"부를 땐 누나라고
누나라고 말하지만
내 마음은 설레이고 있어요
처음 본 순간부터
내 마음을 뺏겼어요
내 영혼을 흔들었어요
이제부턴 동생 아닌
남자로 봐 주세요
당신을 사랑합니다
내 사랑을 받아주세요
조건없이 다 드릴게요
당신에게 빠져 버린
당신에게 빠져 버린
나는 나는 연하의 남자
부를 땐 누나라고
누나라고 말하지만
내 마음은 설레이고 있어요
처음 본 순간부터
내 마음을 뺏겼어요
내 영혼을 흔들었어요
이제부턴 동생 아닌
남자로 봐 주세요
당신을 사랑합니다
내 사랑을 믿어주세요
행복하게 해드릴게요
당신에게 빠져 버린
당신에게 빠져 버린
나는 나는 연하의 남자
당신에게 빠져버린
당신에게 빠져 버린
나는 나는 연하의 남자"
일나겠네,899,"뽕가네(강혜연,별사랑,성민지,은가은,허찬미)","일나겠네 일나겠네
사랑땜에 일나겠네
일나겠네 일나겠네
사랑땜에 일나겠네
사랑이 무어냐고
사랑한테 물어보니
사랑이 말하기를
잔인한 눈물이래
당신을 처음보고
첫눈에 반했었지
따뜻한 그눈빛에
내 가슴은 뛰었었지
당신없인 단하루도
나혼자서 살수없지
당신만이 내 인생에
영원한 사랑이지
일나겠네 일나겠네
사랑땜에 일나겠네
일나겠네 일나겠네
사랑땜에 일나겠네
사랑땜에 일나겠네
일나겠네 일나겠네
사랑땜에 일나겠네
일나겠네 일나겠네
사랑땜에 일나겠네
사랑땜에 일나겠네
일 나 겠네"
댄싱퀸,"8,000",장민호랑나비,"새침한 아가씨 지적인 아가씨
말숙한 아가씨
사랑할 준비하고 모두 다 오세요
무지개 빛 찬란한 희망을 꿈꾸며
나의 정열에 음악에
맞춰 춤을 춰요
춤을 춥시다
춤을 춥시다
밤이 새도록
하
그대의 날이랍니다
댄스 댄스 댄스 춤을 춥시다
댄스 댄스 댄스 리듬에 맞춰
댄스 댄스 댄스 내게 오세요
그대 오늘의 섹시한 여자
오 댄싱퀸
어려워 마세요 창피해 마세요
두려워 마세요
사랑할 준비하고 모두 다 오세요
골치아픈 하루일 모두다 잊고서
나의 정열에 음악에 맞춰 춤을춰요
춤을 춥시다 밤이 새도록
그대의 날이랍니다
댄스 댄스 댄스 춤을 춥시다
댄스 댄스 댄스 리듬에 맞춰
댄스 댄스 댄스 내게 오세요
그대 오늘의 섹시한 여자
오 댄싱퀸
댄스 댄스 댄스
댄스 댄스 댄스
댄스 댄스 댄스
그대 오늘의 섹시한 여자
오 댄싱퀸
그대 오늘의 섹시한 여자
그대 오늘의 섹시한 여자
오 댄싱퀸"
유리구두,53,화연,"갈대는 바람 앞에 흔들려
사랑은 누군가에 흔들려

하루 이틀 정들었나요
사랑한 세월이 그 얼만데
떨어진 구두 벗어버리듯
그리 쉽게 갈 수 있나요
너만은 결코 아니 가리라
아니 갈 줄 믿었는데
갈대는 바람 앞에 흔들려
사랑은 누군가에 흔들려
유리구두 갈아 신고
유리구두 갈아 신고
툭툭 털고 간 사람

스쳐가는 정이었나요
꿈같은 세월이 그 얼만데
떨어진 구두 벗어버리듯
그리 쉽게 갈 수 있나요
너만은 끝내 사랑하리라
없는 정도 만들었는데
갈대는 바람 앞에 흔들려(갈대는 바람 앞에 흔들려)
사랑은 누군가에 흔들려(사랑은 누군가에 흔들려)
유리구두 갈아 신고
유리구두 갈아 신고
툭툭 털고 간 사람
유리구두 갈아 신고
유리구두 갈아 신고
툭툭 털고 간 사람"
사랑은 아직도 끝나지 않았네,718,조용필,"다시는 생각을 말자 생각을 말자고
그렇게 애타던 말 한마디 못하고
잊어야 잊어야만 될 사랑이기에
깨끗이 묻어버린 내 청춘이건만
그래도 못 잊어 나 홀로 불러보네
사랑은 아직도 끝나지 않았네

잊어야 잊어야만 될 사랑이기에
깨끗이 묻어버린 내 청춘이건만
그래도 못 잊어 나 홀로 불러보네
사랑은 아직도 끝나지 않았네
끝나지 않았네"
기다리는 여심,634,계은숙,"내 마음 외로울땐 눈을 감아요
자꾸만 떠오르는 그대 생각에
가슴에 느껴지는 사랑에 숨결
멀리서 아득하게 전해 오네요
사랑이 끝났을 때
남겨진 이야기는
시들은 꽃잎처럼
흐르는 세월이 아쉬워 하겠지
내 마음 외로울땐 하늘을 봐요
흐르는 구름 위에 마음 띄우며
내 곁에 와 달라고 기원하면서
오늘도 기다리는 여인입니다
사랑이 끝났을 때
남겨진 이야기는
시들은 꽃잎처럼
흐르는 세월이 아쉬워 하겠지
내 마음 서러울땐 하늘을 봐요
흐르는 구름위에 마음 띄우며
내곁에 와 달라고 기원하면서
오늘도 기다리는 여인입니다
오늘도 기다리는 여인입니다
오늘도 기다리는 여인입니다"
장녹수,"1,762",정미애,"가는 세월 바람타고
흘러가는 저 구름아
수많은 사연 담아
가는 곳이 어드메냐
구중궁궐 처마 끝에
한 맺힌 매듭 엮어
눈물강 건너서
높은 뜻 걸었더니
부귀도 영화도
구름인양 간 곳 없고
어이타 녹수는
청산에 홀로 우는가
한 조각 구름 따라
떠도는 저 달님아
한 많은 사연 담아
내 숨은 곳 어드메냐
곤룡포 한 자락에
구곡간장 애태우며
안개강 건너서
높은 뜻 기웠더니
부귀도 영화도
구름인양 간 곳 없고
어이타 녹수는
청산에 홀로 우는가
청산에 홀로 우는가"
고향역,760,"녹용 씨스터즈(김다현,김의영,류원정,진달래,홍지윤)","코스모스 피어있는
정든 고향역
이쁜이 곱뿐이
모두 나와 반겨주겠지
달려라 고향열차
설레는 가슴 안고
눈 감아도 떠오르는
그리운 나의 고향역
달려라 고향열차
설레는 가슴 안고
눈 감아도 떠오르는
그리운 나의 고향역"
그리운 얼굴,710,유익종,"너를 사랑한다고
그땐 왜 말 못했나
밀려가고 밀려오는 파도처럼
그리움이 가슴을 적시는데
어느 새 계절은 가고
또 다시 단풍이 물들었네
그러나 세월 가면
잊혀진다는 그 말이
오히려 나를 울리네
너를 사랑한다고
그땐 왜 말을 못했나
잊을 수 없는 그대
볼 수 없는 그대
진한 커피 한 잔에
지울 수 있을까
사랑이라고 그리운 얼굴
아직도 나에게는
찾아올 줄을 모르고
이제는 잊어야 할
그리운 그대 모습
어이해 내 곁을 떠나지 않나

너를 사랑한다고
그땐 왜 말을 못했나
잊을 수 없는 그대
볼 수 없는 그대
진한 커피 한 잔에
지울 수 있을까
사랑이라는 그리운 얼굴
아직도 나에게는
찾아올 줄을 모르고
이제는 잊어야 할
그리운 그대 모습
어이해 내 곁을 떠나지 않나"
한남자의 여자,601,서주경,"하늘이 허락한 사랑을
오늘밤 당신과 나누고 싶어요
내 인생을 살아갈 거야
한 남자의 여자로
눈물로 이별을 막으려했던
어리석은 지난 날들은
내 곁에서 비켜 선 채로
나를 지켜 보고 있지만
사랑이란 정답을 찾아서
연인과 타인 사이에
세월을 낭비한
내가 너무 바보였어요
하늘도 질투할 사랑을
오늘밤 당신께 주고 싶어요
내 인생을 살아갈 거야
한 여자의 남자로
눈물로 이별을 막으려했던
어리석은 지난 날들은
내 곁에서 비켜 선 채로
나를 지켜보고 있지만
사랑이란 정답을 찾아서
연인과 타인 사이에
세월을 낭비한
내가 너무 바보였어요
내가 너무 바보였어요"
청풍명월,661,금잔디,"남한강 구비 구비
그림 같은 청풍호
물 안개 핀 강물에는
억새가 춤을 추네
대나무 옥순봉아
거북이 구담봉아
붉게 물든 저녁노을
호수에 띄워놓고
아름다운 꽃봉오리
청풍호에 빠져있네
수륙 길 백삼십리
그림 같은 청풍호
은빛 파도 황금 물결
여기가 청풍 일세
단풍 옷 갈아입고
님 맞을 청풍 아가씨
석류 같이 빨간 사랑
가슴에 물들이고
월악산에 걸린 달빛
그대 품에 안겨주리
아름다운 꽃봉오리
청풍호에 빠져있네"
손님온다,612,윤수현,"손님 온다 손님 온다 손님 오신다 반가운 손님이 줄지어 오신다
일월에 오는 손님은 일찌감치 와서 예쁜 손님
이월에 오는 손님은 이판사판 우리 집만 오는 손님
삼월에 오는 손님은 삼척동자도 아는 손님
사월에 오는 손님은 사랑 주고 받고 싶은 손님
손님 온다 손님 온다 손님 오신다 반가운 손님이 줄지어 오신다
오월에 오는 손님은 오다가다 정든 단골손님
유월에 오는 손님은 유난히도 잘해주고 싶은 손님
칠월에 오는 손님은 칠월더위를 식혀주고
팔월에 오는 손님은 팔팔 끓는 속도 달래주네
손님 온다 손님 온다 손님 오신다 반가운 손님이 줄지어 오신다
구월에 오는 손님은 구경만하고 가도 좋은 손님
시월에 오는 손님은 시원시원 손이 커서 큰손님
십일월에 오는 손님은 십시일반 동네손님
십이월에 오는 손님은 시비 않고 매너 좋은 멋쟁이 손님
손님 온다 손님 온다 손님 오신다 반가운 손님이 줄지어 오신다
이 고장 저 고장 물 건너 이웃나라 먼 나라에서
사계절 열두 달 끊임이 없이 손님이 몰려온다"
수호천사,"1,286",김중연,"수호천사 수호천사
무슨 일 생기면 연락해
수호천사 수호천사
너는 나만 믿으면 돼
나는 너의 수호천사야
나는 너의 수호천사
내가 다 지켜줄게
김대리야 박 과장이야
너를 울린 사람 누구야
나는 너의 수호천사
당신 편이 돼줄게
나만 믿고 마음대로 해
내가 다 지켜줄게
이 세상 속에서 너를 지켜 줄 사람
너를 울리면 가만 안 둔다
나만 믿어라
수호천사 수호천사
무슨 일 생기면 연락해
수호천사 수호천사
너는 나만 믿으면 돼
나는 너의 수호천사야
나는 너의 수호천사
내가 다 지켜줄게
김대리야 박 과장이야
너를 울린 사람 누구야
나는 너의 수호천사
당신 편이 돼줄게
나만 믿고 마음대로 해
내가 다 지켜줄게
이 세상 속에서 너를 지켜 줄 사람
너를 울리면 가만 안 둔다
나만 믿어라
수호천사 수호천사
무슨 일 생기면 연락해
수호천사 수호천사
너는 나만 믿으면 돼
나는 너의 수호천사야
수호천사 수호천사
무슨 일 생기면 연락해
수호천사 수호천사
너는 나만 믿으면 돼
나는 너의 수호천사야"
0시의 이별,"16,346",임영웅,"네온 불이 쓸쓸하게
꺼져 가는 삼거리
이별 앞에 너와 나는
한없이 울었다
추억만 남겨 놓은
젊은 날에 불 장난
원점으로 돌아 가는 영시처럼
사랑아 안녕
밤 안개가 자욱 한길
깊어 가는 이한밤
너와 나의 주고받는
인사는 슬펐다
울기도 안타까운
잊어야 할 아쉬움
원점으로 돌아 가는 영시처럼
사랑아 안녕"
시집갑니다,79,김민선,"나 오늘 시집갑니다
봄바람 같은 드레스 입고
꽃들로 펼쳐진 길
사뿐히 걸어갑니다
아아 저기 저기 우시는 우리 아버지
눈물도 모르신 분이
이렇게 좋은 날인데
울기는 왜 우시나요
울지 마세요 잘 살 거예요
당신의 딸이니까요
나 오늘 시집가는데
눈물 범벅이 됐어요

이렇게 좋은 날인데
울기는 왜 우시나요
나 오늘 시집가는데
눈물 범벅이 됐어요
눈물 범벅이 됐어요"
이연,689,유익종,"시간이 흘러가도그냥 그대로 살아서 숨을 쉬는 기억이 있어
지금 흔들리는 눈빛 속에서 가득 담긴 추억이 울고 있네
내 곁에 맴을 도는 이별의 흔적 어디에도 시선둘곳 이 없이
우리 이 세상을 등잘때까지 서로 다른 인연으로 살겠지
하지만 그것이 우리의 끝은 아니야
우리 사랑을 간직하고 살면서 착하고 따뜻한 마음 가지고
살아가다가 같은 때에 세상 떠나면
분명코 우린 다시 태어나서 또 다시 만나서 사랑할거야
그땐 이별없이 죽는날까지 그대 곁에 있어 살아갈테야

하지만 그것이 우리의 끝은 아니야
우리 사랑을 간직하고 살면서 착하고 따뜻한 마음 가지고
살아가다가 같은 때에 세상 떠나면
분명코 우린 다시 태어나서 또 다시 만나서 사랑할거야
그땐 이별없이 죽는날까지 그대 곁에 있어 살아갈테야"
남자답게,"1,374",지원이,"남자답게 남자답게
따스했던 너의 품 안에 살 수 있게
그대를 그대를 처음 본 순간
첫눈에 반했다는 그 말
한동안 난 몰랐어
너에게 빠져들기 전까지
남자답게 화끈하게
내 손을 잡아줘 한순간도 이젠
너 없이는 숨을 쉴 수가 없어
남자답게 화끈하게
내게로 다가와 부드러운
너의 품 안에 안길 수 있게
아침을 알리는 전화벨 소리에
깨어나 수화기를 들면
사랑해 하는 너에게
고맙단 말 한마디 못 했어
남자답게 화끈하게
내 손을 잡아줘 한순간도 이젠
너 없이는 숨을 쉴 수가 없어
남자답게 화끈하게
내게로 다가와 부드러운
너의 품 안에 안길 수 있게
남자답게 화끈하게
한순간도 이젠
너 없이는 숨을 쉴 수가 없어
남자답게 화끈하게
날 한번 안아줘
따스했던 너의 품 안에 살 수 있게
남자답게"
어매,373,나훈아,"어매 어매 우리어매
뭣 할라고 날 낳았던가
낳을라거든 잘 낳거나
못 낳을라면 못 낳거나
살자하니 고생이요 죽자하니
청춘이라 요놈 신세 말이 아니네
어매 어매 우리어매
뭣 할라고 날 낳았던가
님아 님아 우리님아
속알머리 없는 님아
겉이 타야 님이 알제
속만 타면 누가 아나
어떤 친구 팔자 좋아
장가 한 번 잘도 가는데
몹쓸 놈의 요 내 팔자
어매 어매 우리 어매
뭣 할라고 날 낳았던가
어매 어매 우리 어매
뭣 할라고 날 낳았던가"
구멍난 가슴,550,조승구,"달콤하게 적신 내 입술 위로
독한 위스키를 한 잔 더하고
사람들 소리 멀어져 가면
그 님이 날 오라 하네
미치도록 사랑했던 그 사람이여
내 몸 속에 같이 살던 그 사람이여
당신 떠난 후 당신 떠난 후
구멍 난 내 가슴은 너무 아파요
죽을 것만 같아
기도합니다 아픔을
이 아픔을 가져 가라고
아파도 아파도 너무 아파요
구멍난 내 가슴에
달콤하게 적신 내 입술 위로
독한 위스키를 한 잔 더하고
사람들 소리 멀어져 가면
그 님이 날 오라 하네
미치도록 사랑했던 그 사람이여
내 몸 속에 같이 살던 그 사람이여
당신 떠난 후 당신 떠난 후
구멍 난 내 가슴은 너무 아파요
죽을 것만 같아
기도합니다 아픔을
이 아픔을 가져 가라고
아파도 아파도 너무 아파요
구멍난 내 가슴에
미치도록 사랑했던 그 사람이여
내 몸 속에 같이 살던 그 사람이여
당신 떠난 후 당신 떠난 후
구멍 난 내 가슴은 너무 아파요
죽을 것만 같아
기도합니다 아픔을
이 아픔을 가져 가라고
아파도 아파도 너무 아파요
구멍난 내 가슴에
구멍난 내 가슴에"
몇미터 앞에 두고,710,김상배,"사랑했던 그 사람을
몇 미터 앞에다 두고
나는 나는 말 한마디
끝내 붙일 수 없었다
마주 앉은 사람이
누구인지 몰라도
행복해하는 모습을 보고
나는 그냥
돌아설 수밖에 없었다
그 사람을 바로
몇 미터 앞에다 두고

그리웠던 그 사람을
몇 미터 앞에다 두고
하고 싶은 말 한마디
끝내 붙일 수 없었다
마주 앉은 사람이
누구인지 몰라도
행복해하는 웃음소리에
나는 그냥
돌아설 수 밖에 없었다
그 사람을 바로
몇 미터 앞에다 두고
그 사람을 바로
몇 미터 앞에다 두고"
풀잎사랑,945,최성수,"싱그러운 아침 햇살이
풀잎에 맺힌 이슬 비칠 때면
부시시 잠 깨인 얼굴로
해맑은 그대 모습 보았어요
푸르른 날에는 더욱더
사랑하는 마음 많았지만
햇살에 눈부신 이슬은
차라리 눈을 감고 말았어요
그대는 풀잎 나는 이슬
그대는 이슬 나는 햇살
사랑해 그대만을
우리는 풀잎 사랑
그대는 풀잎 풀잎 풀잎
나는 이슬 이슬 이슬
그대는 이슬 이슬 이슬
나는 햇살 햇살 햇살
사랑해 그대만을
우리는 풀잎사랑

빛나던 노을 빛 사랑도
칸칸히 쓰러지고 말았지만
어둠을 홀로 밝히는
나의 사랑 변함없어요
그대는 풀잎 나는 이슬
그대는 이슬 나는 햇살
사랑해 그대만을
우리는 풀잎 사랑
그대는 풀잎 풀잎 풀잎
나는 이슬 이슬 이슬
그대는 이슬 이슬 이슬
나는 햇살 햇살 햇살
사랑해 그대만을
우리는 풀잎사랑
우리는 풀잎사랑
우리는 풀잎사랑"
나 어떡해,"2,370",샌드 페블즈,"나 어떡해 너 갑자기 가버리면
나 어떡해 너를 잃고 살아갈까
나 어떡해 나를 두고 떠나가면
그건 안돼 정말 안돼
가지 말아
누구 몰래 다짐했던
비밀이 있었나
다정했던 네가 상냥했던 네가
그럴 수 있나
못 믿겠어 떠난다는 그 말을
안 듣겠어 안녕이란 그 말을

다정했던 네가 상냥했던 네가
그럴 수 있나
못 믿겠어 떠난다는 그 말을
안 듣겠어 안녕이란 그 말을
나 어떡해
나 어떡해
나 어떡해
나 어떡해
나 어떡해
나 어떡해
나 어떡해
나 어떡해
나 어떡해 나 어떡해
나 어떡해 나 어떡해
나 어떡해
나 어떡해"
그 집 앞,497,미기,"별빛으로 다가오는 네 작은 모습에
잠 못 이뤄 찾아왔네 그 집 앞
불빛 꺼진 네 창가엔 슬픔만 더해와
혼자 몰래 울고 가네 그 집 앞
꽃잎으로 새겨버린 그리운 이름을
부르다가 찾아왔네 그 집 앞
대답 없는 네 창가엔 아픔만 밀려와
눈물지며 돌아서네 그 집 앞
이제 다시 다시는
너를 생각 말아야지
돌아 올 수 없는 지나간 시간인걸
이제 다시 다시는 울지도 말아야지
어차피 잊어야 할 슬픈 기억인걸
그 집 앞 우우 난 아직 떠날 수 없어
그 집 앞 우우 난 너를 지울 수 없어
그 집 앞 우우 난 아직 떠날 수 없어
눈물 속에 서성이네 그 집 앞
이제 다시 다시는
너를 생각 말아야지
돌아 올 수 없는 지나간 시간인걸
이제 다시 다시는 울지도 말아야지
어차피 잊어야 할 슬픈 기억인걸
그 집 앞 우우 난 아직 떠날 수 없어
그 집 앞 우우 난 너를 지울 수 없어
그 집 앞 우우 난 아직 떠날 수 없어
눈물 속에 서성이네 그 집 앞"
지금 이순간 (뮤지컬 'Jekyll And Hyde'),"15,382",임영웅,"지금 이 순간 지금 여기
간절히 바라고 원했던 이 순간
나만의 꿈이 나만의 소원
이뤄질지 몰라
여기 바로 오늘
지금 이 순간 지금 여기
말로는 뭐라 할 수 없는 이 순간
참아온 나날 힘겹던 날
다 사라져간다
연기처럼 멀리
지금 이 순간 마법처럼
날 묶어왔던 사슬을 벗어던진다
지금 내겐 확신만 있을 뿐
남은 건 이제 승리 뿐
그 많았던 비난과 고난을
떨치고 일어서 세상으로
부딪혀 맞설 뿐
지금 이 순간 내 모든걸
내 육신마저 내 영혼마저 다 걸고
던지리라 바치리라
애타게 찾던 절실한 소원을 위해
지금 이 순간 나만의 길
당신이 나를 버리고 저주하여도
내 마음 속 깊이 간직한 꿈
간절한 기도 절실한 기도
신이여 허락하소서"
블랙커피,"2,099",조항조,"커피향만 남아 있네요
내게 뿌려놓은 그대 향기처럼
뒷모습이 씁쓸하네요
이미 식어버린 커피잔처럼
뜨겁게 나누었던 찻잔에
사랑의 추억들은 아직 남아있어
어떻게 한 사랑이었는데
어떻게 벌써 끝내려 하나요
그대 생각에 눈물이 나
숨 쉴 때마다 가슴이 시려와
구멍 난 가슴 비틀거려도
그대 맘 편히 있는 건가요
조금만 더 가까이 가면 안되나
쏟아진 눈물쯤 빗물이라 우기고
돌아서면 또 보고픈 내 사랑아
기다리다 기다리다
나 죽을지도 몰라
그대 생각에 눈물이 나
숨 쉴 때마다 가슴이 시려와
구멍 난 가슴 비틀거려도
그대 맘 편히 있는 건가요
조금만 더 가까이 가면 안 되나
쏟아진 눈물쯤 빗물이라 우기고
돌아서면 또 보고픈 내 사랑아
기다리다 기다리다
나 죽을지도 몰라"
바람개비,303,홍지윤,"당신이 없으면 아무것도 못하지
당신은 나를 춤추게 하는 바람이니까

어절씨구 저절씨구
나는 춤을 춘다
당신을 안고 나는 돌아간다

나는 나는 개비 당신은 바람
둘 중에 하나가 없으면 우리 둘은 못살지

불어라 바람아 내 사랑 바람아
너를 안고 빙글빙글 돌아보게

불어라 바람아 내 사랑 바람아
너와 나는 바람개비야

바람개비야 바람개비야

당신이 없으면 아무것도 못하지
당신은 나를 춤추게 하는 바람이니까

어절씨구 저절씨구
나는 춤을 춘다
당신을 안고 나는 돌아간다

나는 나는 개비 당신은 바람
둘 중에 하나가 없으면 우리 둘은 못살지

불어라 바람아 내 사랑 바람아
너를 안고 빙글빙글 돌아보게

불어라 바람아 내 사랑 바람아
너와 나는 바람개비야

바람개비야 바람개비야

바람개비야"
당신꽃,484,오승근,"꽃이 필땐정말 몰랐었네
꽃이 지고서야 알았네
어여쁘고 소중해서
아름다운 꽃이란걸
당신이란 이름의 꽃
아주 멀리서 바람이 불어
가슴이 시리다
가는 곳마다 당신이 아른거려
눈을 감으면 더욱
또렷 해지는 당신
꽃처럼 웃는 당신의 얼굴
시간이 좀처럼 가질 않아
그리움을 잊으려 난 노래하네
꽃이 필땐정말 몰랐었네
꽃이 지고서야 알았네
어여쁘고 소중해서
아름다운 꽃이란걸
당신이란 이름의 꽃
아주 멀리서 바람이 불어
가슴이 시리다
가는 곳마다 당신이 아른거려
눈을 감으면 더욱
또렷 해지는 당신
꽃처럼 웃는 당신의 얼굴
시간이 좀처럼 가질 않아
그리움을 잊으려 난 노래하네"
흐린 가을 하늘에 편지를 써,"16,334",임영웅,"비가 내리면
나를 둘러싸는
시간의 숨결이 떨쳐질까
비가 내리면
내가 간직하는
서글픈 상념이 잊혀질까
난 책을 접어놓으며 창문을 열어
흐린 가을 하늘에 편지를 써
잊혀져간 꿈들을 다시 만나고파
흐린 가을 하늘에 편지를 써
잊혀져간 꿈들을 다시 만나고파
흐린 가을 하늘에 편지를 써
바람이 불면
나를 유혹하는
안일한 만족이 떨쳐질까
바람이 불면
내가 알고있는
허위의 길들이 잊혀질까
난 책을 접어놓으며 창문을 열어
흐린 가을 하늘에 편지를 써
잊혀져간 꿈들을 다시 만나고파
흐린 가을 하늘에 편지를 써
난 책을 접어놓으며 창문을 열어
흐린 가을 하늘에 편지를 써
잊혀져간 꿈들을 다시 만나고파
흐린 가을 하늘에 편지를 써
난 책을 접어놓으며 창문을 열어
흐린 가을 하늘에 편지를 써
잊혀져간 꿈들을 다시 만나고파
흐린 가을 하늘에 편지를 써
난 책을 접어놓으며 창문을 열어
흐린 가을 하늘에 편지를 써
잊혀져간 꿈들을 다시 만나고파
흐린 가을 하늘에 편지를 써"
노래는 나의 인생,752,이미자,"아득히 머나먼
길을 따라
뒤돌아 보면은
외로운 길
비를 맞으며
험한길 헤쳐서
지금 나 여기있네
끝없이 기나긴
길을 따라
꿈찾아 걸어온
지난 세월
괴로운 일도
슬픔의 눈물도
가슴에 묻어놓고
나와 함께 걸어가는
노래만이 나의 생명
언제까지나 나의 노래
사랑하는 당신 있음에
언제까지나 나의 노래
아껴주는 당신 있음에
아득히 머나먼
길을 따라
뒤돌아 보면은
외로운 길
비를 맞으며
험한길 헤쳐서
지금 나 여기있네
나와 함께 걸어가는
노래만이 나의 생명
언제까지나 나의 노래
사랑하는 당신 있음에
언제까지나 나의 노래
아껴주는 당신 있음에
아득히 머나먼
길을 따라
뒤돌아 보면은
외로운 길
비를 맞으며
험한길 헤쳐서
지금 나 여기있네"
천년바위,"8,092",이찬원,"동녘 저편에
먼동이 트면
철새처럼 떠나리라
세상 어딘가 마음 줄 곳을
집시되어 찾으리라
생은 무엇인가요
삶은 무엇인가요
부질없는 욕심으로
살아야만 하나
서산 저 넘어
해가 기울면
접으리라 날개를
내가 숨쉬고 내가 있는 곳
기쁨으로 밝히리라
생은 무엇인가요
삶은 무엇인가요
부질없는 욕심으로
살아야만 하나
이제는 아무 것도 그리워 말자
생각을 하지 말자
세월이 오가는 길목에 서서
천년바위 되리라
천년바위 되리라"
추억으로 가는 당신,185,김연자,"나는 알아요 당신이 나를
얼마나 사랑하는지
내가 없으면 외로움 속에
조용히 흐느낄 그 사람
떠나야 할 까닭일랑 묻지 말아요
내가 너무 바보였어요
모든 것이 세월 속에 지워질 때면
그땐 내 맘 알게 될 거야
너무도 사랑한 당신 영원히 못 잊을 당신
추억으로 가는 당신
나는 알아요 당신을 떠날
그날이 내게 온 것을
내가 없으면 외로움 속에
조용히 흐느낄 그 사람
진정 그대 사랑이 필요한 것은
내가 아닌 또 다른 사람
모든 것이 눈물 속에 지워질 때면
그땐 내 맘 알게 될 거야
너무도 사랑한 당신 영원히 못 잊을 당신
추억으로 가는 당신"
옷깃만 스쳐도 인연입니다,540,김중연,"많은 사람들 중에
나를 알아봐 준 한 사람
우리가 똑같은 시간
똑같은 공간 속에
만난 건 기적이네요
나를 바라봐 주고
지긋이 또 웃어주고
내 손을 잡고 함께 걸어 주니
세상도 살만 하네요
옷깃만 스쳐 가도 인연입니다
당신과 머문 오늘이 행복입니다
고맙고 너무 소중한
당신은 나의 빛나는 사랑입니다
이미 좋은 날인데
더 바랄 게 있을 까요
달라도 우리 그 모습 그대로
오롯이 안아 줄게요
옷깃만 스쳐 가도 인연입니다
당신과 머문 오늘이 행복입니다
고맙고 너무 소중한
당신은 나의 빛나는 사랑입니다
옷깃만 스쳐 가도 인연입니다
당신과 걷는 이 길이 꽃 길입니다
고맙고 너무 소중한
처음부터 내 운명은 당신입니다"
불타는 화요일 밤에,477,공훈,"그대만 보면 내 가슴이
자꾸만 뜨거워 뜨거워져
화요일 밤에 그대는
장미꽃보다 더 아름다워
사랑이 느껴지네 그대의 사랑이
행복이 느껴지네 오늘 밤 뜨겁게
이 순간이 잊혀지지 않도록
오늘 밤 그댈 위해 노래를 부르리
사랑 사랑 사랑해
그대 그대 그대를
불타는 화요일 화요일 밤에
사랑 사랑 사랑해
너와 나의 가슴이
불타는 화요일 밤에
그녀만 보면 내 가슴이
자꾸만 뜨거워 뜨거워져
화요일 밤에 그대는
장미꽃보다 더 아름다워
사랑이 느껴지네 그대의 사랑이
행복이 느껴지네 오늘 밤 뜨겁게
이 순간이 잊혀지지 않도록
오늘 밤 그댈 위해 노래를 부르리
사랑 사랑 사랑해
그대 그대 그대를
불타는 화요일 화요일 밤에
사랑 사랑 사랑해
너와 나의 가슴이
불타는 화요일 밤에
불타는 화요일 밤에"
사랑은 이제 그만,628,민해경,"희미한 가로등 불빛 아래서
쓸쓸히 그대를 그리며 서있네
지나간 추억은 아름답지만
가버린 사랑은 나를 슬프게해
갈 사람은 가야만 하겠지만
떠날 사람 떠나야만 하겠지만
남아있는 내 모습을 바라보면
슬픔에 찬 사랑으로
울고 만 있네
아 사랑은 이젠 그만
맺지 못할 그 사랑은
이제 그만
아 사랑은 이젠 그만
잊지 못할 그 사랑도
이제 그만
사랑은 그만

지나간 추억은 아름답지만
가버린 사랑은 나를 슬프게해
남아있는 내 모습을 바라보면
슬픔에 찬 사랑으로
울고 만 있네
아 사랑은 이젠 그만
맺지 못할 그 사랑도
이제 그만
아 사랑은 이젠 그만
잊지 못할 그 사랑도
이제 그만
사랑은 그만
사랑은 이젠 그만
잊지 못할 그 사랑은
이제 그만
아 사랑은 이젠 그만
잊지 못할 그 사랑도
이제 그만
사랑은 그만
사랑은 이젠 그만
잊지 못할 그 사랑은
이제 그만"
백년초(百年草),249,배아현,"백년초에 꽃이 피면
내게로 돌아올거야
사랑한단 그 한마디로
내 마음을 앗아간 사람
사랑은 스쳐가는 바람이라고
쉽사리 사람들은 말들하지만
눈물에 백년초가 피는 그 날
나를 찾아올 그 사람
백년초에 꽃이 피면
내 사랑 다시올거야
돌아온단 그 한마디로
내 마음을 묶어둔 사람
사랑은 한번 가면 오지 않는다
그렇게 사람들은 말들하지만
언젠가 백년초는 다시 필거야
내 사랑은 다시 올거야
내 사랑은 다시 올거야"
동전인생,"1,449",영기,"바람 바람 끝자락 매달려
흘러간 청춘
돈이건만 값어치 약한 동전 같았던
내 과거 그 누가 알까
자존심을 내 목숨보다 더 사랑한
지난 날 아픔 속에는
눈물 방울 삼키며 오늘을 위하여
추억 밟고 나 여기 왔다
다시는 울지 않으리
바람 바람 끝자락 매달려
흘러간 청춘
돈이건만 값어치 약한 동전 같았던
내 설움 그 누가 알까
자존심을 내 목숨보다 더 사랑한
지난 날 아픔 속에는
눈물 방울 삼키며 오늘을 위하여
모진 세월 나 여기 왔다
인생은 지금부터야
눈물방울 삼키며 오늘을 위하여
모진 세월 나 여기 왔다
인생은 지금부터야
인생은 지금부터야"
빙빙빙,"2,199",박지현,"바람이 불면 바람을 타고
빙빙빙 돌아올 거야
당신은 내 사랑
나는 나는 나는 나는 잊을 수 없어
스쳐 지나간
지난 일들을
차창 가에 날려버리고
먼 길을 돌아 먼 길을 돌아
돌아올 거야
빙빙빙 돌아올 거야

그대의 향기 바람을 타고
솔솔솔 불어올 거야
손가락 걸며 맹세한
나를 나를 나를 나를 잊어버렸나
함께 웃었고 함께 울었던
그 세월이 너무 정다워
먼 길을 돌아 먼 길을 돌아
돌아올 거야
빙빙빙 돌아올 거야
먼 길을 돌아 먼 길을 돌아
돌아올 거야
내 사랑 돌아올 거야"
몰래한 사랑,"1,584",김지애,"그대여 이렇게 바람이
서글피 부는 날에는
그대여 이렇게 무화과가
익어가는 날에도
너랑 나랑 둘이서 무화과
그늘에 숨어앉아
지난날을 생각하며
이야기 하고 싶구나
몰래 사랑했던 그 여자 그리고
또 몰래 사랑했던 그 남자
지금은
지금은 어느 하늘 아래서
그 누굴
그 누굴 사랑하고 있을까
그대여 햇살이 영그는
가을날 뚝에 앉아서
그대여 이렇게 여미어진
마음 열고 싶을때는
너랑 나랑 둘이만 들을
수 있는 목소리로
네 눈물을 바라보며
이야기하고 싶구나
몰래 사랑했던 그 여자
그리고
또 몰래 사랑했던 그 남자
지금은
지금은 어느 하늘 아래서
그 누굴
그 누굴 사랑하고 있을까

그대여 이렇게 바람이
서글피 부는 날에는
그대여 이렇게 무화과가
익어가는 날에도
너랑 나랑 둘이서 무화과
그늘에 숨어앉아
지난날을 생각하며
이야기 하고 싶구나
몰래 사랑했던 그 여자
그리고
또 몰래 사랑했던 그 남자
지금은
지금은 어느 하늘 아래서
그 누굴
그 누굴 사랑하고 있을까
몰래 사랑했던 그 여자 그리고
또 몰래 사랑했던 그 남자
지금은
지금은 어느 하늘 아래서
그 누굴
그 누굴 사랑하고 있을까"
그날,"1,406",김연숙,"언덕위에 손잡고
거닐던 길목도 아스라히
멀어져간 소중했던
옛 생각을 돌이켜 그려보네
나래치는 가슴이
서러워 아파와 한숨지며
그려보는 그 사람을 기억하나요
지금 잠시라도
달의 미소를 보면서
내 너의 두 손을 잡고
두나 별들의 눈물을 보았지
고요한 세상을
우 우 우 우 우 우우우 우우우우
한아름의 꽃처럼 보여지며
던진 내 사랑에
웃음지며 님의 소식
전한 마음 한없이 보내본다

달의 미소를 보면서
내 너의 두 손을 잡고
두나 별들의 눈물을 보았지
고요한 세상을
우 우 우 우 우 우우우 우우우우
한아름의 꽃처럼 보여지며
던진 내 사랑에
웃음지며 님의 소식
전한 마음 한없이 보내본다"
춘자야,"1,607",김경민,"춘자야
보고싶구나
그 옛날 선술집이 생각나구나
목포항 뱃머리에서 눈물 짓던 춘자야
그 어느 하늘 아래 살고 있는지
이 밤도 네가 무척 보고 싶구나
나를 따라 천리만리
간다던 그 사람
어느덧 그 세월만 흘러갔구나
내 사랑 춘자야
꼭 한 번 만나야 할
내 사랑 춘자야
춘자야
보고 싶구나
그 옛날 선술집이 생각나구나
부산항 뱃머리에서 눈물짓던 춘자야
지금은 어디에서 살고 있는지
오늘도 네가 무척 보고 싶구나
나 없이는 못 산다고 매달리던 사람
어느덧 그 세월만
흘러갔구나
내 사랑 춘자야
꼭 한 번 만나야 할
내 사랑 춘자야
어느덧 세월만 흘러갔구나
내 사랑 춘자야
꼭 한 번 만나야 할
내 사랑 춘자야
그리운
춘자야
춘자야"
사랑님,"17,021",임영웅,"몇굽이 돌고 돌아
사랑님을 보았을까
새벽 안개 이슬 되어
알알이 맺혔구나
한 올 한 올 타는 가슴 어디에 둘까
그리운 맘 사랑에 졌네
아 아아 아 아 아아 아
안타까운 내 님이여
저 구름에 몸을 실어
둥실 둥실 띄워볼까
저 바람은 내 맘 알까
먹물 같은 이내 심정
사랑님은 아시려나
몇굽이 돌고 돌아
사랑님을 보았을까
새벽 안개 이슬 되어
알알이 맺혔구나
한 올 한 올 타는 가슴 어디에 둘까
그리운 맘 사랑에 졌네
아 아아 아 아 아아 아
안타까운 내 님이여
저 구름에 몸을 실어
둥실 둥실 띄워볼까
저 바람은 내 맘 알까
먹물 같은 이내 심정
사랑님은 아시려나
우리 님은 아시려나"
보고싶다,"19,313",임영웅,"아무리 기다려도 난 못가
바보처럼 울고 있는 너에 곁에
상처만 주는 나를 왜 모르고
기다리니 떠나가란말야
보고 싶다 보고 싶다
이런 내가 미워질만큼
울고 싶다 네게 무릎 꿇고
모두 없던 일이 될 수 있다면
미칠듯 사랑했던 기억이
추억들이 너를 찾고 있지만
더 이상 사랑이란 변명에
너를 가둘수 없어
이러면 안되지만
죽을만큼 보고 싶다
보고 싶다 보고 싶다
이런 내가 미워질 만큼
울고 싶다 옳은 길이라고
너를 위해 떠나야만 한다고
미칠듯 사랑했던 기억이
추억들이 너를 찾고 있지만
더 이상 사랑이란 변명에
너를 가둘 수 없어
이러면 안되지만
죽을만큼 보고 싶다
죽을 만큼 믿고 싶다"
한 많은 대동강,"1,447",진해성,"한 많은 대동강아
변함없이 잘 있느냐
모란봉아 을밀대야
네 모양이 그립구나
철조망이 가로막혀
다시 만날 그때까지
아아아 소식을 물어본다
한 많은 대동강아
대동강 부벽루야
뱃노래가 그립구나
귀에 익은 수심가를
다시 한 번 불러 본다
편지 한 장 전할 길이
이다지도 없을쏘냐
아아아 썼다가 찢어버린
한 많은 대동강아
철조망이 가로막혀
다시 만날 그때까지
아아아 소식을 물어본다
한 많은 대동강아
한 많은 대동강아"
눈물의 블루스,337,공훈,"오색등 네온불이
속삭이듯 나를 유혹하는 밤
가슴을 휘젓듯이
흐느끼는 색소폰 소리
아 나를 울리네
이 순간이 지나고 나면
떠날 당신이기에
그대 품에 안기운 채
젖은 눈을 감추네
아 블루스 블루스
블루스 연주자여
그 음악을 멈추지 말아요
오색등 네온불이
손짓하듯 나를 유혹하는 밤
내리는 빗물처럼
흐느끼는 색소폰 소리
아 나를 울리네
이 순간이 지나고 나면
떠날 당신이기에
그대 가슴에 얼굴을 묻고
젖은 눈을 감추네
아 블루스 블루스
블루스 연주자여
그 음악을 멈추지 말아요
그 음악을 멈추지 말아요"
반칙,"2,282",박지현,"당신의 눈가에 어린 눈물이
무슨 말을 하려는지 난 알아요
안녕 먼저 가라는 그 목소리에
내 가슴이 무너집니다
사랑은 아픈 만큼 성숙 한다고
당신의 표정만 봐도 난 알아요
최소한 한 번의 연습도 없이
이럴 수는 없어요
아파요 아파 보낼 순 없어요
안돼요 그건 반칙입니다
이러는 건 정말 반칙입니다
사랑은 아픈 만큼 성숙한다고
당신의 표정만 봐도 난 알아요
최소한 한 번의 연습도 없이
이럴 수는 없어요
아파요 아파 보낼 순 없어요
안돼요 그건 반칙입니다
이러는 건 정말 반칙입니다
나를 여기 두고 가지 말아요"
세상 참 잘 돌아가네,188,정미애,"세상 참 잘 돌아가네
나 없인 안될 것 같더니
텅 빈 내 자리 알아주는
사람 하나 없구나
씁쓸한 미소만 짓는다
애쓰면서 치열하게 살아온 인생
돌아보니 상처들로 가득한 이 마음
뭣하려고 뭣하려고
앞만 보고 살아왔을까
세상 참 잘 돌아가니
이제는 풍류 즐겨보련다

세상 참 잘 돌아가네
나 없인 못 살 것 같더니
텅 빈 내 자리 금세 다른
사랑 채워갔구나
허탈한 웃음만 나온다
애쓰면서 치열하게 살아온 인생
돌아보니 상처들로 가득한 이 마음
뭣하려고 뭣하려고
앞만 보고 살아왔을까
세상 참 잘 돌아가니
이제는 풍류 즐겨보련다
세상 참 잘 돌아가니
이제는 풍류 즐겨보련다"
종로3가,348,한혜진,"종로3가 익선동 골목 가로등 밑에
내 품에 안겨있던 그대 실루엣
돌아온다던 약속 무정한 맹세였나
쓰디쓴 소주잔에 그리움 담아 꾹 삼킨다
비가 오면 그리워요
그리우면 비가 와요
한시도 뗄 수 없는 지독한 내 사랑아
기다리다 잠들어요 꿈속에서 기다려요
눈시울 반짝이는 깊은 밤
돌아온다 했잖아요
겨울지나 벚꽃 피는 봄날에
돌아온다 했잖아요
이미 떨어져 버린 그대
비가 오면 그리워요
그리우면 비가 와요
한시도 뗄 수 없는 지독한 내 사랑아
기다리다 잠들어요 꿈속에서 기다려요
눈시울 반짝이는 깊은 밤
돌아온다 했잖아요
겨울지나 벚꽃 피는 봄날에
돌아온다 했잖아요
이미 떨어져 버린 그대
돌아온다 했잖아요
겨울지나 벚꽃 피는 봄날에
돌아온다 했잖아요
이미 떨어져 버린 그대"
영시의 이별,384,배호,"네온불이 쓸쓸하게
꺼져가는 삼거리
이별앞에 너와나는
한없이 울었다
추억만 남겨놓은
젊은 날에 불장난
원점으로 돌아가는 영시처럼
사랑아 안녕
밤 안개가 자욱한길
깊어가는 이 한밤
너와나의 주고받는
인사는 슬펐다
울기도 안타까운
잊어야할 아쉬움
원점으로 돌아가는 영시처럼
사랑아 안녕"
꽃바람 여인,"2,405",박지현,"가슴이 터질 듯한
당신의 그 몸짓은
날 위한 사랑일까
섹시한 그대 모습
한 모금 담배연기
사랑을 그리며
한 잔의 샴페인에
영혼을 팔리라
세월의 향기인가
다가선 당신은
꽃바람 여인인가
나만의 사랑
사랑의 노예가
되어 버렸어
어쩔 수 없었네
꽃바람 여인
꽃바람 여인"
아따 고것참,"1,324",윙크,"아따 고것참 인물이구나
남자 중에 남자로구나 아따 고것참
이 땅에 잘생긴 남자중에
으뜸인 남자를 들라하면
누가 뭐라해도 뭐니뭐니해도
하늘아래 하나뿐인
꽃과같은 내 사랑이야 내 사랑이야
방아방아 내 서방아
어화둥둥 내 기둥아
아따 고것참 인물이구나
남자 중에 남자로구나 아따 고것참
이 땅에 자상한 남자중에
으뜸인 남자를 들라하면
누가 뭐라해도 뭐니뭐니해도
하늘아래 하나뿐인
바다같은 내 사랑이야 내 사랑이야
방아방아 내 서방아
어화둥둥 내 기둥아
아따 고것참 인물이구나
남자 중에 남자로구나 아따 고것참
방아방아 어화둥둥 내 서방아
남자 중에 남자로구나 아따 고것참
이 땅에 일잘하는 남자중에
으뜸인 남자를 들라하면
누가 뭐라해도 뭐니뭐니해도
하늘아래 하나뿐인
천하장사 내 사랑이야 내 사랑이야
방가방가 내 서방아
어화둥둥 내 기둥아
아따 고것참 인물이구나
남자 중에 남자로구나 아따 고것참
남자 중에 남자로구나 아따 고것참
방아방아 어화둥둥 내 서방아"
그 얼굴에 햇살을,702,이용복,"눈을감으면 저 멀리서 다가오는 다정한 그림자

옛 얘기도 잊었다 하자 약속의 말씀도 잊었다 하자



그러나 눈 감으면 잊지 못한 그사람을

저 멀리 저 멀리서 무지개 타고 오네



그러나 눈 감으면 잊지 못한 그 사람을

멀리 저 멀리서 무지개 타고 오네



그러나 눈 감으면 잊지 못할 그 사람을

저 멀리 저 멀리서 무지개 타고 오네"
누구라도 그러하듯이,664,배인숙,"누구라도 그러하듯이
길을 걸으면 생각이 난다
마주보며 속삭이던
지난날의 얼굴들이
꽃잎처럼 펼쳐져 간다
소중했던 많은 날들을
빗물처럼 흘려보내고
밀려오는 그리움에
나는 이제 돌아다본다
가득찬 눈물 너머로
아아아아아아아아아아아아아
누구라도 그러하듯이
거울을 보면 생각이 난다
어린 시절 오고가던
골목길의 추억들이
동그랗게 맴돌아간다
가슴속에 하얀 꿈들은
어느 하루 잃어버리고
솟아나는 아쉬움에
나는 이제 돌아다본다
가득찬 눈물 너머로
아아아아아아아아아아아아아
누구라도 그러하듯이
눈을 감으면 생각이 난다
헤어지던 아픔보다
처음 만난 순간들이
잔잔하게 물결이 된다
눈이 내린 그 겨울날
첫사랑을 묻어버리고
젖어드는 외로움에
나는 이제 돌아다본다
넘치는 눈물 너머로
아아아아아아아아아아아아아
누구라도 그러하듯이
창가에 앉아 하늘을 본다
떠다니는 구름처럼
날아가는 새들처럼
내 마음도 부풀어가네
어디선가 나를 부르는
아름다운 사랑의 노래
지평선을 바라보며
나는 이제 떠나련다
저 푸른 하늘 너머
우우우우우우우우우우우우우"
오케이,"12,327",영탁,"누구에겐 좋은 사람
또 누구에겐 나쁜 사람
그래그래 다들 뭐 그렇잖아
안 그래도 힘든 세상
Oh 나쁜 놈들 투성이야
왜 그래 왜 그래
왜 험한 말 나오게 해
때 빼고 광내고 멋지게
삐까 번쩍 살고 싶은데
현실은 날 벗어날 수 없게
자꾸 막아서지만
걱정하지 않아도 돼
오케이 오케이
웃으면서 살아갈래 인생은 짧으니까
고민고민하다가 끝내긴 싫어
갈팡질팡하다가 끝내긴 싫어
나만의 길을 걸어갈래 오케이
Oh 빛나는 날을 위해
때 빼고 광내고 멋지게
삐까번쩍 살고 싶은데
현실은 또 달아날 수 없게
자꾸 잡아채지만
걱정하지 않아도 돼
오케이 오케이
웃으면서 살아갈래 인생은 짧으니까
고민고민하다가 끝내긴 싫어
갈팡질팡하다가 끝내긴 싫어
나만의 길을 걸어갈래 오케이
Oh 빛나는 날을 위해
뻔뻔하게 살아갈래 오케이 오케이
오지랖은 사양할게 인생은 내꺼니까
고민고민하다가 끝내긴 싫어
갈팡질팡하다가 끝내긴 싫어
나만의 길을 걸어갈래 오케이
Oh 빛나는 날을 위해
오케이 빛나는 날을 위해"
밤차,61,요요미,"멀리 기적이 우네
그렇지만 외롭지 않네

멀리 기적이 우네
나를 두고 멀리 간다네

이젠 잊어야 하네
잊지 못할 사람이지만

언젠가는 또 만나겠지
헤어졌다 또 만난다네

기적 소리 멀어져 가네
내 님 실은 마지막 밤차

멀리 기적이 우네
그렇지만 외롭지 않네

멀리 멀리 아~

헤어졌다 또 만난다네
후후

기적 소리 멀어져 가네
내 님 실은 마지막 밤차

멀리
기적이 우네
그렇지만 외롭지 않네

외롭지 않네"
휘어진 인생,20,조영남,"바람이 분다고 쓰러지더냐
너를 사랑했다고 내가 늙지 않더냐
내인생아 천천히가라
내영혼이 시간에 맞춰 춤추는게 싫다

어떻게 살 것인가 맴돌다가는 청춘
그 어떤 길을가도 바꿀 수 없는 선택
그것이 운명일테지
하늘이 허락한 삶에 수많은 꿈을꿨다
그러나 별이 뜨고 또다시 별이 지니
인생이 휙 가더라

휘어진 인생아 슬퍼말아라
지지않는 꽃은 죽지않는 꽃은 향기가 없다


어떻게 살 것인가 맴돌다 가는 청춘
그 어떤 길을가도 바꿀 수 없는 선택
그것이 운명일테지
하늘이 허락한 삶에 수많은 꿈을꿨다
그러나 달이 뜨고 또다시 달이 지니
인생이 휙 가더라

휘어진 인생아 슬퍼말아라
지지않는 꽃은 죽지않는 꽃은 향기가없다

지지않는 꽃은 죽지않는 꽃은 향기가없다

지지않는 꽃은 죽지않는 꽃은 향기가없다

향기가없다"
물보라,698,최진희,"난 그대 눈을 보면서
꿈을 알았죠
그 눈물 속에 흐르는
나를 보았죠
우리 이대로 길을 떠나요
내 삶을 위해 주어진
모든 시간을
늘 그대에게
바치려 하고 있어요
우리 이대로 길을 떠나요
마음껏 소리치며 뛰어들어요
저 넓은 세상을 향해
마음껏 소리치며 뛰어들어요
우리의 삶을 위하여
그 메말랐던 가슴을
흠뻑 적시며
저 물보라를 보면서
길을 떠나요
우리 이대로 길을 떠나요

마음껏 소리치며 뛰어들어요
저 넓은 세상을 향해
마음껏 소리치며 뛰어들어요
우리의 삶을 위하여
그 메말랐던 가슴을
흠뻑 적시며
저 물보라를 보면서
길을 떠나요
우리 이대로 길을 떠나요"
눈먼사랑,385,유상록,"사랑에 눈이 멀어 눈먼 사랑 했나봐
이렇게 혼자 남겨졌나요
그리워 목이 메여와
그 이름을 부르지만
남겨진 초라한 내 모습뿐
기다릴 세월도 없이
차갑게 나를 잊으라
뒤돌아 나를 떠나면 잊나요
당신의 뜻이라면 또 한번 눈이 멀어도
가슴에 내 사랑을 묻어 둘래요

사랑에 눈이 멀어 눈먼 사랑 했나봐
이렇게 혼자 남겨졌나요
그리워 목이 메여와
그 이름을 부르지만
남겨진 초라한 내 모습뿐
기다릴 세월도 없이
차갑게 나를 잊으라
뒤돌아 나를 떠나면 잊나요
당신의 뜻이라면 또 한번 눈이 멀어도
가슴에 내 사랑을 묻어 둘래요
기다릴 세월도 없이
차갑게 나를 잊으라
뒤돌아 나를 떠나면 잊나요
당신의 뜻이라면 또 한번 눈이 멀어도
가슴에 내 사랑을 묻어 둘래요
가슴에 내 사랑을 묻어 둘래요"
돌아가는 삼각지,388,배호,"삼각지 로타리에
궂은비는 오는데
잃어버린 그 사랑을
아쉬워하며
비에 젖어 한숨 짖는
외로운 사나이가
서글피 찾아왔다
울고 가는 삼각지
삼각지 로타리를
헤메도는 이 발길
떠나버린 그 사랑을
그리워하며
눈물 젖어 불러보는
외로운 사나이가
남 몰래 찾아왔다
돌아가는 삼각지"
해변의 여인,215,나훈아,"물 위에 떠있는 황혼의 종이배
말없이 바라보는 해변의 여인아
바람에 휘날리는 머리카락 사이로
황혼빛에 물드는 여인의 눈동자
조용히 들려오는 조개들의 옛이야기
말없이 거니는 해변의 여인아
바람에 휘날리는 머리카락 사이로
황혼빛에 물드는 여인의 눈동자
조용히 들려오는 조개들의 옛이야기
말없이 거니는 해변의 여인아"
붓,"8,184",영탁,"힘겨운 세월을 버티고 보니
오늘 같은 날도 있구나
그 설움 어찌 다 말할까
이리 오게 고생 많았네
칠십년 세월
그까짓 게 무슨 대수요
함께 산 건 오천년인데
잊어버리자 다 용서하자
우린 함께 살아야 한다
백두산 천지를 먹물 삼아
한 줄 한 줄 적어나가세
여보게 친구여
붓을 하나 줄 수 있겠나
붓을 하나 줄 수 있겠나
힘겨운 세월을 버티고 보니
오늘 같은 날도 있구나
그 설움 어찌 다 말할까
이리 오게 고생 많았네
칠십년 세월
그까짓 게 무슨 대수요
함께 산 건 오천년인데
잊어버리자 다 용서하자
우린 함께 살아야 한다
한라산 구름을 화폭 삼아
한 점 한 점 찍어나가세
여보게 친구여
붓을 하나 줄 수 있겠나
붓을 하나 줄 수 있겠나
붓을 하나 줄 수 있겠나"
훨훨훨,"1,152",홍지윤,"사랑도 부질없어
미움도 부질없어
청산은 나를 보고
말없이 살라 하네
버려라 훨훨
벗어 버려라 훨훨
사랑도 미움도 버려라 벗어라 훨훨훨
아 아 물같이 바람같이 살라 하네
탐욕도 벗어 놓고
성냄도 벗어 놓고
창공은 나를 보고
티없이 살라 하네
버려라 훨훨 벗어 버려라 훨훨
탐욕도 성냄도
버려라 벗어라 훨훨훨
아 아 물같이 바람같이 살라 하네
물같이 바람같이 살라 하네"
아미새,661,진해성,"아름답고 미운 새 아미새 당신
남자의 애간장만 태우는 여자
안 보면 보고 싶고 보면 미워라
다가서면 멀어지는 아름다운 미운 새
아미새 아미새
아미새가 나를 울린다
신기루 사랑인가
아미새야 아미새야

미워할 수 없는 새 아미새 당신
남자의 약한 마음 흔드는 여자
간다고 말만 하면 눈물 흘리네
떠나려면 정을 주는 아름다운 미운 새
아미새 아미새
아미새가 나를 울린다
신기루 사랑인가
아미새야 아미새야
아미새 아미새
아미새가 나를 울린다
신기루 사랑인가
아미새야 아미새야"
애가타,61,조정민,"이대로 나를 바라봐
눈으로 나를 안아줘
만날 때마다 자꾸만
가슴이 먼저 하는 말

사랑에 빠진 건가요
어떻게 하면 좋아요
이제는 아닌 척해도
아무런 소용이 없어

그냥 바라만 봐도 애가타
맘이 너무 아파서 애가타
이러는 게 아닌데 흘린 눈물 때문에
사랑하는 마음 들켜버렸어요

가까이 내게 와줘요
뭐라고 말 좀 해봐요
이렇게 애가타도록
사랑하고 있는데

그냥 바라만 봐도 애가타
맘이 너무 아파서 애가타
이러는 게 아닌데 흘린 눈물 때문에
사랑하는 마음 들켜버렸어요

가까이 내게 와줘요
뭐라고 말 좀 해봐요
이렇게 애가 타도록
사랑하고 있는데
사랑하고 있는데"
달타령,"23,731",임영웅,"달아 달아 밝은 달아
이태백이 놀던 달아
정월에 뜨는 저 달은
새 희망을 주는 달
이월에 뜨는 저 달은
동동주를 먹는 달
삼월에 뜨는 달은
처녀가슴을 태우는 달
사월에 뜨는 달은
석가모니 탄생한 날
달아 달아 밝은 달아
이태백이 놀던 달아
오월에 뜨는 저 달은
단오 그네 뛰는 달
유월에 뜨는 저 달은
유두밀떡 먹는 달
칠월에 뜨는 달은
견우직녀가 만나는 달
팔월에 뜨는 달은
강강수월래 뜨는 달
달아 달아 밝은 달아
이태백이 놀던 달아
구월에 뜨는 저 달은
풍년가를 부르는 달
시월에 뜨는 저 달은
문풍지를 마르는 달
십일월에 뜨는 달은
동지팥죽을 먹는 달
십이월에 뜨는 달은
님 그리워 뜨는 달
님 그리워 뜨는 달
님 그리워 뜨는 달"
어머니,"1,096",김다현,"더 늦기 전에 효도하란
말이 있어요
알았었는데 알고 있었는데
이제와 어찌합니까
아버지 가시고 나서 어머니 혼자
화장 한번 못하셨지요
집 없는 설움에 이삿짐 싸며
흘리는 눈물을 봤는데
그런데 오늘 그런데 오늘
불쌍한 우리 어머니
늦었을까요 아니겠지요
어머니 울지마세요
어머니 사랑합니다
멍들은 지난날을 잊을 수 있나
모질게 견뎌온 세월
외로운 서러움 가슴에 묻고
흘리는 눈물을 봤는데
그런데 오늘 그런데 오늘
불쌍한 우리 어머니
늦었을까요 아니겠지요
어머니 울지마세요
어머니 사랑합니다"
백만송이 장미,"1,059",심수봉,"먼 옛날 어느 별에서
내가 세상에 나올 때
사랑을 주고 오라는
작은 음성 하나 들었지
사랑을 할 때만 피는 꽃
백만 송이 피어오라는
진실한 사랑을 할 때만
피어나는 사랑의 장미
미워하는 미워하는
미워하는 마음없이
아낌없이 아낌없이
사랑을 주기만 할 때
수백만송이 백만송이
백만송이 꽃은 피고
그립고 아름다운 내 별 나라로
갈 수 있다네
진실한 사랑은 뭔가
괴로운 눈물 흘렸네
매정한 사람 많았던
너무나 슬픈 세상이었기에
수 많은 세월 흐른 뒤
자기의 생명까지 모두 다 준
빛처럼 홀연히 나타난
그런 사랑 나를 안았네
미워하는 미워하는
미워하는 마음없이
아낌없이 아낌없이
사랑을 주기만 할 때
수백만송이 백만송이
백만송이 꽃은 피고
그립고 아름다운 내 별 나라로
갈 수 있다네

이젠 모두가 떠날지라도
그러나 사랑은 계속될거야
저 별에서 나를 찾아온
그토록 기다리던 이인데
그대와 나 함께라면
더욱 더 많은 꽃을 피우고
하나가 된 우리는
영원한 저 별로 돌아가리라
미워하는 미워하는
미워하는 마음없이
아낌없이 아낌없이
사랑을 주기만 할 때
수백만송이 백만송이
백만송이 꽃은 피고
그립고 아름다운 내 별 나라로
갈 수 있다네
미워하는 미워하는
미워하는 마음없이
아낌없이 아낌없이
사랑을 주기만 할 때
수백만송이 백만송이
백만송이 꽃은 피고
그립고 아름다운 내 별 나라로
갈 수 있다네
미워하는 미워하는
미워하는 마음없이
아낌없이 아낌없이
사랑을 주기만 할 때
수백만송이 백만송이
백만송이 꽃은 피고"
보라빛 엽서,"1,902",박지현,"보라빛 엽서에
실려온 향기는
당신의 눈물인가
이별의 마음인가
한숨 속에 묻힌
사연 지워 보려 해도
떠나 버린 당신 마음
붙잡을 수 없네
오늘도 가버린
당신의 생각에
눈물로 써 내려간
얼룩진 일기장엔
다시 못 올 그대 모습
기다리는 사연

오늘도 가버린
당신의 생각에
눈물로 써 내려간
얼룩진 일기장엔
다시 못 올 그대 모습
기다리는 사연
다시 못 올 그대 모습
기다리는 사연"
동강 (東江),254,나훈아,"굽이굽이 흘러가는 동강 기슭에
팔 벼 게를 베어주며 사랑한다고
그 입술로 약속한 사람
동강아 흘러가거라
사랑아 흘러가거라
흐르다 멈춰버리면
사랑은 동강이난다
너울너울 물결치는 동강 나 룻 터
잠자리 꽃 머리에다 꽂아주며
가슴으로 약속한 사람
동강아 흘러가거라
사랑아 흘러가거라
흐르다 멈춰버리면
물새는 어디로 가나
사랑은 동강이난다"
묻지마세요,"13,019",임영웅,"여기까지 왔는데
앞만 보고 왔는데
묻지 마세요
묻지 마세요 물어보지 마세요
내 나이 묻지 마세요
흘러간 내 청춘 잘한 것도 없는데
요놈의 숫자가 따라 오네요
여기까지 왔는데
앞만 보고 왔는데
지나가는 세월에 서러운 눈물
서산 넘어가는 청춘
너 가는 줄 몰랐구나
세월아 가지를 말어라
묻지 마세요 물어보지 마세요
내 나이 묻지 마세요
흘러간 내 청춘 잘한 것도 없는데
요놈의 숫자가 따라 오네요
여기까지 왔는데
앞만 보고 왔는데
지나가는 세월에 서러운 눈물
서산 넘어가는 청춘
너 가는 줄 몰랐구나
세월아 가지를 말어라
여기까지 왔는데
앞만 보고 왔는데
지나가는 세월에 서러운 눈물
서산 넘어가는 청춘
너 가는 줄 몰랐구나
세월아 가지를 말어라
세월아 가지를 말어라"
사의 찬미,524,에녹,"이래도 한 세상 저래도 한 세상
돈도 명예도 사랑도 다 싫다
눈물로 된 이 세상이
나 죽으면 그만일까
행복 찾는 인생들아
너 찾는 것 허무
광막한 황야를 달리는 인생아
너는 무엇을 찾으러 왔느냐
눈물로 된 이 세상이
나 죽으면 그만일까
행복 찾는 인생아
찾는 것은 설움일뿐
광막한 황야를 달리는 인생아
너는 무엇을 찾으러 왔나
이래도 한 세상 저래도 한 세상
돈도 명예도 사랑도 다 싫다
돈도 명예도 사랑도 다 싫다"
보릿고개,"2,407",박서진,"아야 뛰지 마라
배 꺼질라
가슴 시린 보릿 고갯길
주린 배 잡고
물 한 바가지
배 채우시던
그 세월을 어찌 사셨소
초근목피에 그 시절
바람결에 지워져 갈 때
어머님 설움 잊고 살았던
한 많은 보릿고개여
풀피리 꺾어 불던
슬픈 곡조는
어머님의 한숨이었소
아야 우지 마라
배 꺼질라
가슴 시린 보릿 고갯길
주린 배 잡고
물 한 바가지
배 채우시던
그 세월을 어찌 사셨소
초근목피에 그 시절
바람결에 지워져 갈 때
어머님 설움 잊고 살았던
한 많은 보릿고개여
풀피리 꺾어 불던
슬픈 곡조는
어머님의 한숨이었소
풀피리 꺾어 불던
슬픈 곡조는
어머님의 통곡이었소"
빗속을 둘이서,"14,209",오승근,"너의 맘 깊은 곳에
하고 싶은 말 있으면
고개들어 나를 보고 살며시 얘기하렴
정녕 말을 못하리라
마음깊이 새겼다면
오고가는 눈빛으로 나에게 전해주렴
이 빗속을 걸어갈까요
둘이서 말없이 갈까요
아무도 없는 여기서 저 돌담 끝까지
다정스런 너와 내가 손잡고
이 빗속을 걸어갈까요
둘이서 말없이 갈까요
아무도 없는 여기서 저 돌담 끝까지
다정스런 너와 내가 손잡고"
처녀뱃사공,"1,319",홍지윤,"낙동강 강바람이
치마폭을 스치면
군인간
오라버니
소식이 오네
큰애기 사공이면
누가 뭐라나
늙으신 부모님을
내가 모시고
에헤야 데헤야
노를 저어라
삿대를 저어라
낙동강 강바람에
안가슴을 헤치면
고요한
처녀가슴
물결이 이네
오라비 제대하면
시집보내마
어머님 그 말씀에
수줍어질때
에헤야 데헤야
노를 저어라
삿대를 저어라
삿대를 저어라"
하늘아,370,김중연,"저 하늘아 저 하늘아
답답한 내 가슴 열어라
저 하늘아 내 사랑아
아름다운 세상 위해
좀 더 가지려 좀 더 오르려
남을 밟고서야 살아 남는다
욕심쟁이와 위선자들이
온 세상을 가득 메웠다
자신이 누군지도 모른 채
세상을 가지려 들고
돈이면 모두 다 되는 세상
이제는 그만 없었으면 해
저 하늘아 저 하늘아
답답한 내 가슴 열어라
저 하늘아 내 사랑아
아름다운 세상 위해
나만 아니면 되는 것인가
남의 아픔 따윈 눈에도 없고
살기 위해서 버둥대는
모습에 눈물이 난다
자신이 누군지도 모른 채
세상을 가지려들고
돈이면 모두 다되는 세상
이제는 그만 없어졌으면 해
저 하늘아 저 하늘아
답답한 내 가슴 열어라
저 하늘아 내 사랑아
아름다운 세상 위해
저 하늘아 저 하늘아
답답한 내 가슴 열어라
저 하늘아 내 사랑아
아름다운 세상 위해
아름다운 세상을 위해"
잡초,902,진해성,"아무도 찾지 않는 바람 부는 언덕에
이름 모를 잡초야
한 송이 꽃이라면 향기라도 있을 텐데
이것저것 아무것도 없는 잡초라네
발이라도 있으면은
님 찾아갈 텐데
손이라도 있으면은
님 부를 텐데
이것저것 아무것도 가진 게 없어
아무것도 가진 게 없네
아무도 찾지 않는 바람 부는 언덕에
이름 모를 잡초야
한 송이 꽃이라면 향기라도 있을 텐데
이것저것 아무것도 없는 잡초라네

아무도 찾지 않는 바람 부는 언덕에
이름 모를 잡초야
한 송이 꽃이라면 향기라도 있을 텐데
이것저것 아무것도 없는 잡초라네
발이라도 있으면은
님 찾아갈 텐데
손이라도 있으면은
님 부를 텐데
이것저것 아무것도 가진 게 없어
아무것도 가진 게 없네
아무도 찾지 않는 바람 부는 언덕에
이름 모를 잡초야
한 송이 꽃이라면 향기라도 있을 텐데
이것저것 아무것도 없는 잡초라네
이것저것 아무것도 없는 잡초라네
이것저것 아무것도 없는 잡초라네"
당신은 명작,406,안성훈,"아름다워라 당신이
내 곁에 오신 이후로
세상이 살만해지고
위로가 되었습니다
아프지 맙시다 건강합시다
잡은 두 손 놓지 말고
사는 게 힘들 때 잡아줍시다
세상이 무겁더라도
당신은 하늘이 준 명작이오
난 당신을 그리는 화가일세
한 폭에 잘 그린 그림처럼
아름답게 살아갑시다

세월이라는 길 따라
내 손 하나 잡고 살아온
당신을 생각해 보니
가슴이 미어집니다
아프지 맙시다 건강합시다
잡은 두 손 놓지 말고
사는 게 힘들 때 잡아줍시다
세상이 무겁더라도
당신은 하늘이 준 명작이오
난 당신을 그리는 화가일세
한 폭에 잘 그린 그림처럼
아름답게 살아갑시다
한 세상 나머지 여백들도
좋은 추억 채워갑시다
행복이 뭐 별거 있나요"
Flamenco (플라멩코),61,신인선,"예 플라멩고 예 플라멩고
예 플라멩고 올래

플라멩고 플라멩고 날 안아주세요
플라멩고 플라멩고 내 손을 잡아요
플라멩고 플라멩고 이 밤이 새도록
사랑의 춤을 춰요

불타는 그대의 숨결
촉촉한 그대의 입술
날 향한 그대의 눈빛이
사랑을 꿈꾸게 해요

입가에 흐르는 미소
정열에 취해버린 향기
오늘밤 모든걸 잊고서
사랑의 춤을 춰봐요

플라 멩고

멩고 멩고 춤을 춰봐요
멩고 멩고 날 안아 주세요
멩고 멩고 나의 사랑아
그대는 영원한 내 사랑


예 플라멩고 예 플라멩고
예 플라멩고 올래

플라멩고 플라멩고 날 안아주세요
플라멩고 플라멩고 내 손을 잡아요
플라멩고 플라멩고 이 밤이 새도록
사랑의 춤을 춰요

불타는 그대의 숨결
촉촉한 그대의 입술
날 향한 그대의 눈빛이
사랑을 꿈꾸게 해요

입가에 흐르는 미소
정열에 취해버린 향기
오늘밤 모든걸 잊고서
사랑의 춤을 춰봐요

플라 멩고

멩고 멩고 춤을 춰봐요
멩고 멩고 날 안아 주세요
멩고 멩고 나의 사랑아
그대는 영원한 내 사랑

멩고 멩고 춤을 춰봐요
멩고 멩고 날 안아 주세요
멩고 멩고 나의 사랑아
그대는 영원한 내 사랑

그대는 영원한 내 사랑"
그집앞 EDM REMIX,234,이재성,"별빛으로 다가오는 네 작은 모습에
잠 못 이뤄 찾아왔네 그 집 앞
불빛 꺼진 네 창가엔 슬픔만 더해와
혼자 몰래 울고 가네 그 집 앞
꽃잎으로 새겨버린 그리운 이름을
부르다가 찾아왔네 그 집 앞
대답 없는 네 창가엔 아픔만 밀려와
눈물지며 돌아서네 그 집 앞
이제 다시 다시는 너를 생각 말아야지
돌아 올 수 없는 지나간 시간인걸
이제 다시 다시는 울지도 말아야지
어차피 잊어야 할 슬픈 기억인걸
그 집 앞 우우 난 아직 떠날 수 없어
그 집 앞 우우 난 너를 지울 수 없어
그 집 앞 우우 난 아직 떠날 수 없어
눈물 속에 서성이네 그 집 앞
이제 다시 다시는 너를 생각 말아야지
돌아 올 수 없는 지나간 시간인걸
이제 다시 다시는 울지도 말아야지
어차피 잊어야 할 슬픈 기억인걸
그 집 앞 우우 난 아직 떠날 수 없어
그 집 앞 우우 난 너를 지울 수 없어
그 집 앞 우우 난 아직 떠날 수 없어
눈물 속에 서성이네 그 집 앞"
빈대떡 신사,"1,427","미스유랑단(김태연,양지은,윤태화,윤희,전유진)","양복 입은 신사가
요릿집 문 앞에서 매를 맞는데
왜 맞을까 왜 맞을까
원인은 한가지 돈이 없어
들어갈 땐 폼을 내어 들어가더니
나올 적엔 돈이 없어 쩔쩔매다가
뒷문으로 도망가다 붙잡히어서
매를 맞누나 매를 맞는구나
으하하하하 우습다 으히히히 우스워
으헤헤헤 우습다 으헤헤헤 우스워
와하히히 우하하하 우습다
돈 없으면 집에 가서
빈대떡이나 부쳐먹지
한 푼 없는 건달이
요릿집이 무어냐
기생집이 무어냐
들어갈 땐 폼을 내어 들어가더니
나올 적엔 돈이 없어 쩔쩔매다가
뒷문으로 도망가다 붙잡히어서
매를 맞누나 매를 맞는구나
으하하하하 우습다 으히히히 우스워
으헤헤헤 우습다 으헤헤헤 우스워
와하히히 우하하하 우습다
돈 없으면 집에 가서
빈대떡이나 부쳐먹지
한 푼 없는 건달이
요릿집이 무어냐
기생집이 무어냐
기생집이 무어냐"
망모,408,박민수,"울 엄마는 열아홉 살 때
울 아부지 잘못 만나
생선 장사 꽈배기 장사
안 해본 게 없었고
내가 초등학교 삼학년 때에
몹쓸 병에 시달리시다
한도 많고 꿈도 많았던
이 세상을 뜨셨네
우리 엄마 상여 나갈 때
동네 사람들 내게 했던 말
야 이놈아 야 이 자슥아
이제 그만 울 거라
너그 엄마는 맘이 고와서
틀림없이 천당 갔다
멀고 먼 길 편히 가시게
이젠 그만 울거라
어이여 허 어- 어 어이여
허 허어어어
어이여 허 어- 어 어이여
허 허어어 어
울 아부지 술에 취해
이리 비틀 저리 비틀
지난 과거가 찔리셨는지
아무말도 못하고
뒷산 중머리 돌아설제
갑작시리 소낙비가
헝크러진 내 머리 위로
후둑후둑 떨어지고
어이여 허 어- 어 어이여
허 허어어어
어이여 허 어- 어 어이여
허 허어어 어
너그 엄마는 맘이 고와서
틀림없이 천당 갔다
멀고 먼 길 편히 가시게
이젠 그만 울거라
멀고 먼 길 편히 가시게
이젠 그만 울거라"
올무,91,한강,"식어버린 사랑을 타고 있다고
믿은건 나뿐인가요
단풍도 시들면 낙엽 되는걸
모르고 만난걸 누굴 원망해
사랑 안에는 이별이 숨어있고
이별 안에는 보내지 못한
그리움은 눈물이 되어
놓지도 못하게 하네
아아 사랑은 올무였나
나를 또 붙잡네

식어버린 사랑을 타고 있다고
믿은건 나뿐인가요
단풍도 시들면 낙엽 되는걸
모르고 만난걸 누굴 원망해
사랑 안에는 이별이 숨어있고
이별 안에는 보내지 못한
그리움은 눈물이 되어
놓지도 못하게 하네
아아 사랑은 올무였나
나를 또 붙잡네
아아 사랑은 올무였나
나를 또 붙잡네"
물레야,77,한봄,"돌아가는 물레야
한밤이 지났느냐
돌아라 물레야
홀로 타는 등불마저
쓸쓸한 밤을
너 아니면
나는 어떡해
하루 이틀
기다린 님이
달이 가고 해가 가도
물레만 도네
기다려도 오지 않는
무심한 님이시여
돌아 가는 물레야
한밤이 지났느냐
돌아라 물레야
홀로 타는 등불마저
쓸쓸한 밤을
너 아니면
나는 어떡해
하루 이틀
기다린 님이
달이 가고 해가 가도
물레만 도네
기다려도 오지 않는
무심한 님이시여
돌아 가는 물레야
돌아 가는 물레야"
사랑의 트위스트,53,이하린,"학창 시절에 함께 추었던
잊지 못할 샹하이 트위스트
나팔바지에 빵집을 누비던
추억 속의 사랑의 트위스트
샹하이 샹하이 샹하이
트위스트 추면서
난생처음 그녀를 알았고
샹하이 샹하이 샹하이
트위스트 추면서
온 동네를 주름 잡았던
사랑했던 모든 사람들
잊지 못할 추억의 트위스트

샹하이 샹하이 샹하이
트위스트 추면서
난생처음 그녀를 알았고
샹하이 샹하이 샹하이
트위스트 추면서
그녀에게 빠져버렸던
터질 것만 같은 이 가슴
잊지 못할 추억의 트위스트
잊지 못할 사랑의 트위스트"
돌지 않는 풍차,488,문주란,"사랑도 했다 미워도 했다
그러나 말은 없었다
소낙비 사랑에는 마음껏 웃고
미움이 서릴 때면 몸부림을 치면서
말없이 살아온 그 오랜 세월은
아 아아아 아아아 아아 돌지 않는 풍차여

울기도 했다 웃기도 했다
그래도 한은 없었다
눈물이 흐를 때는 말없이 울고
웃음이 서릴 때면 너털웃음 속에서
넋없이 지내온 기나긴 세월은
아 아아아 아아아 아아 돌지 않는 풍차여"
사내,923,나훈아,"큰 소리로 울면서 이 세상에 태어나
가진 것은 없어도 비굴하진 않았다
때론 사랑에 빠져 비틀댄적 있지만
입술 한번 깨물고 사내답게 웃었다
긴가민가 하면서 조마조마 하면서
설마설마 하면서 부대끼며 살아온
이 세상을 믿었다 나는나를 믿었다
추억묻은 친구야 물론 너도 믿었다
벌거벗은 몸으로 이 세상에 태어나
자랑 할 것 없어도 부끄럽지도 않아
한때 철없던 시절 방황한적 있지만
소주한잔 마시고 사내답게 잊었다
긴가민가 하면서 조마조마 하면서
설마설마 하면서 부대끼며 살아온
이 세상을 믿었다 나는나를 믿었다
추억묻은 친구야 물론 너도 믿었다
미련같은건 없다 후회 역시도 없다
사내답게 살다가 사내답게 갈거다
사내답게 갈거다"
돌리도,75,두리 (DooRi),"잘해 잘해 잘해 바라볼 때 잘해
너만 바라볼 때

잘해 잘해 잘해 있을 때 잘해
옆에 있을 때

돌리도 돌리도 내 사랑 돌리도

첫눈에 뿅 갔다고 나 없이는 못 산다고
죽자 살자 매달린 요놈의 사랑아

당신 사랑 깊이를 자로 자로 재보니
일 미터도 못 되더라

잘해 잘해 잘해 바라볼 때 잘해
너만 바라볼 때

잘해 잘해 잘해 있을 때 잘해
옆에 있을 때

한번 떠난 사랑은 다시 오지 않아
후회할 때는 이미 늦었어

돌리도 돌리도 내 사랑 돌리도
돌리도 돌리도 내 사랑 돌리도

잘해 잘해 잘해 바라볼 때 잘해
너만 바라볼 때

잘해 잘해 잘해 있을 때 잘해
옆에 있을 때

한번 떠난 사랑은 다시 오지 않아
후회할 때는 이미 늦었어

돌리도 돌리도 내 사랑 돌리도
돌리도 돌리도 내 사랑 돌리도

내 사랑 돌리도
돌려줘"
내마음 별과 같이,629,현철,"산 노을에 두둥실
홀로가는 저 구름아
너는 알리라 내 마음을
부평초 같은 마음을
한 송이 구름꽃을
피우기 위해
떠도는 유랑별처럼
내마음 별과같이
저 하늘 별이되어
영원히 빛나리
강바람에 두둥실
길을 잃은 저 구름아
너는 알리라 내 갈길을
나그네 떠나 갈 길을
찬란한 젊은 꿈을
피우기 위해
떠도는 몸이라지만
내마음 별과같이
저 하늘 별이되어
영원히 빛나리"
방가방가,371,한여름,"방가방가방가 안녕 하세요
여름하면 한여름이죠
깐깐하게 앞뒤 재지 말고
신나게 나랑 놀아요
놀아본 사람도 처음 본 사람도
모두다 여기 붙어라
인생 뭐 있나요 눈치 보지 마요
준비된 사람 손 놀 사람
여기 손 소리 한번 질러볼까요
방가방가방가
리듬 한번 타고 내사랑
어디 있나 찾아볼까요
방가방가방가
음악에 미쳐서
춤 한번 땡겨 볼까요
방가방가방가 안녕하세요
아직도 못 노시네요
깐깐하게 앞뒤 재지 말고
신나게 나랑 놀아요
꽉 막힌 사람도 뚱했던 사람도
모두다 여기 붙어라
인생 뭐 있나요 눈치 보지 마요
준비된 사람 손 놀 사람
여기 손 소리 한번 질러볼까요
방가방가방가
리듬 한번 타고
내 사랑 어디 있나 찾아볼까요
방가방가방가
음악에 미쳐서
춤 한번 땡겨 볼까요
방가방가방가
사랑에 취하고 업 된 이 기분은
살리고 살리고
방가방가방가
이 밤이 새도록 함께 춤을 춥시다
함께 춤을 춥시다"
개여울,"2,541",손태진,"당신은 무슨 일로 그리합니까
홀로이 개여울에 주저앉아서
파릇한 풀 포기가 돋아 나오고
잔물이 봄바람에 헤적일 때에
가도 아주 가지는 않노라시던
그런 약속이 있었겠지요
날마다 개여울에 나와 앉아서
하염없이 무엇을 생각합니다
가도 아주 가지는 않노라심은
굳이 잊지 말라는 부탁인지요
가도 아주 가지는 않노라시던
그런 약속이 있었겠지요
날마다 개여울에 나와 앉아서
하염없이 무엇을 생각합니다
가도 아주 가지는 않노라심은
굳이 잊지 말라는 부탁인지요"
소양강 처녀,929,진해성,"해 저문 소양강에 황혼이 지면
외로운 갈대 밭에 슬피 우는 두견새야
열여덟 딸기 같은 어린 내 순정
너마저 몰라주면 나는 나는 어쩌나
아 그리워서 애만 태우는
소양강 처녀

동백꽃 피고 지는 계절이 오면
돌아와 주신다고 맹세하고 떠나셨죠
이렇게 기다리다 멍든 가슴에
떠나고 안 오시면 나는 나는 어쩌나
아 그리워서 애만 태우는
소양강 처녀"
낭랑 18세,888,진해성,"저고리 고름 말아 쥐고서
누구를 기다리나 낭랑 18세
버들잎 지는 앞개울에서
소쩍새 울 때만 기다립니다
소쩍궁 소쩍궁
소쩍궁 소쩍궁
소쩍궁 새가 울기만 하면
떠나간 그리운 님 오신 댔어요

팔짱을 끼고 돌부리 차며
무엇을 기다리나 총각 20세
송아지 매는 뒷산 넘어서
소쩍새 울 때만 기다립니다
소쩍궁 소쩍궁
소쩍궁 소쩍궁
소쩍궁 새가 울기만 하면
풍년이 온댔어요 풍년 온대요

소쩍궁 새가 새가 울어서
삼천리 강산에 풍년이 왔네
맹세만 해도 새는 우는데
기약한 나의 님은 어이 못 오나
소쩍궁 소쩍궁
소쩍궁 소쩍궁
소쩍궁 새가 울기만 하면
기어코 오겠다고 맹세한 님아"
사는게 뭔지 (DJ처리 Remix Ver.),"1,471",이무송,"아하 사랑이 뭔지 진짜
알다가도 모르겠어
아하 사랑도 수도없이 해도
모르겠어
사랑이 무엇인지 아픔이 무엇인지
아직 알 순 없지만
할아버지 할머니도 몰라
인연이 끝난 후에
후회하지는 않겠지
알 수 없는 거잖아
사랑한 사람들은 이렇게 얘길하지
후회하는 거라고
우리 아버지도 맨날 후회해
하지만 사랑않고
혼자서 살아간다면
더욱 후회한다고
사랑을 하면서도 후회해도
한평생을 살 사람아
정들어 사는 인생 힘들어도
당신만을 사랑하리라
아하 사랑이 뭔지 진짜
알다가도 모르겠어
아하 사랑도 수도없이 해도
모르겠어

결혼이 무엇인지 사는게 무엇인지
아직 알 순 없지만
할아버지 할머니도 몰라
몇년이 지난 후에
후회하지는 않겠지
알수 없는 거잖아
살아본 사람들은 이렇게 얘길하지
후회하는 거라고
우리 아버지도 맨날 후회해
하지만 둘이 아닌
혼자서 살아간다면
더욱 후회한다고
사랑을 하면서도 후회해도
한평생을 살 사람아
정들어 사는 인생 힘들어도
당신만을 사랑하리라

사랑을 하면서도 후회해도
한평생을 살 사람아
정들어 사는 인생 힘들어도
당신만을 사랑하리라
사랑을 하면서 후회는 왜 하나
정들어 사는 인생 힘들어도
당신만을 사랑하리라"
해뜰 날,"1,239",송대관,"꿈을 안고 왔단다
내가 왔단다
슬픔도 괴로움도
모두 모두 비켜라
안 되는 일 없단다
노력하면은
쨍하고 해뜰 날
돌아온단다
쨍하고 해뜰 날
돌아온단다
뛰고뛰고 뛰는 몸이라
괴로웁지만
힘겨운 나의 인생
구름 걷히고
산뜻하게 맑은 날
돌아온단다
쨍하고 해뜰 날
돌아온단다
쨍하고 해뜰 날
돌아온단다
꿈을 안고 왔단다
내가 왔단다
슬픔도 괴로움도
모두 모두 비켜라
안 되는 일 없단다
노력하면은
쨍하고 해뜰 날
돌아온단다
쨍하고 해뜰 날
돌아온단다
뛰고뛰고 뛰는 몸이라
괴로웁지만
힘겨운 나의 인생
구름 걷히고
산뜻하게 맑은 날
돌아온단다
쨍하고 해뜰 날
돌아온단다
쨍하고 해뜰 날
돌아온단다
쨍하고 해뜰 날
돌아온단다
쨍하고 해뜰 날
돌아온단다
쨍하고 해뜰 날
돌아온단다"
흑산도아가씨,150,이미자,"남몰래 서러운 세월은 가고
물결은 천번 만번 밀려 오는데
못견디게 그리운
아득한 저 육지를
바라보다 검게 타버린
검게 타버린 흑산도 아가씨

한없이 외로운 달빛을 안고
흘러온 나그넨가 귀향 살인가
애타도록 보고픈
머나먼 그 서울을
그리다가 검게 타버린
검게 타버린 흑산도 아가씨"
어무니,296,나상도,"어디로 가는걸까 기약도 없는 길인데
돌아보면 멀어지는 어머니 얼굴
눈물이 앞을 가리네

무작정 떠나온 낯선 거리에
기댈곳 어디 없더라
울지말자 약속했던
눈물은 사치였구나

뜨거운 가슴안고 걸어온 이길
우리 엄마가 보고싶다

무작정 떠나온 낯선 거리에
기댈곳 어디 없더라
울지말자 약속했던
눈물은 사치였구나

뜨거운 가슴안고 걸어온 이길
우리 엄마가 보고싶다

뜨거운 가슴안고 걸어온 이길
우리 엄마가 보고 싶구나"
안개낀 장충단공원,303,배호,"안개낀 장충단공원
누구를 찾아왔나
낙엽송 고목을 말없이
쓸어안고 울고만 있을까
지난날 이자리에 새긴
그 이름 뚜렷이 남은 이 글씨
다시 한번 어루만지며
떠나가는 장충단공원
비탈길 산길을 따라
거닐던 산기슭에
수많은 사연에
가슴을 움켜쥐고
울고만 있을까
가버린 그 사람이 남긴 발자취
낙엽만 쌓여 있는데
외로움을 달래 가면서
떠나가는 장충단공원"
비나리,61,요요미,"큐피트 화살이 가슴을 뚫고
사랑이 시작된 날
또다시 운명의 페이지는 넘어가네
나 당신을 사랑해도 될까요
말도 못하고
한없이 애타는 나의 눈짓들
세상이 온통 그대 하나로
변해버렸어
우리 사랑 연습도 없이
벌써 무대로 올려졌네
생각하면 덧없는 꿈일지도 몰라
꿈일지도 몰라
하늘이여
저 사람 언제 또 갈라 놓을 거요
하늘이여
간절한 이 소망 또 외면할 거요
예기치 못했던 운명의 그 시간
당신을 만나던 날
드러난 내 상처 어느새 싸매졌네
나만을 사랑하면 안 될까요
마음만 달아 올라
오늘도 애타는 나의 몸짓들
따사로운 그대 눈빛 따라 도는
해바라기처럼
사랑이란 작은 배 하나
이미 바다로 띄워졌네
생각하면 허무한 꿈일지도 몰라
꿈일지도 몰라
하늘이여
이 사람 다시 또 눈물이면 안돼요
하늘이여
저 사람 영원히 사랑하게 해줘요
아 사랑하게 해줘요
사랑하게 해줘요"
꿈의 대화,272,이범용,"땅거미 내려 앉아
어두운 거리에
가만히 너에게
나의 꿈 들려주네

조용한 호수가에
아무도 없는 곳에
우리의 나무집을
둘이서 짓는다
흰눈이 온 세상을
깨끗이 덮으면
작은 불 피워놓고
사랑을 하리라
네가 제일 좋아하는
별들이 불밝히리
네가 제일 좋아하는
창가에 마주 앉아
따뜻이 서로의 빈곳을 채우리
내 눈에 반짝이는
별빛을 헤리라
외로움이 없단다
우리들의 꿈 속에
서러움도 없어라
너와 나의 눈빛엔
마음 깊은 곳에서
우리 함께 나누자
너와 나만의 꿈의 대화를
외로움이 없단다
우리들의 꿈 속에
서러움도 없어라
너와 나의 눈빛엔
마음 깊은 곳에서
우리 함께 나누자
너와 나
너와 나만의 꿈의 대화를"
기다리는 여심,589,계은숙,"내 마음 외로울땐 눈을 감아요
자꾸만 떠오르는 그대 생각에
가슴에 느껴지는 사랑에 숨결
멀리서 아득하게 전해 오네요
사랑이 끝났을 때
남겨진 이야기는
시들은 꽃잎처럼
흐르는 세월이 아쉬워 하겠지
내 마음 서러울땐 하늘을 봐요
흐르는 구름 위에 마음 띄우며
내 곁에 와 달라고 기원하면서
오늘도 기다리는 여인입니다
사랑이 끝났을 때
남겨진 이야기는
시들은 꽃잎처럼
흐르는 세월이 아쉬워 하겠지
내 마음 서러울땐 하늘을 봐요
흐르는 구름위에 마음 띄우며
내곁에 와 달라고 기원하면서
오늘도 기다리는 여인입니다
오늘도 기다리는 여인입니다"
회룡포,"4,632",김희재,"내것이 아닌것을 멀리 찾아서
휘돌아 감은 그 세월이 얼마이더냐
물설고 낮설은 어느하늘 아래
빈 배 로 나서 있구나
채워라 그 욕심 더해가는
이세상이 싫어 싫터라
나 이제 그곳으로 돌아 가련다
내 마음 받아 주는곳
아 어머님 품속같은 그곳
회룡포로 돌아 가련다
채워라 그 욕심 더해가는
이세상이 싫어 싫터라
나 이제 그곳으로 돌아 가련다
내 마음 받아 주는곳
아 어머님 품속같은 그곳
회룡포로 돌아 가련다"
자갈치 아지매,451,오유진,"흥남 부두 돌아 돌아
국제시장 돌고 돌아
소리 내어 울었네
소리 내어 불렀네
당신을 찾아 헤맸네
반짝반짝 반짝이는
항구의 작은 별들아
우리 엄마 계신 곳까지
나를 나를 데려가다오
영도다리 난간 위에서
남포동 뒷골목에서
자갈치 아지매가
목놓아 부르는 이름
엄마 엄마 엄마를 찾는
자갈치 아지매
흥남 부두 돌아 돌아
국제시장 돌고 돌아
소리 내어 울었네
소리 내어 불렀네
당신을 찾아 헤맸네
반짝반짝 반짝이는
항구의 작은 별들아
우리 엄마 계신 곳까지
나를 나를 데려가다오
영도다리 난간 위에서
남포동 뒷골목에서
자갈치 아지매가
목놓아 부르는 이름
엄마 엄마 엄마를 찾는
자갈치 아지매
영도다리 난간 위에서
남포동 뒷골목에서
자갈치 아지매가
목놓아 부르는 이름
엄마 엄마 엄마를 찾는
자갈치 아지매
자갈치 아지매"
세글자,381,남승민,"(그대 이름 세 글자)
당신이 커튼 뒤에 숨어 있는 걸
안 보고도 나는 알아요
유난히도 차갑게 나를 보내고
숨어 우는 당신의 눈물
누구를 위한 거냐고 묻고 싶지만
당신의 여린 가슴에 상처가 될까 봐
아~ 마음 두고 몸만 갑니다
천근만근 무거워진 나의 발길에
부질없이 밟히는 그대 이름 세 글자
내 인생의 전부였네요
(그대 이름 세 글자)
당신이 내 마음에 들어오는 걸
눈 감아도 나는 느껴요
오늘따라 냉정한 얼굴 보이고
뒤돌아선 당신의 눈물
누구를 위한 거냐고 묻고 싶지만
당신의 여린 가슴에 상처가 될까 봐
아~ 마음 두고 몸만 갑니다
천근만근 무거워진 나의 발길에
부질없이 밟히는 그대 이름 세 글자
내 인생의 전부였네요
부질없이 밟히는 그대 이름 세 글자
내 인생의 전부였네요"
공항의 이별,713,문주란,"하고 싶은 말들이 쌓였는데도
한마디 말 못하고 헤어지는 당신을
이제와서 붙잡아도
소용없는 일인데
구름 저 멀리 사라져간
당신을 못잊어 애태우며
허전한 발길 돌리면서
그리움 달랠길 없어 나는 걸었네

수많은 사연들이 메아리 쳐도
지금은 말 못하고
떠나가는 당신을
이제와서 뉘우쳐도
허무한 일인데
하늘 저 멀리 떠나버린
당신을 못잊어 애태우며
쓸쓸한 발길 돌리면서
그리움 참을길 없어 나는 걸었네"
무슨 사랑,695,홍지윤,"다 거짓말이야
모두 다 거짓말이야
여린 내 가슴에 속삭이던 말도
모두 다 거짓말이야
내 가슴에 아픈 상처 주고갈 거면서
저만 혼자 달아날 거면서
사랑은 무슨 사랑 철없던 불장난
사랑한다했니
영원하자했니
이 나쁜 거짓쟁이야
다 거짓말이야
모두 다 거짓말이야
손가락 걸었던 그때 그 맹세도
모두 다 거짓말이야
내 가슴에 깊은 멍을 남겨놀 거면서
저만 혼자 도망갈 거면서
사랑은 무슨 사랑 엉터리 풋 사랑
다신 못 만나니
영영 이별이니
이 몹쓸 거짓쟁이야
내 가슴에 아픈 상처 주고갈 거면서
저만 혼자 달아날 거면서
사랑은 무슨 사랑 철없던 불장난
사랑한다했니
영원하자했니이 나쁜 거짓쟁이야"
혼자 걷지 마세요,133,김의영,"내 가슴에 사랑 하나 심어준
당신은 누구신가요
혼자서 걷지 마세요
그 발길을 내게 돌려요

오늘 밤 내 곁에서 술 한잔하고
나도 한잔 따라 주면서
주거니 받거니 사랑도 주고
정도 주고 나누면 될 것을
산다는 게 무엇인가요
혼자서는 걷지 마세요

내 가슴에 눈물 하나 뿌려준
당신은 어디 있나요
혼자서는 걷지 마세요
가던 발길 돌려주세요

오늘 밤 내 곁에서 술 한잔하고
나도 한잔 따라 주면서
주거니 받거니 사랑도 주고
정도 주고 나누면 될 것을
산다는 게 무엇인가요
혼자서는 걷지 마세요"
약손,77,김산하,"세상에 다친 맘
낫는 약이 없을까

고단한 마음을
감출 길이 없구나

어릴 적 어미 품
배를 어루만지시던

약보다 따뜻한
그 손길이 생각난다

나아라 나아라
울 아가 울지 마라

나아라 나아라
세상에 지지 마라

엄마 손은 약손
울 아가 배는 똥배

엄마 손은 약손
울 아가 배는 똥배

나아라 나아라
울 아가 울지 마라

나아라 나아라
세상에 지지 마라
나아라~

나아라~
울지마라

나아라~
지지 마라

엄마 손은 약손
울 아가 배는 똥배

엄마 손은 약손
울 아가 배는 똥배
울 아가 배는 똥배"
애모,61,조정민,"그대 가슴에 얼굴을 묻고
오늘은 울고 싶어라

세월의 강 넘어 우리 사랑은
눈물 속에 흔들리는데

얼만큼 나 더 살아야
그대를 잊을 수 있나

한마디 말이 모자라서
다가설 수 없는 사람아

그대 앞에만 서면
나는 왜 작아지는가

그대 등 뒤에 서면
내 눈은 젖어 드는데

사랑 때문에 침묵해야 할
나는 당신의 여자

그리고 추억이 있는 한
당신은 나의 남자요

그대 앞에만 서면
나는 왜 작아지는가

그대 등 뒤에 서면
내 눈은 젖어 드는데

사랑 때문에 침묵해야 할
나는 당신의 여자

그리고 추억이 있는 한
당신은 나의 남자요
(나는 왜 작아지는가
그대
내 눈은 젖어드는데)

사랑 때문에 침묵해야 할
나는 당신의 여자

그리고 추억이 있는 한
당신은 나의 남자요
당신은 나의 남자요"
인생,826,김성환,"세상에 올 때
내맘대로 온건
아니지만은
이 가슴에
꿈도 많았지
내 손에 없는
내 것을 찾아
낮이나 밤이나
뒤볼새 없이
나는 뛰었지
이제와서
생각하니
꿈만 같은데
두번 살 수
없는 인생
후회도 많아
스쳐간 세월
아쉬워 한들
돌릴 수 없으니
남은 세월이나
잘해봐야지
돌아본 인생
부끄러워도
지울 수 없으니
나머지 인생
잘 해봐야지
세상에 올적에
내맘대로 온건
아니지만은
이 가슴에
꿈도 많았지
내 손에 없는
내 것을 찾아
낮이나 밤이나
뒤볼새 없이
나는 뛰었지
이제와서
생각하니
꿈만 같은데
두번 살 수
없는 인생
후회도 많아
스쳐간 세월
아쉬워 한들
돌릴 수 없으니
남은 세월이나
잘해봐야지
돌아본 인생
부끄러워도
지울 수 없으니
나머지 인생
잘해봐야지
나머지 인생
잘 거시기 혀야지
나머지 인생
잘 거시기 혀야지"
비껴간 맹세,65,박우철,"울지 못해 웃어 버린
엇갈린 운명이기에
참지 못해 후회하는
맹세는 허무하더라
가슴이 한곳이 비어있는
채우지 못한 사랑아
비껴가는 인연이라면
세월 속에 묻어야지만
사랑이 모두 다 주는 거라면
미련마저 주어야겠지
울지 못해 웃어버린
엇갈린 운명이기에
참지 못해 후회하는
맹세는 허무하더라
가슴 한곳이 비어있는
채우지 못한 사랑아
비껴가는 인연이라면
세월 속에 묻어야지만
사랑이 모두 다 주는 거라면
추억마저 주어야겠지
비껴가는 인연이라면
세월 속에 묻어야지만
사랑이 모두 다 주는 거라면
눈물마저 주어야겠지"
쏘맥,87,김주영,"적셔라 적셔
쏘맥 쏘맥
모두 적셔 적셔
잔을 부딪치고
쏘맥 쏘맥
우리 한잔해볼까
소주 맥주
시원하게 어서
한잔 들이켜봐
기분이 좋아요 오늘 밤
사나이 인생 소주 하나 주세요
언제나 먹던 소주 말이에요
아니야 오늘 생맥 하나 주세요
오늘 밤 섞어 마셔볼래요
적셔라 적셔
쏘맥 쏘맥
모두 적셔 적셔
잔을 부딪치고
쏘맥 쏘맥
우리 한잔해볼까
소주 맥주
시원하게 어서
한잔 들이켜봐
기분이 좋아요 오늘 밤
짠 짠 짠 짜자 자잔
짠 짠 짠 짜자 자잔
저기요 소주 한 병만 더 주세요
맥주도 하나 추가로 주세요
시원한 쏘맥 얼른 말아줄게요
그녀에게 한잔 드리려고요
쏘맥 쏘맥
모두 적셔 적셔 잔을 부딪치고
쏘맥 쏘맥
우리 한잔해볼까
소주 맥주
시원하게 어서
한잔 들이켜봐
기분이 좋아요 오늘 밤
적셔라 적셔
쏘맥 쏘맥
모두 적셔 적셔 잔을 부딪치고
쏘맥 쏘맥
우리 한잔해볼까
소주 맥주
시원하게 어서
한잔 들이켜봐
기분이 좋아요 오늘 밤"
사랑하며 살테요,266,남진,"세상은 바람잘날 이없고 인생은 달릴수록 먼데-
돌아보면빈들같은 세월에 -가슴은 꿈을안고 살았네 나는
잊지않은는물의 골짜기에서 나의 눈물닦아주던사람들 나는
꿈을안고산다오 나는 사랑하며 살테요 거친
풍랑의 바다한 가운데 있을_지라도 아픔사랑과 인생눈물과
기쁨의 노래를 너를 위해 부르 -리 나는
잊지않으리 눈물의 골짜기에서 나의 눈물닦아주던사람들 나는 꿈을안고산다오 나는 사랑하며살테요 거친
풍랑의바다한가운데있을-지라도 아픔사랑과인생눈물과
기쁨의 노래를너를 위해 부르-리
나는잊지않으리"
복을 발로 차버렸어 (I kicked my luck off),"8,597",강호동,"복을 발로 차버렸어
이 여자 좋다 저 여자 좋다
한때는 잘 나갔었지
이래도 싫다 저래도 싫다
내 멋에 살고 있었지
산다는 게 산다는 게
참 쉽지가 않더라
이제 용기 내어 잘 살아봐야지
복을 발로 차버렸어
멋대로 살다가 보니
복을 발로 차버렸어
멋대로 살다가 보니
복을 발로 차버렸어
내 멋에 살다 내 멋에 죽는
상남자로 살아왔지
인생은 한번 실패는 없지
멋지게 살고 싶었지
산다는 게 산다는 게
참 쉽지가 않더라
이제 용기 내어 잘 살아봐야지
복을 발로 차버렸어
멋대로 살다가 보니
복을 발로 차버렸어
멋대로 살다가 보니
복을 발로 차버렸어"
라라라,"17,943",임영웅,"그대는 참 아름다워요
밤 하늘의 별빛보다 빛나요
지친 나의 마음을 따뜻하게 감싸줄
그대 품이 나의 집이죠
세찬 바람 앞에서
꺼질듯한 내 사랑도
잘 참고서 이겨내줬어요
정말 눈물나도록 고마운 맘 아나요
그대 내곁에 살아줘서
사랑해요 사랑해요
내가 그대에게 부족한걸 알지만
세월에 걷다보면 지칠때도 있지만
그대의 쉴 곳이 되리라
사랑해요 고마운 내 사랑
평생 그대만을 위해 부를 이노래
사랑 노래 함께 불러요
둘이서 라라라
그대 쳐진 어깨가
내맘을 아프게 해요
잘 해준 것도 없는 나라서
그대의 고운 손이 세월에 변했어요
못 지켜줘서 미안해요
사랑해요 사랑해요
내가 그대에게 부족한걸 알지만
세월을 걷다보면 지칠때도 있지만
그대의 쉴 곳이 되리라
사랑해요 고마운 내 사랑
평생 그대만을 위해 부를 이노래
사랑노래 함께 불러요
둘이서 라라라
고마워요 고마워요
그대 자신보다 나를 아껴준 사랑
세상이 등 돌려도 누가 뭐라고 해도
내가 그대 지켜줄게요
사랑해요 소중한 내사랑
평생 그대만을 위해 부를 이 노래
사랑노래 함께 불러요
둘이서 라라라
그대 품이 나의 집이죠
영원히 라라라"
미운 사랑,495,강문경,"남몰래 기다리다가
가슴만 태우는 사랑
어제는 기다림에
오늘은 외로움
그리움에 적셔진 긴 세월
이렇게 살라고 인연을 맺었나
차라리 저 멀리 둘 걸
미워졌다고 갈 수 있나요
행여나 찾아올까 봐
가슴이 사랑을 잊지 못해
이별로 끝난다 해도
그 끈을 놓을 순 없어
너와 난 운명인 거야
이렇게 살라고 인연을 맺었나
차라리 저 멀리 둘 걸
미워졌다고 갈 수 있나요
행여나 찾아올까봐
가슴이 사랑을 잊지 못해
이별로 끝난다 해도
그 끈을 놓을 순 없어
너와 난 운명인 거야
그 끈을 놓을 순 없어
너와 난 운명인 거야"
오늘이 젊은날,"1,603",양지은,"나이야 가라 나이야 가라
나이가 대수냐
오늘이 가장 젊은 날
내 과거 묻지를 마세요
알아서 무엇 하나요
지난 일은 지난밤에 묻어요
살다 보면 다 그렇지
마음엔 나이가 없는 거란 걸
세월도 비켜가는 걸
잊지는 말아요 오늘 이 순간이
내 인생에 가장 젊은 날
나이야 가라 나이야 가라
나이가 대수냐
오늘이 가장 젊은 날
인생을 돌아보지 마세요
그렇게 흘려 보내요
아쉬워도 시간 속에 묻어요
인생이란 다 그렇지
청춘엔 기준이 없는 거란 걸
세월도 비켜가는 걸
잊지는 말아요 오늘 이 순간이
내 인생에 가장 젊은 날
나이야 가라 나이야 가라
나이가 대수냐
오늘이 가장 젊은 날
오늘이 가장 젊은 날"
어우동,199,풍금,"한 서린 가야금의 소리
머금고 피어난 꽃잎
속살치마 너울너울 춤에
이슬되어 사라져갔네
쭉정이 말라붙은 정 날리며
삼종지도 내던진 꽃잎
어우동 긴긴밤에
달빛마저 울었으리라
얼룩덜룩 눈물에 쩐
옷고름 고히 끌어안고 떠난 어우동
한 서린 가야금의 소리
머금고 피어난 꽃잎
속살치마 너울너울 춤에
이슬되어 사라져갔네
쭉정이 말라붙은 정 날리며
삼종지도 내던진 꽃잎
어우동 긴긴밤에
달빛마저 울었으리라
얼룩덜룩 눈물에 쩐
옷고름 고히 끌어안고 떠난 어우동
끌어안고 떠난 어우동"
도라지꽃 (feat. 박성온),607,안성훈,"언제쯤 오시렵니까
세월은 흘러가는데
내 가슴이 한숨으로
보랏빛 멍이 듭니다
혹시나 내 얼굴 보이실까
떠나지 못하고
이 자리 이 곳에 마음 담아
기다려 봅니다
다시 봄날이 오면
봄날이 오면
나는 나는 아프지 않고
그대 사랑 안에서
뿌리를 내린
도라지 꽃이 될래요
(도라지야 도라지야 누구를 기다리느냐
도라지는 도라지는 한 사람만 기다립니다)
혹시나 내 이름 부르실까
떠나지 못하고
밤하늘 별빛을 동무 삼아
기다려 봅니다
다시 봄날이 오면
봄날이 오면
나는 나는 아프지 않고
그대 사랑 안에서
뿌리를 내린
도라지 꽃이 될래요
다시 태어난 세상
꿈을 꾼다면
나는 나는 아프지 않고
그대 사랑 안에서
뿌리를 내린
도라지 꽃이 될래요
지지 않는 꽃이 될래요"
눈물방아,553,양지은,"방아야 방아야 우지마라
가고픈 나의 정든 고향
새해 설날 간다 하고
빈손이라 돌아선 발길
사무친 그리움만이 아 흐
두고 온 그 얼굴들이 아 하
봄 여름 가을 겨울 사계절
주르르르 눈물방아만 울고 울어
방아야 방아야 우지마라
보고픈 나의 부모 형제
추석 한가위 간다 하고
눈물길로 돌아선 발길
몰아친 서러움만이 아 흐
남겨 논 그 사연들이 아 하
봄 여름 가을 겨울 사계절
핑그르르 바람개비만 돌고 돌아
사무친 그리움만이 아 흐
남겨 논 그 사연들이 아 하
봄 여름 가을 겨울 사계절
주르르르 눈물방아만 울고 울어
주르르르 눈물방아만 울고 울어"
나야 나,419,남진,"바람이 분다 길가에 목롯집
그냥 가긴 서운하잖아

바람이 분다 길가에 목롯집
그냥 가긴 서운하잖아
나 한 잔 자네 한 잔 권커니
한 번은 내 세상도 오겠지
아자 내가 뭐 어때서 나 건들지마
운명아 비켜라 이 몸께서 행차하신다
때로는 깃털처럼 휘날리며
때로는 먼지처럼 밟히며
아자 하루를 살아냈네
나야 나야 나 나야 나야 나
밤늦은 골목길 외쳐보아도
젖은 그림자 바람에 밀리고
거리엔 흔들리는 발자국
어둠은 내리고 바람찬데
아자 괜찮아 나 정도면

나 건들지 마 운명아 비켜라
이 몸께서 행차하신다
때로는 깃털처럼 휘날리며
때로는 먼지처럼 밟히며
아자 하루를 살아냈네
나야 나야 나 나야 나야 나
밤늦은 골목길 외쳐보아도
젖은 그림자 바람에 밀리고
거리엔 흔들리는 발자국
어둠은 내리고 바람찬데
아자 괜찮아 나 정도면
아자 괜찮아 나 정도면"
반,"2,170",신유,"사랑은 아름다워서
두려움이 반이지
언제 누가 먼저
돌아 설지 몰라
확실한건 반이란다
목숨을 걸었다 해도
믿을 수가 없는 그 말
가슴을 연다고
다 보이려나
사랑이 가는 데로
순하게 가는 거지
사람이 사는
이치가 그런 거지
사랑은 넘쳐도
모자라도 안 되겠지
사랑은 오래갈수록
기다림이 반이지
너무 믿지 말아
속을지도 몰라
확실한건 반이란다
평생을 같이 살아도
저 사람의 속을 아나
맹세를 한다고
다 지키려나
운명이 가는 데로
따라서 가는 거지
서로가 반씩
책임을 지는 거지
사랑은 넘쳐도
모자라도 안 되겠지
사랑은 넘쳐도
모자라도 안 되겠지"
천상재회,929,솔지,"그대는 오늘밤도 내게 올순 없겠지
목메어 애타게 불러도
대답없는 그대여
못다한 이야기는 눈물이 되겠지요
나만을 사랑했다는 말
바람결에 남았어요
끊을 수 없는 그대와 나의 인연은
운명이라 생각했죠
가슴에 묻은 추억의 작은 조각들
되돌아 회상하면서
천상에서 다시 만나면
그대를 다시 만나면
세상에서 못다했던 그 사랑을
영원히 함께 할래요
끊을 수 없는 그대와 나의 인연은
운명이라 생각했죠
가슴에 묻은 추억의 작은 조각들
되돌아 회상하면서
천상에서 다시 만나면
그대를 다시 만나면
세상에서 못다했던 그 사랑을
영원히 함께 할래요
세상에서 못다했던 그 사랑을
영원히 함께 할래요"
가슴 아프게,207,남진,"당신과 나 사이에
저 바다가 없었다면
쓰라린 이별만은 없었을 것을
해 저문 부두에서
떠나가는 연락선을
가슴 아프게 가슴 아프게
바라보지 않았으리
갈매기도 내 마음같이
목메어 운다
당신과 나 사이에
연락선이 없었다면
날 두고 떠나지는 않았을 것을
아득히 바다 멀리
떠나가는 연락선을
가슴 아프게 가슴 아프게
바라보지 않았으리
갈매기도 내 마음같이
목메어 운다
갈매기도 내 마음같이
목메어 운다"
님은 먼 곳에,367,황민호,"사랑한다고 말할걸 그랬지
님이아니면 못산다 할 것을
사랑한다고 말할걸 그랬지
망설이다가 가버린 사람
마음주고 눈물 주고 꿈도 주고
멀어져 갔네
님은 먼 곳에
영원히 먼 곳에 망설이다가
님은 먼 곳에
마음주고 눈물주고 꿈도 주고
멀어져 갔네
님은 먼 곳에
영원히 먼 곳에 망설이다가
님은 먼 곳에
망설이다가
님은 먼 곳에"
신사동 그 사람,79,유민지,"희미한 불빛 사이로
마주치는 그 눈길 피할 수 없어

나도 몰래 사랑을 느끼며
만났던 그 사람

행여 오늘도 다시 만날까
그날 밤 그 자리에 기다리는데

그 사람 오지 않고 나를 울리네
시간은 자정 넘어 새벽으로 가는데

아~ 그날 밤 만났던 사람
나를 잊으셨나봐

희미한 불빛 사이로
오고가던 그 눈길 어쩔 수 없어

나도 몰래 마음을 주면서
사랑한 그 사람

오늘밤도 행여 만날까
그날 밤 그 자리에 마음 설레며

그 사람 기다려도 오지를 않네
자정은 벌써 지나 새벽으로 가는데

아~ 내 마음 가져간 사람
신사동 그 사람

희미한 불빛 사이로
마주치는 그 눈길 피할 수 없어

나도 몰래 사랑을 느끼며
만났던 그 사람

행여 오늘도 다시 만날까
그날 밤 그 자리에 기다리는데

그 사람 오지 않고 나를 울리네
시간은 자정 넘어 새벽으로 가는데

아 그날 밤 만났던 사람
나를 잊으셨나봐"
모정의 세월,669,나훈아,"동지섣달 긴긴밤이 짧기만 한 것은
근심으로 지새우는 어머님 마음
흰머리 잔주름은 늘어만 가시는데
한없이 이어지는 모정의 세월
아 가지 많은 나무에 바람이 일듯
어머님 가슴에는 물결만 높네
길고 긴 여름날이 짧기만 한 것은
언제나 분주한 어머님 마음
정성으로 기른 자식 모두들 가버려도
근심으로 얼룩지는 모정의 세월
아 가지 많은 나무에 바람이 일듯
어머니 가슴에는 물결만 높네"
오르자 (Prod. 알고보니 혼수상태),"2,594",둘째이모 김다비,"오르자 오르자 오르자 연봉아 오르자
빌딩 숲 내 집 한번 심어보자
월차 내고 싶은 월요일
출근한 게 완전 미라클
월급 위해 지하철에 오르자
화가 많다 많아 화요일
버틴 조카에게 박수를
텐션은 금요일 수상하다 수요일
월화수 9부 능선 잘도 넘었다
직장 조카 잘 버텼다 옳지 옳다
오르자 오르자 오르자 흥이여 오르자
들숨에는 월급을 날숨에는 뽀너스
오르자 오르자 오르자 연봉아 오르자
빌딩 숲 내 집 한번 심어보자
봉중에 봉 내연봉
급중에 급 성과급
오중에 오 씨이오 이루자
목타는 목요일
말모 목이 와 타겠노
불금 위해 숨을 고르자
5시간 뒤면 불금이라
토끼처럼 빨리 간다 토요일
머선일이고 일초 같은 일요일
월화수 9부 능선 잘도 넘었다
주린이들 주식 한번 오르자 올라
오르자 오르자 오르자 흥이여 오르자
들숨에는 월급을 날숨에는 뽀너스
오르자 오르자 오르자 연봉아 오르자
빌딩 숲 내 집 한번 심어보자
오르자 오르자 오르자 빰"
딜라일라,962,조영남,"I saw the light on the night
that I passed by her window
I saw the flickering
shadows of love on her blind
She was my woman
As she deceived me
I watched and
went out of my mind
My my my Delilah
Why why why Delilah
I could see that girl
was no good for me
But I was lost like a slave
that no man could free
밤 깊은 골목길
그대 창문 앞 지났네
창문에 비치는
희미한 두 그림자
그댄 내 여인 날 두고
누구와 사랑을 속삭이나
오 나의 딜라일라
왜 날 버리는가
애타는 이 가슴 달랠 길 없어
복수에 불타는 마음만 가득찼네
그댄 내 여인 날 두고
누구와 사랑을 속삭이나
오 나의 딜라일라
왜 날 버리는가
애타는 이 가슴 달랠 길 없어
복수에 불타는 마음만 가득 찼네
Forgive me Delilah
I just couldn't take anyone"
신 사랑고개,410,금잔디,"미아리 눈물고개 님이 넘던 이별고개
아주 오래전에 미아리고개
울며불며 매달리던 눈물고개
오늘날에 현재 미아리고개
갈테면 가라지 냅두는 고개
내가 뭐 잡을줄 아니
천만의 만만의 콩떡
여자답게 상냥하게 보내는 거야
미아리 눈물고개 니가 떠난 이별고개
니가 없어도 남자는 많아
갈테면 어서 가라지
행여 나에게 돌아올 생각
꿈에도 하지 말아줘
아주 오래전에 미아리고개
울며불며 헤어지던 눈물고개
오늘날에 현재 미아리고개
갈테면 가라지 냅두는 고개
내가 뭐 잡을줄 아니
천만의 만만의 콩떡
여자답게 깔끔하게 보내는 거야
미아리 눈물고개 니가 떠난 이별고개
니가 없어도 남자는 많아
갈테면 어서 가라지
행여 나에게 연락할 생각
꿈에도 하지 말아줘
행여 나에게 돌아올 생각
꿈에도 하지 말아줘
닐리리 닐리리 닐니리"
휘경동 부르스,632,신승태,"스쳐 가는 사람들 속에서
그 사람이 보여서
따라가 봅니다
혹시 그 사람일까
아니 이러면 안 되지
추억만을 남기고
말없이 떠나버렸네
속절없는 내 사랑이여
하염없이 기다리네
오지 않을 사람을
비 내리는 휘경동에서
우리 사랑 나누던 그곳
휘경로 그 거리
찾아가 봅니다
혹시 만나게 될까
아니 이러면 안 되지
추억만을 남기고
말없이 떠나버렸네
다정했던 내 사랑이여
하염없이 기다리네
오지 않을 사람을
비 내리는 휘경동에서
하염없이 기다리네
오지 않을 사람을
비 내리는 휘경동에서
비 내리는 휘경동에서"
건배,417,민수현,"빈잔에다 꿈을 채워 마셔버리자
술잔을 높이 들어라
냉정한 세상 허무한 세상
알고도 속고 모르고도 속는 세상
팔자라거니 생각을 하고
가엾은 엄니 원망일랑 말어라
가는 세월에 저 가는 청춘에
너나 나나 밀려가는 나그네
빈잔에다 꿈을 채워 마셔버리자
술잔을 높이 들어라 건배 건배
서러워 마라 울지를 마라
속는 셈치고 내일을 믿어보자
자네도 빈손 나 또한 빈손
돌고 또 도는 세상 탓은 말어라
가는 세월에 저 가는 청춘에
너나 나나 끌려가는 방랑자
빈잔에다 꿈을 채워 마셔버리자
술잔을 높이 들어라
가는 세월에 저 가는 청춘에
너나 나나 끌려가는 방랑자
빈잔에다 꿈을 채워 마셔버리자
술잔을 높이 들어라
술잔을 높이 들어라
술잔을 높이 들어라
건배"
칠갑산,814,송가인,"콩밭 매는 아낙네야
베적삼이 흠뻑 젖는다
무슨 설움 그리 많아
포기마다 눈물심누나
홀어머니 두고 시집가던 날
칠갑산 산마루에
울어주던 산새소리만
어린 가슴속을 태웠소
홀어머니 두고 시집가던 날
칠갑산 산마루에
울어주던 산새소리만
어린 가슴속을 태웠소
울어주던 산새소리만
어린 가슴속을 태웠소"
블링블링,55,두리 (DooRi),"이렇게 하루하루 블링블링

입술아 어서 말을 해 나 없이 못 산다고
나만을 사랑한다고

이렇게 애원할 때가 눈앞에 있을 때가
따뜻한 봄날인 거야

거울아 어서 말을 해 내가 젤 예쁘다고
내가 젤 매력 있다고

혹시나 해보지만 역시나 기대만큼
원한 말을 들을 수 없어

이 세상사가 다 그래
간절히 원할 때는 더디고

마음을 비우니까 어느새
눈처럼 녹아들잖아

오늘은 Party party 한 번뿐인 인생
나를 더 사랑하며 살 거야

더 많이 많이 행복하고 싶어
이렇게 하루하루 블링블링 오 예

이 세상사가 다 그래
간절히 원할 때는 더디고

마음을 비우니까 어느새
눈처럼 녹아들잖아

오늘은 Party party 한 번뿐인 인생
나를 더 사랑하며 살 거야

더 많이 많이 행복하고 싶어
이렇게 하루하루 블링블링

오늘도 Party party 청춘은 다시다시
뭐든 생각하기 나름이지

행복은 많이많이 사랑도 많이많이
이렇게 오늘도 블링블링

(오늘도) Party party 청춘은 다시다시
뭐든 생각하기 나름이지

행복은 많이많이 사랑도 많이많이
이렇게 오늘도 블링블링 블링블링"
하니하니,"2,875",초등부 (수빈이네 일곱자매들),"하니 하니 하니 나를 사랑하니
정말 나를 사랑하니
오니 오니 오니 내게 다가오니
정말 내게 오는거니
아무것도 묻지마
우리 그냥 이대로
뜨겁게 뜨겁게 사랑하다가
아침이 올 때 까지만
내 곁에 있어 주면 돼
그리고 미련 없이
우리 그냥 헤어져
하니 하니 하니 이제 내 맘 아니
후회 없는 사랑 원해
오니 오니 오니 내게 오기 전에
먼저 내 맘 이해해줘
아무것도 묻지 마
우리 그냥 이대로
뜨겁게 뜨겁게 사랑하다가
아침이 올 때 까지만
내 곁에 있어 주면 돼
그리고 미련 없이
우리 그냥 헤어져
아침이 올 때 까지만
내 곁에 있어 주면 돼
그대 그대 내 맘 이해해줘
그대 내 맘 이해해줘
그대 그대 내 맘 이해해줘
그대 그대 내 맘 이해해줘
그대 그대 내 맘 이해해줘"
밤의 플랫트홈,687,김범룡,"귀뚜라미 슬피 울던 밤
겨울바람 멀리 있던 밤
밤열차는 멀리 떠나고
나의 님이 울며 가던 밤
내 마음을 달랠길 없어
한밤중을 홀로 걸었고
떨어지는 갈잎 소리에
나도 그만 울고 말던 밤
눈을 들어서 하늘을 보며
눈믈을 감추려 했는데
눈을 들어서 하늘을 보며
눈물을 감추려 했는데
밤열차는 멀리 떠나고
나의 님도 멀어져가고
나만 홀로 외로이 서서
밤하늘에 별을 헤던 밤

눈을 들어서 하늘을 보며
눈물을 감추려 했는데
눈을 들어서 하늘을 보며
눈물을 감추려 했는데
밤열차는 멀리 떠나고
나의 님도 멀어져 가고
나만 홀로 외로이 서서
밤하늘에 별을 헨다오
밤하늘에 별을 헨다오"
내 삶의 이유 있음은,650,이미자,"나 이제 노을길 밟으며 음

나 홀로 걷다가 뒤돌아보니

인생길 구비마다 그리움만 고였어라

외롭고 고달픈 인생길이었지만

쓰라린 아픔 속에서도 산새는 울고

추운 겨울 눈밭 속에서도 동백꽃은 피었어라

나 슬픔 속에서도 살아갈 이유 있음은 음~

나 아픔 속에서도 살아갈 이유 있음은 음~

내 안에 가득 사랑이

내 안에 가득 노래가 있음이라



황혼 밤 하늘에 별이 뜨듯이

나 사는 외로움 속에서도 들꽃은 피고

새들이 노래하는 푸른 숲도 의미 있으니

나 슬픔 속에서도 행복한 날이 있었고 음~

나 아픔 속에서도 당신이 거기 계시니 음~

내 안에 가득 사랑이

내 안에 가득 노래가 있음이라"
케 세라 세라,814,장윤정,"그 날 케 세라 세라
누구나 가슴 한편엔 꿈이
남아 있겠지
사는게 녹록지 않아 잠시
묻어뒀겠지
현실이 힘들게 하지만 사랑이
나를 외롭게 하지만
케 세라 세라 아직 끝이
아니야 오라 온다
내 꿈속에 사는 날 그날
케세라세라
저 하늘 아래 점하나
안되는 나이지만
내 마음만은 이 세상 한껏
품고 남는다
현실이 힘들게 하지만 사랑이
나를 외롭게 하지만
케 세라 세라 아직 끝이
아니야 오라 온다
내 꿈속에 사는 날 그날
케세라세라
케 세라 세라 아직 끝이
아니야 오라 온다
내 꿈속에 사는 날 그날
케세라세라
그날 케세라세라"
제3한강교,"27,057",임영웅,"강물은 흘러갑니다
제3한강교 밑을
당신과 나의 꿈을
싣고서 마음을 싣고서
젊음은 피어나는
꽃처럼 이밤을 맴돌다가
새처럼 바람처럼
물처럼 흘러만 갑니다
어제 다시 만나서 다짐을 하고
우리들은 하나가 되었습니다
이밤이 새이며는 첫차를 타고
행복어린 거리로 떠나갈거예요
아아 뚜룻뚜룻뚜 하
강물은 흘러갑니다
제3한강교 밑을
바다로 쉬지않고
바다로 흘러만 갑니다
어제 다시 만나서 다짐을 하고
우리들은 맹세를 하였습니다
이밤이 새이며는 첫차를 타고
행복어린 거리로 떠나갈거예요
오오 뚜룻뚜룻뚜 하
강물은 흘러갑니다
제3한강교 밑을
바다로 쉬지않고
바다로 흘러만 갑니다
흘러만 갑니다
흘러만 갑니다"
일편단심 민들레야,141,금강산(한강&김산하),"님 주신 밤에 씨 뿌렸네
사랑의 물로 꽃을 피웠네
긴 세월 하루같이
하늘만 쳐다보니
그 이의 목소리는
어디에서 들을까
일편단심 민들레는
일편단심 민들레는
떠나지 않으리라
님 주신 밤에 씨 뿌렸네
사랑의 물로 꽃을 피웠네
처음 만나 맺은 마음
일편단심 민들레야
그 여름 어인 광풍
그 여름 어인 광풍
낙엽지듯 가시었네
행복했던 장미 인생
비바람에 꺾이니
나는 한 떨기 슬픈 민들레야
긴 세월 하루같이
하늘만 쳐다보니
그이의 목소리는
어디에서 들을까
일편단심 민들레는
일편단심 민들레는
떠나지 않으리라
해가 뜨면 달이 가고
낙엽 지니 눈보라 치네
기다리고 기다리는
일편단심 민들레야
가시밭길 산을 넘고
가시밭길 산을 넘고
강을 건너 찾아왔소
행복했던 장미 인생
비바람에 꺾이니
나는 한 떨기 슬픈 민들레야
긴 세월 하루같이
하늘만 쳐다보니
그이의 목소리는
어디에서 들을까
일편단심 민들레는
일편단심 민들레는
떠나지 않으리라
님 주신 밤에 씨 뿌렸네
사랑의 물로 꽃을 피웠네
일편단심 민들레야
일편단심 민들레야
긴 세월 하루같이
하늘만 쳐다보니
그이의 목소리는
어디에서 들을까
일편단심 민들레는
일편단심 민들레는
떠나지 않으리라
일편단심 민들레는
일편단심 민들레는
떠나지 않으리라"
님의 등불,34,김지현,"동쪽에서 부는 바람
님에 옷깃 스칠라

서쪽에서 부는 바람
님에 살갗 스칠라

하나밖에 없는 내 님이여
누가 볼까 두렵소

장독 뒤에 숨길까
이내 등 뒤에 숨길까

세찬 비바람 불어도
거센 눈보라가 닥쳐도

나는 영원한 당신의 등불이
되리라

세월 따라 변하는 게
님의 얼굴이더냐

강물처럼 흘러가는
가는 세월 야속하오

내 영혼을 심어 사랑한 님
누가 볼까 두렵소

장독 뒤에 숨길까
이내 등 뒤에 숨길까

세찬 비바람 불어도
거센 눈보라가 닥쳐도

나는 영원한 당신의 등불이
되리라

나는 영원한 당신의 등불이
되리라"
이 마음 다시 여기에,"1,087",노사연,"못내 아쉬운 이별이
어느새 그리움 되어
설레이는 더운 가슴으로
헤매여도 바람일 뿐
끝내 못 잊을 그날이
지금도 다시 눈 앞에
글썽이는 흐린 두눈으로
둘러봐도 하늘일 뿐
아 나의 사랑은
때로는 아주 먼 곳에
영원히 찾을 수 없는 곳에
던져 버리고 싶을 뿐
하지만 저 쯤 멀어진
그리운 우리의 사랑
대답이 없는 너의 뒷모습
이 마음 다시 여기에

아 나의 사랑은
때로는 아주 먼 곳에
영원히 찾을 수 없는 곳에
던져 버리고 싶을 뿐
하지만 저 쯤 멀어진
그리운 우리의 사랑
대답이 없는 너의 뒷모습
이 마음 다시 여기에
이 마음 다시 여기에"
순정,"1,876",코요태,"It's clear night How Y' all fell tonight



Alright let's get it on wit some new wave trance



if you're ready to groove let me hear you say



yeah~ One Two



Three Go!



워 워 워~~~ 나를 포기했어 너만 사랑했어



그것만으로도 부족했었나 바보 같은 내게 내게 이럴

수 있어



영원히 함께 있자고 죽어도 같이 죽자고



눈물로써 맹세했는데 다 필요 없어



너의 행복 찾아 나를 떠난다면 이제 와서 나는 어떡하라고



다시 생각해봐 내게 이러면 안돼 너 없인 살 수가없어



제발 날 도와 달라고 애원하며 붙잡고싶어



워 워 워~~~ 어느날 갑자기 슬픈 내게로 다가와



사랑만 주고서 멀리 떠나가 버린 너~~~



get down and find yo cutie jump around and shake yo

booty



이해 못해 너의 그런 의미 why me 진정 나를 사랑했니 heart



breakin, love rackin 너에게 모든 걸 맡긴, now you packin



왜 착한 나를 자꾸 울려, don't wanna let's you go!



사랑하면 뭐해 정은 줘서 뭐해 순정 받쳐 고작 눈물뿐인데



사랑한게 죄야 너를 원망 않겠어 나 떠나 행복하기를



간절히 기도할께요 단 내 사랑은 잊지 말아줘.



워 워 워~~~ 어느날 갑자기 슬픈 내게로 다가와



사랑만 주고서 멀리 떠나가 버린 너~~~"
천년을 빌려 준다면,155,박진도,"당신을 사랑하고
정말 정말 사랑하고
그래도 모자라면 당신을 위해
무엇이든 다 해주고 싶어
만약에 하늘이
하늘이 내게
천년을 빌려준다면
그 천년을 당신을 위해
사랑을 위해
아낌없이 모두 쓰겠소
당신을 사랑하고
너무 너무 사랑하고
그래도 모자라면 당신을 위해
원하는 것 다 해주고 싶어
어느 날 하늘이
하늘이 내게
천년을 빌려준다면
그 천년을 당신을 위해
사랑을 위해
아낌없이 모두 쓰겠소"
도련님,703,문연주,"도련님 도련님
한양가신 우리 도련님
불러도 대답 없고
기다려도 오지 않는
무심한 우리 도련님
오늘밤 도련님께 고백할래요
도련님을 짝사랑했다고
사랑하면 안되나요
좋아해도 안되나요
향단이도 여자랍니다
도련님 오시는 날
도련님 오시는 날
내 가슴에 점하나 찍어줘요
도련님 도련님
평양가신 우리 도련님
불러도 대답 없고
기다려도 오지 않는
무심한 우리 도련님
오늘밤 도련님께 고백할래요
도련님을 짝사랑했다고
사랑하면 안되나요
좋아해도 안되나요
향단이도 여자랍니다
도련님 오시는 날
도련님 오시는 날
내 가슴에 점하나 찍어줘요
도련님 오시는 날
도련님 오시는 날
내 가슴에 점하나 찍어줘요"
희망가,"23,893",임영웅,"이 풍진 세상을 만났으니
너의 희망이 무엇이냐
부귀와 영화를 누렸으니
희망이 족할까
푸른 하늘 밝은 달 아래
곰곰히 생각하니
세상 만사가 춘몽중에
또 다시 꿈 같도다
이 풍진 세상을 만났으니
너의 희망이 무엇이냐
부귀와 영화를 누렸으면
희망이 족할까
담소화락에 엄벙덤벙
주색잡기에 침몰하랴
세상만사를 잊었으면
희망이 족할까
푸른 하늘 밝은 달 아래
곰곰히 생각하니
또 다시 꿈 같도다
또 다시 꿈 같도다
이 풍진 세상을 만났으니
너의 희망이 무엇이냐
부귀와 영화를 누렸으면
희망이 족할까"
잠깐이라도,"1,093",안성훈,"그래요 어쩌다가 찾아 왔어요
당신이 보고 싶어서
그래요 어쩌다가 당신 때문에
가슴이 뛰고 있네요
누구도 내 눈에 보이지 않았어
가까이 다가왔어도
누구도 님 대신 할 수가 없기에
꿈같은 사랑을 한다
잠깐이라도 나를 바라봐 준다면
달링 오 마이 달링 유 그대여
잠깐이라도 그댈 볼 수만 있다면
원하고 원하는 사랑
누구도 내 눈에 보이지 않았어
가까이 다가왔어도
누구도 님 대신 할 수가 없기에
꿈같은 사랑을 한다
잠깐이라도 나를 바라봐 준다면
달링 오 마이 달링 유 그대여
잠깐이라도 그댈 볼 수만 있다면
원하고 원하는 사랑
잠깐이라도 나를 바라봐 준다면
달링 오 마이 달링 유 그대여
잠깐이라도 그댈 볼 수만 있다면
원하고 원하는 사랑
원하고 원하는 사랑"
사랑역,"2,142",박지현,"돌고 돌아 사랑역
다시 한번 내렸네
아픔만 두고 떠나가는
저 기차는 말이 없는데
이리 갈까 저리 갈까
몇 번을 물어보아도
돌아온 대답은 멀어지는
멀어지는 기적 소리뿐
아 사랑역 나에겐 눈물역
돌고 돌아 사랑역
다시 한번 내렸네
상처만 두고 떠나가는
저 기차는 말이 없는데
남은 짐 구겨 넣고
돌아서는 내 모습이
마주친 대합실 창 너머로
쓸쓸히 웃음 짓는다
아 사랑역 나에겐 눈물역
이리 갈까 저리 갈까
몇 번을 물어보아도
돌아온 대답은 멀어지는
멀어지는 기적 소리뿐
아 사랑역 나에겐 눈물역
나에겐 눈물역"
목마른 장미(원제.연정),83,박혜신,"너의 눈과 나의 눈이 마주치던 날
해바라기 잎 사이로 우린 만났지
사랑한단 그 얘기를 내게 하면서
수줍어 고개 숙인 네 모습이
긴 세월 간다 해도
잊을 수 없어
목 마른 장미처럼
기다리는 나
아 사랑은 정녕
이다지 괴로운 것일까
마주 잡은 두 손길에 따스한 체온
멀리 떠난 지금까지 남아 있는데
검은 머리 바람결에 휘날리면서
돌아서던 네 모습은 지금 어디에

긴 세월 간다 해도 잊을 수 없어
목 마른 장미처럼
기다리는 나
아 사랑은 정녕
이다지 괴로운 것일까
마주 잡은 두 손길에 따스한 체온
멀리 떠난 지금까지 남아 있는데
검은 머리 바람결에 휘날리면서
돌아서던 네 모습은 지금 어디에
돌아서던 네 모습은 지금 어디에"
남자들은 날 가만 안나둬,369,김중연,"도도한 게 죄라면은 죄겠지
그렇다고 너무 그리 쫄지말어

산전수전 다 겪고 훈장 단
연애 대학 박사님을
자존심 상하도록
싱겁게 가지려고 하면 되니

여자들은 날 가만히 안나둬
여자들은 날 가만히 안나둬

잘생긴 게 죄니
섹시한 게 죄니

쭉쭉 빠진 게 죄니
콧대높은게 죄니

산으로 갈까 강으로 갈까
너 한번 당해보라고

바다 깊숙이 잠수 타고
소라 미역 전복 따며
살아버릴까 애 좀 먹여줄까

기특한 선물 하나 받아들고
도둑키스 한방에 무너질
아마추언줄 아니?

산전수전 다 겪고 훈장 단
연애 대학 박사님을
자존심 상하도록
싱겁게 가지려고 하면 되니

여자들은 날 가만히 안나둬
여자들은 날 가만히 안나둬

여자들은 날 가만히 안나둬
여자들은 날 가만히 안나둬"
백세인생,"1,887",박서진,"60세에 저세상에서 날 데리러 오거든
아직은 젊어서
못 간다고 전해라
70세에 저세상에서 날 데리러 오거든
할 일이 아직 남아
못 간다고 전해라
80세에 저세상에서 날 데리러 오거든
아직은 쓸 만해서
못 간다고 전해라
90세에 저세상에서 날 데리러 오거든
알아서 갈 테니
재촉 말라 전해라
100세에 저세상에서 날 데리러 오거든
좋은 날 좋은 시에
간다고 전해라
아리랑 아리랑 아라리요
아리랑 고개로 또 넘어간다
80세에 저세상에서 또 데리러 오거든
자존심 상해서
못 간다고 전해라
90세에 저세상에서 또 데리러 오거든
알아서 갈 텐데
또 왔냐고 전해라
100세에 저세상에서 또 데리러 오거든
극락 왕생할 날을
찾고 있다 전해라
150에 저세상에서 또 데리러 오거든
나는 이미 극락세계
와 있다고 전해라
아리랑 아리랑 아라리요
우리 모두 건강하게 살아가요"
디디디,38,서윤,"D D D D D D
혼자선 너무나 외로워

그대와 나 이렇게 멀리
떨어져 있기에
전화 다이얼에 맞춰
남몰래 그대를 부르네
속삭이듯 마음을 끄는
다정한 그 목소리
언제 불러봐도 왠지
두 눈에 이슬만 맺히네
더 이상 이제 나는
기다릴 수가 없어요
마지막 동전 하나
손끝에서 떠나면
D D D D D D
혼자선 너무나 외로워
D D D D D D
가슴만 태우는 그대여

더 이상 이제 나는
기다릴 수가 없어요
마지막 동전 하나
손끝에서 떠나면
D D D D D D
혼자선 너무나 외로워
D D D D D D
가슴만 태우는 그대여
D D D D D D
혼자선 너무나 외로워
D D D D D D
가슴만 태우는 그대여
D D D"
그저 바라볼수만 있어도,"1,861",유익종,"이밤 한마디 말없이
슬픔을 잊고져
멀어진 그대의 눈빛을
그저 잊고져
작은 그리움이 다가와
두눈을 감을때
가슴을 스치는것이
무엇인지 모르오
그저 바라볼 수만 있어도
좋은 사람
그리워 떠오르면
가슴만 아픈사람
우리 헤어짐은 멀어도
마음에 남아서
창문 흔들리는 소리에
돌아보는 마음

그저 바라볼 수만 있어도
좋은 사람
그리워 떠오르면 가슴만
아픈 사람
우리 헤어짐은 멀어도
마음에 남아서
창문 흔들리는 소리에
돌아보는 마음"
진정 난 몰랐네,497,임희숙,"그토록 사랑하던 그 사람
잃어버리고
타오르는 내마음만
흐느껴 우네
그토록 믿어왔던 그 사람
돌아설 줄이야
예전에는 몰랐었네
진정 난 몰랐네
누구인가 불어주는 휘파람소리
행여나 찾아줄까
그 님이 아니올까
기다리는 마음 허무해라
그토록 믿어왔던 그 사람
돌아설 줄이야
예전에는 몰랐었네
진정 난 몰랐네

누구인가 불어주는 휘파람소리
행여나 찾아줄까
그 님이 아니올까
기다리는 마음 허무해라
그토록 믿어왔던 그 사람
돌아설 줄이야
예전에는 몰랐었네
진정 난 몰랐네"
잃어버린 30년,"10,287",이찬원,"비가 오나 눈이 오나
바람이 부나
그리웠던 삼십 년 세월
의지할 곳 없는
이 몸 서러워하며
그 얼마나 울었던가요
우리 형제 이제라도
다시 만나서
못다한 정 나누는데
어머님 아버님
그 어디에 계십니까
목 메이게 불러봅니다
내일일까 모레일까
기다린 것이
눈물 맺힌 삼십 년 세월
고향 잃은
이 신세를 서러워하며
그 얼마나 울었던 가요
우리 남매 이제라도
다시 만나서
못다 한 정 나누는데
어머님 아버님
그 어디에 계십니까
목 메이게 불러 봅니다
목 메이게 불러 봅니다"
물레방아 도는데,657,김의영,"돌담길 돌아서며 또 한번 보고
징검다리 건너갈 때 뒤돌아 보며
서울로 떠나간 사람
천리타향 멀리 가더니
새 봄이 오기 전에 잊어버렸나
고향의 물레방아
오늘도 돌아가는데
두 손을 마주 잡고 아쉬워하며
골목길을 돌아설 때 손을 흔들며
서울로 떠나간 사람
천리타향 멀리 가더니
가을이 다가도록 소식도 없네
고향의 물레방아
오늘도 돌아가는데
천리타향 멀리 가더니
가을이 다가도록 소식도 없네
고향의 물레방아
오늘도 돌아가는데"
빈말이라도,638,조항조,"한마디 말을 해줘요
정말 사랑 했다고
가슴에 와닿지는 않아도
그 말이 듣고 싶어요
한마디 말을 해줘요
이대로 가지 말라고
다시 또 만날 수는 없어도
웃으며 떠날수있게
빈말이라도 당신하는 모든 말
가슴치며 믿고 싶어요
거짓이라도 그렇지 않아도
사무치게 그리울테니
한 번만 나에게 이렇게 말해요
빈 말인줄 알고 있지만
그대 없이는 허전한 가슴
기댈 곳이 없다고
한마디 말을 해줘요
이대로 가지 말라고
다시 또 만날 수는 없어도
웃으며 떠날수있게
빈말이라도 당신하는 모든 말
가슴치며 믿고 싶어요
거짓이라도 그렇지 않아도
사무치게 그리울테니
한 번만 나에게 이렇게 말해요
빈 말인줄 알고 있지만
그대 없이는 허전한 가슴
기댈 곳이 없다고
기댈 곳이 없다고"
남자 대 남자,"3,962",장민호,"남자 대 남자로 부탁합니다
눈물로 부탁합니다
지금 당신 옆에 서 있는
여린 풀잎 같은 그 여자
내게로 보내주세요
어이가 없으시겠죠
험한 말 이해합니다
하지만 그 여자 사랑을 약속한
오래 전 내 여잡니다
집을 달라시면 집을 드리고
차를 달라시면 차를 드리고
뭐든지 다 드릴게요
그 사람만 그 사람만
나에게 돌려주세요
어이가 없으시겠죠
험한 말 이해합니다
하지만 그 여자 사랑을 약속한
오래 전 내 여잡니다
집을 달라시면 집을 드리고
차를 달라시면 차를 드리고
뭐든지 다 드릴게요
그 사람만 그 사람만
나에게 돌려주세요
그 사람만 그 사람만
나에게 돌려주세요"
사랑 밖엔 난 몰라,422,심수봉,"그대 내 곁에선 순간
그 눈빛이 너무 좋아
어제는 울었지만
오늘은 당신땜에
내일은 행복할거야
얼굴도 아니 멋도 아니 아니
부드러운 사랑만이 필요했어요
지나간 세월 모두 잊어버리게
당신없인 아무것도
이젠 할 수 없어
사랑밖엔 난 몰라
무심히 버려진 날 위해
울어주던 단 한 사람
커다란 어깨위에
기대고 싶은 꿈을
당신은 깨지 말아요
이 날을 언제나 기다렸어요
서러운 세월만큼 안아주세요
그리움 바람처럼 사라질까봐
사랑하다 헤어지면
다시 보고 싶고
당신이 너무 좋아"
사모,"3,169",박서진,"오소서 님이여 님이시여
촉촉이 젖은 입술로
바람에 업히어 구름에 실려
살짝이 오소서
오소서 님이여 님이시여
선바람 모습 그대로
풋서리길 말고 꽃길을 따라
살짝이 오소서
낙숫물에 머리를 감고
달빛에 머리를 빗고
님이 오시는 길목에 서서
사모하는 가슴앓이 아신다면은
오소서 님이여 님이시여
살짝이 오소서
낙숫물에 머리를 감고
달빛에 머리를 빗고
님이 오시는 길목에 서서
사모하는 가슴앓이 아신다면은
오소서 님이여 님이시여
살짝이 오소서
오소서 님이여 님이시여
잽싸게 오소서"
항구의남자,"2,684",홍잠언,"항구의 남자는
항구의 남자는
갈매기도 사랑한다네
들어라 한잔 술
파도를 담고
두잔 술에 하늘을 담아
묻지를 마라 남자의 사연을
묻지를 마라 첫 사랑일랑
항구의 남자는
항구의 남자는
바다가 사랑이란다
항구의 남자는
항구의 남자는
바다가 고향이란다"
당신이 좋아,"2,563",한이재,"그대는 내 사랑
당신도 내 사랑
이세상의 그무엇도 쨉이 안되지
원앙이 따로있나 우리가 원앙이지
환상의 해피한 원앙이지
아 꿀맛같은 그대사랑에
내 인생을 걸었잖아
비가 와도 좋아 눈이 와도 좋아
바람 불어도 좋아
좋아좋아 당신이 좋아
아 꿀맛같은 그대사랑에
내 인생을 걸었잖아
비가 와도 좋아 눈이 와도 좋아
바람 불어도 좋아
좋아좋아 당신이 좋아
좋아좋아 당신이 좋아"
물레야,704,강혜연,"한밤이 지났느냐
돌아라 물레야
홀로 타는 등불마저
쓸쓸한 밤을
너 아니면 나는 어떡해
하루이틀 기다린 님이
달이 가고 해가 가도
물레만 도네
기다려도 오지 않는
무심한 님이시여
돌아가는 물레야
한밤이 지났느냐
돌아라 물레야
홀로 타는 등불마저
쓸쓸한 밤을
너 아니면 나는 어떡해
하루 이틀 기다린 님이
달이 가고 해가 가도
물레만 도네
기다려도 오지않는
무심한 님이시여
돌아가는 물레야
돌아가는 물레야"
왕서방,"1,553","미스유랑단(김태연,양지은,윤태화,윤희,전유진)","왕서방 왕서방
비단은 많이 팔았수
사랑만 남겨놓고
사랑만 남겨놓고
어디 갔을까
왕서방 왕서방
비단은 많이 팔았수
가슴이 시리도록
가슴이 시리도록
생각이 난다
자꾸 자꾸 계절이 가네
자꾸 자꾸 세월이 가네
보고싶은 님이여
사랑했던 님이여
운명 같은 나의 님이여
흐예이예이예 흐예이예이예
흐예이예이예이예
흐예이예이예 흐예이예이예
흐예이예이예이예
비단 팔아 온다더니
아직까지 소식이 없네
왕서방
왕서방 왕서방
비단은 많이 팔았수
빈 가슴 남겨놓고
빈 가슴 남겨놓고
어디 갔을까
왕서방 왕서방
비단은 많이 팔았수
앙가슴 시리도록
앙가슴 시리도록
생각이 난다
자꾸 자꾸 계절이 가네
자꾸 자꾸 세월이 가네
보고싶은 님이여
사랑했던 님이여
운명 같은 나의 님이여
흐예이예이예 흐예이예이예
흐예이예이예이예
흐예이예이예 흐예이예이예
흐예이예이예이예
비단 팔아 온다더니
아직까지 소식이 없네
비단 팔아 온다더니
아직까지 오지를 않네
흐예이예이예 흐예이예이예
흐예이예이예이예
흐예이예이예 흐예이예이예
흐예이예이예이예
왕서방"
그대 품에,"2,961",박서진,"그대 품에 잠들고 싶은 날이에요
그대 품에 안기고 싶은 날이에요
그대 품을 느껴보다가
이제 그대 못 볼 날에는
담담이 내려 놓을게요
빗물이 강물이되고
강물이 바다가 되는 날
그대를 이제 떠나가지만
내 인생은 행복했어요
그대여 오늘도 사랑스러워
나는 그품에 안기어
이제는 볼날이 많지 않아도
내 인생 후회는 없어요
그대 품에 잠들고 싶은 날이에요
그대 품에 안기고 싶은 날이에요
그대 품을 느껴보다가
이제 그대 못 볼 날에는
담담이 내려 놓을게요
빗물이 강물이되고
강물이 바다가 되는 날
그대를 이제 떠나가지만
내 인생은 행복했어요
그대여 오늘도 사랑스러워
나는 그품에 안기어
이제는 볼날이 많지 않아도
내 인생 후회는 없어요
그대 품에 잠들고 싶은 날이에요
그대 품에 안기고 싶은 날이에요
그대 품을 느껴보다가
이제 그대 못 볼 날에는
담담이 내려 놓을게요
담담이 내려 놓을게요"
아내에게,864,안성훈,"그댄 평생을 모두 바쳐서
나만을 사랑해준 단 한 사람
그 마음이 너무 깊어서
이제껏 못 봤나 보오
이제 내가 그대를 위해서
지난 날 갚으려 하는데
뭐가 그리 그대는 바쁜지
이 사랑을 이 사랑을 떠나려 하오
내 하나의 사랑 그댄 나의 전분데
누구도 대신할 수 없는 그대인데
내 가슴이 무너져 내 가슴이 찢어져
그대를 볼 수가 없는데
그대를 놓을 수가 없는데
그래 그댄 힘들었을 거야
내 모든 걸 다 받아 주었었잖아
그대 없이 나 혼자 어떻게
이 세상을 이 세상을 살아가라고
내 하나의 사랑 그댄 나의 전분데
누구도 대신할 수 없는 그대인데
내 가슴이 무너져 내 가슴이 찢어져
그대를 볼 수가 없는데
사랑한다고 사랑한다고 널 사랑한다고
내 하나의 사랑 그댄 나의 전분데
누구도 대신할 수 없는 그대인데
내 가슴이 무너져 내 가슴이 찢어져
그대를 볼 수가 없는데
그대를 놓을 수가 없는데"
첫정,"1,912",박지현,"잊어야 하기에
가슴은 아파도
미련 없이 잊을래요
사랑도 주고
눈물도 주고
떠나버린 그 사람을
사랑하던 지난 시절
받은 첫정 때문에
무거운 발길을 돌리지 못하고
외로이 서서 망설이고 있답니다

지워야 하기에
가슴은 아파도
눈을 감고 지울래요
행복도 주고
슬픔도 주고
떠나버린 그 사람을
사랑하던 지난 시절
받은 첫정 때문에
외로운 마음을 달래지 못하고
나 홀로 서서 망설이고 있답니다"
십분 내로,"2,646",김소유,"그래요 믿어줄게요
나만 사랑한다면
딱 한 가지만 약속해줘요
내가 전화할 때
늦어도 십분 내로
내게로 달려와요
꾸물대지 말고 핑계대지말고
옆길로 새지도 말고
여자는 꽃이랍니다
혼자 두지 말아요
당신 가슴에 영원히 지지 않는
꽃이 될래요 십분 내로
그래요 믿어줄게요
나만 사랑한다면
딱 한 가지만 약속해줘요
세상 끝나도록
바람이 분다 해도
눈보라 친다 해도
나만 사랑한다 나만 생각한다
그렇게 약속해줘요
당신은 나만의 남자
나는 당신의 여자
언제나 멋진 당신 가슴에 안겨
꽃이 될래요 십분 내로
여자는 꽃이랍니다
혼자 두지 말아요
당신 가슴에 영원히 지지 않는
꽃이 될래요 십분 내로
꽃이 될래요 십분 내로"
사랑찾아 인생찾아,"9,227",이찬원,"라라랄라 라라라라 랄라
라라라라 라라라랄라
사랑찾아 인생을 찾아
하루종일 숨이차게 뛰어다닌다
서울 하늘 하늘 아래서
내 꿈도 가까이 온다
사랑도 있고 우정도 있고
하늘 아래 살고 있고
저마다 다른 인생속에
또 하루를 바쁘게 산다
우리 인생 살다보면
힘든 날도 수없이 찾아오지만
사랑 하나 그 사랑 하나
찾으려고 몸부림치네
사랑찾아 인생을 찾아
하루종일 숨이차게 뛰어다닌다
서울 하늘 하늘 아래서
내 꿈도 가까이 온다
사랑을 알고 우정도 알고
정하나로 살고 있고
저마다 값진 인생속에
또 하루를 바쁘게 산다
우리 인생 살다보면
힘든 날도 수없이 찾아오지만
오늘보다 더 멋진 인생
찾기위해 몸부림치네
사랑 찾아 인생을 찾아
하루종일 숨이 차게 뛰어다닌다
서울 하늘 하늘 아래서
내 꿈도 가까이 온다
사랑찾아 인생을 찾아
지친 가슴 끌어안고 뛰어다닌다
서울 하늘 하늘 아래서
내 꿈도 가까이 온다"
개여울,85,신미래,"당신은 무슨 일로 그리합니까
홀로 이 개여울에 주저앉아서

파릇한 풀포기가 돋아나오고
잔물이 봄바람에 헤적일 때에

가도 아주 가지는 않노라시던
그런 약속이 있었겠지요

날마다 개여울에 나와 앉아서
하염없이 무엇을 생각합니다

가도 아주 가지는 않노라심은
굳이 잊지 말라는 부탁인지요

가도 아주 가지는 않노라시던
그런 약속이 있었겠지요

날마다 개여울에 나와 앉아서
하염없이 무엇을 생각합니다

가도
아주 가지는 않노라심은
굳이
잊지 말라는 부탁인지요"
애심,387,전영록,"오늘이 가기 전에
떠나갈 당신이여
이제는 영영 가는
아쉬운 당신이여
바람이 부는 언덕
외로운 이 언덕에
나만 홀로 남기고
어딜 가나 내 사랑아

헤어질 사랑이면 정들지 말고
떨어질 꽃이라면 피지를 마라
언제나 빛나는 보석이 되어
영원히 변치 않는 원앙이 되자
원앙이 되자
원앙이"
그대로 그렇게,605,건아들,"내 사랑하는 그대여
정말 가려나
내 가슴속에 외로움
남겨둔채로
내 사랑하는 그대여
정말 가려나
내 가슴속에 서글픔
남겨둔채로
떨어지는 저 꽃잎은
봄이면 피지만
내 사랑 그대 떠나면
언제 오려나
날아가는 저 철새도
봄이면 오지만
내 사랑 그대 떠나면
언제 오려나
그대로 그렇게 떠나간다면
난 정말 어찌하라고
그대로 그렇게 떠나간다면
난 정말 울어버릴걸
오 그대여
한마디만 해주고 떠나요
지금까지 나를
정말 사랑했다고
오 그대여
이 한마디 잊지 말아요
나는 오직
그대만을 사랑한다는 걸

그대로 그렇게 떠나간다면
난 정말 어찌하라고
그대로 그렇게 떠나간다면
난 정말 울어버릴걸
오 그대여
한마디만 해주고 떠나요
지금까지 나를
정말 사랑했다고
오 그대여
이 한마디 잊지 말아요
나는 오직
그대만을 사랑한다는 걸
오 그대여
한마디만 해주고 떠나요
지금까지 나를
정말 사랑했다고
오 그대여
이 한마디 잊지 말아요
나는 오직
그대만을 사랑한다는 걸
오 그대여
한마디만 해주고 떠나요
지금까지 나를
정말 사랑했다고
오 그대여
이 한마디 잊지 말아요
나는 오직
그대만을 사랑한다는 걸"
애정의 조건,745,최유나,"사랑은 잠시 내게 머물다
말없이 떠나버리고
밀려오는 시련속에 서 있어도
나는 울지 못하는 작은 새
가슴엔 언제나 겨울 바람이
싸늘히 불어와도
일곱 빛깔 무지개를 쫓아가는
나는 꿈을 꾸는 작은 새
때로는 그리운 마음에
쓸쓸히 눈물 짓지만
때로는 추억에 젖어
쓸쓸히 웃음 짓지만
사랑은 너무 아파요
사랑은 너무 미워요
내 작은 몸짓으로
어쩔 수 없는
사랑 사랑 사랑의 조건은"
토요일 토요일 밤에,591,김중연,"왜들 그래 사는 게 힘들다 해도
가끔씩은 연락 좀 하고 살자 우리
왜들 그래 인생이 힘들다 해도 우리
가끔씩은 얼굴 좀 보고 살자
뭐가 그리 바쁘냐 답장 한번 못할 만큼
손가락이 부러졌냐
전화 한번 못할 만큼
토요일 토요일 밤에 토요일 밤에
나를 위로해줄 사람 어디 없소
이 밤이 너무 외로워
토요일 토요일 밤에 토요일 밤에
우리 사랑할까나
왜들 그래 이별이 아프다 해도
울지 마라 또 다른 사랑이 찾아온다
왜들 그래 인생이 불안하다고 해도
걱정마라 해 뜰 날이 온다
뭐가 그리 바쁘냐 답장 한번 못할 만큼
손가락이 부러졌냐
전화 한번 못할 만큼
토요일 토요일 밤에 토요일 밤에
나를 위로해줄 사람 어디 없소
이 밤이 너무 외로워
토요일 토요일 밤에 토요일 밤에
우리 사랑할까나
토요일 토요일 밤에 토요일 밤에
내 얘길 들어줄 사람 어디 없소
나 지금 너무 외로워
토요일 토요일 밤에 토요일 밤에
우리 사랑할까나"
자기야,"12,591",임영웅,"자기야 사랑인 걸 정말 몰랐니
자기야 행복인 걸 이젠 알겠니
자기를 만나서 사랑을 알았고
사랑을 하면서 철이 들었죠
나만의 사랑을 나만의 행복을
말로는 설명할 수가 없잖아요
어쩜 좋아 자기가 좋아
멋진 그대 자기가 좋아
자기야 사랑인 걸 정말 몰랐니
자기야 행복인 걸 이젠 알겠니
자기야 사랑인 걸 정말 몰랐니
자기야 행복인 걸 이젠 알겠니
자기를 만나서 사랑을 알았고
사랑을 하면서 철이 들었죠
나만의 사랑을 나만의 행복을
말로는 설명할 수가 없잖아요
어쩜 좋아 자기가 좋아
멋진 그대 자기가 좋아
자기야 사랑인 걸 정말 몰랐니
자기야 행복인 걸 이젠 알겠니
자기야 사랑인 걸 정말 몰랐니
자기야 행복인 걸 이젠 알겠니"
찻집의 고독,997,진해성,"그 다방에 들어설 때에
내 가슴은 뛰고 있었지
기다리는 그 순간만은
꿈길처럼 감미로왔다
약속시간 흘러갔어도
그 사람은 보이지 않고
싸늘하게 식은 찻잔에
슬픔처럼 어리는 고독
아 사랑이란
이렇게도
애가 타도록
괴로운 것이라서
잊으려 해도
잊을 수 없어
가슴 조이며
기다려요
뚜뚜뚜루뚜루뚜루뚜 뚜뚜뚜루뚜루뚜루뚜
뚜뚜뚜루뚜루뚜루뚜 뚜뚜뚜루뚜르르르르
아 사랑이란
이렇게도
애가 타도록
괴로운 것이라서
잊으려 해도
잊을 수 없어
가슴 조이며
기다려요"
꿈꾸는 고향 열차,297,조명섭,"꿈 꾸는 고향 열차 고향 열차 정겹게 달린다
지나온 정거장마다 기적 소리 실어서 웃음 보낸다
어머니 아버지 기뻐 반겨 나와 주실 때
이 아들의 공든 청춘 여기서 다시 꿈꾼다

꿈 꾸는 고향 열차 고향 열차 신나게 달린다
그리운 내 고장마다 기적 소리 실어서 노래 부른다
내일의 고향은 푸른 희망 높이 날을 때
내 마음과 그대 맘도 저 높이 다시 날은다

꿈 꾸는 고향 열차 고향 열차 정겹게 달린다
지나온 정거장마다 기적 소리 실어서 웃음 보낸다
어머니 아버지 기뻐 반겨 나와 주실 때
이 아들의 공든 청춘 여기서 다시 꿈꾼다"
미워도 다시 한번,"16,718",임영웅,"이 생명 다바쳐서 죽도록 사랑했고
순정을 다바쳐서 믿고 또 믿었건만
영원히 그 사람을
사랑해선 안될 사람
말 없이 가는 길에
미워도 다시 한 번 아 아 안녕
지난 날 아픈 가슴 오늘의 슬픔이여
여자의 숙명인가 운명의 장난인가
나만이 가야하는 그 사랑의 길이기에
울면서 돌아설 때
미워도 다시 한 번 아 아 안녕"
님의 향기,885,김경남,"밤새 갈바람 잠을 잔듯이
조용한 바람인듯 눈을 감으면
님의 모습인가
향기인듯한 생각에
눈시울 적셔옵니다
이별이 아닌데도 님이 떠난후
텅빈가슴 어쩔수 없어요
견디기 힘든 아픔만
까맣게 태워버린 밤
너무 허전해
뜨거운 가슴으로 길을 나서도
막상 갈곳이 없어요
못다준 사랑의 아쉬움이
가슴에 남아 있는데
오직 그대곁에 머물고 있는
사랑하는 내마음

까맣게 태워버린 밤
너무 허전해
뜨거운 가슴으로 길을 나서도
막상 갈곳이 없어요
못다준 사랑의 아쉬움이
가슴에 남아 있는데
오직 그대곁에 머물고 있는
사랑하는 내마음
사랑하는 내마음"
진정인가요,491,양지은,"돌아설 때 눈물짓던 당신이라면
영원토록 영원토록
죽어도 못 잊을 겁니다
미련 없다 그 말이 진정인가요
냉정했던 그 마음이 진정인가요
바닷가를 거닐며 수놓았던 그 추억
잊을 수가 있을까요
돌아설 때 눈물짓던 당신이라면
영원토록 영원토록
죽어도 못 잊을 겁니다
잊어달라 그 말이 진정인가요
돌아서던 그 마음이 진정인가요
오솔길을 거닐며 주고받던 그 사랑
잊을 수가 있을까요
돌아설 때 울음 참던 당신이라면
잊으려도 잊으려도
죽어도 못 잊을 겁니다
죽어도 못 잊을 겁니다
죽어도 / 못 잊을 / 겁니다"
울면서 후회하네,324,주현미,"순정을 다 바쳐서 믿었던 그 사람
사랑의 낙서만 남기고 떠나갔네
사랑이 이렇게도
괴로운 줄 왜 몰랐을까
빼앗긴 내마음을 찾을 수도 없으면서
울면서 후회하네
아아 스쳐만 지나갈 걸
그냥 그대로 있을 걸
당신 앞에 머뭇거린 내가 미워서
울면서 후회하네
이 마음 다 바쳐서 믿었던 그 사람
사랑의 상처만 남기고 떠나갔네
슬픔이 이렇게도
아픈 것을 왜 몰랐던가
상처 난 내 마음을
달랠 수도 없으면서
울면서 후회하네
아아 차라리 스칠 것을
쳐다보지 말 것을
당신 앞에 서성거린 내가 미워서
울면서 후회하네"
준비 없는 이별,402,장윤정,"지난 시간 내 곁에서 머물러
행복했던 시간들이
고맙다고 다시 또 살게 되도
당신을 만나겠다고
아 그 말해야 할 텐데
떠나는 그대라도
편하게 보내줘야 할 텐데
눈을 감아 지워질 수 있다면
잠이 들면 그만인데
보고플 땐 어떻게 해야 하는지
오는 밤이 두려워져
아 그댈 보낼 오늘이
수월할 수 있도록
미운 기억을 주지 그랬어
하루만 오늘 더 하루만
준비할 수 있도록
시간을 내게 줘 안돼
지금은 이대로 떠나는 걸
그냥 볼 수는 없어
차라리 나 기다리다 말을 해
아 그댈 보낼 오늘이
수월할수 있도록
미운기억을 주지 그랬어
하루만 오늘 더 하루만
준비할 수 있도록
시간을 내게 줘 안돼
지금은 이대로 떠나는 걸
그냥 볼 수는 없어
차라리 나 기다리다 말을 해
영원토록 바라볼 수 있도록"
꽃놀이 가요,425,홍자,"꽃놀이 가요 우리 같이 꽃놀이 가요
꽃길 위에서 내 마음을
살랑살랑 흔들어줘요
할까 말까 망설이지 말고 내 손 잡아요
우리 끼리 둘이 가요
까리까리하게 리드해 줘요
꽃놀이 가요 우리 지금 꽃놀이 가요
꽃길 위에서 내 마음을
말랑말랑 녹여버려요
낄까 말까 주저하지 말고 내 맘에 껴요
우리 바리바리 싸요
하루하루 나눌 사랑의 짐을
활짝 핀 꽃들과 그대 둘 다 가진 나는
누구도 부럽지 않은
꽃놀이패를 가진 행복한 하루
그 중에 하나를 고르라면
그댈 당연히 택할 거예요
시들지 않을 테니까 그댄 내게
맞습니다요 심하게 막 설렙니다요
꽃길 위에서 묘한 상상
스멀스멀 피어 올라요
손끝 발끝 그대 하나하나 느껴지네요
우리 내일내일 가요
두루두루 그댈 알고 싶어요
활짝 핀 꽃들과 그대 둘 다 가진 나는
누구도 부럽지 않은
꽃놀이패를 가진 행복한 하루
그 중에 하나를 고르라면
그댈 당연히 택할 거예요
시들지 않을 테니까 그댄 내게
맞습니다요 심하게 행복합니다요
꽃길 위에서 묘한 상상
스멀스멀 피어 올라요
손끝 발끝 그대 하나하나 느껴지네요
우리 매일매일 가요
두루두루 그댈 알고 싶어요
우리 오래오래 가요
두근두근 다가올 날 꿈꿔요"
가지마,"1,092",김경민,"가지 마 가지 마
동아줄로도 못 잡는 청춘
미련 만 한숨 만
제발 남지 않는 삶이 되길
눈물방울 빗물로 여기면서
살아왔던 날들이
후회 한 점 없다면 그건 거짓말
그저 오로지 사랑 하나만을 위해
나 살리라 오늘 내일도
가지 마 가지 마
동아줄로도 못 잡는 청춘
미련 만 한숨 만
제발 남지 않는 삶이 되길
눈물방울 빗물로 여기면서
살아왔던 날들이
후회 한 점 없다면 그건 거짓말
그저 오로지 사랑 하나만을 위해
나 살리라 오늘 내일도
눈물방울 빗물로 여기면서
살아왔던 날들이
후회 한 점 없다면 그건 거짓말
그저 오로지 사랑 하나만을 위해
나 살리라 오늘
내 일 도"
나만의 여인,"4,223",김희재,"사랑에 한번 빠지고 싶어요
아주 멋진 여자를 만나
바다가 있는 아름다운 해변을
둘이서 걷고 싶어요
가슴이 벅차 올라요
눈물마저 핑 도네요
지금까지 살아오면서
나를 위해 무엇을 했나
세월이 다 가기 전에
내 모습 변하기 전에
그대와 둘이 밤을 지새며
지난날을 잊고 싶어요
사랑을 한번 해보고 싶어요
매력 있는 여자를 만나
아무도 없는 무인도에서
그녀와 함께 있고 싶어요
가슴이 벅차 올라요
눈물마저 핑 도네요
지금까지 살아오면서
나를 위해 무엇을 했나
세월이 다 가기 전에
내 모습 변하기 전에
사랑하는 그대 그대와 둘이
지난날을 잊고 싶어요
지난날을 잊고 싶어요
지난날을 잊고 싶어요"
"별, 그대","4,967",김희재,"어둠속 빛 하나 없던 밤
별 하나 내게로 온거죠
세상 어느 별들 보다
아름답게 빛나고 있죠
비에 젖어 울먹이던 날
사나운 바람도 불던 날
따뜻하게 내 이름을 불러준
별과 밤을 지새웁니다
세상에 수많은 별들 가운데
나만을 밝혀준 그대라는 별
세월이 흐르고 계절이 가도
내가 함께할게요
어두운 밤이 지나도
별은 아직 거기 있네요
우리 함께 오른 그 언덕길이
내겐 너무 좋았습니다
세상에 수많은 별들 가운데
나만을 밝혀준 그대라는 별
세월이 흐르고 계절이 가도
내가 함께할게요
얼마나 그대를 기다렸는지
그토록 꿈꾸던 밤이 왔네요
평생을 반짝이게 해줄게요
내가 지켜줄게요
그대라는 나의 별"
사랑이별,"1,922",조항조,"서로 다른 생각을 갖고
빈 가슴 안고 사느니

차라리 돌아서서
다시 한번 마주 보자

그래도 우리 가슴이
뜨거워지지 않으면

바람처럼 도시의 밤을
서성이며 살다 보면

같이 산다는 것이 아름답다는 것을
눈물 속에서 보게 되리라

바보나 우는 것이야
혼자라 생각하지 마

헤어져 사는 것도
사랑은 사랑이야

못 본다 생각하면
나 또한 가슴 아픈 일

우리는 더 외로워야
서로를 갈망하지

미워하며 사느니 미워하며 사느니
그리워하며 살리라

미워하며 사느니 미워하며 사느니
그리워하며 살리라"
천태만상,68,윤수현,"천태만상 인간세상
사는 법도 가지가지
귀천이 따로 있나

재판한다 판사 변호한다 변호사
범인잡는 형사 계룡산에 부채도사

연구한다 박사 운전한다 기사
트럭 택시 기차 전차 버스 봉고 도저 기중기

요리한다 요리사 소개한다 중계사
파마한다 미용사 간호한다 간호사
얼럴러리여

천태만상 인간세상
사는 법도 가지가지
귀천이 따로 있나

술 판다 술장수 밥 판다 밥장수
옷 판다 옷장수 고기채소 과일장수

놀고먹는 백수 운동한다 선수
축구 야구 농구 배구 씨름 골프 복싱 태권도

말을 탄다 기수 집 짓는다 목수
돌 깎는다 석수 고라니 잡는 포수
얼럴러리여

천태만상 인간세상
사는 법도 가지가지
귀천이 따로 있나

천태만상 인간세상
사는 법도 가지가지
귀천이 따로 있나

설교한다 목사님 염불한다 스님
가르친다 선생님 병 고친다 의사님

재롱둥이 연예인 나라 지키는 군인
육군 공군 해군 해병대 특전사 카츄샤 순경 의경

공무 보는 공무원 업무 보는 회사원
경비 보는 경비원 청소하는 미화원
얼럴러리여

천태만상 인간세상
사는 법도 가지가지
귀천이 따로 있나

농사짓는 농부 고기잡는 어부
공사장에 잡부 알바 도우미 파출부

약초캐는 심마니 오일장에 할머니
달래 냉이 취나물 콩나물 고사리 더덕 단감 곶감

이고 지고 오셔서 한푼 두푼 벌어서
손주 용돈 주면서 고생 고생하는데
백수가 웬말이냐

천태만상 인간세상
사는 법도 가지가지
귀천이 따로 있나"
젊은 태양,680,심수봉,"햇빛 쏟는 거리에선 그대 그대
고독을 느껴보았나 그대 그대
우리는 너나없는 이방인
왜 서로를 사랑하지 않나
햇빛 쏟는 하늘보며 웃자 웃자
외로움 떨쳐버리고 웃자 웃자
우리는 너나없는 나그네
왜 서로를 사랑하지 않나
종소리 바람소리
고이고이 잠들던 날
먼 하늘에 저 태양이 웃는다
햇빛 쏟는 거리에선 그대 그대
고독을 느껴보았나 그대그대
우리는 너나없는 나그네
왜 서로를 사랑하지 않나
모진 바람 거센 파도
가슴 속에 몰아쳐도
먼 하늘에 저 태양이 웃는다
햇빛 쏟는 거리에선 그대 그대
고독을 느껴보았나 그대 그대
우리는 너나없는 이방인
왜 서로를 사랑하지 않나
햇빛쏟는 하늘보며 웃자 웃자
외로움 떨쳐버리고 웃자 웃자
우리는 너나없는 나그네
왜 서로를 사랑하지 않나
왜 서로를 사랑하지 않나
왜 서로를 사랑하지 않나"
나야 나,"2,015",남진,"바람이 분다 길가에 목로집
그냥 가긴 서운하잖아
바람이 분다 길가에 목로집
그냥 가긴 서운하잖아
나한잔 자네한잔 권커니
한번은 내세상도 오겠지
아자 내가 뭐 어때서
나 건들지마 운명아 비켜라
이몸께서 행차하신다
때로는 깃털처럼 휘날리며
때로는 먼지처럼 밟히며
아자 하루를 살아냈네
나야 나야 나
나야 나야 나
밤늦은 골목길
외쳐보아도
젖은 그림자 바람에 밀리고
거리엔 흔들리는 발자국
어둠은 내리고 바람찬데
아자 괜찮아 나정도면
나건들지마 운명아비켜라
이몸께서 행차하신다
때로는 깃털처럼 휘날리며
때로는 먼지처럼 밟히며
아자 하루를 살아냈네
나야 나야 나
나야 나야 나
밤늦은 골목길 외쳐보아도
젖은그림자 바람에 밀리고
거리엔 흔들리는 발자국
어둠은 내리고 바람찬데
아자 괜찮아 나정도면
아자 괜찮아 나정도면"
기다리는 아픔,308,진시몬,"고독한 이 가슴에
외로움 심어 주고
초라한 내 모습에
멍울을 지게 했다
함께한 시간보다
더 많이 가슴을 태웠고
사랑한 날보다도
더 많이 아파했다
아픔 속에 지워야할 사랑이면
고개숙인 향기마저 데려가지
눈을 떠도 감고 있는 내그림자
그대에게 가고 있는데
날 위해 힘들다 말해줘
내가 기다릴 수 있게 해 줄래
돌아와 메어진 가슴에
눈물이 마를수 있게

아픔 속에 지워야할 사랑이면
고개 숙인 향기마저 데려가지
눈을 떠도 감고 있는 내그림자
그대에게 가고 있는데
날 위해 힘들다 말해줘
내가 기다릴 수 있게 해 줄래
돌아와 메어진 가슴에
눈물이 마를 수 있게
눈물이 마를 수 있게"
날 울린 당신 (해금 by 민성원),927,최현상,"어쩜 당신은 그리 착하오
왜이리도 바보같소
다시 태어나도 내곁에 있어주오
난 당신 뿐이니까
어쩜 당신은 그리 예쁘오
주름마저 아름답소
두손 잡고서
우리 한날 한시에 같이 눈감읍시다
삶이 고되고 사는게 힘이들때마다
사랑한단 말로 날울린 당신
정성 스럽게 따듯한 밥을차려놓고
괜찮다는 말로 날울린 당신
내게 사랑은 오직 한여자
하늘아래 단 한사람
두손 잡고서
우리 한날 한시에 같이 눈감읍시다
삶이 고되고 사는게 힘이들때마다
사랑한단 말로 날울린 당신
정성 스럽게 따듯한 밥을차려놓고
괜찮다는 말로 날울린 당신
힘든 이 세상에
당신이 내곁에 있어서
살아야 할 의미를 찾은것같아
오늘 하루도 나에게 미소를 지으며
수고했단 말로 날 울린 당신"
아이라예,"3,298",박서진,"니 내를 사랑하나 아이라예
거라먼 싫어하나 아이라예
아이라예 아이라예 수줍어하던
그 사람이 생각이 난다
손목 한번 잡는 것도 눈치 보였고
언불생심 키스까지 천만의 말씀
몰라예 아이라예 부끄러버예
보고 싶다 부산 아가씨
내 니를 우째하꼬 모릅니더
거라먼 누가 아노 모릅니더
모릅니더 모릅니더 얼굴 붉히던
첫사랑이 그리워진다
철철 끓는 타는 가슴 콩닥거렸고
보다덤고 싶었지만 천만의 말씀
몰라예 아이라예 부끄러버예
보고 싶다 부산 아가씨
몰라예 아이라예 부끄러버예
보고 싶다 부산 아가씨"
처녀 뱃사공,312,오유진,"낙동강 강바람이
치마폭을 스치면
군인 간 오라버니
소식이 오네
큰 애기 사공이면
누가 뭐라나
늙으신 부모님을
내가 모시고
에헤야 데헤야
노를 저어라
삿대를 저어라
낙동강 강바람이
앙가슴을 헤치면
고요한 처녀 가슴
물결이 이네
오라비 제대하면
시집보내마
어머님 그 말씀에
수줍어질 때
에헤야 데헤야
노를 저어라
삿대를 저어라"
그대와 탱고를,430,에녹,"어둠이 찾아들던
어느 날 우연히 만난
방황하던 그대와 나
뜨거운 마음이었네
저 멀리 서 있는 모습
가까이 다가서면은
포근히 바라보는 눈
그리고 웃는 얼굴
야윈 손 잡아주며
이제는 외로워 말아요
행복의 눈물이
끝없이 방울방울
과거는 지워놓고
상처는 묻어두고
그대 품에 안겨 잠이 드네
혼자는 정말 싫어
다시는 헤어지지 말아요
두 뺨에 흐르는
눈물을 씻어주며
어둠은 사라져라
멀리멀리 떠나가라
슬픔도 그대 품에 잠이 드네
가로등 불 꺼지고
탱고도 끝나가는데
언제까지 두 사람
춤은 끝나질 않네
언제까지 두 사람
춤은 끝나질 않네"
사랑,949,진해성,"이 세상에 하나밖에
둘도 없는 내 여인아
보고 또 보고 또 쳐다봐도
싫지 않은 내 사랑아
비 내리는 여름날에
내 가슴은 우산이 되고
눈 내리는 겨울날엔
내 가슴은 불이 되리라
온 세상을 다 준대도
바꿀 수 없는 내 여인아
잠시라도 떨어져서
못 살 것 같은
내 사랑아
나나나나 나나나나 나나나나
행여 당신 외로울 때
내가 당신 친구가 되고
행여 당신 우울할 때
내가 당신 웃음 주리라
이 세상에 하나밖에
둘도 없는 내 여인아
보고 또 보고 또 쳐다봐도
싫지않은 내 사랑아"
꽃보다 아름다운 너,311,에녹,"꽃보다 아름다운 너
내 맘에 쏙 드는 너
오빠라고 불러주던 너를
님이라 부르고 싶어
상냥한 미소로
아름다운 눈빛으로
내 마음을 내 마음을
사로잡은 너
내 모든 걸 다 바쳐
내 정열 불태우리라
꽃 보다 아름다운 너
내 맘에 쏙 드는 너
오빠라고 불러주던 너를
님이라 부르고 싶어

꽃보다 아름다운 너
내 맘에 쏙 드는 너
오빠라고 불러주던 너를
님이라 부르고 싶어
상냥한 얼굴로
아름다운 목소리로
내 마음을 내 마음을
사로잡은 너
내 모든 걸 다 바쳐
내 정열 불태우리라
꽃보다 아름다운 너
내 맘에 쏙 드는 너
오빠라고 불러주던 너를
님이라 부르고 싶어

상냥한 미소로
아름다운 눈빛으로
내 마음을 내 마음을
사로잡은 너
내 모든 걸 다 바쳐
내 정열 불태우리라
꽃보다 아름다운 너
내 맘에 쏙드는 너
오빠라고 불러주던 너를
님이라 부르고 싶어
오빠라고 불러주던 너를
님이라 부르고 싶어"
그 여자가 가는 곳은,494,최진희,"오늘도 나는 내 방안 거울 앞에서
빨간 립스틱 마스카라 짙은 향수뿌리고
예쁜 옷 갈아입고서 거릴 나서지만
정둘 곳 없는 서울의 밤
정들지 않는 거리
뒤돌아 보면 같은 자리
다시 또 그자리
만나보면 그 얼굴 같은 그 모습
늘 사랑에 빠지지만
이별은 늘 나의 것
저 어둠이 사라지면
내 슬픔도 사라질까

화려한 네온 불빛에 휘청거리는 밤
그 불빛 아래 서 있는 난
그 누구의 연인인가
뒤돌아 보면 같은 자리
다시 또 그자리
만나보면 그 얼굴 같은 그 모습
늘 사랑에 빠지지만
이별은 늘 나의 것
저 어둠이 사라지면
내 슬픔도 사라질까
늘 사랑에 빠지지만
이별은 늘 나의 것
저 어둠이 사라지면
내 슬픔도 사라질까"
사는동안,753,이태호,"있으면 있는대로
없으면 없는대로
내 몫만큼 살았습니다
바람 불면 흔들리고
비가 오면 젖은 채로
이별 없고 눈물 없는
그런 세상 없겠지 마는
그래도 사랑하고
웃으며 살고 싶은
고지식한 내 인생
상도 벌도 주지 마오

기쁘면 기쁜대로
슬프면 슬픈대로
뿌린만큼 살으렵니다
가진만큼 아는 만큼
배운대로 들은대로
가난 없고 그늘 없는
그런 세상 없겠지 마는
그래도 사랑하고
웃으며 살고 싶은
고지식한 내 인생
상도 벌도 주지 마오
그래도 사랑하고
웃으며 살고 싶은
고지식한 내 인생
상도 벌도 주지 마오"
팔자,369,나훈아,"꿈에서 깨어 보니
10년 전이었다면
당신은 무슨 일을
하고 싶으신가요
지나왔던 10년을
당신이 알고 있다면
같은 길을
걷진 않겠지
천만에 천만에
그렇게는 살 수 없네
이 고생을
내가 왜 하나
돈이라도
원 없이 벌어서
팔자 한번
고쳐 보겠네
다시 한 번만
10년만 젊어도
이렇게는
살지 않겠네
만약에 이 세상을
두 번 다시 산다면
당신은 무엇으로
살고 싶으신가요
살아왔던 과거를
당신이 알고 있다면
그대로는
살지 않겠지
천만에 천만에
그렇게는 살 수 없네
내 팔자에
내가 왜 속나
이름이라도
원 없이 날려서
팔자 한번
고쳐 보겠네
아니 정말로
5년만 젊어도
이렇게는
살지 않겠네
하다 못해서
3년만 젊어도
이렇게는
살지 않겠네"
화끈하게 신나게,203,박혜신,"화끈하게 신나게 온몸으로 신나게
후끈 후끈 내 인생
망설이지 말아요
주저하지 말아요
타이 풀고 단추도 하나 쯤은 열고
원 투 쓰리 포 신나게
온몸이 젖게 섹시하게
크게 한번 웨이브
아무도 신경 쓰지말고
팍 팍 달리는 거야 달리는 거야
화끈하게 신나게 온몸으로 신나게
나처럼 이렇게
화끈하게 신나게 온몸으로 신나게
후끈 후끈 내 인생
화끈하게 신나게 온몸으로 신나게
후끈 후끈 내 인생
망설이지 말아요
주저하지 말아요
타이 풀고 단추도 하나 쯤은 열고
원 투 쓰리 포 신나게
온몸이 젖게 섹시하게
크게 한번 웨이브
아무도 신경 쓰지말고
팍 팍 달리는 거야 달리는 거야
화끈하게 신나게 온몸으로 신나게
나처럼 이렇게
화끈하게 신나게 온몸으로 신나게
후끈 후끈 내 인생
화끈하게 신나게 온몸으로 신나게
나처럼 이렇게
화끈하게 신나게 온몸으로 신나게
후끈 후끈 내 인생
후끈 후끈 내 인생"
바람남,"22,691",김호중,"바람 바람이 불어
쌓여가는 내 나이에
바라본다 너는 누굴까
변한 나의 얼굴
난 연약한 남자요
난 쓸쓸한 남자예요
내 외로운 가슴에
한 편의 시를 써줄
한 권의 책이 되어줄
누군가가 필요해
바람 바람이 불어
남자에게
난 고독한 남자요
난 길 잃은 남자예요
내 외로운 가슴에
한 폭의 그림 그려줄
한 곡의 노래를 불러줄
누군가가 필요해
바람 바람이 불어
남자에게
바람 바람 바람
휘 휘 휘 휘 휘 휘 휘
바람 바람이 불어
그대 나 우리에게"
회룡포,584,최향,"내 것이 아닌 것을 멀리 찾아서
휘돌아 감은 그 세월이 얼마이더냐
물설고 낯 설은 어느 하늘 아래
빈 배로 나 서있구나
채워라 그 욕심 더해가는
이 세상이 싫어 싫더라
나 이제 그곳으로 돌아가련다
내 마음 받아주는 곳
아 어머니 품속 같은 그 곳
회룡포로 돌아가련다
채워라 그 욕심 더해가는
이 세상이 싫어 싫더라
나 이제 그곳으로 돌아가련다
내 마음 받아주는 곳
아 어머니 품속 같은 그 곳
회룡포로 돌아가련다"
그대는 새 나는 나무,610,조명섭,"바람따라 왔다가 바람처럼 가버린
아쉬움만 남기고 세월은 갔지요
구름따라 흘러와 강물처럼 흘러간
그리움만 남겨논 사나이 옛사랑
그대는 새 나는 나무
언젠간 내게와 깃들겠지요
그대는 새 나는 나무
푸른마음도 영원 할테죠
나는 그대의 보금자리
언제나 힘이 들 때 찾아오세요
나는 그대의 보금자리
언제나 보고플 때 찾아오세요
그대는 새 나는 나무
언젠간 내게와 깃들겠지요
그대는 새 나는 나무
푸른마음도 영원 할테죠
나는 그대의 보금자리
언제나 힘이 들 때 찾아오세요
나는 그대의 보금자리
언제나 보고플 때 찾아오세요
나는 그대의 보금자리
언제나 힘이 들 때 찾아오세요
나는 그대의 보금자리
언제나 보고플 때 언제나 그리울 때
찾아오세요"
고향집(HOMETOWN),378,양지원 (YangJiwon),"바로가면 저기가 고향집인데
뭐가 그리 바쁜걸까 눈인사도 못했네
성공해서 돌아오마 다짐을 했던
그날밤 울엄니
소리죽여 울었네 나도따라 울었네
가고파라 내 고향집
저 고개를 넘어가면 엄니가 계시는데
뭐가 그리 바쁜걸까 안부인사도 못했네
세상따라 뛰고뛰고 기고 날아도
마냥 그자리
정안수 떠놓고 기도하고 계시던
가고파라 내 고향집
성공해서 돌아오마 다짐을 했던
그날밤 울 엄니 소리죽여 울 었네
나도따라 울었네 가고파라 내 고향집
보고파라 울 엄니"
왔지윤,331,홍지윤,"왔지 왔지 왔지윤
여러분의 홍지윤이 왔지윤

행복을 주기 위해 왔지윤
기쁨을 주기 위해 왔지윤
여러분과 즐기러
지윤이가 왔지윤

얼룩진 마음들은
훌훌 털어 버리고
오늘은 신나게 놀아봅시다

근심걱정 하지 말고
고민고민 하지 말고
이 순간만큼은 즐겨봅시다

앞사람 신경 쓰지 말고
옆 사람 눈치 보지 말고
신나게 춤을 춥시다

어깨춤은 덩실 덩실 덩실
엉덩이는 실룩 실룩 실룩
노래도 힘껏 불러봅시다

행복을 주기 위해 왔지윤
기쁨을 주기 위해 왔지윤
여러분과 즐기러
지윤이가 왔지윤

행복을 주기 위해 왔지윤
기쁨을 주기 위해 왔지윤
여러분과 즐기러
지윤이가 왔지윤

얼룩진 마음들은
훌훌 털어 버리고
오늘은 신나게 놀아봅시다

근심걱정 하지 말고
고민고민 하지 말고
이 순간만큼은 즐겨봅시다

앞사람 신경 쓰지 말고
옆 사람 눈치 보지 말고
신나게 춤을 춥시다

어깨춤은 덩실 덩실 덩실
엉덩이는 실룩 실룩 실룩
노래도 힘껏 불러봅시다

행복을 주기 위해 왔지윤
기쁨을 주기 위해 왔지윤
여러분과 즐기러
지윤이가 왔지윤"
배신자,61,유민지,"얄밉게 떠난 님아
얄밉게 떠난 님아
내 청춘 내 순정을 뺏어 버리고
얄밉게 떠난 님아
더벅머리 사나이에 상처를 주고
너 혼자 미련 없이 떠날 수가 있을까
배신자여 배신자여
사랑의 배신자여
얄밉게 떠난 님아
얄밉게 떠난 님아
내 청춘 내 행복을 짓밟아 놓고
얄밉게 떠난 님아
더벅머리 사나이에 상처를 주고
너 혼자 미련 없이 돌아서서 가는가
배신자여 배신자여
사랑의 배신자여
더벅머리 사나이에 상처를 주고
너 혼자 미련 없이 돌아서서 가는가
배신자여 배신자여
사랑의 배신자여
배신자여 배신자여
사랑의 배신자여"
진안아가씨,560,진성,"첫사랑 봉순이를 찾아주세요
고향은 진안 이구요
좋으면 좋다 싫으면 싫다
딱 부러지는 여자
화장끼 하나 없는 짧은 생머리
살구꽃 향기가 나는
귀여운 아가씨 어디로 갔나
사랑불만 지펴놓고
마이산 돌탑 위에
새겨둔 그 이름
꿈에라도 만날 수 있을까
나는야 사랑 찾는 꽃마차
나는야 님 그리는 꽃마차
오늘도 그리운 맘
하늘에 적어본다
첫사랑 진안 아가씨
화장끼 하나 없는 짧은 생머리
살구꽃 향기가 나는
귀여운 아가씨 어디로 갔나
사랑불만 지펴놓고
마이산 돌탑 위에
새겨둔 그 이름
꿈에라도 만날 수 있을까
나는야 사랑 찾는 꽃마차
나는야 님 그리는 꽃마차
오늘도 그리운 맘
하늘에 적어본다
첫사랑 진안 아가씨
나는야 사랑 찾는 꽃마차
나는야 님 그리는 꽃마차
오늘도 그리운 맘
하늘에 적어본다
첫사랑 진안 아가씨
첫사랑 진안 아가씨"
나의 20년,501,장계현,"동녘에 해뜰때 어머님 날 나시고
귀엽던 아가야 내인생 시작됐네
열 두살 시절엔 꿈있어 좋았네
샛별의 눈동자로 별을 헤던시절
커피를 알았고 낭만을 잡았던
스무살 시절에 나는 사랑했네
너밖에 몰랐고 너만을 그리며
마음과 마음이 주고받던 밀어
그러나 둘이는 마음이 변해서
서로가 냉정하게 토라져버렸네
새파란 하늘처럼 그렇게 살리라
앞날을 생각하며 인생을 생각하리

커피를 알았고 낭만을 잡았던
스무살시절에 나는 사랑했네
너밖에 몰랐고 너만을 그리며
마음과 마음이 주고받던 밀어
그러나 둘이는 마음이 변해서
서로가 냉정하게 토라져 버렸네
새파란 하늘처럼 그렇게 살리라
앞날을 생각하며 인생을 생각하리"
내일 다시 해는 뜬다,934,김홍,"쓰러진 친구를 두고
나만 뛰면 무엇하나
슬피우는 너를두고
나만 어찌 행복하랴
친구야 인생은
어울려 가는길
이세상 끝까지
같이가자 친구야
이한세상 살아갈때에
너와내가 살아갈때에
눈물에 젖은빵 한조각도
엎질러진 술한잔도
친구야 서러워마라
서러워마라
이한밤이 새고나면
내일다시 해는뜬다
친구야 서러워마라
서러워마라
이한밤이 새고나면
내일다시 해는뜬다
내일다시 해는뜬다
내일다시 해는뜬다"
엄지 척,"1,402",홍진영,"엄지 엄지 척 엄지 엄지 척
자상하고 다정다감해
보면 볼수록 알면 알수록
매력이 넘쳐요
엄지 엄지 척 엄지 엄지 척
천생연분 내 사랑이에요
그냥 좋아요 왠지 좋아요 엄지 척
평범하고 편안한 속이 깊은 이 남자
사람 냄새가 풍겨서 좋아요
성실하고 진실한 믿음직한 내 남자
당신을 정말로 사랑해
엄지 엄지 척 엄지 엄지 척
자상하고 다정다감해
보면 볼수록 알면 알수록
매력이 넘쳐요
엄지 엄지 척 엄지 엄지 척
천생연분 내 사랑이에요
그냥 좋아요 왠지 좋아요 엄지 척
오늘보다 내일을 약속하고 싶어요
꿈과 희망이 있어서 좋아요
평생토록 나만을 지켜준다 말해요
당신을 영원히 사랑해
엄지 엄지 척 엄지 엄지 척
자상하고 다정다감해
보면 볼수록 알면 알수록
매력이 넘쳐요
엄지 엄지 척 엄지 엄지 척
천생연분 내 사랑이에요
그냥 좋아요 왠지 좋아요 엄지 척
엄지 엄지 척 엄지 엄지 척
자상하고 다정다감해
보면 볼수록 알면 알수록
매력이 넘쳐요
엄지 엄지 척 엄지 엄지 척
천생연분 내 사랑이에요
그냥 좋아요 왠지 좋아요 엄지 척
사랑해요 내사랑
엄지 척
엄지 척"
남행열차,"1,316",김중연,"비내리는 호남선 남행열차에
흔들리는 차창 너머로
빗물이 흐르고 내눈물도 흐르고
잃어 버린 첫 사랑도 흐르네
깜빡 깜빡이는 희미한 기억속에
그때 만난 그사람 말이 없던 그사람
자꾸만 멀어지는데
만날 순 없어도 잊지는 말아요
당신을 사랑했어요
만날 순 없어도 잊지는 말아요
당신을 사랑했어요"
그물,"7,523",정동원,"당신이 던져 놓은 그물에
산채로 잡혀 버렸다
그물이 촘촘 하진 않아도
빠져 나갈 맘이 애초에 없었다
어기야 디여차
그물을 올려
사랑에 그물을 당겨 당겨라
놔주지도 마라 놔주지도 마
어차피 잡힌거 그냥 살란다
당신이 던져 놓은 그물에
너도 걸려 나도 걸려
모두 다 걸렸네
너도 걸려 나도 걸려
모두 다 걸렸네
당신이 던져 놓은 그물에
산채로 잡혀 버렸다
그물이 촘촘 하진 않아도
빠져 나갈 맘이 애초에 없었다
어기야 디여차
그물을 올려
사랑에 그물을 당겨 당겨라
놔주지도 마라 놔주지도 마
어차피 잡힌거 그냥 살란다
당신이 던져 놓은 그물에
너도 걸려 나도 걸려
모두 다 걸렸네
너도 걸려 나도 걸려
모두 다 걸렸네
너도 걸려 나도 걸려
모두 다 걸렸네"
시절인연 (時節因緣),"4,619",이찬원,"사람이 떠나간다고
그대여 울지 마세요
오고 감 때가 있으니
미련일랑 두지 마세요
좋았던 날 생각을 하고
고마운 맘 간직을 하며
아아아 살아가야지
바람처럼 물처럼
가는 인연 잡지를 말고
오는 인연 막지 마세요
때가 되면 찾아올 거야
새로운 시절인연
친구가 멀어진다고
그대여 울지 마세요
영원한 것은 없으니
이별에도 웃어주세요
좋았던 날 생각을 하고
고마운 맘 간직을 하며
아아아 살아가야지
바람처럼 물처럼
가는 인연 잡지를 말고
오는 인연 막지 마세요
때가 되면 찾아올 거야
새로운 시절인연
새로운 시절인연
사람이 떠나간다고
그대여 울지 마세요"
귀로,644,백지영,"화려한 불빛으로
그 뒷모습만 보이며
안녕이란 말도 없이
사라진 그대
쉽게 흘려진 눈물
눈가에 가득히 고여
거리는 온통 투명한
유리알 속
그대 따뜻한 손이라도
잡아볼 수만 있었다면
아직은 그대의 온기 남아
있겠지만
비바람이 부는 길가에
홀로 애태우는 이자리
두뺨엔 비바람만 차게
부는데
사랑한단 말은 못해도
안녕이란 말은 해야지 우
아무말도 없이 떠나간
그대가 정말 미워요
그대 따뜻한 손이라도
잡아볼 수만 있었다면
아직은 그대의 온기 남아
있겠지만
비바람이 부는 길가에
홀로 애태우는 이자리
두뺨엔 비바람만 차게
부는데
사랑한단 말은 못해도
안녕이란 말은 해야지 우
아무말도 없이 떠나간
그대가 정말 미워요
사랑한단 말은 못해도
안녕이란 말은 해야지 우
아무말도 없이 떠나간
그대가 정말 미워요"
비 내리는 금강산,302,박성온,"비에 젖은 금강산이 한 맺혀 우는데
흐느껴 외쳐봐도 목놓아 불러봐도
대답이 없네
고향 땅 그려보며 지새운 세월
울다가 지친 날이 그 언제던가
떠나올 때 눈물짓던 어머니 모습
헤매도는 불효자식
불러 나 주오
고향 땅 그려보며 지새운 세월
울다가 지친 날이 몇 해였던가
이제는 기억 속에 멀어져 가네
저녁달도 홀로 지는 이국 하늘에
헤매도는 불효자식
불러 나 주오
불러 나 주오"
사랑의 거리,50,이하린,"아아아
여기는 사랑을 꽃피우는
남서울 영동
사랑의 거리

여기는 남서울 영동 사랑의 거리
사계절 모두 봄봄봄
웃음꽃이 피니까
외롭거나 쓸쓸할 때는
누구라도 한 번쯤은 찾아오세요
아아 여기는
사랑을 꽃피우는 남서울 영동
사랑의 거리

여기는 남서울 영동 연인의 거리
사계절 모두 뜨거운
바람이 있으니까
외로움에 지친 사람들
누구라도 한 번쯤은 걸어보세요
아아 여기는
사랑을 꽃피우는 남서울 영동
사랑의 거리
외롭거나 쓸쓸할 때는
누구라도 한 번쯤은 찾아오세요
아아 여기는
사랑을 꽃피우는 남서울 영동
사랑의 거리
사랑의 거리
사랑의 거리"
울 아버지,381,나훈아,"내가 내가 가는 이 길은
우리 아버지가 먼저 가신 길
내가 흘린 땀보다
더 많은 땀을 흘리시며
닦아놓은 그 길을 내가 갑니다
이제 또 내 자식이 따라 오겠죠
나름대로 꿈을 꾸면서
물이 아래로 흘러내리듯
사랑은 내리 사랑이라 하시던 말씀
이 나이에 알았습니다
그 사랑 뒤에 흘리신
아버지의 눈물을
이 나이에 알았습니다
고맙습니다 고맙습니다 아 울 아버지
내가 내가 가는 이 길은
우리 아버지가 먼저 가신 길
내가 흘린 땀보다
더 많은 땀을 흘리시며
닦아놓은 그 길을 나도 갑니다
오늘따라 아버지가 그립습니다
떠나가신 빈자리가 너무도 커서
세상이치가 다 그런거다
내 어깨를 감싸주며 하시던 말씀
그 마음을 알았습니다
그 사랑 뒤에 흘리신
아버지의 눈물을
이 나이에 알았습니다
고맙습니다 고맙습니다 아 울 아버지"
타인,185,이미자,"우리는 타인이었고
지금도 타인이지만
짧았던 한 순간의
짖궂은 만남도 있었지
우연히 시작되었던
그날의 작은 인연이
내 야윈 가슴속에
너무나 큰 상처로 남아
그렇게도 빨리 끝날 인연이라면
맺지 못할 사랑이었다면
처음부터 우리 서로
만나지도 않았어야 좋았을 것을
심술궂은 그 인연 하필 우릴 찾아와
왜 이다지 가슴 아프게 하나
그렇게도 수많은 사람들 중에서
하필이면 당신과 나였나

그렇게도 빨리 끝날 인연이라면
맺지 못할 사랑이었다면
처음부터 우리 서로
만나지도 않았어야 좋았을 것을
심술궂은 그 인연 하필 우릴 찾아와
왜 이다지 가슴 아프게 하나
그렇게도 수많은 사람들 중에서
하필이면 당신과 나였나"
남자라는 이유로,701,조항조,"누구나 웃으면서 세상을 살면서도
말 못할 사연 숨기고 살아도
나 역시 그런 저런 슬픔을 간직하고
당신 앞에 멍하니 서 있네
언제 한번 가슴을 열고 소리 내어
소리 내어 울어 볼 날이
남자라는 이유로
묻어두고 지낸
그 세월이 너무 길었어

저마다 처음인듯 사랑을 하면서도
쓰라린 이별 숨기고 있어도
당신도 그런 저런 과거가 있겠지만
내 앞에선 미소를 짓네
언제 한번 가슴을 열고 소리 내어
소리 내어 울어 볼 날이
남자라는 이유로 묻어두고 지낸
그 세월이 너무 길었어
언제 한번 그런날 올까요
가슴을 열고
소리 내어 울어 울어 볼 날이
남자라는 이유로
묻어두고 지낸
그 세월이 너무 길어요"
봤냐고,"2,158",신인선,"니가 봤냐고 봤냐고 봤냐고
내가 다른여자만나는거 봤냐고
이 남자를 믿어라
툭하면 의심하고 뻑하면 훽 토라지는
뭐가 그리 왜그리도 힘이드는거야
왜 또 투정하니 마음 변했냐면서
나를 사랑 하느냐고 묻고 묻고 또 묻지
저하늘에 별을 세며 맹세했었잖니
오로지 너 하나만 사랑하겠다고
니가 봤냐고 봤냐고 봤냐고
내가 다른여자 만나는거 봤냐고
그건 너의 착각일거야
진정 내맘은 내맘은 내마음은
너를 향한 마음 목숨걸고 지킨다
이 남자를 믿어라
니가 봤냐고 봤냐고 봤냐고
내가 다른여자 만나는거 봤냐고
이 남자를 믿어라
이 남자를 믿어라"
제3한강교,413,요요미,"강물은 흘러갑니다
제3한강교 밑을
당신과 나의 꿈을 싣고서
마음을 싣고서
젊음은 피어나는 꽃처럼
이 밤을 맴돌다가
새처럼 바람처럼 물처럼
흘러만 갑니다
어제 다시 만나서 다짐을 하고
우리들은 맹세를 하였습니다
이 밤이 새이며는 첫차를 타고
행복어린 거리로 떠나갈거예요
아아 뚜룻뚜룻뚜 하
강물은 흘러갑니다
제3한강교 밑을
바다로 쉬지않고 바다로
흘러만 갑니다
어제 다시 만나서 다짐을 하고
우리들은 맹세를 하였습니다
이 밤이 새이며는 첫차를 타고
행복어린 거리로 떠나갈거예요
오오 뚜룻뚜룻뚜 하
강물은 흘러갑니다
제3한강교 밑을
바다로 쉬지않고 바다로
흘러만 갑니다
흘러만 갑니다
흘러만 갑니다"
사랑,"15,421",임영웅,"이 세상에 하나밖에
둘도 없는 내 여인아
보고 또 보고 또 쳐다봐도
싫지 않는 내 사랑아
비 내리는 여름날엔
내 가슴은 우산이 되고
눈 내리는 겨울날엔
내 가슴은 불이 되리라
온 세상을 다 준다해도
바꿀 수 없는 내 여인아
잠시라도 떨어져선
못 살것 같은 내 사람아
행여 당신 외로울땐
내가 당신 친구가 되고
행여 당신 우울할땐
내가 당신 웃음 주리라
이 세상에 하나밖에
둘도 없는 내 여인아
보고 또 보고 또 쳐다 봐도
싫지 않는 내 사람아"
비 내리는 고모령,"1,027",트깨비(진해성&신승태),"가랑잎이 휘날리는 산마루 턱을
넘어오던 그날 밤이
그리웁구나
어머님의 손을 놓고
돌아설 때엔
부엉새도 울었다오
나도 울었소
가랑잎이 휘날리는 산마루 턱을
넘어오던 그날 밤이
그리웁구나
맨드라미 피고 지고
몇 해이던가
물방앗간 뒷전에서 맺은 사랑아
어이해서 못 잊느냐 망향초 신세
비 내리는 고모령을 언제 넘느냐
가랑잎이 휘날리는 산마루 턱을
넘어오던 그날 밤이
그리웁구나
어이해서 못 잊느냐 망향초 신세
비 내리는 고모령을 언제 넘느냐
언제 넘느냐"
목포행 완행열차,840,마리아,"목포행 완행열차
마지막 기차 떠나가고
늦은 밤 홀로 외로이
한잔 술에 몸을 기댄다
우리의 사랑은 이제
여기까지가 끝인가요
우리의 짧은 인연도
여기까지가 끝인가요
잘가요 인사는 못해요
아직 미련이 남아서
언젠가 우리 다시 만나는 그날
그냥 편히 웃을 수 있게
우리의 사랑은 이제
여기까지가 끝인가요
우리의 짧은 인연도
여기까지가 끝인가요
잘가요 인사는 못해요
아직 미련이 남아서
언젠가 우리 다시 만나는 그날
그냥 편히 웃을 수 있게
그냥 편히 안을 수 있게"
달빛연가,728,조명섭,"휘엉청 달 밝은 밤에
님 떠난 빈 자리가 애달프구나
사나이 순정 바쳐 갈대의 마음되어
바람에 휘날리었소
저 달은 날이가면 다시 뜨건만
그 님은 오시지 않네
떠나간 님을 볼 수 없어도
저 달은 내 맘 알아 주련만
휘엉청 밝은 달빛 아래서
님 항한 곡조 읊어야 하나
휘엉청 달 밝은 밤에
님 떠난 빈 자리가 애달프구나
사나이 순정 바쳐 갈대의 마음되어
바람에 휘날리었소
저 달은 날이가면 다시 뜨건만
그 님은 오시지 않네
떠나간 님을 볼 수 없어도
저 달은 내 맘 알아 주련만
휘엉청 밝은 달빛 아래서
님 항한 곡조 읊어야 하나"
그대의 빈자리,"2,274",박서진,"눈 감으면 온 가슴에
누워 버리는 슬픔
바람을 닮은 종소리 들려
나를 흔들고 가네
그대 없는 이 빈자리
눈물만이 채워지는데
이 세상 그 누가
나보다 가슴 시릴까
세월의 강에 나를 남기고
떠나버린 사람아
내 생에 단 한 번 한 번이라도
그대를 만나고 싶어
그대 없는 이 빈자리
눈물만이 채워지는데
이 세상 그 누가
나보다 가슴 시릴까
세월의 강에 나를 남기고
떠나버린 사람아
내 생에 단 한 번 한 번이라도
그대를 만나고 싶어
그대를 만나고 싶어"
동백아가씨,"1,903",박서진,"헤일 수없이 수많은 밤을
내 가슴 도려내는 아픔에 겨워
얼마나 울었던가
동백 아가씨
그리움에 지쳐서
울다 지쳐서
꽃잎은 빨갛게
멍이 들었소
동백꽃잎에 새겨진 사연
말 못 할 그 사연을 가슴에 안고
오늘도 기다리는
동백 아가씨
가신님은 그 언제
그 어느 날에
외로운 동백꽃
찾아오려나"
사랑밖엔 난 몰라,48,조정민,"그대 내 곁에 선 순간
그 눈빛이 너무 좋아
어제는 울었지만
오늘은 당신 땜에
내일은 행복할거야

얼굴도 아니 멋도 아니 아니
부드러운 사랑만이 필요했어요

지나간 세월 모두 잊어버리게
당신 없인 아무것도 이젠 할 수 없어
사랑밖엔 난 몰라

무심히 버려진 날 위해
울어주던 단 한 사람
커다란 어깨 위에
기대고 싶은 꿈을
당신은 깨지 말아요

이 날을 언제나 기다렸어요
서러운 세월만큼 안아주세요

그리움 바람처럼 사라질까봐
사랑하다 헤어지면 다시 보고 싶고
당신이 너무 좋아

지나간 세월 모두 잊어버리게
당신 없인 아무것도 이젠
할 수 없어
사랑밖엔 난
할 수 없어
당신이 너무 좋아

사랑밖엔 난 몰라"
돌이키지마,311,이은하,"모든 것이 지금 시작이야

한순간도 놓칠순 없어 그래
눈을 뜨면 보이는 것은

이제와서 돌이키지 말아요

지금 내가 가야하는 길이
그땐 정말 물거품이야 정말
이제와서 돌이키지 말아요

지금 나는 가야하는데
하늘에 떠도는 별들도
나를 보며 오라 하는데
어차피 그대 마음에
한동안 머물다 떠나가는데
돌이키지마 돌이키지마
모든 것이 지금 시작이야

한순간도 놓칠순 없어 그래
눈을 뜨면 보이는 것은

이제와서 돌이키지 말아요

하늘에 떠도는 별들도
나를 보며 오라 하는데
어차피 그대 마음에
한동안 머물다 떠나가는데
돌이키지마 돌이키지마
모든 것이 지금 시작이야

한순간도 놓칠순 없어 그래
눈을 뜨면 보이는 것은

이제와서 돌이키지 말아요

이제와서 돌이키지 말아요"
검정고무신 (Cover Ver.),180,강문경,"어머님따라 고무신 사러가면
멍멍개가 해를 쫓던날
길가에 민들레
머리풀어 흔들면
내마음도 따라 날았다
잃어버릴라 닳아질세라
애가타던 우리 어머니
꿈에서 깨어보니
아무도 없구나
세월만 휭휭
검정고무신 우리 어머니
보리쌀 한말 이고 장에가면
사오려나 검정고무신
밤이며 밤마다 머리맡에 두고
고이 포개서 잠이 들었네
잃어버릴라 닳아질세라
애가타던 우리 어머니
꿈에서 깨어보니 아무도 없구나
가슴만 휭휭 검정고무신 우리어머니
잃어버릴라 닳아질세라
애가타던 우리 어머니
꿈에서 깨어보니 아무도 없구나
가슴만 휭휭 검정고무신 우리어머니"
땡벌,"2,144",박지현,"아 당신은 못 믿을 사람
아 당신은 철없는 사람
아무리 달래봐도
어쩔 수 없지만
마음 하나는 괜찮은 사람
오늘은 들국화
또 내일은 장미꽃
치근 치근 치근대다가
잠이 들겠지
난 이제 지쳤어요 땡벌
기다리다 지쳤어요 땡벌
혼자서는 이 밤이
너무너무 추워요
당신은 못 말리는 땡벌
당신은 날 울리는 땡벌
혼자서는 이 밤이
너무너무 길어요

아 당신은 야속한 사람
아 당신은 모를 사람
밉다가도 돌아서면
마음에 걸리는
마음 하나는 따뜻한 사람
바람에 맴돌다
또 맴돌다 어딘가
기웃 기웃 기웃대다가
잠이 들겠지
난 이제 지쳤어요 땡벌
기다리다 지쳤어요 땡벌
혼자서는 이 밤이
너무너무 추워요
당신은 못 말리는 땡벌
당신은 날 울리는 땡벌
혼자서는 이 밤이
너무너무 길어요
당신을 사랑해요 땡벌
당신을 좋아해요 땡벌
밉지만 당신을
너무너무 사랑해"
인생의 향기,332,홍지윤,"인생이란 여행을 떠나요
가도 가도 끝없는 길을
빛났던 청춘 속 사진은
나를 보며 미소 짓고 있네요

흘러가는 바람 타고
어린 시절로 가고 싶어
모진 세월 잘 살았다고
내 어깨 두드려 주렴

인생은 한 송이의 꽃
다시 피고 지지만
그 향기는 영원히 남으리

추억은 강물이 되어
바다를 찾아가네
인생이란 나의 친구여

밀려드는 파도처럼
그대 곁으로 가고 싶어
사랑은 떠나갔지만
그리움은 남아있네

인생은 한 송이의 꽃
다시 피고 지지만
그 향기는 영원히 남으리

추억은 강물이 되어
바다를 찾아가네
인생이란 나의 친구여

민들레 꽃이 피었네
마지막 꽃씨 피면
인생이란 노랠 부르리"
너만을 사랑했다,228,설운도,"너만을 사랑했다
그것은 운명이었다
아낌없이 태워버렸다
널 위해 나를 태웠다
사랑했지만 너를 보낸다
나는 너를 잡지 못하고
나보다 더 널 사랑해줄
행복을 찾아 떠나는데
약한 모습은 보이기 싫다
혼자가 될지라도

너만을 사랑했다
그것이 전부였었다
이별이란 생각 못했다
꿈에도 생각 못했다
사랑했지만 너를 보낸다
나는 너를 잡지 못하고
나보다 더 널 사랑해줄
행복을 찾아 떠나는데
약한 모습은 보이기 싫다
혼자가 될지라도
사랑했지만 너를 보낸다
나는 너를 잡지 못하고
나보다 더 널 사랑해줄
행복을 찾아 떠나는데
약한 모습은 보이기 싫다
혼자가 될지라도"
가버린 사랑,158,태진아,"백년-해로 맺은 언약
마음속에 새겼거늘
무정할사 그대로다
나를 두고 어디 갔나
그대 이왕 가려거든
정마저 가져가야지
정을 두고 몸만 가니-
남은 이 몸- 어이 하리

백년-해로 맺은 언약
마음속에 새겼거늘
무정할사 그대로다
나를 두고 어디 갔나
그대 이왕 가려거든
정마저 가져가야지
남은 이 몸 생각 말고-
만수무강- 하옵소서"
부끄부끄,538,윙크,"부끄 부끄 부끄 부끄 부끄러워요

부끄 부끄 부끄 부끄 부끄 honey honey

부끄 부끄 부끄 부끄 부끄러워요

부끄 부끄 부끄 부끄 부끄러워



Honey honey 날 좋아허니

왜 자꾸 자꾸 느끼하게 바라보니

너무 뜨거워 앗 뜨거 녹아 내리잖아



Honey honey 날 사랑허니

왜 자꾸 자꾸 원하는게 많아지니

살짝 겁이 나 여자맘이 이런거잖아



겉으론 새침해 보여도 가슴은 두근두근

쿨하게 보여도 사실은 수줍은 여자랍니다



그렇게 쳐다보면 부끄러워요

슬며시 손 잡으면 부끄러워

갑자기 입 맞추면 부끄러워요

더 많이 원하시면 부끄러워



부끄 부끄 부끄 부끄 부끄러워요

부끄 부끄 부끄 부끄 부끄 honey honey

부끄 부끄 부끄 부끄 부끄러워요

부끄 부끄 부끄 부끄 부끄러워





Honey honey 날 좋아허니

왜 자꾸 자꾸 느끼하게 바라보니

너무 뜨거워 앗 뜨거 녹아 내리잖아



Honey honey 날 사랑허니

왜 자꾸 자꾸 원하는게 많아지니

살짝 겁이 나 여자맘이 이런거잖아



겉으론 새침해 보여도 가슴은 두근두근

쿨하게 보여도 사실은 수줍은 여자랍니다



그렇게 쳐다보면 부끄러워요

슬며시 손 잡으면 부끄러워

갑자기 입 맞추면 부끄러워요

더 많이 원하시면 부끄러워



부끄 부끄 부끄 부끄 부끄러워요

부끄 부끄 부끄 부끄 부끄 honey honey

부끄 부끄 부끄 부끄 부끄러워요

부끄 부끄 부끄 부끄 부끄러워"
고추,"1,260",유지나,"고개고개 넘어가도 또 한고개 남았네
넘어가도 넘어가도 끝이없는 고갯길

세상살이가 인생살이가 고추보다 맵다매워
사랑하는 정든님과 둘이라면 백년이고 천년이고
두리둥실 두리둥실 살아가련만
세상살이가 인생살이가 고추보다 맵다매워

고개고개 넘어가도 또 한고개 남았네
돌아가도 돌아가도 끝이없는 고갯길

세상살이가 인생살이가 고추보다 맵다매워
사랑하는 정든님과 둘이라면 천년이고 만년이고
두리둥실 두리둥실 살아가련만
세상살이가 인생살이가 고추보다 맵다매워

사랑하는 정든님과 둘이라면 백년이고 천년이고
두리둥실 두리둥실 살아가련만
세상살이가 인생살이가 고추보다 맵다매워
고추보다 맵다매워"
첫정,"2,002",김수찬,"잊어야 하기에 가슴은 아파도
미련없이 잊을래요
사랑도 주고 눈물도 주고
떠나버린 그 사람을
사랑하던 지난 시절
받은 첫정 때문에
무거운 발길을 돌리지 못하고
외로이 서서 망설이고 있답니다
지워야 하기에 가슴은 아파도
눈을 감고 지울래요
행복도 주고 슬픔도 주고
떠나버린 그사람을
사랑하던 지난 시절
받은 첫정 때문에
외로운 마음을 돌리지 못하고
나홀로 서서 망설이고 있답니다
망설이고 있답니다"
보릿고개,344,진성,"아야
뛰지 마라
배 꺼질라
가슴 시린 보릿 고갯길
주린 배 잡고
물 한 바가지
배 채우시던
그 세월을
어찌 사셨소
초근목피에
그 시절 바람결에
지워져 갈 때
어머님 설움
잊고 살았던
한 많은 보릿고개여
풀피리 꺾어 불던
슬픈 곡조는
어머님의 한숨이었소
아야 우지 마라
배 꺼질라
가슴 시린 보릿 고갯길
주린 배 잡고
물 한 바가지
배 채우시던
그 세월을
어찌 사셨소
초근목피에
그 시절 바람결에
지워져 갈 때
어머님 설움
잊고 살았던
한 많은 보릿고개여
풀피리 꺾어 불던
슬픈 곡조는
어머님의
한숨이었소
초근목피에
그 시절 바람결에
지워져 갈 때
어머님 설움
잊고 살았던
한 많은 보릿고개여
풀피리 꺾어 불던
슬픈 곡조는
어머님의
한숨이었소
풀피리 꺾어 불던
슬픈 곡조는
어머님의
통곡이었소"
꽃피는 사랑노래,"3,327",김희재,"봄바람 불어 오면은
당신에게 달려갈게요
화창한 날에 벚꽃이 피면은
손을 잡고 걸어볼까요
설레는 기분 느끼며
당신에게 달려갈게요
그리운 마음 바람에 실어
내 사랑을 고백할거야
산들산들 꽃송이들이 하얗게 내려
우리 사랑 축복해주네
기분 좋은 향기도 우릴 감싸주네요
아름다운 영화속처럼
꽃피는 사랑노래 바람에 실려
우리들의 사랑도 실려
빛나는 이 계절보다
설레는 당신을 만나
나는 매일 행복합니다
당신과 걷는 거리는
온통 분홍빛이 되어요
사랑도 우릴 질투하는지
얼굴이 빨개졌네요
조심스레 내려앉은 꽃잎을 따라
이 거리를 걸어보아요
바람 타고 날아온 운명 같은 만남은
하나의 선물인거죠
꽃피는 사랑노래 바람에 실려
우리들의 사랑도 실려
빛나는 이 계절보다
설레는 당신을 만나
나는 매일 행복합니다
두근대는 사랑을 타고
달콤한 구름을 타고
상큼한 이 계절보다
설레는 당신을 만나
미치도록 행복합니다
설렘보다 설레는 당신
장미보다 더 예쁜 당신"
남자의 인생,190,박민수,"어둑어둑 해 질 무렵
집으로 가는 길에
빌딩 사이 지는 노을
가슴을 짜안하게 하네
광화문 사거리서 봉천동까지
전철 두 번 갈아타고
지친 하루 눈은 감고 귀는 반 뜨고
졸면서 집에 간다
아버지란 그 이름은
그 이름은 남자의 인생
그냥저냥 사는 것이
똑같은 하루하루
출근하고 퇴근하고
그리고 캔 맥주 한잔
홍대에서 버스 타고 쌍문동까지
서른아홉 정거장
운 좋으면 앉아가고 아니면 서고
지쳐서 집에 간다
남편이란 그 이름은
아버지란 그 이름은
그 이름은 남자의 인생
그 이름은 남자의 인생"
사랑길,302,홍지윤,"인연인지모를 운명 앞에서
서로를 마주선채로
함께 가는 사랑 길
서로 손잡고
우리 함께 걸어갑시다

그동안 많이 힘들었지요
어울리지도 않는
낯선 옷을 입고서
그동안 많이 울었을 거야
낯선 길 깜깜해서 너무 두려워

이제는 더이상은 울지를 마요
내가 꼭 안아 줄게요

사랑이란 꼭지점
사랑의 길 끝까지
꼭 내 손을 놓지 말아요

그동안 많이 힘들었지요
어울리지도 않는
낯선 옷을 입고서
그동안 많이 울었을 거야
낯선 길 깜깜해서 너무 두려워

이제는 더이상은 울지를 마요
내가 꼭 안아 줄게요

사랑이란 꼭지점
사랑의 길 끝까지
꼭 내 손을 놓지 말아요

사랑이란 꼭지점
사랑의 길 끝까지
꼭 내 손을 놓지 말아요
꼭 내 손을 놓지 말아요"
사랑의 눈동자,201,유익종,"잊을 수 없는
우리의 사랑
이 가슴에
슬픔만 남아
이제 난 당신을 알고
사랑을 알고
느꼈어요
끊을 수 없는
우리의 사랑
가슴 가득
그리움 남아
이제 난 당신을 알고
사랑을 알고
느꼈어요
그대의 사랑은
내 맘을 감싸주고
그대의 그 모습은
사랑의 눈동자여
잊을 수 없는
우리의 사랑
가슴 가득
그리움 남아
이제 난 당신을 알고
사랑을 알고
느꼈어요

그대의 사랑은
내 맘을 감싸주고
그대의 그 모습은
사랑의 눈동자여
잊을 수 없는
우리의 사랑
가슴 가득
그리움 남아
이제 난 당신을 알고
사랑을 알고
느꼈어요"
꽃을 든 남자,562,최석준,"외로운 가슴에 꽃씨를 뿌려요
사랑이 싹틀수있게 새벽에 맺힌 이슬이
꽃잎에 내릴때부터 온통 나를 사로 잡네요

나는야 꽃잎되어 그대가슴에
영원히 날고 싶어라 사랑에 취해
향기에 취해 그대에게 빠려버린
나는 나는 꽃을 든 남자

메마른 가슴에 꽃비를 뿌려요
사랑이 싹틀수 있게 하얗게 두 손 흔들며
내곁에 내릴때부터 온통 나를 사로잡네요

나는야 꽃잎되어 그대가슴에
영원히 날고 싶어라 사랑에 취해
향기에 취해 그대에게 빠져버린
나는 나는 꽃을 든 남자

나는야 꽃잎되어 그대가슴에
영원히 날고 싶어라 사랑에 취해
향기에 취해 그대에게 빠져버린
나는 나는 꽃을 든 남자"
눈물 한방울로 사랑은 시작되고,526,이유진,"밤하늘 별을 세던
그 시절 가버렸어도
아직도 지워지지 않는 너
너는 아직 나의 꿈이야
호수에 일렁이던
그 별빛 사라졌어도
아직도 잊혀지지 않는 너
너는 아직 나의 전부야
사랑은 그리움 사랑은 외로움
눈물 한방울로 사랑은 시작되고
마침내 가슴은 송두리채 메워버린
사랑은 불꽃처럼 타오르는 것
철없던 어린시절
덧없이 가버렸어도
아직도 내 가슴에 남았네
아픔처럼 여울지면서
사랑은 그리움 사랑은 외로움
눈물 한방울로 사랑은 시작되고
마침내 가슴은 송두리채 메워버린
사랑은 불꽃처럼 타오르는 것
철없던 어린시절
덧없이 가버렸어도
아직도 내 가슴에 남았네
아픔처럼 여울지면서
아픔처럼 여울지면서"
세월 베고 길게 누운 구름 한 조각,364,민수현,"늙은 산 노을 업고 힘들어하네
벌겋게 힘들어 하네
세월 베고 길게 누운 구름 한 조각
하얀 구름 한 조각
여보게 우리 쉬었다 가세
남은 잔은 비우고 가세
가면 어때 저 세월
가면 어때 이 청춘
저녁 걸린 뒷마당에 쉬었다 가세
여보게 쉬었다 가세
늙은 소 긴 하루를 힘들어하네
음메 하며 힘들어 하네
삐딱하게 날아가는 저 산 비둘기
가지 끝에 하루를 접네
여보게 우리 쉬었다 가세
남은 얘기 다 하고 가세
가면 어때 저 세월
가면 어때 이 청춘
저녁 걸린 뒷마당에 쉬었다 가세
여보게 쉬었다 가세
가면 어때 저 세월
가면 어때 이 청춘
저녁 걸린 뒷마당에 쉬었다 가세
여보게 쉬었다 가세
여보게 쉬었다 가세
여보게 쉬었다 가세"
벚꽃길 2017,"2,243",장윤정,"남인가 내가 남인 가요
나 없인 안되면서
없을 때 찾지 말고
있을 때나 잘해주지
남자들은 모른다
여자의 속마음을
허전해 옷을 사 입고
사랑이 고파 배고픈 거야
철이 없는 당신
무정한 당신
당신이 얄미워요
때로는 나도
때로는 나도
여자이니까
벚꽃이 날리는
하얗게 날리는
그 좋은 계절엔
살림의 여왕 보다는
애인이고 싶어요
벚꽃 길 걸으면
그 길을 걸으면
향기에 취해서
왠지 울컥해 지는 걸
남자들은 모른다
조금만 날 웃겨주면
아주 많이 웃을 텐데
못한다 화내지 말고
괜찮다고 말해주지
남자들은 모른다
여자의 속마음을
허전해 옷을 사 입고
사랑이 고파 배고픈 거야
철이 없는 당신
무정한 당신
당신이 얄미워요
때로는 나도
때로는 나도
여자이니까
벚꽃이 날리는
하얗게 날리는
그 좋은 계절엔
살림의 여왕 보다는
애인이고 싶어요
벚꽃 길 걸으면
그 길을 걸으면
향기에 취해서
왠지 울컥해 지는 걸
남자들은 모른다
왠지 울컥해 지는 걸
남자들은 모른다"
2대8,"4,459",사륜구동,"칼처럼 날카로운 시력
빛처럼 번뜩이는 청력
여인의 향기 다 찾아내는
이대팔 대단한 후력
누가 뭐라 해도 난 이대팔
누가 뭐라 해도 난 이대팔
꽃무늬 거울 앞에 서서
뽀마드 기름 손에 붓고
오른손 듬뿍
왼손에 살짝
이대팔 머리 넘기고
땡땡이 무늬 넥타이에
굵직한 체인 금팔찌에
배바지 입고 빽구두 신고
세련된 걸음걸이
얄라리 얄라리 얄라리 얄라셩
누가 뭐라 해도 난 이대팔
나 오늘 집에 못간다
오늘도 원샷 내일도 원샷
남자의 인생을 마신다
누가 뭐라 해도 난 이대팔
나 오늘 바람 필거야
오늘은 정자
내일은 경자
사나이 인생이란다
칼처럼 날카로운 시력
빛처럼 번뜩이는 청력
여인의 향기 다 찾아내는
이대팔 대단한 후력
금이빨 살짝 보여주고
살인적 미소 날려주면
핫팬츠 입고 하이힐 신고
백미터 전력질주
누가 뭐라 해도 난 이대팔
나 오늘 집에 못간다
오늘도 원샷 내일도 원샷
남자의 인생을 마신다
누가 뭐라 해도 난 이대팔
나 오늘 바람 필거야
오늘은 정자
내일은 경자
사나이 인생이란다
매일 밤 술에 취해 살아도
너희만 있어주면 괜찮아
일 이년 바람핀거 아닌데
조금 더 참아줘
누가 뭐라 해도 난 이대팔
나 좋아한 여자 누군가
이젠 나를 찾지마
다시 떠날 부르지마
사랑따윈 필요없지 난 오늘 이대팔
누가 뭐라 해도 난 이대팔
나 오늘 바람 필거야
오늘은 메리
내일은 제니
사나이 라이프란다"
울엄마,839,김태연,"울 엄마 날 낳아
걱정 태산이 되고
주름 깊은데
세상사 나 잘났다
허풍소리에
눈가에 이슬 맺히시네
어리 버리 가진 것 없어
떠버리 말로만 한숨 드렸네
어리 버리 수많은 날을
응어리 가슴에 한만 드렸네
무병장수 부디 하옵소서
어리 버리 가진 것 없어
떠버리 말로만 한숨 드렸네
어리 버리 수많은 날을
응어리 가슴에 한만 드렸네
무병장수 부디 하옵소서
어리 버리 가진 것 없어
떠버리 말로만 한숨 드렸네
어리 버리 수많은 날을
응어리 가슴에 한만 드렸네
세월 비켜 부디 가옵소서"
여보여보,"1,339",진해성,"여보 여보 손 좀 줘봐요
내가 내가 꼭 잡아 줄게요
힘든 세상 내게 와서 고생만 했죠
내가 정말 미안해요
그 말이 그렇게도 서운했나요
당신 울고 그랬잖아요
그 작은 선물에도 눈물 고이던
당신은 내 여자예요
여보 여보 내 가슴에 기대여 봐요
내가 당신 안아 줄게요
그 말이 그렇게도 좋았나 봐요
당신 울고 그랬잖아요
한 마디 불평 없이 나를 믿어준
당신은 내 여자예요
여보 여보 내 가슴에 기대여 봐요
내가 당신 안아 줄게요
여보 여보 내 가슴에 기대여 봐요
내가 당신 안아 줄게요"
여로,536,이미자,"그 옛날 오색댕기
바람에 나부낄때
봄나비 나래위에
꿈을 실어 보았는데
날으는 낙엽따라
어디론가 가버렸네
무심한 강물위에
잔주름 여울지고
아쉬움에 돌아보는
여자의 길
언젠가 오랜 옛날
볼우물 예뻤을때
뛰는가슴 사랑으로
부푼적도 있었는데
흐르는 세월따라
어디론가 사라졌네
무심한 강바람만
흰머리 나부끼고
아쉬움에 돌아보는
여자의 길"
가슴 아프게,715,남진,"당신과 나 사이에
저 바다가 없었다면
쓰라린 이별만은
없었을 것을
해저문 부두에서
떠나가는 연락선을
가슴 아프게
가슴 아프게
바라보지 않았으리
갈매기도 내마음 같이
목메여 운다
당신과 나 사이에
저 바다가 없었다면
쓰라린 이별만은
없었을 것을
해저문 부두에서
떠나가는 연락선을
가슴 아프게
가슴 아프게
바라보지 않았으리
갈매기도 내마음 같이
목메여 운다"
어느 소녀의 사랑 이야기,551,민해경,"그대를 만날때면
이렇게 포근한데
이룰 수 없는 사랑을 사랑을
어쩌면 좋아요
미소를 띄어봐도 마음은 슬퍼져요
사랑에 빠진 나를
나를 어찌할 수 없나요
내 인생에 반은 그대에게 있어요
그 나머지도 나의것은 아니죠
그대를 그대를 그리워하며
살아야 하니까
내 인생의 반은 그대에게 있어요
그 나머지도 나의것은 아니죠
그대를 그대를 그리워하며
살아야 하니까
이마음 다바쳐서 좋아한 사랑인데
이룰 수 없는 사랑을 사랑을
어쩌면 좋아요
이룰 수 없는 사랑을 사랑을
어쩌면 좋아요"
흔들린 우정,"16,180",임영웅,"아냐 이게 아닌데 왜 난 자꾸만
친구의 여자가 좋을까
이러면 안되지 하면서 왜
내맘속엔 온통 그녀 생각뿐일까
친구 몰래 걸려온 그녀의
전화가 난 왜 이리도 설레일까
냉정하게 거절하면 되는데 왜
난 그녀를 거절하지 못할까
정말 난 미치겠어 나도
나를 잘 모르겠어
오랜 친구와의 우정을 외면한 채
여자 땜에 흔들리는 게
너무나 괴로워 나만 포기하면 되는데
왜 난 고민할 가치도 없는 일을
이렇게 고민하고 있는지
미안해 내 친구야
잠시 너를 기만했던걸
지금까지 너에 대한 내 우정이
아직도 좀 모자란가봐
이해해줘 내 친구야
잠시 흔들렸던 우정을
누군가가 너와 나의 친구사일
질투해 시험했던거라
그렇게 생각해줘
아냐 이게 아닌데 왜 난 자꾸만
친구의 여자가 좋을까
이러면 안되지 하면서 왜
내맘속엔 온통 그녀 생각뿐일까
친구 몰래 걸려온 그녀의
전화가 난 왜 이리도 설레일까
냉정하게 거절하면 되는데 왜
난 그녀를 거절하지 못할까
정말 난 미치겠어 나도
나를 잘 모르겠어
오랜 친구와의 우정을 외면한 채
여자 땜에 흔들리는 게
너무나 괴로워
마치 죄를 짓는 것 같아
이젠 모든걸다 잊고
난 친구 곁으로 돌아가야 하겠어
미안해 내 친구야
잠시 너를 기만했던걸
지금까지 너에 대한 내 우정이
아직도 좀 모자란가봐
이해해줘 내 친구야
잠시 흔들렸던 우정을
누군가가 너와 나의 친구사일
질투해 시험했던거라
그렇게 생각해줘"
별 빛이 내린다,"16,111",임영웅,"그 밤에 그 밤
사랑하는 사람들 품으로
그 밤에 그 밤
지나간 추억에 따스함 위로
그 밤에 그 밤
어머니의 주름 그 사이로
그 밤에 그 밤
그 밤에 그 밤
따뜻한
별 빛이 내린다
반짝이는 추억이 떠올라
초라한 내 모습이 멀어져
도시의 하늘은 내 맘처럼 어둡다
아픔도 참 많았고
눈물도 참 많아서
까만 밤하늘에
별 빛이 내린다
쏟아져 내린 도시의 밤으로
쏟아져 내린 눈물 그 위로
쏟아져 내린 나의 마음이
이렇게나 자라버렸고
쏟아져 내린 별 빛 사이로
쏟아져 나온 사람들 위로
쏟아져 내린 나의 마음이
이렇게나 자라버렸고
쏟아져 내린 도시의 밤으로
쏟아져 내린 눈물 그 위로
쏟아져 내린 나의 마음이
이렇게나 자라버렸고
쏟아져 내린 도시의 밤으로
쏟아져 내린 눈물 그 위로
쏟아져 내린 나의 마음이
이렇게나 자라버렸고"
내 하나의 사람은 가고,641,영지,"너를 보내는 들판에
마른 바람이 슬프고
내가 돌아선 하늘엔
살빛 낮달이 슬퍼라
오래도록 잊었던
눈물이 솟고
등이 휠 것 같은
삶의 무게여
가거라 사람아
세월을 따라
모두가 걸어가는
쓸쓸한 그 길로
사람아 사람아
내 하나의 사람아
사람아 사람아
내 하나의 사람아
이 늦은 참회-를
너는 아는 지
모두가 걸어가는
쓸쓸한 그 길로
쓸쓸한 그 길로"
두 여인,642,김소유,"한 사람이 두 여인을
사랑해도 되는건가요
어쩌면 좋아 어쩌면 좋아
안 되는 줄 알면서도
어차피 인생은 속는 거라고
그 누가 말을 했던가
그냥 갈래요 그냥 갈래요
어차피 정든 두 여인
이 세상에 내가
내가 다시 태어난다면
한 사람만 사랑할래요
한 사람이 두 여인을
사랑해도 되는 건가요
어쩌면 좋아 어쩌면 좋아
안 되는 줄 알면서도
어차피 인생은 연극이라고
그 누가 말을 했던가
그냥 갈래요 그냥 갈래요
어차피 정든 두 여인
이 세상에 내가
내가 다시 태어난다면
한 사람만 사랑할래요
그냥 갈래요 그냥 갈래요
어차피 정든 두 여인
이 세상에 내가
내가 다시 태어난다면
한 사람만 사랑할래요"
상처,733,조용필,"젖어있는 두 눈 속에
감춰진 그 사연은
아직도 가슴에 아물지 않은
지난 날의 옛 상처
바람이 잠들은 내 가슴에
외로움을 달래면서 기대어
상처난 날개를 접어야하는
외로운 사람아
당신은 내 사랑 영원한 내 사랑
외로워 마세요
이제는 내 품에서 다시 태어난
바람 속의 여자
바람이 잠들은 내 가슴에
외로움을 달래면서 기대어
상처난 날개를 접어야하는
외로운 사람아
당신은 내 사랑 영원한 내 사랑
외로워 마세요
이제는 내 품에서 다시 태어난
바람 속의 여자"
그댄 봄비를 무척 좋아하나요,"1,099",배따라기,"그댄 봄비를 무척 좋아하나요
나는요 비가 오면 추억 속에 잠겨요
그댄 바람 소리를 무척 좋아하나요
나는요 바람 불면 바람 속을 걸어요
외로운 내 가슴에 나 몰래 다가와
사랑을 심어놓고 떠나간 그 사람을
나는요 정말 미워하지 않아요
그댄 낙엽지면 무슨 생각하나요
나는요 둘이 걷던
솔밭 길 홀로 걸어요
그댄 봄비를 무척 좋아하나요
나는요 비가 오면 추억 속에 잠겨요
외로운 내 가슴에 나 몰래 다가와
사랑을 심어놓고 날아간 그 사람을
나는요 정말 미워하지 않아요
그댄 낙엽지면 무슨 생각하나요
나는요 둘이 걷던
솔밭 길 홀로 걸어요
솔밭 길 홀로 걸어요
솔밭 길 홀로 걸어요"
당신의 눈물,562,태진아,"어젯밤 잠든 그댈
바라보던 내 눈엔
한줄기 뜨거운 눈물이
흐르고 말았소
그렇게 살아온 긴 세월 동안
외로워도 힘들어도
말도 못하고
아 당신은 언제나
눈물을 감추고 있었나
세상이 날 버리고
돌아갈 곳 없는데
괜찮단 그 말 한마디에
난 울고 말았소
언제나 말없이
기다려준 당신
미안해서 아무 말도
할 순 없지만
아 당신은 언제나
눈물을 감추고 있었나
아 당신은 언제나
눈물을 감추고 있었나"
둠바 둠바,355,진시몬,"살다 보면 힘이 들겠지
인생이란 다 그런 거니까
처음부터 다 가졌었다면
사는 의미는 없을지 몰라
젊은 날에 당신을 만나
목숨 바쳐 사랑을 했지
세월 가고 텅 빈 가슴엔
왜 외로움들이 와 있는 걸까
알아 고생했지
나를 만나서 너 힘겨웠지
우리 흘린 눈물
그 무엇보다도 소중했는데
둠바 둠바 둠바 외로워 마라
둠바 둠바 둠바 처음 그때처럼
둠바 둠바 둠바 이제부터야
당신은 영원한 나의 사랑
젊은 날에 당신을 만나
목숨 바쳐 사랑을 했지
세월 가고 텅 빈 가슴엔
왜 외로움들이 와 있는 걸까
알아 고생했지
나를 만나서 너 힘겨웠지
우리 흘린 눈물
그 무엇보다도 소중했는데
둠바 둠바 둠바 외로워 마라
둠바 둠바 둠바 처음 그때처럼
둠바 둠바 둠바 이제부터야
당신은 영원한 나의 사랑
그래 우리 사랑은
세월이 흘러도
변할 순 없는 거야
둠바 둠바 둠바 외로워 마라
둠바 둠바 둠바 처음 그때처럼
둠바 둠바 둠바 이제부터야
당신은 영원한 나의 사랑
영원한 나의 사랑"
달빛 창가에서,"28,120",임영웅,"한송이 장미를 종이에
곱게 싸서 어제도 오늘도
하루같이 기다리네
그대의 창문은 열릴 줄 모르니
사랑의 달빛으로
노크를 해야지
오오오 내사랑
바람결에 창을 열고
달빛 미소 출렁이며
행복의 단꿈을 꾸어라
오오오 내사랑
그대 드릴 꽃 한송이
별빛 미소 출렁이면
마음의 창문을 열어라
한송이 장미를 종이에
곱게 싸서 어제도 오늘도
하루같이 기다리네
그대의 창문은 열릴 줄 모르니
사랑의 달빛으로
노크를 해야지
오오오 내사랑
바람결에 창을 열고
달빛 미소 출렁이며
행복의 단꿈을 꾸어라
오오오 내사랑
그대 드릴 꽃 한송이
별빛 미소 출렁이면
마음의 창문을 열어라
오오오 내사랑
그대 드릴 꽃 한송이
별빛 미소 출렁이면
마음의 창문을 열어라"
사랑님,528,오유진,"몇 굽이 돌고 돌아
사랑님을 보았을까
새벽안개 이슬 되어
알알이 맺혔구나
한 올 한 올 타는 가슴
어디에 둘까
그리운 맘 사랑에 젖네
아 안타까운 내 님이여
저 구름에 몸을 실어
둥실둥실 띄워볼까
저 바람은 내 맘 알까
먹물 같은 이 내 심정
사랑님은 아시려나
몇 굽이 돌고 돌아
사랑님을 보았을까
새벽안개 이슬 되어
알알이 맺혔구나
한 올 한 올 타는 가슴
어디에 둘까
그리운 맘 사랑에 젖네
아 안타까운 내 님이여
저 구름에 몸을 실어
둥실둥실 띄워볼까
저 바람은 내 맘 알까
먹물 같은 이 내 심정
사랑님은 아시려나
우리 님은 아시려나"
내 하나의 사람은 가고,251,정요심,"가거라 사람아
세월을 따라
모두가 걸어가는
쓸쓸한 그 길로

너를 보내는 들판에
마른 바람이 슬프고
내가 돌아선 하늘엔
살빛 낮달이 슬퍼라
오래도록 잊었던
눈물이 솟고
등이 휠 것 같은
삶의 무게여
가거라 사람아
세월을 따라
모두가 걸어가는
쓸쓸한 그 길로

아 저 하늘의
구름이나 될까
너 있는 그 먼 땅을
찾아 나설까
사람아 사람아
내 하나의 사람아
이 늦은 참회를
너는 아는지
사람아 사람아
내 하나의 사람아

사람아 사람아
내 하나의 사람아
이 늦은 참회를
너는 아는지
모두가 걸어가는
쓸쓸한 그 길로
쓸쓸한 그 길로"
난리가 났네,65,팝핀현준,"사랑 때문에 난리야 난리 났어

난리가 났구나
메마른 가슴에 불쏘시개
겁 없이 던져 난리야 난리 났어

조신한척 튕길꺼라 하더니
어느순간부터 콩깍지가 씌여진거야
그렇게 좋아서 미쳐만 가니
얼씨구 정말 내 마음에 불이 붙어

난리가 났네 난리가 났어
사랑 때문에 난리야 난리 났어
내 사랑


내가 먼저 (사랑한다) 옆구리 (팍팍) 찔렀냐
너가 먼저 (사랑한다고) 옆구리 (콕콕) 찔렀지
내눈에 (콩깍지)
짚신도 (제짝있지)
(난리난리 난리난리 난리났네)

난리가 났구나
메마른 가슴에 불쏘시개
겁 없이 던져 난리야 난리 났어

사랑 따윈 나 몰라라 하더니
어느순간부터 콩깍지가 씌여진거야
그렇게 좋아서 미쳐만 가니
얼씨구 정말 내 마음에 불이 붙어

난리가 났네 난리가 났어
사랑 때문에 난리야 난리 났어
내 사랑

난리가 났네 난리가 났어
사랑 때문에 난리야 난리 났어
내 사랑"
사랑의 기도,104,임주리,"천상에 계신이여
나의 기도 들어주소서
그 사람을 사랑하니
그이를 내게 주소서
이 내 마음 진실하니
이 내 사랑 믿으소서
그이의 불행한 모든 허물을
목숨다 바쳐 사랑하리니
도와주소서
아직은 어둠속에
울고 있나이다
나에게 무슨 일이 생겼는지
굽어보소서
내 가슴엔 그 사람의
이름만 가득합니다
사랑으로 생긴 슬픔
내 것으로 받으리니
사랑을 맹세한 내 입술로는
세상 누구도 허물치 않으리
간청하오니 소중한
인연으로 살게 하옵소서"
그대는 나의 인생,317,최진희,"나오직 그대를 사랑해
그 사랑 변하지 마오
우린 비밀이 없어요
꿈과 사랑을 나누어요
그대는 나의 인생 인생
아직은 아쉬움도 있지만
그대는 나의 인생 인생
우리는 선택했어요
나오직 그대를 사랑해
그 사랑 변하지 마오
우린 모든것 다주어요
그대 나의 인생 이기에


그대는 나의 인생 인생
아직은 아쉬움도 있지만
그대는 나의 인생 인생 인생
우리는 선택했어요
나오직 그대를 사랑해
그사랑 변하지 마오
우린 모든것 다주어요
그대 나의 인생이기에"
비우자,295,이명주,"먹구름이 몰려온다고 한숨은 왜 쉬나
언제 그랬냔 듯이 햇살이 비출 텐데
한잎 두잎 꽃이 진다고 울상은 왜 짓나
때가되면 다시 꽃필텐데
비우자 마음을 버리자 미련을
아리아리 아라리 인생 고갯길
힘들어도 웃으면서 넘어가보세
아리아리 아라리 인생 고갯길
고달퍼도 신명나게 넘어가보세
먹구름이 몰려온다고 한숨은 왜 쉬나
언제 그랬냔 듯이 햇살이 비출 텐데
한잎 두잎 꽃이 진다고 울상은 왜 짓나
때가되면 다시 꽃필텐데
비우자 마음을 버리자 미련을
아리아리 아라리 인생 고갯길
힘들어도 웃으면서 넘어가보세
아리아리 아라리 인생 고갯길
고달퍼도 신명나게 넘어가보세
넘어가보세"
바람과 구름,784,장남들,"부는 바람아 너는 나의 힘
모든 슬픔을 거둬 가다오
광활한 대지에
끝없는 바다에
오오 바람이 분다
가는 구름아 너는 나의 꿈
높은 저곳에 데려 가다오
푸른 창공으로
영원한 곳으로
오오 구름이 간다
나도 따라서 갈래
머나먼 저곳으로
나의 꿈을 따라서
멀리 머나먼 곳에
부는 바람아 너는 나의 힘
가는 구름아 너는 나의 꿈
푸른 희망속에 끝없이 달리는
오오 바람과구름
나도 따라서 갈래
머나먼 저곳으로
나의 꿈을 따라서
멀리 머나먼 곳에
부는 바람아 너는 나의 힘
가는 구름아 너는 나의 꿈
푸른 희망속에 우리함께 달린다
오오 바람과 구름
오오 바람과 구름
오오 바람과 구름"
쌈바의 여인,973,설운도,"쌈바의 여인 - 설운도
내마음을 사로잡는 그대
삼바춤을 추고 있는 그대
화려한불빛 음악에 젖어
사랑에 취해버린 그대
사랑사랑한다고
좋아좋아한다고
눈빛하나로 몸짓하나로
내마음 사로잡는밤
쌈바쌈바쌈바쌈바
춤을 추고있는 그대
쌈바쌈바쌈바쌈바
사랑스런 나의 그대
이 밤 그대는 불타오르는
영원한 나만의 사랑
- 연주중 -
사랑사랑한다고
좋아좋아한다고
젖은머릿결 젖은눈동자
내맘을 사로잡는밤
쌈바쌈바쌈바쌈바
춤을 추고 있는 그대
쌈바쌈바쌈바쌈바
사랑스런 나의 그대
이 밤 그대는 불타오르는
영원한 나만의 사랑
쌈바쌈바쌈바쌈바
춤을 추고 있는 그대
쌈바쌈바쌈바쌈바
사랑스런 나의 그대
이 밤 그대는 불타오르는
영원한 나만의 사랑"
젊음의 노트,"27,000",임영웅,"안개속을 걸어봐도 채워지지 않는
나의 빈가슴 잡으려면
어느새 사라지는 젊음의 무지개여
커피를 마셔봐도
느낄수가 없는 나의 빈가슴
까만밤을 하얗게 지새우는
젊음의 고독이여
내젊음의 빈노트엔
무엇을 그려야할까
내젊음의 빈노트엔
무엇을 써야만하나
아름답고
신비로운 우리들 사랑의 이야기
이세상에 살아있는
우리들의 모든 인생이야기
내 젊음의 빈노트엔
무엇을 채워야하나
내젊음의 빈노트엔
무엇을 그려야할까
내젊음의 빈노트엔
무엇을 써야만하나
아름답고 신비로운
우리들 사랑의 이야기
이세상에 살아있는
우리들의 모든 인생이야기
내 젊음의 빈노트엔 무엇을
채워야하나"
엄마의 노래,"1,359",김다현,"섬마을에 한 소녀와
총각 선생님 이야기
부엌에서 들리던 엄마의 그 노래
오늘따라 눈물이 납니다
맛나고 좋은 건 아니 아니
딸내미 아들내미 키우시며
까맣게 타버린 눈물에 그 세월들을
어떻게 말로 다 할까요
고왔던 봄 처녀를 무심히 데리고 간
그 세월이 너무 미워요
철없던 작은 아이가
이젠 나이를 먹었죠
세상살이 힘들어 지치는 날이면
듣고 싶은 엄마의 노래
맛나고 좋은 건 아니 아니
딸내미 아들내미 키우시며
까맣게 타버린 눈물의 그 세월들을
어떻게 말로 다 할까요
고왔던 봄 처녀를 무심히 데리고 간
그 세월이 너무 미워요
그 세월이 너무 미워요"
허공,751,"녹용 씨스터즈(김다현,김의영,류원정,진달래,홍지윤)","꿈이었다고 생각하기엔
너무나도 아쉬움 남아
가슴태우며 기다리기엔
너무나도 멀어진 그대
사랑했던 마음도
미워했던 마음도
허공속에 묻어야만 될
슬픈 옛 이야기
스쳐버린 그 날들
잊어야할 그 날들
허공속에 묻힐 그날들
설레이던 마음도
기다리던 마음도
허공속에 묻어야만 될
슬픈 옛이야기
스쳐버린 그 약속
잊어야할 그 약속
허공속에 묻힐 그 약속
허공속에 묻힐"
혼잣말,718,홍자,"사랑한다고 너뿐이라고
그 한마디 하지 못하고
너의 행복을 비는 마음에
서둘러 전활 끊는다
널 보면 다시 또 내가
흔들릴까 두려워
끊어진 수화기를 붙잡고
사랑해 사랑한다고
외치는 그 말은
이제는 혼자 하는 말
잡고 싶은데 잘 가라 했지
웃으며 잊으라 했지
너의 행복을 비는 마음에
서둘러 전활 끊는다
널 보면 다시 또 내가
흔들릴까 두려워
끊어진 수화기를 붙잡고
사랑해 사랑한다고
외치는 그 말은
이제는 혼자 하는 말
너만을 사랑해
이제는 혼자 하는 말"
구만리 인생,109,진성,"(어허허어~)
뭔놈에 (뭔놈에) 번뇌인가 (번뇌인가)
맨몸으로 돌아갈것을
피죽야 (피죽야) 못먹으랴 (못먹으랴)
어찌 한끼 때우면 그만
손발이 있으되 내 것이라 하겠소
멋대로 간 세월 탓이지 (후~탓이지)
팔자 필라 치면은 붉게 물든 황혼역
내 살날 구만리지만
세상은 나 없이도 가것지
(어허허어~)
뭔놈에 (뭔놈에) 번뇌인가 (번뇌인가)
맨몸으로 돌아갈것을
산입에 (산입에) 거미줄을 (거미줄을)
치겠느냐 어찌 살겠지
손발이 있으되 내 것이라 하겠소
멋대로 간 세월 탓이지 (후~탓이지)
팔자 필라 치면은 붉게 물든 황혼역
내 살날 구만리지만
세상은 나 없이도 가것지
손발이 있으되 내 것이라 하겠소
멋대로 간 세월 탓이지 (후~탓이지)
팔자 필라 치면은 붉게 물든 황혼역
내 살날 구만리지만
세상은 나 없이도 가것지"
잘될거야,70,배준렬 (BJR),"잘될거야
면접에 합격할 거야
다이어트 성공할 거야
잘될거야

하루하루 반복되는 일상을 살다 보면
누구나 한 번쯤은 찡하게 현타가 오지

그래도 괜찮아 오늘은 금요일이야
한잔해 탁! 털고, 가면 그만이야

오오오 사람들은 다
내일의 행복을 꿈꾸며 살지만
인생은 딱 한 번 오늘만 생각해
재밌게 가보는 거야

잘될거야
예쁜 애인 생길 거야
돈벼락 맞게 될 거야
잘될거야
시험에 딱 붙을 거야
해외여행 딱 갈 거야
잘될거야

워어어 이제부턴 나
잡 걱정 다 잊고 행복해질 거야
인생의 주인공 그건 바로 나야
즐겁게 가보는 거야

잘될거야
올해엔 승진할 거야
연봉협상 딱 할 거야
잘될거야
결혼에 골인할 거야
손주 안겨드릴 거야
잘될거야

가끔 넘어져도 돼
눈물 흘려도 돼
이겨낼 거니까

인생은 딱 한 번 오늘만 생각해
재밌게 가보는 거야

잘될거야
이게 사람 사는 거야
실패도 맛보는 거야
잘될거야
한강뷰 입성할 거야
건물주 돼버릴 거야
잘될거야"
겨울비는 내리고,420,김범룡,"그 누구인가 내게 다가와
나를 바라보는 애달픈 눈동자
비를 맞으며 우뚝 선 모습
떠나려 하는 내님이련가
바보같지만 바보같지만
나는 정말로 보낼 수가 없어
하얀 내 얼굴 난 사랑했는데
어떡해야하나 눈물이 흐르네
바람불어와 뒤돌아보면
당신은 저멀리 사라져버리고
아픈 마음에 홀로 걸으면
겨울비 내려와 머리를 적시네

바보같지만 바보같지만
나는 정말로 보낼 수가 없어
하얀 내얼굴 난 사랑했는데
어떡해야하나 눈물이 흐르네
바람불어와 뒤돌아보면
당신은 저멀리 사라져버리고
아픈 마음에 홀로 걸으면
겨울비 내려와 머리를 적시네
겨울비 내려와 머리를 적시네
겨울비 내려와 머리를 적시네"
불효자는 웁니다,687,나훈아,"불러봐도 울어봐도
못 오실 어머님을
원통해 불러보고
땅을 치며 통곡한들
다시 못 올 어머니여
불초한 이자식은
생전에 지은 죄를
엎드려 빕니다
손발이 터지도록
피땀을 흘리시며
못 믿을 이 자식의
금의 환향 바라시고
고생하신 어머님이
드디어 이 세상을
눈물로 가셨나요
그리운 어머님"
感 (감),413,김용임,"한 번 보고 두 번 보고 어떻게 알아?

적어도 세 번쯤은 만나봐야지

처음부터 처음부터 감이 왔지만

왜 그런지, 왜 그런지 망설여 지네

혹시 내 마음을 눈치챘을까?

너도 이런저런 고민 중일까?

정말 사랑이란 알수 없어. 알송달송 어려워!

살며시 네가 먼저 다가와 줄래?

나는 이미 네게 낚였어(2절: 빠졌어)

너는 너는 내 눈길을 피하고 있어

하지만 자꾸자꾸 마주치잖아?

외면하는, 외면하는 나의 마음은

두근두근 후끈후끈 달아오르네

왜 그런지, 왜 그런지 달아오르네

처음부터, 처음부터 감이 왔어!"
그대 그리고 나,677,조영남,"푸른 파도를 가르는
흰돛단배처럼
그대 그리고 나
낙엽 떨어진 그길을
정답게 거닐던
그대 그리고 나
흰눈내리는 겨울을
좋아했던
그대 그리고 나
때론 슬픔에 잠겨서
한없이 울었던
그대 그리고 나
텅빈 마음을 달래어
고개를 숙이던
그대 그리고 나
우린헤어져 서로가
그리운
그대 그리고 나
때론 슬픔에 잠겨서
한없이 울었던
그대 그리고 나
텅빈 마음을 달래어
고개를 숙이던
그대 그리고 나
우린헤어져 서로가
그리운
그대 그리고 나"
인생 정답,443,나훈아,"무엇을 찾아왔나 오 나의 인생아
무엇을 두고 갈까 이놈의 세상에
이렇게 살아도 저렇게 살아도
결국엔 빈손인 것을
좋은 사람 만나서 아끼고 사랑하며
한 세상 사는 것이 정답일까
아 딱 부러지는 인생의 정답은 없어
어디로 가야할까 오 나의 인생아
무엇을 얻어갈까 요놈의 세상에
울기도 했지만 웃으며 간다면
더 이상 바랄게 없지
착한 사람 만나서 보듬고 다독이며
한 평생 사는 것이 정답일까
아 딱 부러지는 인생의 정답은 없어
남남끼리 만나서 서로가 닮아가며
지지고 볶는 것이 정답일까
아 딱 부러지는 인생의 정답은 없어
인생의 정답은 없어"
저예요,712,홍자,"저예요 별을 품은 여자
당신과 사랑했던 사람
아직도 내 어깨를 감싸며
내 곁에 있는 것 같아
저예요 듣고 계신 가요
뭐라고 말 좀 해줘요
이렇게 눈을 감고 있으면
당신 더 보고 싶어요
사랑이 이런 거였다면
차라리 만나지나 말걸
어떻게 사랑한단 그 말이
세월에 묻혀지나요
저예요 듣고 계신 가요
뭐라고 말 좀 해줘요
이렇게 눈을 감고 있으면
당신 더 보고 싶어요
사랑이 이런 거였다면
차라리 만나지나 말걸
어떻게 사랑한단 그 말이
세월에 묻혀지나요
더 이상 무슨 얘길 해도
만나고 싶다는 말 밖에
사랑해 사랑해요 당신을
저예요 당신의 여자
저예요 별을 품은 여자"
여자로보여,"19,156",임영웅,"잘 들어 지금 내가 하는 말
장난이 아냐
니가 놀랠지도 모르지만
얼마 전부터 내 머릿속은
너로 가득 차 있어 나도 모르게
처음엔 설마 설마 했는데
확실히 알았어 난
니가 여자로 보여
너의 하나부터 열까지 다
내 맘을 녹이기엔 충분해
진심이야 정말 언제 부턴가
난 니가 너무 아름다운
여자로 보여
설마 설마 했는데
확실히 알았어 난
니가 여자로 보여
너의 하나부터 열까지 다
내 맘을 녹이기엔 충분해
진심이야 정말 언제 부턴가
난 니가 너무 아름다운
여자로 보여"
이름 모를 소녀,"2,196",박서진,"버들잎 따다가
연못 위에 띄워놓고
쓸쓸히 바라보는
이름 모를 소녀
밤은 깊어 가고
산새들은 잠들어
아무도 찾지 않는
조그만 연못 속에
달빛 젖은 금빛 물결
바람에 이누나
출렁이는 물결 속에
마음을 달래려고
말없이 기다리다
쓸쓸히 돌아서서
안갯속에 떠나가는
이름 모를 소녀
밤은 깊어 가고
산새들은 잠들어
아무도 찾지 않는
조그만 연못 속에
달빛 젖은 금빛 물결
바람에 이누나
출렁이는 물결 속에
마음을 달래려고
말없이 기다리다
쓸쓸히 돌아서서
안갯속에 떠나가는
이름 모를 소녀"
바람 바람 바람,52,하이량,"그대 이름은 바람 바람 바람
어둠 속에 잠기네

문밖에는 귀뚜라미 울고
산새들 지저귀는데

내 님은 오시지는 않고
어둠만이 짙어가네

저 멀리엔 기타 소리
귓가에 들려오는데

언제 님은 오시려나
바람만 휭하니 부네

내 님은 바람이련가
스치고 지나가는 바람

오늘도 잠 못 이루고
어둠 속에 잠기네

그대 이름은 바람 바람 바람
왔다가 사라지는 바람

그대 이름은 바람 바람 바람
날 울려놓고 가는 바람

창가에 우두커니 앉아
어두운 창밖 바라보면

힘없는 내 손 잡아주며
님은 곧 오실 것 같아

저 멀리엔 교회 종소리
귓가에 들려오는데

언제 님은 오시려나
바람만 휭하니 부네

내 님은 바람이련가
스치고 지나가는 바람

오늘도 잠 못 이루고
어둠 속에 잠기네
잠기네

그대 이름은 바람 바람 바람
왔다가 사라지는 바람

그대 이름은 바람 바람 바람
날 울려놓고 가는 바람

날 울려놓고 가는 바람
날 울려놓고 가는 바람"
갈매기 사랑,451,설운도,"갈매기야

갈매기야

갈매기야

갈매기야

부산항 갈매기야

내 청춘이 흘러가도

너는 아직 변함이 없구나

수많은 저 배들은

오고 가는데

내 사랑 그 님은

언제쯤 올까

밤이면 부둣가에서

오늘도 기다린단다

갈매기

갈매기

내 갈매기야

내 님은 언제 오겠니



갈매기야

갈매기야

갈매기야

갈매기야

인천항 갈매기야

내 인생이 흘러가도

너는 아직 그대로구나

수많은 무역선은

오고 가는데

내 사랑 그 님은

언제쯤 올까

밤이면 부둣가에서

오늘도 기다린단다

갈매기

갈매기

내 갈매기야

내 님은 언제 오겠니

내 님은 언제 오겠니"
사랑아 가자,781,한혜진,"이 넓은세상 저 하늘아래 하나뿐인 그대여

내사랑 그대그대 그대 그대 그대가 원한다면

땅 끝이라도 하늘 끝이라도 나는나는 나는따라갈꺼야

남쪽도좋아 서쪽도좋아 동서남북 어디라도좋아

당신이원하면 당신이원하면 나는나는 따라갈꺼야

사랑아가자 내 사랑아가자 너가고싶은데로

사랑아가자 내 사랑아가자 발길가는데로

당신이가는곳 그 어디라도 나는나는 나는따라갈꺼야

(2절)

이 넓은세상 저하늘아래 하나뿐인그대여

내사랑 그대그대 그대 그대 그대가원한다면

땅 끝이라도 하늘 끝이라도 나는나는 나는따라갈꺼야

오늘도좋아 내일도좋아 지금바로 떠나도좋아

당신이원하면 당신이원하면 나는나는 따라갈꺼야

사랑아가자 내 사랑아가자 너가고싶은데로

사랑아가자 내 사랑아가자 발길가는데로

당신이가는곳 그 어디라도 나는나는 나는따라갈꺼야

물어보지않고 따라갈꺼야"
물망초,434,김용임,"밤비에 흠뻑 젖었다
한 떨기 외로운 꽃잎
가로등 불빛 따라 내뿜는 향기
당신은 알까
방배동 이름 모를 그 카페에서
마주 앉은 너와 나
영원하자고 잊지 말자며
내밀던 물망초
고요히 숨도 죽였다
한 순간 꿈이었을까
흩어진 낙엽 위에 젖은 그림자
당신은 알까
방배동 이름 모를 그 카페에서
마주 앉은 너와 나
영원하자고 잊지 말자며
내밀던 물망초
방배동 이름 모를 그 카페에서
마주 앉은 너와 나
영원하자고 잊지 말자며
내밀던 물망초
내밀던 물망초"
레디 큐 (Ready Q),"1,206",조정민,"사는 게 의미가 없어
왜 자꾸 힘 빠지는 건지
나나나 지금 뭔가
반전이 필요해
한 컷 두 컷 나만의
액션 만드는 거야
가끔 뒤를 돌아보면
누군가 속닥거리지만
나나나 지금 뭔가
용기가 필요해
여기 저기 떠도는
참견 신경쓰지마
내 인생 내 삶은 누가 뭐라던
내가 주인공 액션
My My 드라마
이제 시작해 쉿 레디 큐
내 인생 내 삶은 누가 뭐라던
내가 주인공 액션
My My 드라마
이제 시작해 쉿 레디 큐
쉿 레디 큐
사랑에 아파서 울고
사람에 속아서 울어도
나나나 지금 뭔가
박수가 필요해
어제 보다 달라진
오늘 모든 걸 바쳐
내 인생 내 삶은 누가 뭐라던
내가 주인공 액션
My My 드라마
이제 시작해 쉿 레디 큐
내 인생 내 삶은 누가 뭐라던
내가 주인공 액션
My My 드라마
이제 시작해 쉿 레디 큐
넘어져도 다시 일어나
생각대로 꿈꾸는 대로
해피엔딩 내 인생 드라마
쉿 레디 큐
쉿 레디 큐
쉿 레디 큐"
대세남,"1,065",승국이,"저 건물이 내 명의야
지갑도 빵빵한거 아까 봤잖아
꾸물대면 그냥 놓치는거야
좀처럼 볼수없는 대세남을
한번만 안아주세요 나를
당신말고 다 가진 늑대를
향기가 날 거에요
불란서 퍼퓸이니까
왜 자꾸 궁금한가요 그게
어디에 혼자 살고 있는지
걸친 내 옷 만으론
설명이 안되던가요
내 차는 먼저 보냈어
당신과 이 밤을 찢으려
택시를 타는것도 낭만이잖아
버스도 운치있잖아
저 건물이 내 명의야
그 뒤쪽 커다란 건물도 내거야
의심하면 시작 못하는거야
좀처럼 볼수없는 대세남과
내 곁에 가까이 와요 좀 더
당신 말고 다 가진 늑대죠
향기가 날 거에요
이태리 명품이니까
왜 자꾸 궁금한가요 그게
통장의 잔고는 잘 몰라요
한도초과라는 말 그건 뭐 먹는건가요
기사는 먼저 보냈어
당신과 둘만 있고 싶어서
걷다가 보면은 사랑이 시작될거야
새벽동이 트기전에
저 건물이 내 명의야
지갑도 빵빵한거 아까 봤잖아
꾸물대면 그냥 놓치는 거야
좀 처럼 볼수없는 대세남을
내 차는 먼저보냈어
당신과 이밤을 찢으려
택시를 타는 것도 낭만이잖아
버스도 운치 있잖아
저 건물이 내 명의야
그 뒤쪽 커다란 건물도 내거야
의심하면 시작 못하는거야
좀처럼 볼수없는 대세남과
좀처럼 볼수없는 대세남과
띠리 디 띠리 디 띠리 띠리리리리리"
이제 나만 믿어요 (Inst.),"18,187",임영웅,"무얼 믿은 걸까 부족했던 내게서
나조차 못 믿던 내게 여태 머문 사람
무얼 봤던 걸까 가진 것도 없던 내게
무작정 내 손을 잡아 날 이끈 사람
최고였어
그대 눈 속에 비친 내 모습
이제는 내게서 그댈 비춰줄게
궂은 비가 오면
세상 가장 큰 그대 우산이 될게
그댄 편히 걸어가요
걷다가 지치면
내가 그대를 안고 어디든 갈게
이제 나만 믿어요
나만 두고 가던
나만 스쳐 간 행운이 모여
그대가 되어서 내게 와준 거야
궂은 비가 오면
세상 가장 큰 그대 우산이 될게
그댄 편히 걸어가요
걷다가 지치면
내가 그대를 안고 어디든 갈게
이제 나만 믿어요
나의 마지막 주인공이 되어
다신 누구 앞에서도
그대는 고개 숙이지 마요
내가 보지 못했던 홀로 고단했던 시간
고맙고 미안해요 사랑해요
이 세상은
우리를 두고 오랜 장난을 했고
우린 속지 않은 거야
이제 울지 마요
좋을 땐 밤새도록 맘껏 웃어요
전부 그대 꺼니까
그대는 걱정 말아요
이제 나만 믿어요"
울엄마,807,김다현,"울 엄마 날 낳아
걱정 태산이 되고
주름 깊은데
세상사 나 잘났다
허풍소리에
눈가에 이슬 맺히시네
어리 버리 가진 것 없어
떠버리 말로만 한숨 드렸네
어리 버리 수많은 날을
응어리 가슴에 한만 드렸네
무병장수 부디 하옵소서
어리 버리 가진 것 없어
떠버리 말로만 한숨 드렸네
어리 버리 수많은 날을
응어리 가슴에 한만 드렸네
무병장수 부디 하옵소서
어리 버리 가진 것 없어
떠버리 말로만 한숨 드렸네
어리 버리 수많은 날을
응어리 가슴에 한만 드렸네
세월 비켜 부디 가옵소서"
계세요 (Feat.김태연),"7,519",MJ (ASTRO),"Hello everyone
왜 아직까지 자나 Babe
해는 벌써 떴는데
뭘 뭘 망설이는데
생각하는데
그냥 몸을 일으키면 돼
세수하러 가자 Babe Babe
나를 따라오면 돼
난 일찍 일어나는 새
행복을 배달해
오늘 하루를 또 상쾌하게
계세요 Dance 신바람바람바람
택배요 Dance 콧바람바람바람
그대의 고민 전부 다 Burning
모두 날 따라따라 콧 바람바람
뚜뚜빠라뽐
Let you up Dance 신바람바람바람
Let me up Dance 콧바람바람바람
달려 I’m coming오늘도 Running
이제 날 따라와 따라 콧바람
빠람 신빠라빰빠
핸드폰만 보지 마 Babe
이렇게 날씨 좋은데
뭘 뭘 망설이는데 생각하는데
그냥 신발부터 신고 보자
내가 여기 왔어 Babe Babe
나를 따라 오면 돼
나는야 우유 대신해 우주를 배달해
오늘 하루를 더 건강하게
계세요 Dance 신바람바람바람
택배요 Dance 콧바람바람바람
달려 I’m coming오늘도 Running
이제 날 따라와 따라 콧바람
빠람 신빠라빰빠
세상 어려운 일 참 많지만
내가 그대의 편이 돼줄게요
이토록 어두운 밤 하늘에
내가 그대의 별이 돼줄게요
한 번 더 Dance 신바람바람바람
두 번 더 Dance 콧바람바람바람
그대의 고민 전부 다 Burning
모두 날 따라따라 콧 바람바람
뚜뚜빠라뽐
Let you up Dance 신바람바람바람
Let me up Dance 콧바람바람바람
달려I’m coming 오늘도 Running
이제 날 따라와 따라 콧바람
빠람 신빠라빰빠
따라와 따라 콧바람
빠람 신빠라빰빠"
외로워 외로워,124,구창모,"봄비에 젖어서 멀어져 갈 때에
나에게 남겨준 그대의 미소
무정한 님아 원망을 해봐도
외로운 내 마음 어떻게 할까요
해맑은 그날에 둘이서 걸으면
조용히 웃었던 그대의 얼굴
영원히 영원히 날 사랑한다고
수줍은 소녀처럼 내손을 잡더니
외로워 외로워
바람처럼 외로워
서러워 서러워
낙엽처럼 서러워

그 님은 떠나고 나 홀로 걷는데
내 눈엔 한 줄기 차가운 눈물
야속한 님아 원망을 해봐도
내 마음 나도 몰라 어떻게 할까요
외로워 외로워
바람처럼 외로워
서러워 서러워
낙엽처럼 서러워
외로워 외로워
바람처럼 외로워
서러워 서러워
낙엽처럼 서러워"
그 이름 홍자 (The name is Hongja),217,홍자,"내 얘기 들으시려면
눈물 없이 들을 수 없으니
한잔 기울이면서
마음을 나눌까요

가슴에 꿈 하나 품고
무작정 올라온 이곳
보이지 않던 길이라도
걸어야 했던 사람

세상이 나를 속여도 나를 울려도
쓰러지지 않는 나무처럼
또 버티고 버티며 살아온 한사람
그 사람이 나입니다

때로는 사랑에 빠져
모든 걸 놓고 싶었지
하지만 흔한 사랑마저
사치라 여기며

세상이 나를 속여도 나를 울려도
쓰러지지 않는 나무처럼
또 버티고 버티며 살아온 한사람
그 사람이 나입니다

나는 돌아갈 수 없다네
눈물뿐인 길이라서
나는 돌아갈 수 없다네
눈물뿐인 삶이라서

그 사람이 나입니다
그 이름 홍자입니다"
타인,"1,127",김연지,"우리는 타인이었고
지금도 타인이지만
짧았던 한 순간의
짓궂은 만남도 있었지
우연히 시작되었던
그날의 작은 인연이
내 야윈 가슴속에
너무나 큰 상처로 남아
그렇게도 빨리 끝날 인연이라면
맺지 못할 사랑이었다면
처음부터 우리 서로 만나지도
않았어야 좋았을 것을
심술궂은 그 인연
하필 우릴 찾아와
왜 이다지 가슴 아프게 하나
그렇게도 수많은
사람들 중에서
하필이면 당신과 나였나
그렇게도 수많은
사람들 중에서
하필이면 당신과 나였나"
첫눈이 온다구요 ('응답하라 1988' 삽입곡),"3,343",이정석,"슬퍼하지 마세요
하얀 첫눈이 온다구요
그때 옛말은 아득하게
지워지고 없겠지요
함박눈이 온다구요
뚜렸했었던 발자국도
모두 지워져 없잖아요
눈사람도 눈덩이도
아스라히 사라진 기억들
너무도 그리워 너무도 그리워
우 옛날 옛날 포근한 추억이
고드름 녹이듯 눈시울 적시네
슬퍼하지 말아요
하얀 첫눈이 온다구요
그리운 사람 올 것 같아
문을 열고 내다 보네
아스라이 사라진 기억들
너무도 그리워 너무도 그리워
우 옛날 옛날 포근한 추억이
고드름 녹이듯 눈시울 적시네
슬퍼하지 말아요
하얀 첫눈이 온다구요
그리운 사람 올 것같아
문을 열고 내다 보네"
정주고 내가 우네,414,주현미,"정든 님 사랑에 우는 마음
모르시나 모르시나요
무정한 당신이
내 마음 아실 때엔
땅을 치며 후회하련만

어차피 가신다면
이름마저 잊으리
정주고 내가 우네
너무나도 사랑했기에

정든 님 모습을 행여나
잊을때는 잊을때는
무정한 당신이
내 마음 꾸짖으니
야속하고 우울하련만

괴로움 남기시고
그대 어이 가려하오
첫사랑 고백하던
그 말씀을 잊으셨나요"
내 삶을 눈물로 채워도,"1,128",나훈아,"간간이 너를 그리워 하지만
어쩌다 너를 잊기도 하지
때로는 너를 미워도 하지만
가끔은 눈시울 젖기도 하지
어쩌면 지금 어딘가 혼자서
나처럼 저달을 볼지도 몰라
초저녁 작게 빛나는 저별을
나처럼 보면서 울지도 몰라
루 루 루 루 루
아마난 평생을 못잊을것같아 너를
인연이라는 만남도 있지만
숙명이라는 이별도 있지
우리의 만남이 인연이었다면
그인연 또한번 너였음 좋겠어
어쩌면 우리 언젠가 또다시
우연을 핑계로 만날지 몰라
내삶의 전부 눈물로 채워도
널 기다리면서 살른지 몰라
루 루 루 루 루
아마난 평생을 못잊을것같아 너를
루 루 루 루 루
아마난 평생을 못잊을것같아 너를
루 루 루 루 루
아마난 평생을 못잊을것같아 너를"
바람의 노래,"11,490",영탁,"살면서 듣게 될까 언젠가는
바람의 노래를
세월 가면 그때는 알게 될까
꽃이 지는 이유를
나를 떠난 사람들과 만나게 될
또 다른 사람들
스쳐가는 인연과 그리움은
어느 곳으로 가는가
나의 작은 지혜로는 알 수가 없네
내가 아는 건 살아가는 방법뿐이야
보다 많은 실패와 고뇌의 시간이
비켜갈 수 없다는 걸 우린 깨달았네
이제 그 해답이 사랑이라면
나는 이 세상 모든 것들을 사랑하겠네
나를 떠난 사람들과 만나게 될
또 다른 사람들
스쳐가는 인연과 그리움은
어느 곳으로 가는가
나의 작은 지혜로는 알 수가 없네
내가 아는 건 살아가는 방법뿐이야
보다 많은 실패와 고뇌의 시간이
비켜갈 수 없다는 걸 우린 깨달았네
이제 그 해답이 사랑이라면
나는 이 세상 모든 것들을 사랑하겠네
보다 많은 실패와 고뇌의 시간이
비켜갈 수 없다는 걸 우린 깨달았네
이제 그 해답이 사랑이라면
나는 이 세상 모든 것들을 사랑하겠네
나는 이 세상 모든 것들을 사랑하겠네
나는 이 세상 모든 것들을 사랑하겠네"
동전인생,144,손빈아,"바람 바람 끝자락 매달려
흘러간 청춘
돈이건만 값어치 약한 동전 같았던
내 과거 그 누가 알까
자존심을 내 목숨보다 더 사랑한
지난 날 아픔 속에는
눈물방울 삼키며 오늘을 위하여
추억 밟고 나 여기 왔다
다시는 울지 않으리
바람 바람 끝자락 매달려
흘러간 청춘
돈이건만 값어치 약한 동전 같았던
내 설움 그 누가 알까
자존심을 내 목숨보다 더 사랑한
지난 날 아픔 속에는
눈물방울 삼키며 오늘을 위하여
모진 세월 나 여기 왔다
인생은 지금부터야
눈물방울 삼키며 오늘을 위하여
모진 세월 나 여기 왔다
인생은 지금부터야"
신사동 그 사람,"1,797",박지현,"희미한 불빛사이로
마주치는 그 눈길 피할 수 없어
나도 몰래 사랑을 느끼며
만났던 그 사람
행여 오늘도 다시 만날까
그날 밤 그 자리에 기다리는데
그 사람 오지않고
나를 울리네
시간은 자정 넘어
새벽으로 가는데
아 그날 밤 만났던 사람
나를 잊으셨나봐

희미한 불빛사이로
오고가던 그 눈길 어쩔 수 없어
나도 몰래 마음을 주면서
사랑한 그 사람
오늘 밤도 행여 만날까
그날 밤 그 자리에 마음 설레며
그 사람 기다려도
오지를 않네
자정은 벌써 지나
새벽으로 가는데
아 내 마음 가져간 사람
신사동 그 사람"
소금꽃,157,공훈,"초승달 길 벗 삼아 짙은 새벽길
발길 재촉하는 우리 아버지
천근만근 가장의 무게 짊어지시고
허덕이는 한숨소리
세월 강 건너다 휘어진 뼈마디
눈물도 말라버린
가시밭 땀방울
서러움에 꽃이 된
아버지 등 뒤에 핀 하얀 소금꽃

새벽잠 눈 비비며 사립문 열고
발길 재촉하는 우리 아버지
천근만근 가장의 무게 짊어지시고
허덕이는 한숨소리
세월 강 건너다 휘어진 뼈마디
눈물도 말라버린
고독의 몸부림
서러움에 꽃이 된
아버지 등 뒤에 핀 하얀 소금꽃
아버지 등 뒤에 핀 하얀 소금꽃"
오빠 아직 살아있다,"1,919",박서진,"오빠 아직 살아있다
나 아직 살아있어
은빛 정열의 사나이

오빠 아직 살아있다
나 아직 살아있어
은빛 정열의 사나이
오빠 아직 살아있다
가슴이 불타는
은빛 정열의 사나이
숨이 차 못 뛰는 게 아니야
여유가 있어 그래
세상에 맞서는 법도 알거든
밤거리 찬란한 불빛이 외면한다 해도
내 인생 내 청춘
이제부터 시작이야
그래
오빠 아직 살아있다
나 아직 살아있어
은빛 정열의 사나이
오빠 아직 살아있다
가슴이 불타는
은빛 정열의 사나이

사랑이 식은 것이 아냐
심장은 아직 쿵쾅
영원한 내 사랑 오직 너인 걸
저 하늘 불타는 태양이
꺼져 버린다 해도
내 사랑 내 여인
영원토록 지켜줄게
그래
오빠 아직 살아있다
나 아직 살아있어
은빛 정열의 사나이

널 향한 심장은 아직도
터질 듯 뛰는데
세월을 비켜 간 내 청춘
이제부터 시작이야
그래
오빠 아직 살아있다
나 아직 살아있어
은빛 정열의 사나이
오빠 아직 살아있다
가슴이 불타는
은빛 정열의 사나이
오빠 아직 살아있다
나 아직 살아있어
은빛 정열의 사나이
오빠 아직 살아있다
가슴이 불타는
은빛 정열의 사나이"
아 대한민국,464,정수라,"하늘엔 조각 구름 떠있고
강물엔 유람선이 떠 있고
저마다 누려야 할 행복이
언제나 자유로운 곳
뚜렷한 사계절이 있기에
볼수록 정이 드는 산과 들
우리에 마음속에 이상이
끝없이 펼쳐지는 곳
원하는 것은 무엇이든 얻을 수 있고
뜻하는 것은 무엇이든 될 수가 있어
이렇게 우리 은혜로운 이 땅을 위해
이렇게 우리 이 강산을 노래부르네
아 아 우리 대한민국 아 아 우리조국
아 아 영원토록 사랑하리라
우리 대한민국 아 아 우리조국
아 아 영원토록 사랑하리라

도시에 우뚝솟은 빌딩들
농촌은 기름진 논과 밭
저마다 자유로움 속에서
조화를 이뤄가는 곳
도시는 농촌으로 향하고
농촌은 도시로 이어져
우리의 모든 꿈이 끝없이
세계로 뻗어가는 곳
원하는 것은 무엇이건 얻을 수 있고
뜻하는 것은 무엇이건 될 수가 있어
이렇게 우리 은혜로운 이 땅을 위해
이렇게 우리 이 강산을 노래부르네
아 아 우리 대한민국 아 아 우리조국
아 아 영원토록 사랑하리라
우리 대한민국 아 아 우리조국
아 아 영원토록 사랑하리라"
0순위,627,숙행,"영영영 사랑의 영순위 영영영 나만의 영순위 영원한 나의 영순위
세상을 다준대도 안 바꿔요 남자들 다 온대도 필요없죠
오오오오 내사랑 너는 나의 영순위
(몰라) 자긴 내마음 몰라 (당신) 내 사랑을 아나요
번호표 뽑지마(세요) 영원한 영순위니까
영영영 사랑의 영순위 영영영 나만의 영순위 다이렉트로 오세요
넌넌넌 사랑의 영순위 나나나 나만의 영순위
일순위도 아닌 이순위도 아닌 영원한 나의 영순위
내앞에 나란히 줄서지마요 선착순 땀나게 뛰지마요
오오오오 내사랑 너는 나의 영순위
(몰라) 자긴 한개도 몰라 (정말) 애타는 나의 사랑
대기표 뽑지마 영원한 영순위니까
영영영 사랑의 영순위 영영영 나만의 영순위 다이렉트로 오세요
넌넌넌 사랑의 영순위 나나나 나만의 영순위
일순위도 아닌 이순위도 아닌 영원한 나의 영순위
영영영 사랑의 영순위 영영영 나만의 영순위 다이렉트로 오세요
넌넌넌 사랑의 영순위 나나나 나만의 영순위
일순위도 아닌 이순위도 아닌 삼순위도 사순위도 오순위도 아닌 영원한 나의 영순위"
공짜,767,강진,"당신을 사랑하고 좋아하는 거 공짜
하늘땅 바람소리 새소리 공짜
얼마나 좋으냐 내가 사는 이 세상
아낌없이 조건 없이 주는 게 많아
해와 달 별을 보며 꿈을 꾸는 거 공짜
산과 들에 피어나는 꽃도 공짜
무엇을 더 바래 욕심 없이 살면 되지
당신의 웃음도 공짜
당신을 사랑하고 좋아하는 거 공짜
하늘땅 바람소리 새소리 공짜
얼마나 좋으냐 내가 사는 이 세상
아낌없이 조건 없이 주는 게 많아
해와 달 별을 보며 꿈을 꾸는 거 공짜
산과 들에 피어나는 꽃도 공짜
무엇을 더 바래 욕심 없이 살면 되지
당신의 웃음도 공짜
해와 달 별을 보며 꿈을 꾸는 거 공짜
산과 들에 피어나는 꽃도 공짜
무엇을 더 바래 욕심 없이 살면 되지
당신의 웃음도 공짜"
살아생전에,"1,815",홍자,"살아생전에는 살아생전에
부질없는 눈물이니까
초점 없는 눈동자를 보니
애처롭기 그지없구나
내 상처 보듬어줄 사람 없이
외로이 살고 있구나
지는 노을 바라보며 뜨건
한숨 쉬지는 마오
살아생전에는 살아생전에
시린 눈물 흘리지도 마오
세월이 지난 후에 내게 남는 건
살아온 흔적뿐이니
살아 생전에는 살아생전에
부질없는 눈물이니까
형편없는 내 모습을 보니
서글픔에 젖어 드는데
내 맘을 위로 해줄 사람 없이
홀로 이리 살고 있구나
지는 노을 바라보며 뜨건
한숨 쉬지는 마오
살아생전에는 살아생전에
시린 눈물 흘리지도 마오
세월이 지난 후에 내게 남는 건
살아온 흔적뿐이니
살아 생전에는 살아생전에
부질없는 눈물이니까
살아 생전에는 살아생전에
사무쳐 가슴 아파도"
시치미,559,금잔디,"시들으면 그만인 것을
피는 꽃도 지고 마는데
바람에 등 떠밀려 가는 인생아
한줌도 안되는구나
무심한 저 세월은 눈치도 없이
시치미 떼고 가는데
한번 왔다 갈길인걸 뭣하러 왔소
뜨네기 손님이더냐
야속하다 원망을 말자
세상사 별거 없더라
시들으면 그만인 것을
피는 꽃도 지고 마는데
바람에 등 떠밀려 가는 인생아
한줌도 안되는구나
무심한 저 세월은 눈치도 없이
시치미 떼고 가는데
한번 왔다 갈길인걸 뭣하러 왔소
뜨네기 손님이더냐
야속하다 원망을 말자
세상사 별거 없더라
야속하다 원망을 말자
사는게 별거 없더라"
가지마,463,김수빈,"가지 마 가지 마
동아줄로도 못 잡는 청춘
미련 만 한숨 만
제발 남지 않는 삶이 되길
눈물방울 빗물로 여기면서
살아왔던 날들이
후회 한 점 없다면
그건 거짓말 거짓말
그저 오로지
사랑 하나만을 위해
나 살리라 오늘 내일도
그저 오로지
사랑 하나만을 위해
나 살리라 오늘 내일도
나 살리라 오늘 내 일 도"
도련님,403,오유진,"도련님 도련님
한양 가신 우리 도련님
불러도 대답 없고
기다려도 오지 않는
무심한 우리 도련님
오늘 밤 도련님께 고백할래요
도련님을 짝사랑했다고
사랑하면 안되나요
좋아해도 안되나요
향단이도 여자랍니다
도련님 오시는 날
도련님 오시는 날
내 가슴에 점 하나 찍어 줘요
도련님 도련님
평양 가신 우리 도련님
불러도 대답 없고
기다려도 오지 않네
무심한 우리 도련님
오늘 밤 도련님께 고백할래요
도련님을 짝사랑했다고
사랑하면 안되나요
좋아해도 안되나요
향단이도 여자랍니다
도련님 오시는 날
도련님 오시는 날
내 가슴에 점 하나 찍어줘요
도련님 오시는 날
도련님 오시는 날
내 가슴에 점 하나 찍어줘요"
전복 먹으러 갈래,450,에녹,"전복 먹으러 갈래
서해안 고속도로 타고

완도 앞 바다로
나랑 같이 가볼래

슬쩍 기대도 돼
내 팔을 어깨 위에 두르고

저 구름 따라
지금 떠나볼래

어느새 바닷바람 시원하게 불어 오잖아
좋아

걱정은 마 오늘은 내가 책임진다
진짜야

너에게 좋은 것만 주고픈 마음 알까

전복 먹으러 갈래
할 일은 내일로 다 미루고

이 기분 따라
훌쩍 떠나볼래

가자

조개구이 먹으러 갈래
가까운 오이도도 좋아

까먹기 번거로우면
뭐 찜도 괜찮아

아님 뭐든 어때
랍스타 장어 새우 대게

둘이서 간다면
난 어디든 좋아

어느새 바닷바람 시원하게 불어 오잖아
좋아

걱정은 마 오늘은 내가 책임진다
진짜야

너에게 좋은 것만 주고픈 마음 알까

진짜로 좋은 것만 주고픈 마음 알까

소주도 한잔 할래
안주가 끝내주잖아

이거 마시면 우리
사귀는 거다"
정든 님,533,김연자,"이제 와서 어쩌라고
이제 와서 어쩌라고
나를 두고 떠나시나요
다시 한번 생각해봐요
그날 밤은 잊을 수 없어
사랑한다 사랑한다고
그 말은 왜 했나요
떠난다면 떠나신다면
내 가슴은 내 가슴은
멍든 채로 살아갈 겁니다
그렇게도 믿었는데
그렇게도 믿었는데
정을 두고 떠나시나요
다시 한번 말을 해줘요
그 말만은 진실이라고
사랑한다 사랑한다고
그 말은 왜 했나요
가신다면 가시겠다면
내 마음은 내 마음은
멍든 채로 살아갈 겁니다"
슬픈 베아트리체,"1,043",조용필,"그대 슬픈 눈에 어리는
이슬처럼 맑은 영혼이
내 가슴에 스며 들어와
푸른 샘으로 솟아나리니
그대 여린 입술 사이로
바람처럼 스친 미소가
나의 넋을 휘감아도는
불꽃이 되어 타오르리니
슬픈 그대 베아트리체
아름다운 나의 사랑아
빈 바다를 헤매는 내게
살아야 할 단 하나의 이유되어
사랑이란 소망의 섬
그 기슭에 다가갈 수 있다면
사랑이란 약속의 땅
그 곳에 깃들 수만 있다면

그대 붉은 입술 다가와
화살처럼 스친 입맞춤
나의 넋을 앗아가버린
상처되어 남아있는데
슬픈 그대 베아트리체
떠나버린 나의 사랑아
꽃상여에 그대 보내며
살아야 할 이유마저 없으니
사랑이란 절망의 벽
울부짖는 통곡마저 갇힌채
사랑이란 배반의 강
간절한 언약마저 버리고

사랑이여 불멸의 빛
거짓없는 순종으로 그대를
사랑이여 사랑이여
이 생명 다하는 날까지
사랑이여 불멸의 빛
거짓없는 순종으로 그대를
사랑이여 사랑이여
이 생명 다하는 날까지"
돌고 돌아가는 길,629,노사연,"산 넘어 넘어 돌고 돌아
그 뫼에 오르려니
그 뫼는 어드메뇨
내 발만 돌고 도네
강 건너 건너 흘러 흘러
그 물에 적시려니
그 물은 어드메뇨
내 몸만 흘러 흘러 흘러
발만 돌아 발 밑에는
동그라미 수북하고
몸 흘러도 이내
몸은 그 안에서 흘렀네
동그라미 돌더라도
아니가면 어이해
그 물 좋고 그 뫼 좋아
어이해도 가야겠네

산 넘어 넘어 넘어
돌고 돌아 가는 길에
뱅글 뱅글 돌더라도
어이 아니 돌을소냐
흘러 흘러 세월가듯
내 푸름도 한 때 인걸
돌더라도 가야겠네
내 꿈 찾아 가야겠네
산 넘어 넘어 돌고 돌아
그 뫼에 오르려니
그 뫼는 어드메뇨
내 발만 돌고 도네
강 건너 건너 흘러 흘러
그 물에 적시려니
그 물은 어드메뇨
내 몸만 흘러 흘러
산 넘어 넘어 넘어
돌고 돌아 가는 길에
뱅글 뱅글 돌더라도
어이 아니 돌을소냐
흘러 흘러 세월가듯
내 푸름도 한 때 인걸
돌더라도 가야겠네
내 꿈 찾아 가야겠네"
비와 외로움,461,진시몬,"낯설은 이 비가
내 몸을 적시며
살며시 찾아드는 외로움
조용한 선술집에서
생각하는 그대 모습
길가에 가로등
내 몸을 비추면
살며시 찾아드는 외로움
조용한 그 카페에서
생각하는 그대 모습
그대가 내 곁에서 멀어져
바람속에 묻힐 때
또 다시 길을 나서며 맞는
낯설은 비와 외로움
내 마음 쓰러져
길가에 쓸쓸함이 쌓이네

길가에 가로등
내 몸을 비추면
살며시 찾아드는 외로움
조용한 그 카페에서
생각하는 그대 모습
그대가 내 곁에서 멀어져
바람속에 묻힐 때
또 다시 길을 나서며 맞는
낯설은 비와 외로움
내 마음 쓰러져
길가에 쓸쓸함이 쌓이네
내 마음 쓰러져
길가에 쓸쓸함이 쌓이네"
님의 사랑,438,진성,"동쪽에서 부는 바람
임의 옷깃 스칠라
서쪽에서 부는 바람
임의 살갗 스칠라
하나밖에 없는 내 님이여
누가 볼까 두렵소
장독뒤에 숨길까
이내 등뒤에 숨길까
세찬 비 바람 불어도
거센 눈 보라가 닥쳐도
나는 영원한 당신의 등불이 되리라
세월따라 변하는게
임의 얼굴이더냐
강물처럼 흘러가는
가는 세월이 야속하오
내 영혼을 심어 사랑한 님
누가 볼까 두렵소
장독뒤에 숨길까
이내 등뒤에 숨길까
세 찬 비 바람 불어도
거센 눈 보라가 닥쳐도
나는 영원한 당신의 등불이 되리라"
어쩌다 마주친 그대,"1,688",노지훈,"어쩌다 마주친 그대 모습에
내 마음을 빼앗겨 버렸네
어쩌다 마주친 그대 두 눈이
내 마음을 사로잡아 버렸네
그대에게 할 말이 있는데
왜 이리 용기가 없을까
우
말을 하고 싶지만
자신이 없어
내 가슴만 두근두근
답답한 이 내 마음
바람 속에 날려보내리
피어나는 꽃처럼
아름다운 그녀가
내 마음을 빼앗아 버렸네
이슬처럼 영롱한
그대 고운 두 눈이
내 마음을 사로잡아 버렸네
그대에게 할 말이 있는데
왜 이리 용기가 없을까
우
말을 하고 싶지만
자신이 없어
내 가슴만 두근두근
바보 바보 나는 바보인가봐
그대에게 할 말이 있는데
왜 이리 용기가 없을까
우
말을 하고 싶지만
자신이 없어
내 가슴만 두근두근
바보 바보 나는 바보인가봐
바보 바보 나는 바보인가봐
바보 바보 나는 바보인가봐"
시계바늘,817,"녹용 씨스터즈(김다현,김의영,류원정,진달래,홍지윤)","사는 게 뭐 별거 있더냐
욕 안 먹고 살면 되는 거지
술 한잔에 시름을 털고
너털웃음 한번 웃어보자 세상아
시계바늘처럼 돌고 돌다가
가는 길을 잃은 사람아
미련 따윈 없는거야
후회도 없는거야
아 아
세상살이 뭐 다 그런거지 뭐
세상살이 뭐 다 그런거지 뭐
시계바늘처럼 돌고 돌다가
가는 길을 잃은 사람아
미련 따윈 없는거야
후회도 없는거야
아 아
세상살이 뭐 다 그런거지 뭐
세상살이 뭐 다 그런거지 뭐"
안동역에서,99,나상도,"바람에 날려버린 허무한 맹세였나
첫눈이 내리는 날 안동역 앞에서
만나자고 약속한 사람
새벽부터 오는 눈이 무릎까지 덮는데
안 오는 건지 못 오는 건지
오지 않는 사람아
안타까운 내 마음만 녹고 녹는다
기적소리 끊어진 밤에
어차피 지워야 할 사랑은 꿈이었나
첫눈이 내리는 날 안동역 앞에서
만나자고 약속한 사람
새벽부터 오는 눈이 무릎까지 덮는데
안 오는 건지 못 오는 건지
대답 없는 사람아
기다리는 내 마음만 녹고 녹는다
밤이 깊은 안동역에서
기다리는 내 마음만 녹고 녹는다
밤이 깊은 안동역에서"
추파,88,유민지,"사랑한다고 말을 했다면
내가 달려갈 것을

눈치만 보며 다가오기만
기다리는 우리 두 사람

뒤 따라 가면 뒤 따라 가면 울 것만 같아
망설이다 되돌아선 내가 미웠어

누가 누가 뭐래도 누가 누가 뭐래도
내 마음은 아직도 그 사람 뿐이야

좋아한다고 말을 했다면
좀 더 가까울 것을

서로서로가 기다리다가
돌아서는 우리 두 사람

뒤 따라 가면 뒤 따라 가면 울 것만 같아
망설이다 되돌아선 내가 미웠어

누가 누가 뭐래도 누가 누가 뭐래도
내 마음은 영원히 그 사람 뿐이야

뒤 따라 가면 뒤 따라 가면 울 것만 같아
뒤 따라 가면 뒤 따라 가면 울 것만 같아
망설이다 되돌아선 내가 미웠어

누가 누가 뭐래도 누가 누가 뭐래도
내 마음은 아직도
그 사람 그 사람 그 사람 뿐이야"
사랑은 영원히,54,김양,"봄날에는 꽃 안개
아름다운 꿈속에서
처음 그대를 만났네
샘물처럼 솟는 그리움
오색의 무지개 되어
드높은 하늘을 물들이면서
사랑은 싹텄네
아지랑이 속에
아롱 젖은 먼 산을 보며
뜨거웠던 마음
여름 시냇가
녹음 속에서 반짝이던
그 눈동자여
낙엽이 흩날리는
눈물 어린 바람 속에
나를 남기고 떠나야 하는 사랑이여
내 사랑이여
떠나기 전에
다시 한번만 사랑한다고 말해주오
사랑이여 안녕히
낙엽이 흩날리는
눈물 어린 바람 속에
나를 남기고 떠나야 하는 사랑이여
내 사랑이여
떠나기 전에
다시 한번만 사랑한다고 말해주오
사랑이여 안녕히"
삼수갑산,175,박상철,"삼수갑산 첩첩산중 깊은 산중에
어디에서 들리나 휘파람 소리
이내 맘을 울린다
지지배배 우는 저 새들도
이내 맘 알까
깊은 산중에 해는 중천인데
아아아 님 그리워
님 그리워 우는구나
아아아아 아아아아
님 그리워 우는구나
삼수갑산 첩첩산중 깊은 산중에
어디에서 불러오나 회오리바람
이내 맘을 울린다
북풍한설 몰아치는 지겨운 겨울
푸른 저 소나무는
깊은 산중에 사연을 알까
아아아 님 그리워
님 그리워 우는구나
아아아아 아아아아
님 그리워 우는구나
아아아 님 그리워
님 그리워 우는구나
아아아아 아아아아
님 그리워 우는구나
삼수갑산"
누가 울어,237,신성,"소리 없이 흘러내리는
눈물 같은 이슬비
누가 울어 이 한 밤
잊었던 추억인가
멀리 가버린 내 사랑은
돌아올 길 없는데
피가 맺히게 그 누가 울어 울어
검은 눈을 적시나
하염없이 흘러내리는
눈물 같은 이슬비
누가 울어 이 한 밤
잊었던 상처인가
멀리 떠나간 내 사랑은
기약조차 없는데
애가 타도록 그 누가 울어 울어
검은 눈을 적시나
멀리 떠나간 내 사랑은
기약조차 없는데
애가 타도록 그 누가 울어 울어
검은 눈을 적시나
검은 눈을 적시나"
잠깐만,897,주현미,"잠깐만 잠깐만 그 발길을 다시 멈춰요
이제는 내가 미워 이제는 내가 싫어
간다 간다 아주 가
만날 때 아름다운 사랑보다는
돌아설 때 아름다운 사랑이 되자
잠깐만 잠깐만 그대 나를 이리저리 스쳐가지마
불러도 대답은 깜깜

잠깐만 잠깐만 그 마음을 다시 돌려요
이제는 내가 미워 이제는 내가 싫어
간다 간다 아주 가
만날 때 아름다운 사랑보다는
헤어질 때 아름다운 사랑이 되자
잠깐만 잠깐만 쏟아지는 그 추억을 밟고 가지마
불러도 대답은 깜깜"
봄이 오는 길,"1,107",박인희,"산너머 조붓한 오솔길에
봄이 찾아 온다네
들너머 뽀얀 논밭에도 온다네
아지랑이 속삭이네 봄이 찾아 온다고
어차피 찾아오실 고운손님이기에
곱게 단장하고 웃으며 반기려네
하얀 새옷입고 분홍신 갈아신고
산너머 조붓한 오솔길에
봄이 찾아온다네
들너머 뽀얀 논밭에도 온다네
곱게 단장하고 웃으며 반기려네
하얀 새옷입고 분홍신 갈아신고
산너머 조붓한 오솔길에
봄이 찾아온다네
들너머 뽀얀 논밭에도 온다네
들너머 뽀얀 논밭에도 온다네"
인생열차,"1,042",나태주,"인생이란 열차는 멈출 수가 없는 열차
앞으로만 달려가는 열차
기쁠때도 달리고 슬플때도 달리고
힘들때도 앞으로만 가는 열차
태어나면 타는 열차 얄미운 열차
쉬지 않고 달리는 열차
중간에 내리고 싶어도 내 마음대로
내 마음대로 못 내리는 열차
한 번뿐인 내 인생
두 번도 세 번도 없는 인생
브레이크 없는 열차를 타고
오늘이란 역에서 내일이란 역으로
쉬지 않고 달려가는 인생 열차
인생이란 열차는 앞으로만 가는 열차
거꾸로는 못 가는 열차
너와 나의 종착역은 서로서로 다르지
짧은 역도 있고 긴 역도 있지
태어나면 타는 열차 얄미운 열차
쉬지 않고 달리는 열차
중간에 내리고 싶어도 내 마음대로
내 마음대로 못 내리는 열차
한 번뿐인 내 인생
두 번도 세 번도 없는 인생
브레이크 없는 열차를 타고
오늘이란 역에서 내일이란 역으로
쉬지 않고 달려가는 인생 열차
쉬지 않고 달려가는 인생 열차"
한잔의 눈물,"14,934",임영웅,"오늘 밤 내 가슴
내 가슴 적시는
희미한 추억이여
행복이었나 고통이었나
한번쯤은 사랑이었나
누구나 한번쯤은
간직해 보고싶은
애태움 속에 기다림이었나
나 혼자만의 외로움은
생각지도 않았어요
아아아아아아 뺨을 스치며
잔을 채우는 눈물이여
누구나 한번쯤은
간직해 보고싶은
애태움 속에 기다림이었나
나 혼자만의 외로움은
생각지도 않았어요
아아아아아아 뺨을 스치며
잔을 채우는 눈물이여
아아아아아아 뺨을 스치며
잔을 채우는 눈물이여"
당신만을 사랑해,511,혜은이,"어느 꿈같은 봄날에
처음 그대를 만난 날부터
나는 알게되었어요
사랑의 기쁨과 슬픔
그대 내곁을 떠나
멀리있다 하여도
이마음 깊은 곳에
언제나 살고있오
파도 소리 들리는
바닷가에 서 서
목 메게 그려보는
다정한 그 얼굴
울며울며 날으는
갈매기여 내 마음을
수평선 아득한 곳에
계시는 내님에게 말해줘요
오 당신만을
사랑해 당신만을 사랑해
정말정말 사랑해
울며울며 날으는
갈매기여 내 마음을
수평선 아득한 곳에
계시는 내님에게 말해줘요
오 당신만을
사랑해 당신만을 사랑해
정말정말 사랑해"
찻잔의 이별,458,윤수일,"그대와 나의 찻잔이 자꾸만 식어 가는데
뜨겁던 우리 찻잔이 싸늘히 식어 가는데
우리는 말을 잊었네 할 말은 서로 많은데
마시는 것도 잊었네 가슴은 타고 있는데
그렇게도 뜨거웠는데 그렇게도 행복했는데
무슨 잘못으로 이렇게 싸늘하게 식어 버렸나
이제는 식은 찻잔에 이별을 타서 마시고
조용히 일어서야지 눈물을 보이기 전에
~간 주 중~
그렇게도 뜨거웠는데 그렇게도 행복했는데
무슨 잘못으로 이렇게 싸늘하게 식어 버렸나
이제는 식은 찻잔에 이별을 타서 마시고
조용히 일어서야지, 눈물을 보이기 전에
눈물을 보이기 전에"
연인들의 이야기,483,임수정,"무작정 당신이 좋아요
이대로 옆에 있어 주세요
하고픈 이야기 너무 많은데
흐르는 시간이 아쉬워
멀리서 기적이 우네요
누군가 떠나가고 있어요
영원히 내곁에 있어 주세요
이별은 이별은 싫어요
무작정 당신이 좋아요
이대로 옆에 있어 주세요
이렇게 앉아서 말은 안해도
가슴을 적시는 두사람
창밖엔 바람이 부네요
누군가 사랑하고 있어요
우리도 그런사랑 주고 받아요
이별은 이별은 싫어요
이별은 이별은 싫어요
이별은 이별은 싫어요"
나에겐 당신밖에,171,계은숙,"나에겐
당신밖에
누가 또
있나요
그런데
왜 당신은
떠나시려
합니까
바람에
떨어지는
낙엽을 보며
이별은
슬픈거라며
생각 말자던
당신이
떠난다면
나는 나는
어이 하나
가지 말아요
가지 말아요
나에겐
당신밖에
누가 또
있나요

바람에
떨어지는
낙엽을 보며
이별은
슬픈거라며
생각 말자던
당신이
떠난다면
나는 나는
어이 하나
가지 말아요
가지 말아요
나에겐
당신밖에
누가 또
있나요"
후회,338,혜은이,"강가에 서서 강가에 서서
정다웠던 그 날을
생각해 봤어
외로워져서 외로워져서
네 이름을 불러보았어
흘러내리는 흘러내리는
뜨거운 눈물을
너는 모르겠지만
단 하루라도 단 하루라도
너를 잊을수는 없었어
불러본다고 불러본다고
네가 돌아올 수 있을까
후회스러워 후회스러워
정말 너를 사랑했는데
생각해봐 줘 생각해봐 줘
지금도 나를
잊지 않고 있는지
그러길 바래 그렇다면은
내 품으로 돌아와줘요
불러본다고 불러본다고
네가 돌아올 수 있을까
후회스러워 후회스러워
정말 너를 사랑했는데
생각해봐 줘 생각해봐 줘
지금도 나를
잊지 않고 있는지
그러길 바래 그렇다면은
내 품으로 돌아와 줘요
내 품으로 돌아와 줘요
내 품으로 돌아와 줘요"
미워 미워 미워,570,조용필,"나뭇잎이 떨어져
바람결에 뒹굴고
내마음도 갈곳 잃어
낙엽따라 헤매네
잊으라는 그 한마디
남기고 가버린
사랑했던 그 사람
미워 미워 미워
잊으라면 잊지요
잊으라면 잊지요
그 까짓 것 못 잊을까봐

이슬비가 내리네
소리없이 내리네
님을 잃은 내 가슴을
하염없이 적시네
잊으라는 그 한마디
남기고 갈 바엔
사랑한다 왜 그랬나요
미워 미워 미워
잊으라면 잊지요
잊으라면 잊지요
그 까짓 것 못 잊을까봐"
안동역에서,772,진성,"바람에 날려버린 허무한 맹세였나
첫눈이 내리는 날 안동역앞에서
만나자고 약속한사람
새벽부터 오는눈이 무릎까지 덮는데
안오는건지 못오는건지
오지않는 사람아
안타까운 내마음만 녹고녹는다
기적소리 끊어진밤에
어차피 지워야할 사랑은 꿈이었나
첫눈이 내리는 날 안동역앞에서
만나자고 약속한사람
새벽부터 오는눈이 무릎까지 덮는데
안오는건지 못오는건지
대답없는 사람아
기다리는 내마음만 녹고녹는다
밤이깊은 안동역에서
기다리는 내마음만 녹고녹는다
밤이깊은 안동역에서"
내 마음 별과 같이,"3,466",지원사격,"산노을에 두둥실
홀로 가는 저 구름아
너는 알리라
내 마음을
부평초 같은 마음을
한송이 구름 꽃을
피우기 위해
떠도는 유랑별처럼
내 마음 별과 같이
저 하늘 별이 되어
영원히 빛나리
강바람에 두둥실
길을 잃은 저 구름아
너는 알리라
내 갈 길을
나그네 떠나갈 길을
찬란한 젊은 꿈을
피우기 위해
떠도는 몸이라지만
내 마음 별과 같이
저 하늘 별이 되어
영원히 빛나리
한 송이 구름 꽃을
피우기 위해
떠도는 유랑별처럼
내 마음 별과 같이
저 하늘 별이 되어
영원히 빛나리
영원히
빛나리"
상팔자,243,진성,"바리 바리 바리 싸들고
가는 사람 있나 왜 그리
난 그냥 살란다
밥 한 사발 배 채우고
숭늉 한 모금
등 따신 게 최고 아니냐
막살진 마라 시궁창 빠지면
개 팔자가 상팔자더라
혼을 던져라 살다 보면
상팔자 살날이
날 밝으면 내 세상이다
바리 바리 바리 싸들고
가는 사람 있나 왜 그리
난 그냥 살란다
밥 한 사발 배 채우고
숭늉 한 모금
등 따신 게 최고 아니냐
막살진 마라 시궁창 빠지면
개 팔자가 상팔자더라
혼을 던져라 살다 보면
상팔자 살날이
동이 트면 내 세상이다
혼을 던져라 살다 보면
상팔자 살날이
동이 트면 내 세상이다"
돌팔매,668,린,"누구야 누가 또 생각없이
돌을 던지는가
무심코 당신은 던졌다지만
내 가슴은 멍이 들었네
당신이 내 인생에 무엇이길래
당신이 내 앞길에 무엇이길래
단 한번 돌팔매로
단 한번 돌팔매로 병들게 하나
누구야 서러운 내 가슴을
울리는 사람
누구야 누가 또 할 일 없이
돌을 던지느냐
모르고 당신은 던졌다지만
내 가슴은 상처가 깊어
당신은 내 인생의 방관자면서
당신은 내 인생의 제삼자면서
무심한 돌팔매로
무심한 돌팔매로 상처를 주나
누구야 하소연 할 곳 없이
울리는 사람"
화등,334,김태연,"나의 이름 앞에서는 울지 마세요
나는 이미 떨어진 꽃잎이에요
백년도 못살면서
거꾸로 선 너의 모습
해가 지면 돌아오는
녹슬은 울음소리
이 슬픔 무너지고
저 길이 보일 때엔
사랑의 이불자락을
소롯이 덮어두고
화등 하나 챙겨들고
미움만 떠납니다
그대의 이름 앞에
내려서려 합니다
그대에겐 이미 가슴이 없습니다
이 슬픔 무너지고
저 길이 보일 때엔
사랑의 이불자락을
소롯이 덮어두고
화등 하나 챙겨들고
미움만 떠납니다
사랑의 이불자락을
소롯이 덮어두고
화등 하나 챙겨들고
미움만 떠납니다
미움만 떠납니다
미움만 떠납니다"
바보 같은 사람,355,요요미,"사랑을 고백했죠
오직 나만을 사랑한다 말을 했었죠
믿었죠 누구보다
절대 변하지 않을거라 믿었어죠
시간이 지나가면은
다들 그렇게 변하나요
딴사람 생겼다네요
갑자기 잘 나가더니
모든걸 다 잊었나요
바보가 되버렸나요
다시돌아와요 후회하지말고
나같이 착한 여자는 없어요
다시돌아와요 기회를 줄께요
날 버리면 벌 받을 거예요
바보같은 사람
시간이 지나가면은
다들 그렇게 변하나요
딴사람 생겼다네요
갑자기 잘 나가더니
모든걸 다 잊었나요
바보가 되버렸나요
다시돌아와요 후회하지말고
나같이 착한 여자는 없어요
다시돌아와요 기회를 줄께요
날 버리면 벌 받을 거예요
바보같은 사람
다시돌아와요 후회하지말고
나같이 착한 여자는 없어요
다시돌아와요 기회를 줄께요
날 버리면 벌 받을 거예요
바보같은 사람
바보같은 사람"
우연히,306,김중연,"나이트 클럽에서 우연히 만났네
첫사랑 그 여자를
추억에 흠뻑 젖어 함께 춤을 추었네
철없던 세월이 그리워
행복하냐 물었지 아무런 말도 없이
눈물만 뚝뚝뚝 흘리는 그 사람
난 벌써 용서 했다고
난 벌써 잊어 버렸다고
말을 해놓고 안아주었지
정말 정말 행복해야 된다고

오늘밤 우연히 우연히 만났네
첫사랑 그 여자를
행복하냐 물었지 아무런 말도 없이
눈물만 뚝뚝뚝 흘리는 그 사람
난 벌써 용서 했다고
난 벌써 잊어 버렸다고
말을 해놓고 안아주었지
정말 정말 행복해야 된다고
정말 정말 행복해야 된다고"
부초,637,박윤경,"화려한 불빛 그늘에 숨어
사랑을 잊고 살지만
울고 싶은 밤이면
당신 생각합니다
진정 나 하나만 사랑한 당신
강물 같은 세월에
나는 꽃잎이 되어
떠다니는 사랑이 되어
차가운 거리를
떠돌다 가지만
당신 모습 따라 오네요

바람이 불어 쓸쓸한 거리
어둠을 먹고 살지만
외로워진 밤이면
당신 생각합니다
진정 소중했던 나만의 당신
눈물 같은 세월에
나는 꽃잎이 되어
떠다니는 슬픔이 되어
차가운 거리를
떠돌다 가지만
당신 모습 따라 오네요"
사랑의 트위스트,547,설운도,"학창 시절에
함께 추었던
잊지못할
샹하이 트위스트
나팔 바지에
빵집을 누비던
추억속의
사랑의 트위스트
샹하이 샹하이 샹하이
트위스트추면서
난생 처음
그녀를 알았고
샹하이 샹하이 샹하이
트위스트추면서
온동네를 주름 잡았던
사랑했던 모든 사람들을
잊지못할
추억의 트위스트

그녀와 함께
신나게 추던
잊지못할
샹하이 트위스트
단발 머리에
미소가 예뻤던
추억속의
사랑의 트위스트
샹하이 샹하이 샹하이
트위스트추면서
난생 처음
그녀를 알았고
샹하이 샹하이 샹하이
트위스트추면서
그녀에게
빠져버렸던
터질것만 같은
이 가슴은
잊지못할
사랑의 트위스트
잊지못할
사랑의 트위스트"
어느 멋진 날,587,주현미,"기억이 또 나네요
자주 거닐던 호숫가
자그마한 얘기로 밤 지새던
그때 참 좋았죠 우린
기억이 또 나네요
발길 드문 집 앞 공원
보고 싶다 수없이 떼를 쓰던
그때 참 좋았죠 그대가 있어서
어느 멋진 날 눈물 나는 날
눈부시도록 아름다워서
가슴 아픈 날
어느 멋진 날 돌아갈 수 없는 날
그날 그날 그날 그날 그날
기억이 또 나네요
아껴둔 수많은 말들
가슴속 깊숙히 묻어둔 채로
그때는 몰랐죠 이별을 몰라서
어느 멋진 날 눈물 나는 날
눈부시도록 아름다워서 가슴 아픈 날
어느 멋진 날 돌아갈 수 없는 날
그날 그날 그날 그날 그날
그대는 날 잊어간대도
하염없이 흘러내려요
눈물 마른 추억들
우리 사랑했던 기억들
우리 소중했던 날들
아직도 나는 잊지 못해요
어느 멋진 날 따뜻했던 날
바람에 실려
지난 그대가 불어오는 날
어느 멋진 날 돌아갈 수 없는 날
그날 그날 그날 그날 그날
Hoo hoo hoo Hoo hoo hoo
Hoo hoo hoo woo
어느 멋진 날 돌아갈 수 없는 날
그날 그날 그날 그날 그날"
너는 내남자,"1,297",임서원,"꽉 낀 청바지 갈아입고
거리에 나섰다
오늘따라 보고 싶어
너무나 보고 싶어
그 카페를 찾아갔지만
너의 모습은 보이지 않았어
너를 의식 못한 내 방식대로
사랑한 탓으로
왠지 너를 놓칠 것
같은 예감 때문에
돌아오는 길이
난 무척 힘들었어
내가 미워도
한 눈 팔지마
너는 내 남자
그래도 언제나 너는 내 남자
너를 이해 못한 내 방식대로
사랑한 탓으로
왠지 너를 놓칠 것 같은
예감 때문에
돌아오는 길이
난 무척 힘들었어
내가 미워도 한 눈 팔지마
너는 내 남자
그래도 언제나 너는 내 남자
그래도 언제나 너는 내 남자"
정말 좋았네,451,마리아,"사랑 그 사랑이 정말 좋았네
세월 그 세월이 가는 줄도 모르고
푸르던 두 가슴에
그 정을 새기면서
사랑을 주고 사랑을 받고
그 밤이 좋았네
사랑 그 사랑이 정말 좋았네
사랑 그 사랑이 정말 좋았네
이별 그 이별이 오는 줄도 모르고
불타던 두 가슴에 참사랑 새기면서
마음을 주고 마음을 받고
그때가 좋았네
사랑 그 사랑이 정말 좋았네"
안돼요 안돼,688,은가은,"무슨 말을 해야만이
내게로 오시렵니까
아무 말도 하지 않는
이내 맘을 모르시나요
이렇다 할 말도 없이
떠나려만 하신답니까
이 가슴에 새긴 정을
그대 어찌 모르십니까
안돼요 안돼
그리는 못합니다
울면서 애원했건만
스쳐간 세월이
나를 울리면
이 몸 홀로
어이 합니까
그리워도 보고파도
만날 수는 없는 겁니까
마음 주고 떠나시면
이 내 몸은 어이 하나요
이렇다할 말도 없이
떠나려만 하신답니까
이 가슴에 새긴 정을
그대 어찌 모르십니까
안돼요 안돼
그리는 못합니다
울면서 애원했건만
스쳐가는 세월이 나를 울리면
이 몸 홀로 어이 합니까"
아버지의 한가락,"1,240",진해성,"밤새 천둥새 울다가고
어머니 보며 가슴이 메어
한가락 노래 뽑으시며 맘 달래시던
아버지가 짠 합니다
노래 자락에 위로 하시며
그오랜 세월 견더온 당신
아버지의 한가락에 어머니 웃고
나는 나는 울고 말았소
밤새 천둥새 울다가고
어머니 보며 가슴이 메어
한가락 노래 뽑으시며 맘 달래시던
아버지가 짠 합니다
그리곱던 울어머니 어디 가시고
내가 지킬 소중한 당신
아버지의 한가락에 어머니 웃고
나는 나는 울고 말았소
아버지의 주름살이 너무 깊어서
나는 나는 울고 말았소
나는 나는 울고 말았소"
밤 열차,213,오유진,"뜨거운 눈물 흘려야 하는 사람
빈 가슴 부여잡고 차창에 기대어
밤이슬 내리는 창밖을 보며
아쉬움에 자꾸만 뒤돌아보는데
기적 소리 울음소리
나를 나를 나를 울리네
이제 가면 못 볼 사랑
보고플 사랑
다시 오면 안 됩니까
말을 해줘요
밤 열차는 미련 없이
떠나가는데
뜨거운 눈물 흘려야 하는 사랑
빈 가슴 부여잡고 차창에 기대어
밤이슬 내리는 창밖을 보며
아쉬움에 자꾸만 뒤돌아보는데
기적 소리 울음소리
나를 나를 나를 울리네
이제 가면 못 볼 사랑
보고플 사랑
다시 오면 안 됩니까
말을 해줘요
밤 열차는 미련 없이
떠나가는데
다시 오면 안 됩니까
말을 해줘요
밤 열차는 미련 없이
떠나가는데"
조사하면 다 나온다,65,윤태화,"너 지금 어디 있어
누구랑 있어 뭐하고 있어 말을 해봐
뻔뻔하게 쇼 하지 말고

내 친구가 우연하게 너를 봤어
솔로인 척 끼 부리는 너를 봤어
혹시나 했는데 설마 했는데
딱 걸린 거야

너 조사하면 다 나온다 다 나온다
확실하게 다 불어봐
너 조사하면 다 나온다 다 나온다
소설 쓰지 마

눌러 봐 눌러 봐 영상통화
돌려 봐 돌려 봐 카메라를
시커먼 너의 속이 나는 다 보여


너 지금 어디 있어
누구랑 있어 뭐하고 있어 말을 해봐
뻔뻔하게 쇼 하지 말고

내 친구가 우연하게 너를 봤어
솔로인 척 끼 부리는 너를 봤어
혹시나 했는데 설마 했는데
딱 걸린 거야

너 조사하면 다 나온다 다 나온다
확실하게 다 불어봐
너 조사하면 다 나온다 다 나온다
소설 쓰지 마

눌러 봐 눌러 봐 영상통화
돌려 봐 돌려 봐 카메라를
시커먼 너의 속이 나는 다 보여

너 나의 미모를 봐 남자는 많아
한번만 더 장난치면 바로 굿바이야
한번만 더 장난치면 바로 굿바이야"
사랑여행,651,김의영,"험난한 가시밭길
그대와 함께라면
아무리 멀다고 해도
그 길은 분명 꽃 길
진정한 사랑 진정한 행복
둘이서 만들어 가요
이렇게 많은 저 별들 중에
우린 인연이잖아
너와 나 손 마주잡고
여행길을 떠나요
천 번의 그리움이
한 번의 사랑이죠
스치며 지난다 해도
인연은 여기 있잖아
진정한 사랑 진정한 행복
둘이서 만들어 가요
이렇게 많은 저 별들 중에
우린 인연이잖아
너와 나 손 마주잡고
여행길을 떠나요
너와 나 손 마주잡고
여행길을 떠나요"
인생샷 (My best shot),114,금잔디,"봄이면 꽃놀이하며
여름에는 바닷가에서
가을에는 단풍 아래
겨울에는 눈 맞으며
한 장 찍어 봅시다

남는 것은 사진뿐
추억뿐인데
빼지 말고 이리 좀 와요

샷샷샷 인생샷이야
샷샷샷 인생샷이야
사랑하는 당신과 함께라면
내 생애 최고의 인생샷

봄이면 꽃놀이하며
여름에는 바닷가에서
가을에는 단풍 아래
겨울에는 눈 맞으며
한 장 찍어 봅시다

남는 것은 사진뿐
추억뿐인데
빼지 말고 이리 좀 와요

샷샷샷 인생샷이야
샷샷샷 인생샷이야
사랑하는 당신과 함께라면
내 생애 최고의 인생샷

내 생애 최고의 인생샷"
당신,417,김정수,"내 품에 안기어 곤히 잠든 그대여
어느덧 그대 눈가에도 주름이 졌네
내 가슴에 묻혀 꿈을 꾸는 그대여
야위어진 그댈 바라보니 눈물이 솟네
고왔던 여자의 순정을
이 못난 내게 바쳐두고
한마디 원망도 않은채
긴 세월을 보냈지
난 맹세 하리라 고생 많은 당신께
이 생명 다하는 날까지
그대를 사랑하리

고왔던 여자의 순정을
이 못난 내게 바쳐두고
한마디 원망도 않은채
긴 세월을 보냈지
난 맹세 하리라 고생 많은 당신께
이 생명 다하는 날까지
그대를 사랑하리"
Dash,"2,066",박지현,"벌써 며칠째야 애만 태우는 게
날 사랑한단 한마디 말조차
하지 못한 채
용기가 없는 넌 다가오지 못하고
언제까지나 그렇게 멀리서
바라볼 거야
이젠 내가 너보다 먼저 다가갈 거야
널 사랑한단 그 말을 내가 먼저
하고 말 거야
서로가 사랑인 걸 알고 있는데
왜 이러고만 있어야 하는지도
정말 답답해
이런 얘길 내가 먼저 한다면
언제나 여자들은
부담스러워하지
너 역시 그렇다면 어쩔 수 없어
넌 사랑받을 자격도 없는 거니까

이제 와서 이런 얘길 하기가
조금은 껄끄럽고
어색하긴 하지만
사랑은 그리 쉽게 얻을 수 없어
언제까지나 이럴 순 없잖아
누가 먼저란 건
그리 중요하지 않아
짧은 생을 사랑 하나만으로 산다면
이젠 내가 너보다 먼저 다가갈 거야
널 사랑한단 그 말을 내가 먼저
하고 말 거야
너 역시 그렇다면 어쩔 수 없어
넌 사랑받을 자격도 없는 거니까
넌 사랑받을 자격도 없는 거니까"
연심,290,조명섭,"사랑하는 마음 아낌없이 아낌없이 사랑하는 그대
오늘도 하염없이 그댈, 그댈 그리는 이 한밤

사랑하는 마음 모두 줄 때 모두 줄 때 웃어주던 그대
오늘도 하염없이 노랠, 노랠 부르다 잠드네

달이 영롱할 때 밤은 고요히 벌레 소리 들려주고
내일 우리들이 만나서 속삭일 이야기를 생각하네

사랑하는 마음 아낌없이 아낌없이 사랑하는 그대
오늘도 하염없이 그댈, 그댈 그리다 잠드네

달이 영롱할 때 밤은 고요히 벌레 소리 들려주고
내일 우리들이 만나서 속삭일 이야기를 생각하네

사랑하는 마음 아낌없이 아낌없이 사랑하는 그대
오늘도 하염없이 그댈, 그댈 그리다 잠드네

그댈 그리다 잠드네"
올 가을엔 사랑할거야,567,방미,"묻지 말아요
내 나이는 묻지 말아요
올 가을엔 사랑할꺼야
나 홀로 가는 길은
너무 쓸쓸해
너무 쓸쓸해
창 밖에 눈물짓는
나를 닮은 단풍잎 하나
가을은 소리없이
본체만체 흘러만 가는데
애타게 떠오르는
떠나간 그리운 사람
그래도 다시 언젠가는
사랑을 할꺼야 사랑 할꺼야

울지 말아요
오늘밤만은 울지 말아요
아무리 슬픈 일이 있어도
그대가 없이 가는
길은 쓸쓸해
너무 쓸쓸해
달빛은 화사하게
겨울가로등 불빛을 받아
오늘도 소리없이 비춰만주는데
변함없이
애타게 떠오르는
떠나간 그리운 사람
그래도 다시 언젠가는
사랑을 할꺼야 사랑 할꺼야"
세월베고 길게누운 구름한조각,311,나진아,"늙은 산 노을 업고 힘들어 하네
벌겋게 힘들어 하네
세월 베고 길게 누운 구름 한 조각
하얀 구름 한 조각
여보게 우리 쉬었다 가세
남은 잔은 비우고 가세
가면 어때 저 세월 가면 어때 이 청춘
저녁 깔린 뒷마당에 쉬었다 가세
여보게 쉬었다 가세
늙은 소 긴 하루를 힘들어하네
음메 하며 힘들어 하네
삐딱하게 날아가는 저 산 비둘기
가지 끝에 하루를 접네
여보게 우리 쉬었다 가세
남은 얘기 다 하고 가세
가면 어때 저 세월 가면 어때 이 청춘
저녁 깔린 뒷마당에 쉬었다 가세
여보게 쉬었다 가세
가면 어때 저 세월 가면 어때 이 청춘
저녁 깔린 뒷마당에 쉬었다 가세
여보게 쉬었다 가세
여보게 쉬었다 가세
여보게 쉬었다 가세"
사랑안해,"7,416",이찬원,"그럴려고 그랬어 돌아가려고
너의 차가움엔 그래 다 이유 있었던거야
나를 만지는 너의 손길 없어진
이제야 깨닫게 되었어 네맘 떠나간 것을
설마하는 그런 미련 때문에
그래도 나는 나를 위로해
나 이제 이러는 내가 더 가여워
이제라도 널 지울꺼야 기억의 모두를
이제 다시 사랑안해 말하는 난
너와 같은 사람
다시 만날 수가 없어서 사랑할 수 없어서
바보처럼 사랑 안해 말하는 널 사랑한다
나를 잊길바래 나를 지워줘
바보처럼 몰랐어 너희 두 사람
아직 기억하려던 그건 그래 다 욕심이야
다짐했건만 매일 아침 눈을 떠
지나간 너에게 기도해 나를 잊지 말라고
제발 지금 내가 바라는 하나
내 얘길 너무 쉽게 하진마
차라리 나를 모른다고 말해줘
시간지나 알게 될꺼야 내 사랑의 가치를
이제 다시 사랑안해
말하는 난 너와 같은 사람
다시 만날 수가 없어서 사랑할 수 없어서
바보처럼 사랑안해 말하는 널 사랑한다
나를 잊길 바래 나를 지워줘
내가 없는 내가 아닌 그 자리에
사랑 채우지마
혹시 만날 수가 있다면 사랑 할 수 있다면
아프잖아 사랑한 널 지켜보며 사랑한단
그 말 한마디를 하지 못해서"
앵두나무 처녀,116,신미래,"앵두나무 우물가에
동네 처녀 바람났네
물동이 호미 자루
나도 몰라 내던지고
말만 들은 서울로
누굴 찾아서
이쁜이도 금순이도
단봇짐을 쌌다네
석유 등잔 사랑방에
동네 총각 맥 풀렸네
올가을 풍년가에
장가들라 하였건만
신붓감이 서울로
도망갔대니
복돌이도 삼용이도
단봇짐을 쌌다네
서울이란 요술쟁이
찾아갈 곳 못 되더라
새빨간 그 입술에
웃음 파는 에레나야
헛고생을 말고서
고향에 가자
달래주는 복돌이에
이쁜이는 울었네"
돌아오지 않는 강,360,조용필,"당신의 눈속에 내가 있고
내 눈속에 당신이 있을 때
우린 서로가 행복 했노라
아아 그 바닷가
파도소리 밀려오는데
겨울나무 사이로
당신은 가고
나는 한 마리 새가 되었네
우린 서로가 행복 했노라
아아 그 바닷가
파도소리 밀려오는데
겨울나무 사이로
당신은 가고
나는 한 마리 새가 되었네
새가 되었네
새가 되었네"
무궁화,830,심수봉,"이 몸이 죽어 한 줌의
흙이 되어도
하늘이여 보살펴 주소서
내 아이를 지켜 주소서
세월은 흐르고 아이가 자라서
조국을 물어오거든
강인한 꽃 밝고 맑은
무궁화를 보여주렴
무궁화 꽃이 피는 건
이 말을 전하려 핀 단다
참으면 이긴다
목숨을 버리면 얻는다
내일은 등불이 된다
무궁화가 핀단다
날지도 못하는 새야
무엇을 보았니
인간의 영화가 덧없다
머물지 말고 날아라
조국을 위해 목숨을 버리고
하늘에 산화한 저 넋이여
몸은 비록 묻혔으나
나랄 위해 눈을 못 감고
무궁화 꽃으로 피었네
이 말을 전하려 피었네
포기하면 안 된다
눈물 없인 피지 않는다
의지다 하면 된다
나의 뒤를 부탁한다"
철없던 사랑,249,금잔디,"철없는 마음으로 사랑을 나누었지
미움도 모르는채 이별도 모르는채

불타는 가슴으로 서로를 느끼면서
영원토록 향기로운 우리의 사랑이여

이별은 싫어 추억의 그림자가 너무 많아
그리워져여 철없던 우리 사랑이

내 사랑 그대 그대여 다시한번 사랑해여
아름다워여 철없던 사랑이

이별은 싫어 추억의 그림자가 너무 많아
그리워져여 철없던 사랑이

내 사랑 그대 그대여 다시 한번 사랑해여
아름다워여 철없던 사랑이

이별은 싫어 추억의 그림자가 너무 많아
그리워져여 철없던 우리사랑이

내 사랑 그대 그대여 다시 한번 사랑해여
아름다워여 철없던 사랑이"
낭만에 대하여,"16,198",김호중,"궂은 비 내리는 날
그야말로 옛날식 다방에 앉아
도라지 위스키 한 잔에다
짙은 색소폰 소릴 들어보렴
새빨간 립스틱에
나름대로 멋을 부린 마담에게
실없이 던지는 농담 사이로
짙은 색소폰 소릴 들어보렴
이제와 새삼 이 나이에
실연의 달콤함이야 있겠냐만은
왠지 한 곳이 비어 있는
내 가슴이
잃어버린 것에 대하여
밤늦은 항구에서
그야말로 연락선 선창가에서
돌아올 사람은 없을지라도
슬픈 뱃고동 소릴 들어보렴
첫사랑 그 소녀는
어디에서 나처럼 늙어갈까
가버린 세월이 서글퍼지는
슬픈 뱃고동 소릴 들어보렴
이제와 새삼 이 나이에
청춘의 미련이야 있겠냐만은
왠지 한 곳이 비어 있는
내 가슴에
다시 못 올 것에 대하여
낭만에 대하여"
자랑,"13,322",임영웅,"요즘 내가 겁이 많아진 것도
자꾸만 의기소침해지는 것도
나보다 따뜻한 사람을 만나서
기대는 법을 알기 때문이야
또 말이 많아진 것도
그러다 금세 우울해지는 것도
나보다 행복한 사람을 만나서
나의 슬픔을 알기 때문이야
마음이 따뜻한 사람이
되고 싶어요
나의 품이 포근하게
위로가 될 수 있도록
사랑을 나눠줄 만큼
행복한 사람이 되면
그대에게 제일 먼저
자랑할 거예요
마음이 따뜻한 사람이
되고 싶어요
나의 품이 포근하게
위로가 될 수 있도록
사랑을 나눠줄 만큼
행복한 사람이 되면
그대에게 제일 먼저
자랑할 거예요
그댈 먼저 제일 먼저
안아줄 거예요"
효도합시다,"20,599",임영웅,"여러분 여러분 효도합시다
가끔은 아이러브유
사랑한다 말합시다
나 하나 보면서 살아온 당신
늦기 전에 효도합시다
계절이 지나면 돌아오지만
당신의 세월은 멀어져가네
당신과 매일이 이별하는 날
이제라도 잘해야지 다짐합니다
여러분 여러분 효도합시다
사는 게 바빠도 전화 한 통 드립시다
나 하나 보면서 살아온 당신
늦기 전에 효도합시다
계절이 지나면 돌아오지만
당신의 세월은 멀어져가네
당신과 매일이 이별하는 날
이제라도 잘해야지 다짐합니다
여러분 여러분 효도합시다
사는 게 바빠도 감사하다 말합시다
자신보다 날 먼저 지켜준 당신
미안해요 사랑합니다
늦기 전에 효도합시다"
그 사람 찾으러 간다,"2,214",박지현,"철없이 사랑했던 날은 가고
무작정 사랑했던 날도 가고
이제는 정리다 정리
마음에 와닿는
진실 하나 찾으러 갈거다
왜 이별했나 묻지를 마라
당신도 사연있잖아
예쁜 여자 만나면
멋진 남자 만나면
아직도 뜨거운 가슴이 있다
눈물도 있고 정도 있다
내 생애 마지막 정열
그 사람 찾으러 간다
날마다 봄날인 줄 알았던 나
언제나 청춘인 줄 알았던 나
이제는 정리다 정리
마음에 와닿는
진실 하나 찾으러 갈거다
왜 이별했나 묻지를 마라
당신도 사연있잖아
예쁜 여자 만나면
멋진 남자 만나면
아직도 뜨거운 가슴이 있다
눈물도 있고 정도 있다
내 생애 마지막 정열
그 사람 찾으러 간다
왜 이별했나 묻지를 마라
당신도 사연있잖아
예쁜 여자 만나면
멋진 남자 만나면
아직도 뜨거운 가슴이 있다
눈물도 있고 정도 있다
내 생애 마지막 정열
그 사람 찾으러 간다
그 사람 찾으러 간다"
이 계절의 강을 지나,241,성리,"봄이란 계절을 보내며
꽃 하나 보지 못했소

당신만 봄비처럼 내리던
볕 하나 없던 날였소

말해뭐하오 당신 없으면
언제나 난 겨울일텐데

님이여 기다리오
알맞은 계절이 오면
길고도 긴 멀고도 먼 강을 지나
당신 꼬옥 안아줄테니


선선한 가을을 보내며
낙엽 하나 줍지 못했소

당신만 바람처럼 불었던
맘쉴곳 없는 날였소

말해뭐하오 당신 없으면
언제나 난 겨울일텐데

님이여 기다리오
알맞은 계절이오면
길고도 긴 멀고도 먼 강을 지나
당신 꼬옥 안아줄테니

님이여 기다리오
알맞은 계절이오면
길고도 긴 멀고도 먼 강을 지나
당신 꼬옥 안아줄테니

당신 꼬옥 안아줄테니"
아파트,"2,189",안성훈,"별빛이 흐르는 다리를 건너
바람 부는 갈대 숲을 지나
언제나 나를 언제나 나를
기다리던 너의 아파트
그리운 마음에 전화를 하면
아름다운 너의 목소리
언제나 내게 언제나 내게
속삭이던 너의 목소리
흘러가는 강물처럼
흘러가는 구름처럼
머물지 못해 떠나가 버린
너를 못 잊어
오늘도 바보처럼 미련 때문에
다시 또 찾아왔지만
아무도 없는 아무도 없는
쓸쓸한 너의 아파트

흘러가는 강물처럼
흘러가는 구름처럼
머물지 못해 떠나가 버린
너를 못 잊어
오늘도 바보처럼 미련 때문에
다시 또 찾아왔지만
아무도 없는 아무도 없는
쓸쓸한 너의 아파트
아무도 없는 아무도 없는
쓸쓸한 너의 아파트"
엄마의 노래,489,김소연,"섬마을에
한 소녀와
총각 선생님
이야기
부엌에서 들리던
엄마의 그 노래
오늘따라
눈물이 납니다
맛나고 좋은 건
아니 아니
딸래미 아들래미
키우시며
까맣게 타버린
눈물의 그 세월들을
어떻게
말로 다 할까요
고왔던 봄 처녀를
무심히 데리고 간
그 세월이
너무 미워요
철없던
작은 아이가
이젠
나이를 먹었죠
세상살이 힘들어
지치는 날이면
듣고 싶은
엄마의 노래
맛나고 좋은 것
아니아니
딸래미 아들래미
키우시며
까맣게 타버린
눈물의 그 세월들을
어떻게
말로 다 할까요
고왔던 봄 처녀를
무심히 데리고 간
그 세월이
너무 미워요
맛나고 좋은 것
아니아니
딸래미 아들래미
키우시며
까맣게 타버린
눈물의 그 세월들을
어떻게
말로 다 할까요
고왔던 봄 처녀를
무심히 데리고 간
그 세월이
너무 미워요
그 세월이
너무 미워요"
모란 (母(어미모) 糷(밥 짓다 란)) (Short ver.),113,유지나,"엄마를 닮았구나 거울 속 나의 모습이
엄마를 닮았구나 눈가에 내린 주름도
모든 걸 닮았구나 세상을 사는 모습도
눈물도 웃음도 입맛까지도
엄마가 그랬었지 나처럼 살지 말아라
엄마가 그랬었지 남 하는 것 다 해봐라
여자라 참지마라 어떠한 순간에도
언제나 엄마는 너의 편이라고
엄마 엄마 엄마 엄마
부를수록 먹먹한 그 이름 엄마
엄마 엄마 엄마 엄마
제발 아프지 마세요
사랑합니다 죄송합니다
아기처럼 점점 작아지는 울 엄마
다음 세상엔 그때는 엄마가
나의 딸로 태어나주세요
엄마가 그랬었지 내 나이 되면 안다고
엄마가 그랬었지 철들면 이별이라고
가진 것 그보다 더 몇 천 배 더 준 사랑
엄마가 지어준 밥이 먹고 싶다
엄마 엄마 엄마 엄마
부를수록 먹먹한 그 이름 엄마
엄마 엄마 엄마 엄마
제발 아프지 마세요
사랑합니다 죄송합니다
아기처럼 점점 작아지는 울 엄마
다음 세상엔 그땐 엄마가
나의 딸로 태어나주세요"
띠아모,95,한강,"마주친 그대를 볼 때면
어느새 애가 타 사르르
아모르 마지아 띠아모
어느새 그대 곁으로
한리바
어제도 오늘도 마주칠 때면
그대의 향기가 내게 풍겨와
쌓이고 쌓여 미칠 것 같아
습관처럼 그대 곁으로
오 좋아 바보처럼
그대 눈빛 그리고 하얀 미소가
오 좋아 바보처럼
그대의 향기마저도
마주친 그대를 볼 때면
어느새 애가타 사르르
아모르 마지아 띠아모
어느새 그대 곁으로
한리바
한리바
어제도 오늘도 마주칠 때면
그대의 향기가 내게 풍겨와
쌓이고 쌓여 미칠 것 같아
습관처럼 그대 곁으로
오 좋아 바보처럼
그대 눈빛 그리고 하얀 미소가
오 좋아 바보처럼
그대의 향기마저도
마주친 그대를 볼 때면
어느새 애가타 사르르
아모르 마지아 띠아모
어느새 그대 곁으로
마주친 그대를 볼 때면
어느새 애가타 사르르
아모르 마지아 띠아모
어느새 그대 곁으로
어느새 그대 곁으로
띠아모 띠아모 한리바"
오빠 아직 살아있다,733,우승부,"오빠 아직 살아있다
나 아직 살아있어
은빛 정열의 사나이
올라!
오빠 아직 살아있다 나 아직 살아있어
은빛 정열의 사나이
오빠 아직 살아있다 가슴이 불타는
은빛 정열의 사나이
숨이 차 못 뛰는 게 아니야 (아냐?)
여유가 있어 그래
세상에 맞서는 법도 알거든
밤거리 찬란한 불빛이 외면한다 해도
내 인생 내 청춘 이제부터 시작이야 그래
오빠 아직 살아있다
나 아직 살아있어
은빛 정열의 사나이
오빠 아직 살아있다 가슴이 불타는
은빛 정열의 사나이
사랑이 식은 것이 아냐 (아냐)
심장은 아직 쿵쾅
영원한 내 사랑 오직 너인걸
저 하늘 불타는 태양이 꺼져버린다 해도
내 사랑 내 여인 영원토록 지켜줄게 그래
그래
그래
오빠 아직 살아있다 나 아직 살아있어
은빛 정열의 사나이
널 향한 심장은 아직도 터질 듯 뛰는데
세월을 비켜 간 내 청춘
이제부터 시작이야 그래
우- 바모스!
오빠 아직 살아있다
나 아직 살아있어 은빛 정열의 사나이
오빠 아직 살아있다
가슴이 불타는
은빛 정열의 사나이
오빠 아직 살아있다
나 아직 살아있어 은빛 정열의 사나이
은빛 정열의 사나이
은빛 정열의 사나이
오빠 살아있다!"
역쩐인생:가난한 남자,"1,950",박지현,"돈 없다고 무시하지 마
사람일 아무도 몰라
돈 있다고 으시대지 마
뒤통수 맞을지 몰라
세상만사 다 그래도 나만큼이라도
그렇게 살지 말자
돈은 있다가도 없고 없다가도 있고
돌고 도는 인생
신나게 가즈아
힘차게 가즈아
한 번뿐인 인생 별거 없는 거야
맘껏 펼쳐봐
다 함께 웃자
더 크게 웃자
오늘도 가겠지만
내일이 오겠지만
역전 인생 기다려라
난 가난한 남자
아니 행복한 남자

돈 없다고 주눅 들지 마
실패는 성공의 어머니
돈 있다고 잘난 체 마라
내일은 아무도 몰라
세상만사 다 그래도 나만큼이라도
그렇게 살지 말자
돈은 있다가도 없고 없다가도 있고
돌고 도는 인생
신나게 가즈아
힘차게 가즈아
한 번뿐인 인생
별거 없는 거야
맘껏 펼쳐봐
다 함께 웃자
더 크게 웃자
오늘도 가겠지만
내일이 오겠지만
역전 인생 기다려라
난 가난한 남자
아니 행복한 남자
난 난 난 정말 가난한 남자
아니아니 행복한 남자
난 가난한 남자"
달래강,752,김국환,"말이나 한번 해보지
사랑한다 사랑한다고
그토록 꼭꼭 숨기면
하늘인들 알수있겠니
날마다 그리워 흘린 눈물이
강이 되도 말 못한 미련한 사람아
바람도 물새도 서러워 울고 간다
달래강 애달픈 사랑
말이나 한번 해보지
사랑한다 사랑한다고
그토록 꼭꼭 숨기면
하늘인들 알수있겠니
날마다 그리워 흘린 눈물이
강이 되도 말 못한 미련한 사람아
바람도 물새도 서러워 울고 간다
달래강 애달픈 사랑
날마다 그리워 흘린 눈물이
강이 되도 말 못한 미련한 사람아
바람도 물새도 서러워 울고 간다
달래강 애달픈 사랑
달래강 애달픈 사랑"
두 여인,0,태진아,"아직도 옛사랑을
지우지도 못하면서
어쩌다가 바보처-럼
사랑속에 빠졌나요
받을때 하나라면
줄때도 하난데
나는 왜 두 여인을
사랑하고 있을까요
어차피 죄가 되는
사랑이라면
잊을건 잊어야지요
까맣게 잊어야지요
모든 것을
묻어버리-고

받을때 하나라면
줄때도 하난데
나는 왜 두 여인을
사랑하고 있을까요
어차피 죄가 되는
사랑이라면
잊을건 잊어야지요
까맣게 잊어야지요
모든 것을
묻어버리-고"
사랑은 장난이 아니야,209,태진아,"한~사-람~사-랑~하-는~게~ 왜-이~렇~게~ 힘-이~드-는~가~
나-좋~다~고~ 말~해-놓~고~ 그-냥~가-면~나-는~어~쩌~나~
나-없~인~ 못~산-다~고~ 말-해-놓~고-서~
나-없~인~ 못~산-다~고~ 말-해~놓-고~서~
거-짓~말-이-엇~나~ 나-한~테-한~말-이~ 거-짓~말~이-엇~나~

사-랑~은-장-난~이-아~니-야~ 사-랑~은-장-난~이-아~니-야~ 진~실~인~거~야~

사-랑~은-장-난~이-아~니-야~ 사-랑~은-장-난~이-아~니-야~ 진~실~인~거~야~


당~신-을~사-랑~하-는~게~ 왜-이~렇~게~ 힘-이~드-는~가~
사-랑~한~다~ 말~해-놓~고~ 떠-나~가-면~나-는~어~쩌~나~
나-없~인~ 못~산-다~고~ 말-해-놓~고-서~
나-없~인~ 못~산-다~고~ 말-해~놓-고~서~
거-짓~말-이-엇~나~ 나-한~테-한~말-이~ 거-짓~말~이-엇~나~

사-랑~은-장-난~이-아~니-야~ 사-랑~은-장-난~이-아~니-야~ 진~실~인~거~야~

사-랑~은-장-난~이-아~니-야~ 사-랑~은-장-난~이-아~니-야~ 진~실~인~거~야~"
잃어버린 30년,385,설운도,"비가오나 눈이오나
바람이 부나
그리웠던 삼십년 세월
의지할 곳 없는
이 몸 서러워하며
그 얼마나 울었던가요
우리 형제 이제라도
다시 만나서
못다한 정 나누는데
어머님 아버님
그 어디에 계십니까
목메이게 불러 봅니다

내일일까 모레일까
기다린 것이
눈물 맺힌 삼십년 세월
고향 잃은
이 신세를 서러워하며
그 얼마나 울었던가요
우리 남매 이제라도
다시 만나서
못다한 정 나누는데
어머님 아버님
그 어디에 계십니까
목메이게 불러 봅니다"
별난사람,319,최유나,"오다 가다 마주칠 듯
뭐그리 바쁜지
눈길 한 번 주지 않더니
누가 말해 주지도 않은
내 생일 알고서
꽃다발을 보내준 사람
난 몰라요 몰라
그런 당신 마음
오락가락 알쏭달쏭 해
사랑하면 사랑한다고
안아보고 싶다고
쉽게 말해주면 될 것을
오늘도 지나쳐 가시렵니까
내마음 변하면 어쩌시려고
당신 정말 별난 사람

이리 저리 스쳐갈 때
무표정한 얼굴
인사한번 하지 않더니
내가 먼저 묻지도
않은 전화번호를
은근슬쩍 두고 간 사람
난 몰라요 몰라
그런 당신 마음
오락가락 알쏭달쏭 해
사랑하면 사랑한다고
안아보고 싶다고
쉽게 말해주면 될 것을
오늘도 지나쳐 가시렵니까
내마음 변하면 어쩌시려고
당신 정말 별난 사람"
우지마라 (테크노),263,김양,"우지마라 우지마라 사랑이란 다 그런거다

저 마다 아픈 사연 가슴에 묻고 살지

미련일랑 남기지 말어라

정해진 운명이야 팔자라거니

달려라 외길 인생 후회는 없다

가지많은 나무에 바람잘날 없구나

우지말아 우지를 말어라





묻지마라 묻지말라 인생이란 다그런거다

가다가 힘이들면 한 번쯤 쉬어가지

미련일랑 남기지 말어라

정해진 운명이야 팔자라거니

달려라 외길 인생 후회는 없다

가지많은 나무에 바람 잘날 없구나

묻지말아 묻지를 말어라



정해진 운명이야 팔자라거니

달려라 외길 인생 후회는 없다

가지많은 나무에 바람 잘날 없구나

우지마라 우지를 말어라

우지마라 우지를 말어라"
사랑 바람,710,진소리,"사랑바람 불어온다 가을 밤에
두리둥실 꽃구름 타고
오늘만 같아라 세상살이가
웃음이 절로 나오네
누구나 한번쯤 사랑에 울고
그 사랑에 웃기도 하지
아 아 아
불 밝혀라 내 님 오시는 길에
청산은 가슴에 두고
사랑바람 따라가야지
사랑바람 불어온다 가을밤에
두리둥실 꽃구름 타고
오늘만 같아라 세상살이가
웃음이 절로 나오네
누구나 한번쯤 사랑에 울고
그 사랑에 웃기도 하지
아 아 아
불 밝혀라 내 님 오시는 길에
청산은 가슴에 두고
사랑바람 따라가야지
사랑바람 따라가야지"
청춘,"8,464",정동원,"언젠간 가겠지 푸르른 이 청춘
지고 또 피는 꽃잎처럼
달 밝은 밤이면 창가에 흐르는
내 젊은 연가가 구슬퍼
언젠간 가겠지 푸르른 이 청춘
지고 또 피는 꽃잎처럼
달 밝은 밤이면 창가에 흐르는
내 젊은 연가가 구슬퍼
내 젊은 연가가 구슬퍼"
편의점,"5,296",이찬원,"오늘 하루 길었다
퇴근길이 고되구나
맥주 한 캔 생각난다
편의점에 들러야지
밤새 환한 불빛 꺼지지 않는
날 반기는 저 간판
술이나 한잔하고 자야지
오늘도 고생 많았다
삼각김밥 라면 하나
사는 게 다 그런 거지
홀로 가는 내 인생 위로하네
우리 동네 편의점
사랑땜에 외롭고
돈 때문에 힘이 들 때
소주 한 잔 생각난다
편의점에 들러야지
밤새 환한 불빛 꺼지지 않는
날 반기는 저 간판
술이나 한잔하고 자야지
오늘도 고생 많았다
삼각김밥 라면 하나
사는 게 다 그런 거지
홀로 가는 내 인생 위로하네
우리 동네 편의점
삼각김밥 라면 하나
사는 게 다 그런 거지
홀로 가는 내 인생 위로하네
우리 동네 편의점
홀로 가는 내 인생 위로하네
우리 동네 편의점"
먼 훗날,"6,640",정동원,"찬바람 슬슬 불어오면
여린 목소리로 날 부르던
너의 모습이 스쳐간다
안부를 내게 묻는 듯
먼 훗날 오랜 훗날
우리 다시 만날 그날에
서로의 어깨를
한 번씩 툭 두드려줄까
같은 꿈 같은 곳을
함께 꿈꾸며 바라보던
추억 그리워하며 My friend
My friend
내게 바라는 것도 없이
그저 내 미소만을 원하고
세상에서 제일 친했던
친구는 너 하나인 걸
먼 훗날 오랜 훗날
우리 다시 만날 그날에
서로의 어깨를
한 번씩 툭 두드려줄까
같은 꿈 같은 곳을
함께 꿈꾸며 바라보던
추억 그리워하며 My friend
언제나 나를 지켜주는 듯
너의 온기를 난 느낄 수 있어
먼 훗날 오랜 훗날
우리 다시 만날 그날엔
마치 어제 만난 것처럼
편하게 웃을까
세월이 흘러가도
우리 서로의 믿음만은
변하지 않을 테니 My friend
My friend"
빗물,"1,762",박서진,"조용히 비가 내리네
추억을 말해주듯이
이렇게 비가 내리면
그날이 생각이 나네
옷깃을 세워주면서
우산을 받쳐준 사람
오늘도 잊지 못하고
빗속을 혼자서 가네
어디에선가 나를 부르며
다가오고 있는 것 같아
돌아보면은 아무도 없고
쓸쓸하게 내리는 빗물 빗물
조용히 비가 내리네
추억을 달래주듯이
이렇게 비가 내리면
그 사람 생각이 나네

어디에선가 나를 부르며
다가오고 있는 것 같아
돌아보면은 아무도 없고
쓸쓸하게 내리는 빗물 빗물
조용히 비가 내리네
추억을 달래주듯이
이렇게 비가 내리면
그 사람 생각이 나네
우우우우 우우우우
우우우우 우우우우
우우우우우"
노래하는 고양이,307,조명섭,"작은 종이 상자속에 비에 젖은 고양이
그 누구도 나의 노래 들어주지 않아도

내리는 빗물들의 박수 소리는
딱딱한 아스팔트 위로 멈춤 없이
떨어지는 소리

이 소리를 들으며 노래하는 고양이
아 나는야 비에 젖어 노래하는 고양이

작은 종이 상자속에 비에 젖은 고양이
그 누구도 나의 노래 들어주지 않아도

내리는 빗물들의 박수 소리는
딱딱한 아스팔트 위로 멈춤 없이
떨어지는 소리

이 소리를 들으며 노래하는 고양이
아 나는야 비에 젖어 노래하는 고양이

아 나는야 비에 젖어 노래하는 고양이"
목포행 완행열차,331,김중연,"목포행 완행열차
마지막 기차 떠나가고
늦은 밤 홀로 외로이
한잔 술에 몸을 기댄다

우리의 사랑은 이제
여기까지가 끝인가요
우리의 짧은 인연도
여기까지가 끝인가요

잘 가요 인사는 못해요
아직 미련이 남아서
언젠가 우리 다시 만나는 그날
그냥 편히 웃을 수 있게

우리의 사랑은 이제
여기까지가 끝인가요
우리의 짧은 인연도
여기까지가 끝인가요

잘 가요 인사는 못해요
아직 미련이 남아서
언젠가 우리 다시 만나는 그날
그냥 편히 웃을 수 있게
그냥 편히 안을 수 있게"
춘자야,494,설운도,"춘자야
보고 싶구나
그 옛날 선술집이
생각나구나
목포항 뱃머리에서
눈물짓던 춘자야
그 어느 하늘 아래
살고 있는지
이 밤도 네가
무척 보고 싶구나
나를 따라 천리만리
간다던 그 사람
어느덧 세월만
흘러갔구나
내 사랑 춘자야
꼭 한번 만나야 할
내 사랑
춘자야

춘자야
보고 싶구나
그 옛날 선술집이
생각나구나
부산항 뱃머리에서
눈물짓던 춘자야
지금은 어디에서
살고 있는지
오늘도 네가
무척 보고 싶구나
나 없이는 못 산다고
매달리던 사람
어느덧 세월만
흘러갔구나
내 사랑 춘자야
꼭 한번 만나야 할
내 사랑
춘자야
지금은 어디에서
살고 있는지
오늘도 네가
무척 보고 싶구나
나 없이는 못 산다고
매달리던 사람
어느덧 세월만
흘러갔구나
내 사랑 춘자야
꼭 한번 만나야 할
내 사랑 춘자야
그리운 춘자야"
미운 사랑,"2,331",안성훈,"남몰래 기다리다가
가슴만 태우는 사랑
어제는 기다림에
오늘은 외로움
그리움에 적셔진 긴 세월
이렇게 살라고 인연을 맺었나
차라리 저 멀리 둘 걸
미워졌다고 갈 수 있나요
행여나 찾아올까 봐
가슴이 사랑을 잊지 못해
이별로 끝난다 해도
그 끈을 놓을 순 없어
너와 난 운명인 거야
이렇게 살라고 인연을 맺었나
차라리 저 멀리 둘 걸
미워졌다고 갈 수 있나요
행여나 찾아올까 봐
가슴이 사랑을 잊지 못해
이별로 끝난다 해도
그 끈을 놓을 순 없어
너와 난 운명인 거야
그 끈을 놓을 순 없어
너와 난 운명인 거야"
사는게 뭔지,339,이무송,"사랑이 무엇인지 아픔이 무엇인지 아직 알 순 없지만
인연이 끝난 후에 후회하지는 않겠지 알 수 없는 거잖아

사랑한 사람들은 이렇게 얘길 하지 후회하는 거라고
하지만 사랑 않고 혼자서 살아간다면 더욱 후회한다고

사랑을 하면서도 후회해도 한평생을 살 사람아
정들어 사는 인생 힘들어도 당신만을 사랑하리라

결혼이 무엇인지 사는게 무엇인지 아직 알 순 없지만
몇 년이 지난 후에 후회하지는 않겠지 알 수 없는 거잖아

살아 본 사람들은 이렇게 얘길 하지 후회하는 거라고
하지만 둘이 아닌 혼자서 살아간다면 더욱 후회한다고

사랑을 하면서도 후회해도 한평생을 살 사람아
정들어 사는 인생 힘들어도 당신만을 사랑하리라

사랑을 하면서도 후회해도 한평생을 살 사람아
정들어 사는 인생 힘들어도 당신만을 사랑하리라

사랑을 하면서 후회는 왜 하나
정들어 사는 인생 힘들어도 당신만을 사랑하리라

사랑을 하면서도 후회해도 한평생을 살 사람아
정들어 사는 인생 힘들어도 당신만을 사랑하리라"
미운사랑,443,오승근,"남몰래 기다리다가
가슴만 태우는사랑
어제는 기다림에
오늘은 외로움에
그리움에 적셔진 긴 세월
이렇게 살라고 인연을 맺었나
차라리 저 멀리 둘 걸
미워졌다고 갈수 있나요
행여나 찾아올까봐
가슴이 사랑을 잊지 못해
이별로 끝난다 해도
그 끈을 놓을수 없어
너와 난 운명인거야
이렇게 살라고 인연을 맺었나
차라리 저 멀리 둘 걸
미워졌다고 갈수 있나요
행여나 찾아 올까봐
가슴이 사랑을 잊지 못해
이별로 끝난다 해도
그 끈을 놓을수 없어
너와 난 운명인거야
그 끈을 놓을수 없어
너와 난 운명인거야"
슈퍼맨,850,조정민,"슈슈 슈슈 슈비루바
슈슈 슈슈 슈비루바
사랑해요 사랑해요
당신은 나의 슈퍼맨
아무 말도 하지 마요 쉿
당신은 나의 슈퍼맨
나만의 슈퍼맨 슈퍼 슈퍼맨
오늘 내가 쏠게요
무얼 원하시나요
나만의 슈퍼맨 슈퍼 슈퍼맨
하루 종일 힘들어도
티 한번 안내는 남자
가끔씩 투정해도
나만 사랑해주는
오 나의 슈퍼맨
당신은 나만의 짱짱맨
한번 한 약속은
꼭 지키는 사람 믿어요
오 나의 슈퍼맨
영원한 나만의 짱짱맨
당신이 내 인생의 대박이에요
나만의 슈퍼맨
기념일이 아니어도
꽃을 건네는 남자
나만의 슈퍼맨 슈퍼 슈퍼맨
다투고 뒤돌아서도
내 걱정 해주는 남자
나만의 슈퍼맨 슈퍼 슈퍼맨
산다는 게 힘들어도
티 한번 안내는 남자
가끔씩 짜증내도
나만 사랑해주는
오 나의 슈퍼맨
당신은 나만의 짱짱맨
한번 한 약속은
꼭 지키는 사람 믿어요
오 나의 슈퍼맨
영원한 나만의 짱짱맨
당신이 내 인생의 대박이에요
나만의 슈퍼맨"
흥부자,920,김양,"흥부자 부자 흥부자가 왔어요
한번뿐인 인생길에 놀다갑시다
흥부자부자부자 우리가 흥부자
스트레스 쌓이면 병이 난데요
참는것도 한두번이지
친구만나 술도한잔
님과함께 여행가고
즐겁게 살아갑시다
흥부자 부자 흥부자가 왔어요
근심걱정 모두모두 날려버려요
흥부자 부자 흥부자가 왔어요
한번뿐인 인생길에 놀다갑시다
흥부자부자부자 우리가 흥부자
스트레스 쌓이면 병이 난데요
참는것도 한두번이지
친구만나 술도한잔
님과함께 여행가고
즐겁게 살아갑시다
흥부자 부자 흥부자가 왔어요
근심걱정 모두모두 날려버려요
흥부자 부자 흥부자가 왔어요
한번뿐인 인생길에 놀다갑시다
흥부자부자부자 우리가 흥부자
흥부자부자부자 우리가 흥부자"
그대 향한 사랑,"18,975",김호중,"하룻밤의 꿈이었던가
새벽 안개속에 사라질
나의 붉은 치마폭에 안기어
동정끈 입에물던 님은
모두 나의 욕심이더냐
달도 차면 기울어지듯
기나긴 밤 모진 세월 참아낸
지난 내 눈물이 서러워
내가 온 줄 아오
나인 줄 아오
그대 잠든 창가에 바람 불때면
사모했던 그대 그대 그리워
그대 품에 들고픈 숨결이라고
가지마다 그림자 지고
무명치마 노을 번지네
칠보 단장 설레이던 그 날이
바로 어제 아침 같은데
내가 온 줄 아오 나인 줄 아오
그대 잠든 창가에 바람 불때면
사모했던 그대 그대 그리워
그대 품에 들고픈 숨결이라고
천하를 가진들 무슨 소용 있나
임의 눈속에 내가 살 수 없다면
오 내가 떠나가도 잊지는 마오
그대 향한 나의 사랑만은
나를 찾아주오 날 찾아주오
눈물로 기다릴 다음 세상에는
사모했던 그대 그대 그리워
그대 품에 들고픈 숨결을
찾아나 세상 떠나가도"
사나이 순정,54,더블레스,"묻지마라
욕하지마라
사나이
순정이란다
바람처럼
살아왔다
나의 과거를
묻지를 마라
거칠고 거친
인생이었다
후회 없지만
눈물이 난다
쓸쓸한 이 거리
나 너를 만났고
사랑을 알았고
꿈을 가졌다
이 생명 다 바쳐
널 사랑하리라
사나이 한 평생
내 사랑 너를 위해
묻지마라
욕하지마라
사나이
순정이란다
쓸쓸한 이 거리
나 너를 만났고
사랑을 알았고
꿈을 가졌다
이 생명 다 바쳐
널 사랑하리라
사나이 한 평생
내 사랑 너를 위해
묻지마라
욕하지마라
사나이
순정이란다
사나이
순정이란다"
내장산,318,오유진,"동녘 바람 불어오면
곱게 물든 내장산아
저녁노을 붉게 타면
고운 애기 단풍은
어이해 떨어지나
망부석의 사연인가
서리서리 눈물인가
내장사 쇠북 소리
밤새도 둥지를 찾아
날개를 접는다
가을빛 물들면
애기단풍 지면은
찾아올까나 어느 고운 임
나를 찾아올까나
내장산으로
남녘 바람 깊어지면
내 마음도 깊어만 간다
법당 앞 댓돌 위에
새하얀 고무신
깊어 가는 가을 달빛
망부석의 사연인가
서리서리 눈물인가
내장사 쇠북 소리
밤새도 둥지를 찾아
날개를 접는다
가을빛 물들면
애기 단풍 지면은
찾아올까나 어느 고운 임
나를 찾아올까나
내장산으로"
당신이 최고야,"2,263",양지은,"당신이 최고야
당신이 최고야
나에겐
당신이 최고야
당신을 처음 만난
그 순간
나는 나는 알았어
당신이 내 반쪽이란 걸
행복하게 행복하게
해줄거야
머리에서 발 끝까지
세상에서 가장 멋있게
당신을 위해서라면
아낌없이 줄거야
내 모든걸 다 줄거야
기대해도 좋아
믿어도 좋아
변함없을 테니까
당신이 최고
당신이 최고야
당신이 최고야
당신이 최고야
나에겐
당신이 최고야
당신을 처음 만난
그 순간
나는 나는 알았어
당신이 내 반쪽이란 걸
행복하게 행복하게
해줄거야
머리에서 발끝까지
세상에서 가장 멋있게
당신을 위해서라면
아낌없이 줄거야
내 모든걸
다 줄거야
기대해도 좋아
믿어도 좋아
변함없을 테니까
당신이 최고
당신이 최고야
기대해도 좋아
믿어도 좋아
변함없을 테니까
당신이 최고
당신이 최고야
당신이 최고
당신이 최고야"
모란동백,"1,421",진해성,"모란은 벌써 지고 없는데
먼 산에 뻐꾸기 울면
상냥한 얼굴 모란 아가씨
꿈속에 찾아오네
세상은 바람 불고 고달파라
나 어느 변방에
떠돌다 떠돌다 어느 나무 그늘에
고요히 고요히 잠든다 해도
또 한 번 모란이 필 때까지
나를 잊지 말아요
동백은 벌써 지고 없는데
들녘에 눈이 내리면
상냥한 얼굴 동백 아가씨
꿈속에 웃고 있네
세상은 바람 불고 덧없어라
나 어느 바다에
떠돌다 떠돌다 어느 모래 벌에
외로이 외로이 잠든다 해도
또 한 번 동백이 필 때까지
나를 잊지 말아요
또 한번 모란이 필 때까지
나를 잊지 말아요"
송인,430,김태연,"바람에 날리는 저 꽃잎 보며
동그라미 그려보다가
오늘밤 꿈속에 날 찾을까
시린 가슴만 애 태우죠
바람아 바람아 닿을 수 없는
그 길 따라가다
고달픈 걸음에 눈물 고이면
몰래 나 대신 훔쳐다오
옷깃에 가려진 저 달빛처럼
기약 없이 기다리다가
밤새워 흐르는 눈물조차
행여 짐 될까 감추었죠
바람아 바람아 닿을 수 없는
그 길 따라가다
고달픈 걸음에 눈물 고이면
몰래 나 대신 훔쳐다오
이 마음 전해다오"
좋은 사람 만나도 돼요,124,김용필,"고맙고 미안해요 힘들게 살게 해서
이럴 줄 알았다면
그냥 보내줄 걸 헤어져줄걸

그땐 몰랐어요
당신 없이는 죽어도 못 산다고
운명인 줄 알았고 전부였는데
살아보니 살다 보니 다 욕심이었다는 게

미안해요 미안해요
이 말밖에 해줄 수 없지만
이번 생엔 이번 생엔 남아줘요 내 사람으로

그땐 몰랐어요
당신 없이는 죽어도 못 산다고
운명인 줄 알았고 전부였는데
살아보니 살다 보니 다 욕심이었다는 게

미안해요 미안해요
이 말밖에 해줄 수 없지만
이번 생엔 이번 생엔 남아줘요 내 사람으로

사랑해요 사랑해요
이 말만은 내 진심이지만
다음 생엔 다음 생엔
더 좋은 사람 만나도 돼요
좋은 사람 만나도 돼요"
눈물의 부르스,246,주현미,"오색등 네옴불이 속삭이듯
나를 유혹하는 밤
가슴을 휘젓듯이 흐느끼는
섹스폰 소리 아 나를 울리네
이순간이 지나고나면 떠날 당신이기에
그대품에 안기운채 젖은 눈을 감추네
아 부루스 부루스 부루스 연주자여
그 음악을 멈추지 말아요

오색등 네온불이 손짓하듯
나를 유혹하는 밤
내리는 빗물처럼 흐느끼는
섹스폰 소리 아 나를 울리네
이순간이 지나고나면 떠날 당신이기에
그대 가슴에 얼굴을 묻고
젖은 눈을 감추네
아 부루스 부루스 부루스 연주자여
그 음악을 멈추지 말아요"
뱀이다,"1,266",김혜연,"앗 뱀이다 뱀이다
몸에도 좋고 맛도
좋은 뱀이다 뱀이다
요놈의 뱀을 사로잡아
우리 아빠 보약을 해드리면
아이고 우리 딸 착하구나
하고 좋아하실꺼야
앗 개구리다 개구리다
몸에 좋고 맛도 좋은
개구리다 개구리다
요놈의 개구리를 사로잡아
우리 아빠 몸보신을 해드리면
아이고 우리 딸 착하구나
하고 좋아하실꺼야
하지만 안돼요 왜
그러지 안돼요 왜
아빠 참아주세요
싫어 싫어 싫어
산과 들의 뱀과 개구리가
씨가 말랐데요 진짜
싹쓸이 당했데요 정말
앗 똥개다 똥개다
몸에 좋고 맛도
좋은 똥개다 똥개다
요놈의 똥개를 때려잡아
우리 아빠 개소주를 해드리면
아이고 마누라 최고구나
하고 좋아하실꺼야
앗 사슴이다 사슴이다
몸에 좋고 맛도
좋은 사슴이다 사슴이다
요놈의 사슴뿔을 잘라다가
우리 아빠 사슴피를 받아주면
아이고 마누라 최고구나
하고 좋아하실꺼야
하지만 안돼요
그러지 마세요 왜
아빠 참아주세요
싫어 싫어 싫어
그런다고 남보다 오래사나
소용없는 일이에요 진짜
부질없는 일이에요 정말
하지만 안돼요왜
그러지 마세요왜
아빠 참아주세요
싫어 싫어 싫어
산과 들의 뱀과 개구리가
씨가 말랐데요 진짜
싹쓸이 당했데요 정말"
그냥,699,조항조,"그냥 전화해도 좋아요
속상한 일 얘기해봐요
가끔 힘이 들고 답답하나요
내가 다 받아 줄게요
그저 바라보게 해줘요
지켜줄 수 있게 해줘요
때론 식사도 하고 차도 마셔요
소주도 한잔 하구요
바라는거 나 없어요
해준것도 난 없는데
다 가질순 없는거죠
언제라도 기다릴게요
어쩌다가 여기까지
사랑이 밀려왔는지
나 당신 놓치긴 정말 싫어요
내 눈엔 당신만 보여
그냥 보고 싶다 말해요
당신 마음 나도 알아요
제발 부담 갖지 않길 바래요
더 이상 욕심 안내요
바라는거 나 없어요
해준것도 난 없는데
다 가질순 없는거죠
언제라도 기다릴게요
어쩌다가 여기까지
사랑이 밀려왔는지
나 당신 놓치긴 정말 싫어요
내 눈엔 당신만 보여
나 당신 놓치긴 정말 싫어요
내 눈엔 당신만 보여
당신만 사랑할래요"
나 그대에게 모두 드리리,"1,941",류지광,"나 그대에게 드릴게 있네
오늘밤 문득 드릴 말 있네
나 그대에게 모두 드리리
터질 것 같은 이 내 사랑을
그댈 위해서라면
나는 못할게 없네
별을 따다가
그대 두 손에 가득 드리리
나 그대에게 드릴 말 있네
오늘밤 문득 드릴 말 있네
그댈 위해서라면
나는 못할게 없네
별을 따다가
그대 두 손에 가득 드리리
나 그대에게 드릴 게 있네
오늘밤 문득 드릴 게 있네
터질 것 같은 이 내 사랑을"
밤열차,"6,498",이찬원,"밤 열차는 미련없이 떠나갑니다
뜨거운 눈물 흘려야하는 사랑
빈 가슴 부여잡고 차창에 기대어
밤 이슬 내리는 창 밖을 보며
아쉬움에 자꾸만 뒤돌아보는데
기적소리 울음소리
나를 나를 나를 울리네
이제 가면 못 볼 사랑 보고플 사랑
다시 오면 안 됩니까 말을 해 줘요
밤 열차는 미련없이 떠나가는데
밤 열차는 미련없이 떠나갑니다
뜨거운 눈물 흘려야하는 사랑
빈 가슴 부여잡고 차창에 기대어
밤 이슬 내리는 창 밖을 보며
아쉬움에 자꾸만 뒤돌아보는데
기적소리 울음소리
나를 나를 나를 울리네
이제 가면 못 볼 사랑 보고플 사랑
다시 오면 안 됩니까 말을 해 줘요
밤 열차는 미련없이 떠나가는데
다시 오면 안 됩니까 말을 해 줘요
밤 열차는 미련없이 떠나가는데
밤 열차는 미련없이 떠나가는데"
얄미운 사람,284,트윈걸스,"사랑만 남겨놓고 떠나가느냐
얄미운 사람
슬픈 음악처럼
이 마음 울려놓고
저 멀리 떠나간 사람
미련만 남겨놓고 돌아가느냐
얄미운 사람 미련 때문인가
멍들은 이 내가슴
아픔만 주고 간 사람
정주고 마음주고 사랑도 줬지만
지금은 남이 되어 떠나가느냐
이별의 아픔일랑
가져가다오
아 아 얄미운 사람
사랑만 남겨놓고 떠나가느냐
얄미운 사람
슬픈 음악처럼
이 마음 울려놓고
저 멀리 떠나간 사람
정주고 마음주고 사랑도 줬지만
지금은 남이 되어 떠나가느냐
이별의 아픔일랑
가져가다오
아 아 아
아 아 얄미운 사람"
눈치제로 (Prod. by 영탁),"10,545","희남매 (김희재, 홍현희, 김나희)","눈치 제로제로
오 제로제로
넌 정말 눈치 제로야
하나부터 열까지 가르쳐야 돼
이제 알 때도 됐잖아
느낌 대로 대로
오 때론 때론
가슴이 가는 대로
그냥 막 다가와
나도 널 원하니까
이렇다 저렇다 말해야 알지
진짜 니 맘을 모르겠어
이렇게 눈치를 주고 있는데
너는 언제나 멍청멍청
라를라라 답답한 우리 사이
언제까지 이럴래
라를라라 작은 것 하나까지
코치하긴 싫어
눈치 제로제로
오 제로제로
넌 정말 눈치 제로야
하나부터 열까지 가르쳐야 돼
이젠 알 때도 됐잖아
느낌 대로 대로
오 때론 때론
가슴이 가는 대로
그냥 막 다가와
나도 널 원하니까
아무리 머리를 굴려보아도
아직 니 맘을 모르겠어
도대체 몇 번을 말해야 되니
챙겨 제발 좀 눈치 챙겨
라를라라 답답한 우리 사이
언제까지 이럴래
라를라라 작은 것 하나까지
코치하긴 싫어
눈치 제로제로
오 제로제로
넌 정말 눈치 제로야
하나부터 열까지 가르쳐야 돼
이젠 알 때도 됐잖아
느낌 대로 대로
오 때론 때론
가슴이 가는 대로
그냥 막 다가와
나도 널 원하니까
그냥 막 다가와
너도 날 원하잖아"
목포항,73,조항조,"목포항 부두에서 울며 떠난 우리 님아
삼학도에 동백꽃 피면 잊지말고 돌아오세요
파도에 부서지는 뱃고동 소리 유달산 달도 밝은데
돌아와요 돌아와요 그 달빛 아래로
눈물에 아롱젖은 치맛자락 날리며
낭군님 보고파 기다리네
목포항 부두에서

파도에 부서지는 뱃고동 소리 유달산 달도 밝은데
돌아와요 돌아와요 그 달빛 아래로
눈물에 아롱젖은 치맛자락 날리며
낭군님 보고파 기다리네
목포항 부두에서
목포항 부두에서"
고향역,106,나훈아,"코스모스 피어있는 정든 고향역
이뿐이 곱분이 모두
나와 반겨주겠지
달려라 고향 열차
설레는 가슴 안고
눈 감아도 떠오르는
그리운 나의 고향역
코스모스 반겨주는 정든 고향역
다정히 손잡고
고갯마루 넘어서 갈 때
흰 머리 날리면서
달려온 어머님을
얼싸안고 바라보았네
멀어진 나의 고향역"
내 나이가 어때서,"1,028",금잔디,"야 야 야 내 나이가 어때서
사랑에 나이가 있나요
마음은 하나요 느낌도 하나요
그대만이 정말 내 사랑인데
눈물이 나네요 내 나이가 어때서
사랑하기 딱 좋은 나인데
어느날 우연히 거울 속에 비춰진
내 모습을 바라보면서
세월아 비켜라
내 나이가 어때서
사랑하기 딱 좋은 나인데
야 야 야 내 나이가 어때서
사랑에 나이가 있나요
마음은 하나요 느낌도 하나요
그대만이 정말 내 사랑인데
눈물이 나네요 내 나이가 어때서
사랑하기 딱 좋은 나인데
어느날 우연히 거울 속에 비춰진
내 모습을 바라보면서
세월아 비켜라
내 나이가 어때서
사랑하기 딱 좋은 나인데"
인생연습,"2,693",한가빈,"그 누가 인생을
짧다고 했나
난 아직 반도 못 살았는데
그 누가 사랑을
아프다고 했나
난 아직 반도 못했는데
모든 일엔 끝이 있다지만
그 끝엔 다른 시작도 있어
지금껏 아파했던 날들
그건 모두 연습이었어
내 삶의 남은 반을 위해
하루하루 행복할거야
어차피 인생은
연습이란다
살다 보면 조금씩 느는 거야
가다가 가다가 막히면
돌아가면 되지
세상에 길은 많으니까
인생에 정해진 답이 있다면
얼마나 재미가 없을까
지금껏 아파했던 날들
그건 모두 연습이었어
내 삶의 남은 반을 위해
하루하루 행복할거야
기쁨도 눈물짓던 날도
그댈 위한 연습이었어
내 삶의 남은 반을 위해
하루하루 행복할거야
하루하루 행복할거야"
왔지윤,440,홍지윤,"왔지 왔지 왔지윤
여러분의 홍지윤이 왔지윤

행복을 주기 위해 왔지윤
기쁨을 주기 위해 왔지윤
여러분과 즐기러
지윤이가 왔지윤

얼룩진 마음들은
훌훌 털어 버리고
오늘은 신나게 놀아봅시다

근심걱정 하지 말고
고민고민 하지 말고
이 순간만큼은 즐겨봅시다

앞사람 신경 쓰지 말고
옆 사람 눈치 보지 말고
신나게 춤을 춥시다

어깨춤은 덩실 덩실 덩실
엉덩이는 실룩 실룩 실룩
노래도 힘껏 불러봅시다

행복을 주기 위해 왔지윤
기쁨을 주기 위해 왔지윤
여러분과 즐기러
지윤이가 왔지윤

행복을 주기 위해 왔지윤
기쁨을 주기 위해 왔지윤
여러분과 즐기러
지윤이가 왔지윤

얼룩진 마음들은
훌훌 털어 버리고
오늘은 신나게 놀아봅시다

근심걱정 하지 말고
고민고민 하지 말고
이 순간만큼은 즐겨봅시다

앞사람 신경 쓰지 말고
옆 사람 눈치 보지 말고
신나게 춤을 춥시다

어깨춤은 덩실 덩실 덩실
엉덩이는 실룩 실룩 실룩
노래도 힘껏 불러봅시다

행복을 주기 위해 왔지윤
기쁨을 주기 위해 왔지윤
여러분과 즐기러
지윤이가 왔지윤"
밤차,0,이은하,"멀리 기적이 우네
나를 두고 멀리 간다네
이젠 잊어야 하네
잊지 못할 사람이지만
언젠가는 또 만나겠지
헤어졌다 또 만난다네
기적 소리 멀어져 가네
내님 실은 마지막 밤차
멀리 기적이 우네
그렇지만 외롭지 않네
언젠가는 또 만나겠지
헤어졌다 또 만난다네
기적 소리 멀어져 가네
내님 실은 마지막 밤차
멀리 기적이 우네
그렇지만 외롭지 않네"
광대,633,미스미스터,"남들이야 즐거워서 껄껄 웃지만
모두들 신이나서 춤을 추지만
남몰래 아픈사연 가슴에 안고
웃으며 노래한다 분단장하고
헝클어진 머리에다 누더기 옷에
연지곤지 곱게 찍어 분단장 하고
찌글어진 깡통에 인생을 담아
어어둥기당
두둥기 둥기당 내 팔자야
오늘도 춤을 춘다
두둥기 둥기두둥실
어릿 광대가
바보같은 몸짓으로 웃음을 주고
근심많은 사람에게 용기를 주며
괴로움도 슬픔도 모두 잊은채
어어둥기당 두둥기
둥기당 놀아보자
신나게 춤을 춘다
두둥기 둥기 두둥실
어릿 광대가
어릿 광대가"
달도 밝은데,0,강진,"달도 밝은데 달도 밝은데
추야장 깊은 밤에 달도 밝은데
숯덩이 같은 가슴
남 몰래 남 모르게
까맣게 타버렸네
님아 님아 못 잊을 내 님아
달덩이 같은 내 님아
순정을 다 바쳐서
죽도록 사랑한 사람
님아 님아 우리 님아
정만 두고 가지 마오
달도 밝은데 달도 밝은데
추야장 깊은 밤에 달도 밝은데
숯덩이 같은 가슴
남 몰래 남 모르게
까맣게 타버렸네
님아 남아 못 잊을 내 님아
달덩이 같은 내 님아
순정을 다 바쳐서
죽도록 사랑한 사람
님아 님아 우리 님아
정만 두고 가지 마오"
봄날은 간다,"4,127",장민호,"연분홍 치마가 봄바람에 휘날리더라
오늘도 옷고름 씹어가며
산제비 넘나드는 성황당 길에
꽃이 피면 같이 웃고
꽃이 지면 같이 울던
알뜰한 그 맹세에 봄날은 간다
별이 뜨면 서로 웃고
별이 지면 서로 울던
실없는 그 기약에 봄날은 간다
봄날은 간다
봄날은 간다"
토요일은 밤이 좋아,"1,760",N.T.G,"이 밤은 영원한 것
그리움이 흐르네
그대 나를 두고 떠나가지 말어
토요일은 밤이 좋아
그대 바라보며 사랑할 수 있는
토요일은 밤이 좋아
이 밤은 영원한 것
그리움이 흐르네
어둠이 오면 외로워하며
우리들은 헤매지만
불빛이 흘러 가슴 적시는
이 도시는 아름다워
아쉬움을 두고 떠나가지 말어
토요일은 밤이 좋아
모든 연인들이 사랑할 수 있는
토요일은 밤이 좋아
이 밤은 영원한 것
그리움이 흐르네
이 밤은 영원한 것
그리움이 흐르네
어둠이 오면 외로워하며
우리들은 헤매지만
불빛이 흘러 가슴 적시는
이 도시는 아름다워
그대 나를 두고 떠나가지 말어
토요일은 밤이 좋아
그대 바라보며 사랑할 수 있는
토요일은 밤이 좋아
아쉬움을 두고 떠나가지 말어
토요일은 밤이 좋아
모든 연인들이 사랑할 수 있는
토요일은 밤이 좋아
토요일은 밤이 좋아
토요일은 밤이 좋아
토요일은 밤이 좋아"
비내리는 영동교,"16,471",임영웅,"밤비 내리는 영동교를
홀로 걷는 이 마음
그 사람은 모를꺼야
모르실꺼야
비에 젖어 슬픔에 젖어
눈물에 젖어
하염없이 걷고 있네
밤비 내리는 영동교
잊어야지 하면서도
못잊는 것은
미련 미련
미련 때문인가봐
밤비 내리는 영동교를
헤매도는 이 마음
그 사람은 모를꺼야
모르실꺼야
비에 젖어 슬픔에 젖어
아픔에 젖어
하염없이 헤매이네
밤비 내리는 영동교
생각말자 하면서도
생각하는 건
미련 미련
미련 때문인가봐
미련 미련
미련 때문인가봐"
사랑은 장난이 아니야,"1,769",홍지윤,"사랑은 장난이 아니야
사랑은 장난이 아니야
진실인 거야
한 사람 사랑하는 게
왜 이렇게 힘이 드는가
나 좋다고 말해 놓고
그냥 가면 나는 어쩌나
나 없인 못 산다고 말해놓고서
나 없인 못 산다고 말해놓고서
거짓말이었나
나한테 한 말이
거짓말이었나
사랑은 장난이 아니야
사랑은 장난이 아니야
진실인 거야
사랑은 장난이 아니야
사랑은 장난이 아니야
진실인 거야
당신을 사랑하는 게
왜 이렇게 힘이 드는가
사랑한다 말해 놓고
떠나가면 나는 어쩌나
나 없인 못 산다고 말해 놓고서
나 없인 못 산다고 말해 놓고서
거짓말이었나
나한테 한 말이
거짓말이었나
사랑은 장난이 아니야
사랑은 장난이 아니야
진실인 거야
사랑은 장난이 아니야
사랑은 장난이 아니야
진실인 거야
진실인 거야"
꾼,324,송도현,"꾼 꾼 당신을 위한 사랑꾼이야
당신밖에 모르는 사람
꾼 꾼 뭐든 다 해주는 사랑꾼이야
쿵 쿵 떨리게 안아줄게
힘든 일이 있을 땐 한걸음에 달려가
불끈불끈 힘이 돼줄게
언제 어디서든 잠시 기대고 싶을 땐
내가 너의 어깨가 되어줄게
가슴이 막 터질 만큼 사랑스러워
항상 너의 편이 되어 살아갈 거야
꾼 꾼 당신을 위한 사랑꾼이야
당신밖에 모르는 사람
꾼 꾼 뭐든 다 해주는 사랑꾼이야
쿵 쿵 떨리게 안아줄게
힘든 일이 있을 땐 한걸음에 달려가
불끈불끈 힘이 돼줄게
언제 어디서든 잠시 기대고 싶을 땐
내가 너의 어깨가 되어줄게
가슴이 막 터질 만큼 사랑스러워
항상 너의 편이 되어 살아갈 거야
꾼 꾼 당신을 위한 사랑꾼이야
당신밖에 모르는 사람
꾼 꾼 뭐든 다 해주는 사랑꾼이야
쿵 쿵 떨리게 안아줄게
꾼 꾼 난 당신의 사랑꾼"
남자들은 날 가만 안나둬,50,최향,"도도한 게 죄라면은 죄겠지
그렇다고 너무 그리 쫄지말어
산전수전 다 겪고 훈장 단
연애 대학 박사님을
자존심 상하도록 싱겁게
가지려고 하면 되니
(왜들 이래)
남자들은 날 가만히 안나둬
남자들은 날 가만히 안나둬
내 정신을 혼미하게 만들려면
새벽까지 줄기차게 달려야지
산전수전 다 겪고 훈장 단
연애 대학 박사님을
자존심 상하도록 싱겁게
가지려고 하면 되니
(왜들 이래)
남자들은 날 가만히 안나둬
남자들은 날 가만히 안나둬
남자들은 날 가만히 안나둬

잘생긴 게 죄니
섹시한 게 죄니
산으로 갈까 강으로 갈까
너 한번 당해보라고
살아버릴까 애 좀 먹여줄까
기특한 선물하나 받아들고
도둑키스 한방에 무너질
(아마추언줄 아니?)
산전수전 다 겪고 훈장 단
연애 대학 박사님을
자존심 상하도록 싱겁게
가지려고 하면 되니
남자들은 날 가만히 안나둬
남자들은 날 가만히 안나둬
남자들은 날 가만히 안나둬
남자들은 날 가만히 안나둬
남자들은"
솔개,578,이태원,"솔개







우리는 말 안하고 살 수가 없나



날으는 솔개처럼

소리없이 날아가는 하늘속에



마음은 가득 차고

푸른 하늘 높이 구름 속에 살아와



수많은 질문과 대답 속에



지쳐버린 나의 부리여







스치고 지나가던 사람들이

어느덧 내게 다가와



헤아릴수없는 얘기 속에

나도 우리가 됐소



바로 그때 나를 보면서

날아 가버린 나의 솔개여



수많은 관계와 관계 속에

잃어버린 나의 얼굴아







*애드벨룬 같은 미래를 위해

오늘도 의미 있는 하루



준비하고 계획하는 사람 속에서

나도 움직이려나



머리 들어 하늘을 보면

아련한 솔개의 노래



수많은 농담과 진실 속에

멀어져간 나의 솔개여



수많은 농담과 진실 속에

멀어져간 나의 솔개여



멀어져간 나의 솔개여"
서울 대전 대구 부산,673,김혜연,"서울 대전 대구 부산 찍고
서울 대전 대구 부산 찍고
내 님은 어디에 있나
서울에 있나 대전에 있나
대구에 있나 부산에 있나
나 홀로 남겨두고 어데로 갔나
봄이 오면 돌아 온다던
그 사람인데
아무리 기다려도 소식이 없어
그리움에 눈물이 맺혀
어느새 글썽
그님을 만나러 서울 대전 대구
부산 찾아봤지만
아무데도 간 곳이 없더라
헛수고더라
나는 그만 주저앉아 울고 말았네
개성 해주 청진 평양 찍고
개성 해주 청진 평양 찍고
내 님은 어디에 있나
개성에 있나 해주에 있나
청진에 있나 평양에 있나
남북이 가로막혀 갈수가 없네
봄이되면 찾아온다던
그 사람인데
아무리 기다려도 소식이 없어
그리움에 눈물이 맺혀
어느새 글썽
그 님을 찾으러 개성 해주 청진
평양 가고싶지만
아무데도 갈수가 없더라
원통하구나
나는 그만 주저앉아 울고 말았네
그 님을 만나러 서울 전주 광주
목포 찾아봤지만
아무데도 간 곳이 없더라
헛수고더라
나는 그만 주저앉아 울고 말았네"
물처럼 바람처럼,526,박우철,"거짓도
꾸임도 없이
물처럼
살다 가리라
부드러운
눈빛으로
낮은 곳만
바라보면서
바람 같은 운명인 걸
왜 진작 몰랐을까
피할 수 없는 세월 앞에
한 조각 구름이지만
청춘아 젊음아
뛰지 말고
걸어가거라
더디 가도 세상은
말이 없는데
남은 인생 어디로 가든
후회 없이
살다 가리라
바람 같은 운명인 걸
왜 진작 몰랐을까
피할 수 없는 세월 앞에
한 조각 구름이지만
청춘아 젊음아
뛰지 말고
걸어가거라
더디 가도 세상은
말이 없는데
남은 인생 어디로 가든
후회 없이
살다 가리라
웃고 가리라"
가져가,681,최진희,"냉정하게 돌아섰잖아
잊어달라 말했었잖아
이제와서 그런 눈물 보이지 말아
이미 지난 사랑인데

이제는 나도 너를 잊겠어
내 상처를 모두 줄거야

가져 가져 가져가 모두 가져가
내 아픈 상처 모두 가져가 버려
추억속에 헤매이는 내가 미웠어
이제부터 시작이야

냉정하게 돌아섰잖아
내 눈물을 밟고 갔잖아
이제와서 그런 모습 가슴 아파도
이미 늦은 사랑인데

이제는 나도 너를 잊겠어
내 상처를 모두 줄거야
가져 가져 가져가 모두 가져가
내 아픈 상처 모두 가져가 버려

추억속에 헤매이는 내가 미웠어
이제부터 시작이야
이제는 나도 너를 잊겠어
내 상처를 모두 줄거야

가져 가져 가져가 모두 가져가
내 아픈 상처 모두 가져가 버려
추억속에 헤매이는 내가 미웠어
이제부터 시작이야 -"
첫사랑,"2,004",장윤정,"그대를 처음 본 순간
내 가슴 너무 떨렸어요

그때 이미 예감했죠
사랑에 빠질 것을

그대의 몸짓 그대의 미소
다정스런 그대 목소리

나 어떡해요 숨이 멎을것 같아
그대에게 빠져버렸어요
하루 온 종일 그대 생각 뿐이죠
내일 역시도 그리 보낼꺼예요
손 내밀어 잡아주세요
이런 내 사랑 받아 주세요

그대의 몸짓 그대의 미소
다정스런 그대 목소리

나 어떡해요 숨이 멎을것 같아
그대에게 빠져버렸어요
하루 온 종일 그대 생각 뿐이죠
내일 역시도 그리 보낼꺼예요
손 내밀어 잡아주세요
이런 내 사랑 받아 주세요
이런 내 사랑 받아 주세요"
사랑의 재개발 2,"9,902",유산슬,"싹 다 갈아엎어 주세요
머리부터 발끝까지
나비 하나 날지 않던 나의 가슴을
그대 이름으로 덮어버려요
싹 다 갈아엎어 주세요
그대 맘에 들 때까지
바람 밖에 불지 않던 나의 가슴에
재개발을 해 주세요
내 맘을 그냥 두지 말아요
금싸라기 같은 내 맘을
그대 맘을 심으면
뭐든 피어나 팥도 콩도 날 텐데
내 맘에 전철역을 내줘요
그대만이 내릴 수 있는
허허벌판이던 나의 가슴에
비가 내려요
싹 다 갈아엎어 주세요
머리부터 발끝까지
나비 하나 날지 않던 나의 가슴을
그대 이름으로 덮어버려요
싹 다 갈아엎어 주세요
그대 맘에 들 때까지
바람 밖에 불지 않던 나의 가슴에
재개발을 해주세요
내 맘에 박자를 좀 넣어줘요
쿵하면 딱을 할게요
주인 없는 내 맘에
도장을 찍어 불려줄게요
싹 다 갈아엎어 주세요
머리부터 발끝까지
나비 하나 날지 않던 나의 가슴을
그대 이름으로 덮어버려요
싹 다 갈아엎어 주세요
그대 맘에 들 때까지
바람 밖에 불지 않던 나의 가슴에
재개발을 해주세요"
꿈의 대화,"3,625",정수라,"땅거미 내려 앉아 어두운 거리에
가만히 너에게 나의 꿈 들려주네
헤이 헤이 헤이 헤이 헤이
헤이 헤이 헤이 헤이 헤이
헤이 헤이 헤이 헤이 헤이
너의 마음 나를 주고 나의 그것
너 받으니 우리의 세상을 둘이서 만들자
아침엔 꽃이 피고 밤엔 눈이 온다
들판에 산 위에 따뜻한 꽃눈이
내가 제일 좋아하는 석양이 질 때면
내가 제일 좋아하는 언덕에 올라
나지막이 소리 맞춰 노래를 부르자
작은 손 마주 잡고 지는 해 바라보자
헤이 헤이 헤이 헤이 헤이
헤이 헤이 헤이 헤이 헤이
헤이 헤이 헤이 헤이 헤이
헤이 헤이 헤이 헤이 헤이
조용한 호숫가에 아무도 없는 곳에
우리의 나무집을 둘이서 짓는다
흰 눈이 온 세상을 깨끗이 덮으면
작은 불 피워놓고 사랑을 하리라
내가 제일 좋아하는 별들이 불 밝히면
내가 제일 좋아하는 창가에 마주 앉아
따뜻이 서로에 빈 곳을 채우리
내 눈에 반짝이는 별빛을 헤리라
외로움이 없단다 우리들의 꿈 속엔
서러움도 없어라 너와 나의 눈빛엔
마음 깊은 곳에서 우리 함께 나누자
너와 나 나만의 꿈의 대화를
외로움이 없단다 우리들의 꿈 속엔
서러움도 없어라 너와 나의 눈빛엔
마음 깊은 곳에서 우리 함께 나누자
너와 나 너와 나
너와 나 나만의 꿈의 대화를
헤이 헤이 헤이 헤이 헤이
헤이 헤이 헤이 헤이 헤이
헤이 헤이 헤이 헤이 헤이
헤이 헤이 헤이 헤이 헤이
헤이 헤이 헤이 헤이 헤이"
애모,876,은가은,"그대 가슴에 얼굴을 묻고
오늘은 울고 싶어라
세월의 강 넘어 우리 사랑은
눈물 속에 흔들리는데
얼만큼 나 더 살아야
그대를 잊을 수 있나
한 마디 말이 모자라서
다가설 수 없는 사람아
그대 앞에만 서면
나는 왜 작아지는가
그대 등 뒤에 서면
내 눈은 젖어드는데
사랑 때문에 침묵해야 할
나는 당신의 여자
그리고 추억이 있는 한
당신은 나의 남자여
그대 앞에만 서면
나는 왜 작아지는가
그대 등 뒤에 서면
내 눈은 젖어 드는데
사랑 때문에 침묵해야 할
나는 당신의 여자
그리고 추억이 있는 한
당신은 나의 남자여
당신은 나의 남자여"
밀어 밀어,"11,890",임영웅,"밀어 밀어 사랑으로
가슴의 멍든 때를
당신 가슴의 멍든 때까지
사랑으로 밀어 줄게요
힘없으면 무시하고
백 있으면 사랑 받고
참새마저 무시하는
허수아비 같은 세상
머리에서 발끝까지
사랑으로 밀어 밀어
넌 위에서 난 아래서
사랑으로 밀어 밀어
밀어 밀어 사랑으로
마음의 때를 밀어
구석구석 찌든 때까지
내가 당신 밀어 줄게요
밀어 밀어 사랑으로
가슴의 멍든 때를
당신 가슴의 멍든 때까지
사랑으로 밀어 줄게요
힘없으면 무시하고
백 있으면 사랑 받고
참새마저 무시하는
허수아비 같은 세상
머리에서 발끝까지
사랑으로 밀어 밀어
넌 위에서 난 아래서
사랑으로 밀어 밀어
밀어 밀어 사랑으로
마음의 때를 밀어
구석구석 찌든 때까지
내가 당신 밀어 줄게요
밀어 밀어 사랑으로
가슴의 멍든 때를
당신 가슴의 멍든 때까지
사랑으로 밀어 줄게요
밀어 밀어 사랑으로
마음의 때를 밀어
구석구석 찌든 때까지
내가 당신 밀어 줄게요
밀어 밀어 사랑으로
가슴의 멍든 때를
당신 가슴의 멍든 때까지
사랑으로 밀어 줄게요"
보약같은 친구,"1,046",진해성,"아침에 눈을 뜨면
제일 먼저 생각나는
자네는 좋은 친구야
피 한 방울 섞이지 않은
우리 두 사람
전생에 인연일 거야
자식보다 자네가 좋고
돈보다 자네가 좋아
자네와 난 보약 같은 친구야
아 사는 날까지
같이 가세 보약 같은 친구야
사랑도 해봤고 이별도 해봤지
사는 거 별거 없더라
언제 갈지 모르는 인생 우리 둘이서
웃으며 살아가 보자
자식보다 자네가 좋고
돈보다 자네가 좋아
자네와 난 보약 같은 친구야
아 사는 날까지
같이 가세 보약 같은 친구야
자식보다 자네가 좋고
돈보다 자네가 좋아
자네와 난 보약 같은 친구야
아 사는 날까지
같이 가세 보약 같은 친구야
같이 가세 보약 같은 친구야"
메밀꽃 필 무렵 (Piano Ver.),"9,484",이찬원,"내가 얼마나 외롭게 했는지
꿈에 한 번 나오지 않아
비 내린 강가에 연어 떼처럼
돌이킬 수 없는 내 사랑
내가 얼마나 힘들게 했는지
그대 울던 모습만 남아
소란한 밤사이 별똥별처럼
내 마음에 콕 박힌 당신
새끼손가락 걸고 영원을 약속했던
내 사랑은 지금 어디에
슬픈 초승달이 기울면
하얀 메밀 꽃길 따라서
그댈 찾아 떠나가겠소
처음 가는 세상 나 길 잃을지 모르니
그대가 꼭 마중 나와주오
그대 떠나던 그 날의 아침은
귀뚜라미마저 조용해
떠나는 발소리 하나 없었던
마지막 내 당신의 모습
새끼손가락 걸고 영원을 약속했던
내 사랑은 지금 어디에
슬픈 초승달이 기울면
하얀 메밀 꽃길 따라서
그댈 찾아 떠나가겠소
처음 가는 세상 나 길 잃을지 모르니
그대가 꼭 마중 나와주오
그대가 꼭 마중 나와주오"
밤열차,735,안성훈,"뜨거운 눈물 흘려야 하는 사랑
빈 가슴 부여잡고 차창에 기대어
밤이슬 내리는 창밖을 보며
아쉬움에 자꾸만 뒤돌아보는데
기적소리 울음소리
나를 나를 나를 울리네
이제 가면 못 볼 사랑
보고플 사랑
다시 오면 안 됩니까 말을 해줘요
밤 열차는 미련 없이 떠나가는데
밤 열차는 미련 없이 떠나가는데"
추억으로 가는 당신,321,공훈,"나는 알아요 당신이 나를
얼마나 사랑하는지
내가 없으면 외로움 속에
조용히 흐느낄 그 사람
떠나야할 까닭일랑 묻지 말아요
내가 너무 바보였어요
모든 것이 세월 속에 지워질 때면
그땐 내 맘 알게 될 거야
너무도 사랑한 당신
영원히 못 잊을 당신
추억으로 가는 당신
나는 알아요 당신을 떠날
그날이 내게 온 것을
내가 없으면 외로움 속에
조용히 흐느낄 그 사람
진정 그대 사랑이 필요한 것은
내가 아닌 또 다른 사람
모든 것이 눈물 속에 지워질 때면
그땐 내 맘 알게 될 거야
너무도 사랑한 당신
영원히 못 잊을 당신
추억으로 가는 당신
떠나야할 까닭일랑 묻지 말아요
내가 너무 바보였어요
모든 것이 세월 속에
지워질 때면
그땐 내 맘 알게 될 거야
너무도 사랑한 당신
영원히 못 잊을 당신
추억으로 가는 당신
추억으로 가는 당신"
남자는 말합니다,783,진욱,"여행 갑시다 나의 여자여
하나 뿐인 나의 여자여
상처투성이 병이 들어 버린 당신
여행가서 낫게 하리다
나란 사람 하나만 믿고
같이 살아온
바보 같이 착한 사람아
남자는 말합니다
고맙구요 감사해요
오직 나만 아는 사람아
안아 봅시다 나의 여자여
하나 뿐인 나의 여자여
고운 얼굴에 쓰여진
슬픈 이야기
오늘 밤에 지워 봅시다
나란 사람 하나만 믿고
같이 살아온
바보 같이 착한 사람아
남자는 말합니다
고맙구요 감사해요
오직 나만 아는 사람아
나란 사람 하나만 믿고
같이 살아온
바보 같이 착한 사람아
남자는 말합니다
고맙구요 감사해요
오직 나만 아는 사람아
오로지 나만 아는 사람아"
나는 야구광,326,김중연,"1번 타자 나온다 시작이다
마운드의 싸움은
투수가 공을 움켜줬다 타자를 노려본다
어이없이 홈런을 주면 안 돼 사구도 안돼
눈도 뜨지 않고 고개 들어
사인 보며 끄떡끄떡
이제부터다 마지막 승부는 9회말
끝까지 마음을 놓지 마라
혼신을 다해서
투구 투구하는 멋진 투수
도루 도루 도루 도루 도루다
놓치지 마라
직구가 아니다 변화구다
내 볼을 받아 봐라
수위타자 나온다 힘을 내라 홈런을 쳐라
타석에서 방망이를 들고 투수를 노려보네
상대에게 자신을 잃으면 안돼
병살타도 안돼
구경꾼들의 함성소리 마음 뺏겨서도 안돼
언제부턴가 야구의 묘미는 9회말
아직도 기회는 많이 있다
폼도 멋이 있게 달려달려
도루 도루 도루 도루 도루다
잡히지 마라
쳤다 하면 홈런이다
강타자 잡아 봐라
시합은 끝나고 정막이 찾아드는데
운동장에 서 있는 외로운 한 사람
아침부터 밤까지 연습 연습
기필코 다음엔 승리를 비는
나는 야구광
야구광"
춘자야,"2,001",박지현,"춘자야 보고 싶구나
그 옛날 선술집이 생각나구나
목포항 뱃머리에서
눈물짓던 춘자야
그 어느 하늘 아래 살고 있는지
이 밤도 네가 무척 보고 싶구나
나를 따라 천리만리
간다던 그 사람
어느덧 세월만 흘러갔구나
내 사랑 춘자야
꼭 한번 만나야 할
내 사랑 춘자야

춘자야 보고 싶구나
그 옛날 선술집이 생각나구나
부산항 뱃머리에서
눈물짓던 춘자야
지금은 어디에서 살고 있는지
오늘도 네가 무척 보고 싶구나
나 없이는 못 산다고
매달리던 사람
어느덧 세월만 흘러갔구나
내 사랑 춘자야
꼭 한번 만나야 할
내 사랑 춘자야
어느덧 세월만 흘러갔구나
내 사랑 춘자야
꼭 한번 만나야 할
내 사랑 춘자야
그리운 춘자야"
열아홉 순정,"2,068",박서진,"보기만 하여도 울렁
생각만 하여도 울렁
수줍은 열아홉 살 움트는
첫사랑을 몰라주세요
세상에 그 누구도 다 모르게
내 가슴속에만 숨어있는
응 내 가슴에
응 숨어있는
장미꽃보다 더 붉은
열아홉 순정이래요
바람이 스쳐도 울렁
버들이 피어도 울렁
수줍은 열아홉 살 움트는
첫사랑을 몰라주세요
그대의 속삭임을 내 가슴에
가만히 남몰래 담아보는
음 내 가슴에
음 담아보는
진주 빛보다 더 고운
열아홉 순정이래요"
그냥가면 어쩌나,248,강혜연,"그냥가면 어쩌나
그냥가면 어쩌나
나를 두고 그냥가면 어쩌나
미운 정 고운 정 내 가슴에 남기고
그냥 가면 나는 어쩌나

당신 믿고 살아온 내가 바보야
이제 와서 누굴 원망해
아 얄밉게 떠난 사람
보고프면 나는 어쩌나
외로우면 나는 어쩌나
에라이 몹쓸 이 남자야


그냥가면 어쩌나
그냥가면 어쩌나
말도 없이 그냥가면 어쩌나
미운 정 고운 정 내 가슴에 남기고
그냥 가면 나는 어쩌나

당신 믿고 살아온 내가 바보야
이제 와서 누굴 원망해
아 얄밉게 떠난 사람
보고프면 나는 어쩌나
외로우면 나는 어쩌나
에라이 몹쓸 이 남자야

아 얄밉게 떠난 사람
보고프면 나는 어쩌나
외로우면 나는 어쩌나
에라이 몹쓸 이 남자야
에라이 몹쓸 이 남자야"
나를 살게 하는 사랑,"2,768",장민호,"바라보는것도 사랑
기다리는것도 사랑
그리움에 가슴이 저린것도
내겐 사랑입니다
계절이 오듯이 그래
매일 숨쉬듯이 그래
이유없이 시작한 이마음은
그래 사랑입니다
나를 살게하는 사랑
아무 이유없는 사랑
거기에 있어요
멀어지지마요
내가 아파할게요
계절이 오듯이 그래
매일 숨쉬듯이 그래
이유없이 시작한 이마음은
그래 사랑입니다
나를 살게하는 사랑
아무 이유없는 사랑
거기에 있어요
멀어지지마요
내가 아파할게요
나를 살게하는 사랑
아무 이유없는 사랑
거기에 있어요
멀어지지마요
내가 아파할게요"
낭만에 대하여,937,최백호,"궂은 비 내리는 날
그야말로 옛날식 다방에 앉아
도라지 위스키 한 잔에다
짙은 색스폰 소릴 들어보렴
새빨간 립스틱에
나름대로 멋을 부린 마담에게
실없이 던지는 농담사이로
짙은 색스폰 소릴 들어보렴
이제와 새삼 이 나이에
실연의 달콤함이야 있겠냐마는
왠지 한 곳이 비어 있는 내 가슴이
잃어버린 것에 대하여

밤 늦은 항구에서
그야말로 연락선 선창가에서
돌아올 사람은 없을지라도
슬픈 뱃고동 소릴 들어보렴
첫사랑 그 소녀는
어디에서 나처럼 늙어갈까
가 버린 세월이 서글퍼지는
슬픈 뱃고동 소릴 들어보렴
이제와 새삼 이 나이에
청춘의 미련이야 있겠냐마는
왠지 한 곳이 비어 있는 내 가슴에
다시 못 올 곳에 대하여
낭만에 대하여"
카페에서,593,최진희,"나 혼자 이렇게
앉아 있어도
그 사람 오지 않네
이곳에 와서
만난 그 사람
지금은 왜 못오시나
희미한 불빛 카페에서
남은 술~잔~에
던져버린 나의 모습
바라보는 너기에
잊을 수 없어 아~
그 추억
아~ 그 순~간
사랑의 미련이어라

못잊어 이렇게
찾아 헤매도
그 사람 소식 몰라
나 항상 너를
생각 하지만
네 모습 보이지 않네
희미한 불빛 카페에서
남은 술~잔~에
나의 발길 묶어 놓고
떠나버린 너지만
지울 수 없어 아~
오늘도
아~ 내일~도
사랑은 추억이어라"
섬마을 선생님 (디스코),195,이미자,"해~당화 피고지는~ 섬마을에~

철새따라 찾아온 총각 선생님

19살 섬색시가 순정을 바쳐

사랑한 그이름은 총각 선생님

서울~엘랑 가지를 마오 가~지 마오



구~름도 쫓겨가는~ 섬마을에~

무엇하러 왔는가 총각 선생님

그리움이 별~처럼 쌓이는 바닷가에

심름을 달래보는 총각 선생님

서울~엘랑 가지를 마오 떠나지 마오"
여자의 일생,"7,405",영탁,"참을 수가 없도록 이 가슴이 아파도
여자이기 때문에 말 한마디 못하고
헤아릴 수 없는 설움 혼자 지닌 채
고달픈 인생길을 허덕이면서
아아 참아야 한다기에
눈물로 보냅니다
여자의 일생
여자의 일생"
희나리,"16,186",김호중,"사랑함에 세심했던 나의 마음은
그렇게도 그대에겐 구속이었소
믿지못해 그런 것이 아니었는데
어쩌다가 헤어지는 이유가 됐소
내게 무슨 마음의 병 있는 것처럼
느낄 만큼 알 수 없는 사람이 되어
그대 외려 나를 점점 믿지 못하고
왠지 나를 그런 쪽에 가깝게 했소
나의 잘못이라면 그대를 위한
내 마음의 전부를 준 것뿐인데
죄인처럼 그대 곁에 가지 못하고
남이 아닌 남이 되어 버린 지금에
기다릴 수밖에 없는 나의 마음은
퇴색하기 싫어하는 희나리 같소
내게 무슨 마음의 병 있는 것처럼
느낄 만큼 알 수 없는 사람이 되어
그대 외려 나를 점점 믿지 못하고
왠지 나를 그런 쪽에 가깝게 했소
나의 잘못이라면 그대를 위한
내 마음의 전부를 준 것뿐인데
죄인처럼 그대 곁에 가지 못하고
남이 아닌 남이 되어 버린 지금에
기다릴 수밖에 없는 나의 마음은
퇴색하기 싫어하는 희나리 같소
퇴색하기 싫어하는 희나리 같소"
잘못된 만남,"21,747",임영웅,"난 너를 믿었던 만큼
난 내 친구도 믿었기에
난 아무런 부담없이 널
내 친구에게 소개 시켜줬고
그런 만남이 있은 후로부터
우리는 자주 함께 만나며
즐거운 시간을 보내며
함께 어울렸던 것뿐인데
그런 만남이 어디부터
잘못됐는지
난 알 수 없는 예감에
조금씩 빠져들고 있을때쯤
넌 나보다
내 친구에게 관심을 더 보이며
날 조금씩 멀리하던
그 어느날
너와 내가 심하게 다툰
그날 이후로
너와 내 친구는 연락도 없고
날 피하는 것 같아
그제서야 난 느낀거야
모든것이 잘못돼 있는걸
너와 내 친구는
어느새 다정한 연인이 돼있었지
있을 수 없는 일이라며
난 울었어
내 사랑과 우정을 모두
버려야 했기에
또다른 내 친구는 내 어깰
두드리며
잊어버리라 했지만 잊지
못할것 같아"
잘 될 거야,"4,868",다섯장,"저 푸른 바다로
훌쩍 떠나볼까 와아
하얀 파도 타고 타고 타고 타고
근심 걱정 잊고
시원한 밤바다
훌쩍 떠나볼까 와아
등댓불 반짝반짝 반짝반짝
모두 다 함께
세상이 우리를 힘들게 하여도
이 또한 지나간다 믿어보자
하나 둘 셋 호우
Hello Hello Hello
잘 될 거야
걱정하지 말아요 걱정하지 마
Hello Hello Hello
잘 될 거야
우리 함께 힘내요 힘내세요
저 푸른 들판을
힘껏 달리고파 와아
하얀 구름 타고 타고 타고 타고
근심 걱정 잊고
시원한 밤바람
힘껏 달리고파 와아
별들도 반짝반짝 반짝반짝
모두 다 함께
세상이 우리를 힘들게 하여도
이 또한 지나간다 믿어보자
하나 둘 셋 호우
Hello Hello Hello
잘 될 거야
걱정하지 말아요 걱정하지 마
Hello Hello Hello
잘 될 거야
우리 함께 힘내요 힘내세요
우리 함께 힘내요 힘내세요"
당신이어서,485,안성훈,"가지 말아야 하는 길인데
오늘도 그 길을 걷네요
그리워 말아야 하는데
그리움 당신이어서
한 사람 사랑하는 게
이렇게 힘이 드네요
사랑에 눈이 먼 미련한 사랑
아파도 울지 못하고
사랑하지 말아야 하는데
사랑해 버렸네
아파도 아파도 말 못 합니다
그 사랑 당신이어서

한 사람 사랑하는 게
이렇게 힘이 드네요
사랑에 눈이 먼 미련한 사랑
아파도 울지 못하고
사랑하지 말아야 하는데
사랑해 버렸네
아파도 아파도 말 못 합니다
그 사랑 당신이어서
그 사랑 당신이어서"
망모(亡母),313,나훈아,"울 엄마는 열아홉 살 때
울 아부지 잘못 만나
생선장사 꽈배기장사
안 해본 게 없었고
내가 초등학교 삼학년 때에
몹쓸 병에 시달리시다
한도 많고 꿈도 많았던
이 세상을 뜨셨네
우리엄마 상여 나갈 때
동네 사람들 내게 했던 말
야 이놈아 야 이 자 슥 아
이제 그만 울 거라
너그 엄마는 맘이 고와서
틀림없이 천당 갔다
멀고 먼 길 편히 가시게
이젠 그만 울 거라
어이여 허 어 어이여 어 어어 어
어이여 허 어 어이여 어 어어 어
울 아부지 술에 취해
이리 비틀 저리 비틀
지난 과거가 찔리셨는지
아무 말도 못하고
뒷산 중머리 돌아 설제
갑작 시리 소낙비가
헝크러진 내 머리 위로
후 둑 후 둑 떨어지고
어이여 허 어 어이여 어 어어 어
어이여 허 어 어이여 어 어어 어"
비에 젖은 터미널,307,주현미,"밤 비가 하염 없이 내리는
비에 젖은 터미널
인적도 끊어지고
밤 바람도 차가운데
기다리는 그 사람은
오지를 않고
어이해서 내 마음을
울려주는가
아 당신은 무정한 사람
내 마음을 울리는 사람
가로등 비에 젖어
애절히 흐느끼는 터미널
초라한 내 모습이
너무나도 가엾구나
어젯밤도 오늘밤도 기다렸건만
어이해서 내마음을 몰라주는가
아 아 당신은 무정한 사람
내 마음을 울리는 사람"
운명같은 여인,413,조규철,"갈색머리가 너무나 잘 어울리는
그런 여인을 만난건 행운이였어
밤 늦은카페 달콤한 음악속에서
사랑을 나눠 마셨다

하늘이 허락한 우리의 사랑이라면
질투따윈 나는 두렵지않아
때로는 서로의 양보가 필요한후에
사랑할땐 완성되니까

먼훗날 돌아보며 우리들의
선택을 후회 할수는없어
사랑하고 미워하며 깊어가는
그 정에 인생을 건다

누굴만나 사랑해도 지금처럼
행복할까 운명같은 여인
사랑을 그대 가슴에

갈색 립스틱 촉촉히 젖은 입술로
웃는모습이 너무나 아름다웠어
밤깊은 거리 희미한 불빛속에서
사랑을 태워 마셨다

하늘이 허락한 우리의 사랑이라면
질투따윈 나는 두렵지않아
때로는 서로의 양보가 필요한 후에
사랑은 그때 완성되니까

먼훗날 돌아보며 우리들의
선택을 후회할수는 없어
사랑하고 미워하며 깊어가는
그 정에 인생을 건다

누굴만나 사랑해도 지금처럼
행복할까 운명같은 여인
사랑을 그대 가슴에 -"
님 떠나가네,429,김범룡,"아무말도 하지않고
돌아서서 울고 있네 그대

이제 내게 말을 하네
떠난다는 말을 하네 그대

울먹이는 그대 작은 목소리
애가 타는 나의작은 이마음
떠나면서 무슨눈물 흘리나
이내 슬픔 작은 이마음
나는 너무 그대 너무 사랑했어
그래도 그대자꾸 떠나가네
이내 슬픔 이제 어이 달래나
사랑하는 내님 떠나가네

울먹이는 그대 작은 목소리
애가 타는 나의작은 이마음
떠나면서 무슨눈물 흘리나
이내 슬픔 작은 이마음
나는 너무 그대 너무 사랑했어
그래도 그대자꾸 떠나가네
이내 슬픔 이제 어이 달래나
사랑하는 내님 떠나가네"
군산항아,230,철희,"바람에 날 리는 눈꽃 처럼
내사랑당 신은 날아가버렸 어요
군산 항에 울려 퍼 지는
뱃고동 소 리는
내마 음을 슬프게 하내 요
어제도 오 늘도
군산항부둣 가에
떠나간 그 님을 기 다 린다
군 산 항아 갈 매 기야
이내 마음 들리거든 그님에게
소식 좀 전해줄수 있겠니
바람에 날 리는 눈꽃 처럼
내사랑당 신은 날아가버렸 어요
군산 항에 울려 퍼 지는
뱃고동 소 리는
내마 음을 슬프게 하내 요
어제도 오 늘도
군산항부둣 가에
떠나간 그 님을 기 다 린다
군 산 항아 갈 매 기야
이내 마음 들리거든 그님에게
소식 좀 전해줄수 있겠니
어제도 오 늘도
군산항부둣 가에
떠나간 그 님을 기 다 린다
군 산 항아 갈 매 기야
이내 마음 들리거든 그님에게
소식 좀 전해줄수 있겠니
소식 좀 전해줄수 있 겠 니"
지푸라기,470,한혜진,"동남풍아 불어라 내님에게
나에게 잡히도록
지푸라기라도 잡고 싶은
그대의 맘을 잡고 싶네
붙잡아도 끊어질 듯한데
그래도 잡고 싶구나
비바람에 흔들려도
여전히 부러 지지 않는데
그대여 날 떠나지마
내 맘도 갈대처럼 약해
동남풍아 불어라 내님에게
나에게 잡히도록
비바람에 흔들려도
여전히 부러 지지 않는데
그대여 날 떠나지마
내 맘도 갈대처럼 약해
동남풍아 불어라 내님에게
나에게 잡히도록
사랑아 날 떠나지마
그대도 날 사랑하잖아
동남풍아 불어라 내님에게
나에게 잡히도록
나에게 잡히도록"
척하면 척,"1,473",강혜연,"사랑 다 줄 것처럼 해놓고
아무 말도 없는 너
내 마음을 흔들어 놨으면
제대로 말을 해야지
가끔은 눈치 없이 말해도
한번에 아는 사람
사랑이 떠나고 칭얼대도
후회는 늦을 뿐야
사랑을 톡 하고 놓아도
어디다 놓은지도 몰라
너 아직도 몰라주니
딱 보면 알아야지 척하면 척
그래 척하면 척하고 알아야지
한두번씩도 아니고
나의 모든걸 말하지 않아도
알 수 있는 그런 남자
그냥 척하면 척하고 알아야지
한번이라도 알아주오
사랑에 정답은 없어도
내 답은 알아줘요
척이야
척하면 척이라고 말해도
눈치도 없는 네 말
사랑이 떠나고 후회해도
돌아오지는 않아
사랑을 톡 하고 놓아도
어디다 놓은지도 몰라
너 아직도 몰라주니
딱 보면 알아야지 척하면 척
그래 척하면 척하고 알아야지
한두번씩도 아니고
나의 모든 걸 말하지 않아도
알 수 있는 그런 남자
그냥 척하면 척하고 알아야지
한번이라도 알아주오
사랑에 정답은 없어도
내 답은 알아줘요
갈대 같은 여자 마음에
바람을 불지 말아줘요
흔들리는 내 맘
당신만은 알아주오
척하면 척
그래 척하면 척하고 알아야지
한두번씩도 아니고
나의 모든 걸 말하지 않아도
알 수 있는 그런 남자
그냥 척하면 척하고 알아야지
한번이라도 알아주오
사랑에 정답은 없어도
내 답은 알아줘요
척이야"
할아버지 색소폰 (Saxophone by 정동원),"7,129",정동원,"안녕 안녕 안녕하세요
오늘도 내 걱정하시나요
안녕 안녕 안녕하세요
난 잘 지내고 있어요
빛바랜 반짝임을 바라볼 때면
그 마음 아련하게 떠오릅니다
아아
낡은 색소폰 소리
보고 싶다는 소리
아아아 아아
불어봅니다
소리 내어 불어봅니다
그리운 당신 위해 불어봅니다
소리 내어 불어봅니다
힘들 때 우두커니 바라볼 때면
따뜻한 그 사랑이 느껴집니다
아아
낡은 색소폰 소리
보고 싶다는 소리
아아아 아아
불어봅니다
소리 내어 불어봅니다
그리운 당신 위해 불어봅니다
소리 내어 불어봅니다
안녕 안녕 안녕하세요"
미스 고,162,강혜연,"미스고 미스고
나는 너를 사랑했었다
짧은 순간 내 가슴에 머물다간
그 흔적 너무 크더라
시인처럼 사랑하고
시인처럼 스쳐간 너
계곡처럼 깊이 패인
그리움만 남긴 너
미스고 미스고
나는 나는 사랑의 삐에로
미스고 미스고
나는 너를 잊지 못했다
짧은 순간 내 가슴에 머물다간
그 흔적 너무 깊더라
시인처럼 사랑하고
시인처럼 가버린 너
계곡처럼 깊이 패인
그리움만 남긴 너
미스고 미스고
나는 나는 사랑의 삐에로"
이름없는 새,598,손현희,"나는 한마리 이름없는 새
새가 되어 살고 싶어라

아무도 살지 않는 곳
그곳에서 살고 싶어라
날 부르지 않는 곳
바로 그곳에서

나는 한마리
이름없는 새로 살리라
길고 기나긴 어둠 뚫고서
날아가리라 하늘끝까지

나는 한마리 이름없는 새
새가 되어 살고 싶어라

아무도 살지 않는 곳
그곳에서 살고 싶어라
날 부르지 않는 곳
바로 그곳에서

나는 한마리
이름없는 새로 살리라
길고 기나긴 어둠 뚫고서
날아가리라 하늘끝까지

나는 한마리 이름없는 새
새가 되어 살고 싶어라

나는 한마리 이름없는 새
새가 되어 살고 싶어라"
여러분,"1,026",윤복희,"네가 만약 괴로울때면
내가 위로해줄께
네가 만약 서러울때면
내가 눈물이 되리
어두운 밤 험한 길 걸을때
내가 내가 내가 너의 등불이 되리
허전하고 쓸쓸할때
내가 너의 벗 되리라
나는 너의 영원한 형제야
나는 너의 친구야
나는 너의 영원한 노래야
나는 나는 나는 나는
너의 기쁨이야
네가 만약 외로울때면
내가 친구가 될게
네가 만약 기쁠때면
내가 웃음이 되리
어두운 밤 험한 길 걸을때
내가 내가 내가 너의 등불이 되리
허전하고 쓸쓸할때
내가 너의 벗 되리라
나는 너의 영원한 형제야
나는 너의 친구야
나는 너의 영원한 노래야
나는 나는 나는 나는 너의 기쁨이야
나는 너의 영원한 형제야
나는 너의 친구야
나는 너의 영원한 노래야
나는 나는 나는 나는 너의 기쁨이야
나는 너의
만약 내가 외로울 때면
누가 나를 위로해주지 여러분"
개여울,"1,071",심수봉,"당신은 무슨일로 그리합니까

홀로히 개여울에 주저앉아서

파릇한 풀포기가 돋아 나오고

잔물이 봄바람에 헤적일 때에

가도 아주 가지는 않노라시던

그런 약속이 있었겠지요

날마다 개여울에 나와 앉아서

하염없이 무엇을 생각합니다

가도 아주 가지는 않노라심은

굳이 잊지 말라는 부탁인지요

가도 아주 가지는 않노라시던

그런 약속이 있었겠지요

날마다 개여울에 나와 앉아서

하염없이 무엇을 생각합니다

가도 아주 가지는 않노라심은

굳이 잊지 말라는 부탁인지요"
백야,"1,402",홍자,"하얗게 하얗게
님 그리다가
까맣게 까맣게
세월만 보냈소
지우고 지우고 지웠다가
또 다시 그린 얼굴
산등성 위에 해 지면
어두워 못 오시나
동녘에 해 뜨면
님 오시려나
까맣게 까맣게
애 태우다가
하얗게 하얗게
머리만 희었소
지우고 지우고 지웠다가
또 다시 그린 얼굴
산등성 위에 해 지면
어두워 못 오시나
동녘에 해 뜨면
님 오시려나"
돌아가는 삼각지,928,류지광,"삼각지 로타리에 궂은비는 오는데
잃어버린 그 사랑을 아쉬워 하며
비에 젖어 한 숨 짓는
외로운 사나이가
서글피 찾아왔다 울고가는 삼각지
삼각지 로타리를 헤매 도는 이 발길
떠나버린 그 사랑을 그리워 하며
눈물 젖어 불러 보는
외로운 사나이가
남 몰래 찾아왔다 돌아가는 삼각지"
사랑의 재개발,"2,455",신인선,"싹 다
싹 다 갈아 엎어주세요
머리부터 발끝까지
모조리 싹 다
싹 다 갈아 엎어주세요
나비 하나 날지 않던 나의 가슴에
재개발해주세요
내 맘을 그냥 두지 말아줘요
금싸라기 같은 내 맘을
내 맘에 전철역을 내려줘요
그대만이 내릴 수 있는
오 오 그대 맘을 심으면 뭐든 피어나
팥도 나고 콩도 날 텐데
모조리 싹 다 갈아엎어주세요
머리부터 발끝까지
모조리 싹 다
싹 다 갈아 엎어주세요
나비 하나 날지 않던 나의 가슴에
재개발해주세요
그대 맘을 심으면 뭐든 피어나
팥도 나고 콩도 날 텐데
모조리 싹 다
모조리 싹 다
갈아 엎어주세요
머리부터 발끝까지
모조리 싹 다
싹 다 갈아 엎어주세요
나비 하나 날지 않던 나의 가슴에
싹 다
싹 다
싹 다
재개발해 주세요"
노래하며 춤추며,"2,163",김수찬,"사랑하는 사람들
모두 함께 모여서
흥겨웁게 춤을 춥시다
괴로운 일 슬픈 일
모두 잊어버리고
이 순간을 노래 불러요
오고가는 눈빛속에
사랑이 넘치고
그대와 같이 느껴보는
행복한 기분
지난 일은
생각을 말고
춤을 추어요 워
사랑하는 연인들
서로 마주 보면서
흥겨웁게 춤을 춥시다
괴로운 일 슬픈 일
모두 잊어버리고
이 순간을 노래 불러요
오고가는 눈빛속에
사랑이 넘치고
그대와 같이 느껴보는
행복한 기분
지난 일은
생각을 말고
춤을 추어요 워
사랑하는 사람들
모두 함께 모여서
흥겨웁게 춤을 춥시다
괴로운 일 슬픈 일
모두 잊어버리고
이 순간을 노래 불러요
이 순간을 노래 불러요
이 순간을
노래 불러요"
세월강,376,성민지,"세상을 다 가져 갈 끼가
천만년을 살 끼가
그냥저냥 살다가 가면 되지
오라 하면 가면 되지
어차피 인생은 세월강에
흘러가는 꽃잎이 아니냐
한 계절 자랑하다가
때가 되면 지고 마는 꽃
징 징 울지말자 허허 웃어보자
사철 벗은 바람처럼 살자
어차피 인생은 세월강에
흘러가는 꽃잎이 아니냐
한 계절 자랑하다가
때가 되면 지고 마는 꽃
징 징 울지말자 허허 웃어보자
사철 벗은 바람처럼 살자"
아름다운 나라,993,김다현,"저 산자락에 긴 노을 지면
걸음 걸음도 살며시
달님이 오시네
밤 달빛에도 참 어여뻐라
골목 골목 선 담장은
달빛을 반기네
겨울 눈꽃이 오롯이 앉으면
그 포근한 흰 빛이
센 바람도 재우니
참 아름다운 많은 꿈이 있는
이 땅에 태어나서
행복한 내가 아니냐
큰 바다 있고 푸른 하늘 가진
이 땅 위에 사는 나는
행복한 사람 아니냐
큰 추위도 견뎌낸 나무의 뿌리가
봄 그리운 맘으로 푸르다
푸르게 더 푸르게
수 만 잎을 피워내
한 줄기로 하늘까지 뻗어라
참 아름다운 많은 꿈이 있는
이 땅에 태어나서
행복한 내가 아니냐
큰 바다 있고 푸른 하늘 가진
이 땅 위에 사는 나는
행복한 사람 아니냐
아름다운 나라"
돌팔매,285,공훈,"누구야 누가 또 생각 없이
돌을 던지느냐
무심코 당신은 던졌다지만
내 가슴은 멍이 들었네
당신이 내 인생에 무엇이길래
당신이 내 앞길에 무엇이길래
단 한번 돌팔매로
단 한번 돌팔매로 병들게 하나
누구야 서러운 내 가슴을
울리는 사람
누구야 누가 또 할 일 없이
돌을 던지느냐
모르고 당신은 던졌다지만
내 가슴은 상처가 깊어
당신은 내 인생의 방관자면서
당신은 내 인생의 제삼자면서
무심한 돌팔매로
무심한 돌팔매로 병들게 하나
누구야 서러운 내 가슴을
울리는 사람"
고마운 사랑아,235,남승민,"눈부시게 빛나던 당신
내 맘을 촉촉이 적시고
굽이굽이 살아온 세월
함께한 고마운 사랑아

당신과 함께 걷는 길
사랑의 노랠 부르리오
내게 기대어 고마운 단 한사람
당신만이 영원한 사랑

한결같이 어여쁜 당신
내 안에 채워진 당신의
사랑 향기 꽃을 피우리
둘도 없는 나의 사랑아

당신과 남은 여정길
기쁨의 노랠 부르리오
모든 날들을 아껴줄 단 한사람
당신만이 고마운 사랑

당신과 함께 걷는 길
사랑의 노랠 부르리오
내게 기대어 소중한 단 한사람
당신만이 영원한 사랑

당신만이 고마운 사랑"
송인,73,송민경,"바람에 날리는 저 꽃잎보며
동그라미 그려보다가
오늘 밤 꿈 속에 나를 찾을까
시린 가슴만 애태우죠
바람아 바람아 닿을 수 없는
그 길 따라가다
고달픈 걸음에 눈물 고이면
몰래 나 대신 훔쳐다오
옷깃에 가려진 저 달빛처럼
기약 없이 기다리다가
밤 새워 흐르는 눈물조차
행여 짐 될까 감추었죠
바람아 바람아 닿을 수 없는
그 길 따라가다
고달픈 걸음에 눈물 고이면
몰래 나 대신 훔쳐다오
바람아 바람아 닿을 수 없는
그 길 따라가다
고달픈 걸음에 눈물 고이면
몰래 나 대신 훔쳐다오
이 마음 전해다오"
야화,345,사랑의 하모니,"별빛을 살라먹고
별빛을 살라먹고
그 향기 그 힘으로
밤에 피는 너는 야화
무량한 너의 기도
내맘을 달래주고
화사한 너의 웃음
가슴에 남았는데
난 이제 어디로 가나
난 이제 어디로 가나
바람이 부는대로
오늘도 흩날리며
끝없이 기다리는
밤에 피는 너는 야화
우우우 우우우 우우우 우우
우우우 우우우 우우우 우
우우우 우우우 우우우 우
무량한 너의 기도
내맘을 달래주고
화사한 너의 웃음
가슴에 남았는데
난 이제 어디로 가나
난 이제 어디로 가나
바람이 부는대로
오늘도 흩날리며
끝없이 기다리는
밤에 피는 너는 야화
우우우 우우우 우우우 우우
우우우 우우우 우우우 우
우우우 우우우 우우우 우
우우우 우우우 우우우 우우
우우우 우우우 우우우 우"
그대발길 머무는 곳에,"1,679",조용필,"그대 발길이 머무는 곳에
숨결이 느껴진 곳에
내 마음 머물게 하여 주오
그대 긴 밤을 지샌 별처럼
사랑의 그림자되어
그 곁에 살리라
아아 내 곁에 있는 모든 것들이
정녕 기쁨이 되게 하여 주오
그리고 사랑의 그림자되어
끝없이 머물게 하여주오
한순간 스쳐가는 그 세월을
내 곁에 머물도록 하여주오
꿈이 꿈으로 끝나지 않을
사랑은 영원히 남아
언제나 내 곁에
아아 지금
내 곁에 있는 모든 것들이
정녕 기쁨이 되게 하여 주오
그리고 사랑의 그림자되어
끝없이 머물게 하여주오
한순간 스쳐가는 그 세월을
내 곁에 머물도록 하여주오
꿈이 꿈으로 끝나지 않을
사랑은 영원히 남아
언제나 내 곁에
그대 발길이 머무는 곳에
숨결이 느껴진 곳에
내 마음 머물게 하여주오
그대 긴 밤을 지샌 별처럼
사랑의 그림자되어
그 곁에 살리라"
아버지의 강,261,이태호,"아 저녁바람에 억새 울고
강 기슭에 물새 울면
어디선가 들려오는
아버지의 뱃노래
사랑 하나로 날 키우시고
뱃노래 불러 날 재우셨던
아 아버지 불러봐도 대답 없이
흐르는 저 강은
아버지의 강이여
저 강 건너 나룻터에
물새 한 마리 슬피 울면
강바람에 검게 타신
아버지가 그리워
사랑 하나로 날 키우시고
뱃노래 불러 날 재우셨던
아 아버지 불러봐도 대답 없이
흐르는 저 강은
아버지의 강이여"
비비각시 (New Ver.),195,서정아,"한번 맺은 인연을
어찌 저버릴까요
처음 느낌 그대로
내 가슴에 남아 있는데
우리둘의 만남은
우연이 아니예요
서로 간절히 원한
열망으로 이뤄진거죠
세상이 우리를 갈라 놓아도
난 비비각시 되어
이세상 끝나는
그 끝에서라도
당신을 기다릴테요
오로지 당신만이
내가 사는 이유입니다
영원히 영원히
우리둘의 만남은
우연이 아니예요
서로 간절히 원한
열망으로 이뤄진거죠
세상이 우리를 갈라 놓아도
난 비비각시 되어
이세상 끝나는
그 끝에서라도
당신을 기다릴테요
오로지 당신만이
내가사는 이유입니다
영원히 영원히
영원히 영원히"
그 다음은 나도 몰라요,613,주현미,"두번 다시 안 올 것 처럼
발걸음 뚝 끊더니
후회한다고 믿어달라고
두손 싹싹 비는당신
가라한 적 없어요 보낸 적도 없어요
용서할 맘도 사랑할 마음도 추호도 없지만
생각할 시간을 줘요
그 다음은 나도 몰라요

두번 다시 안 볼 것 처럼
전화도 안받더니
후회한다고 사랑한다고
눈물 글썽이는당신
가라한 적 없어요 보낸 적도 없어요
용서할 맘도 사랑할 마음도 추호도 없지만
생각할 시간을 줘요
그 다음은 나도 몰라요"
등불,609,영사운드,"그대 슬픈 밤에는 등불을 켜요
고요히 타오르는 장미의 눈물
하얀 외로움에 그대 불을 밝히고
회상의 먼바다에 그대 배를 띄워요
창가에 홀로？아 등불을 켜면
살며시 피어나는 무지개 추억

그대 슬픈 밤에는 등불을 켜요
정답게 피어나는 밀감빛 안개
황홀한 그리움에 그대 불을 밝히고
회상의 종소리를 그대 들어보아요
창가에 홀로앉아 등불을 켜면
조용히 들려오는 님의 목소리
님의 목소리 님의 목소리"
장녹수,"7,080",송가인,"가는 세월 바람 타고
흘러가는 저 구름아
수 많은 사연 담아
가는 곳이 어드메냐
구중 궁궐 처마 끝에
한 맻힌 매듭 엮어
눈물 강 건너서
높은 뜻 걸었더니
부귀도 영화도
구름 인양 간곳 없고
어이타 녹수는
청산에 홀로 우는가
한 조각 구름 따라
떠도는 저 달님아
한 많은 사연 담아
네 숨은곳 어드메냐
곤룡포 한 자락에
구곡 간장 애태우며
안개강 건너서
높은 뜻 기웠더니
부귀도 영화도
꿈 인양 간곳 없고
어이타 녹수는
청산에 홀로 우는가"
녹슬은 기찻길,786,신성,"휴전선 달빛 아래
녹슬은 기찻길
어이해서 피빛인가
말 좀 하렴아
전해다오 전해다오
고향 잃은 서러움을
녹슬은 기찻길아
어버이 정 그리워
우는 이 마음
대동강 한강물은
서해에서 만나
남과 북의 이야기를
주고 받는데
전해다오 전해다오
고향 잃은 서러움을
녹슬은 기찻길아
너처럼 내 마음도
울고 있단다"
사랑할 나이,"16,962",임영웅,"꺾어진 나이라고 무시하지 말아요
인생의 계급장은 늘어만 가고
온몸이 쑤시고 아파 와도
마음은 이팔청춘입니다
아
불꽃같은 사랑을 할래요
나는 아직 뜨겁답니다
나이야 가거라 숫자야 가거라
야속한 세월아 너 먼저 가거라
나 이제 사랑할 나이
꺾어진 나이라고 무시하지 말아요
인생의 계급장은 늘어만 가고
온몸이 쑤시고 아파 와도
마음은 이팔청춘입니다
아
불꽃같은 사랑을 할래요
나는 아직 뜨겁답니다
나이야 가거라 숫자야 가거라
야속한 세월아 너 먼저 가거라
나 이제 사랑할 나이
아
불꽃같은 사랑을 할래요
나는 아직 뜨겁답니다
나이야 가거라 숫자야 가거라
야속한 세월아 너 먼저 가거라
나 이제 사랑할 나이
내 나이 사랑할 나이"
바보같은 사나이,"13,741",임영웅,"사랑이 빗물되어 말없이 흘러내릴때
사나이는 울었다네 빗물도 울었다네
세월가면 잊어질까
세월아 말을 해다오
못잊어 못잊어서
가슴만 태우는 바보같은 사나이
사랑이 빗물되어 서럽게 흘러내릴때
사나이는 울었다네 빗물도 울었다네
세월가면 잊어질까
세월아 말을 해다오
그리워 그리워서
가슴만 태우는 바보같은 사나이"
첫사랑,162,진성,"그대를 처음 본 순간
내 가슴 너무 떨렸어요
그때 이미 예감했죠
사랑에 빠질 것을
그대의 몸짓
그대의 미소
다정스런 그대 목소리
나 어떡해요
숨이 멎을 것 같아
그대에게 빠져버렸어요
하루 온종일
그대 생각뿐이죠
내일 역시도
그리 보낼 거예요
손 내밀어 잡아주세요
이런 내 사랑
받아 주세요
그대의 몸짓
그대의 미소
다정스런 그대 목소리
나 어떡해요
숨이 멎을 것 같아
그대에게 빠져버렸어요
하루 온종일
그대 생각뿐이죠
내일 역시도
그리 보낼 거예요
손 내밀어 잡아주세요
이런 내 사랑
받아 주세요
이런 내 사랑
받아 주세요"
빈잔,647,"뽕가네(강혜연,별사랑,성민지,은가은,허찬미)","그대의 싸늘한 눈가에 고이는
이슬이 아름다워
하염없이 바라보네
내 마음도 따라 우네
가여운 나의 여인이여
외로운 사람끼리
아 만나서 그렇게 또 정이 들고
어차피 인생은
빈 술잔 들고 취하는 것
그대여 나머지 설움은
나의 빈 잔에 채워주
외로운 사람끼리
아 만나서 그렇게 또 정이 들고
어차피 인생은
빈 술잔 들고 취하는 것
그대여 나머지 설움은
나의 빈 잔에 채워주
나의 빈 잔에 채워주"
오빠 집에 놀러와,961,최수호,"오늘 밤 니 사랑에 취하고 싶다
상큼한 칵테일처럼 톡 쏘는 여자
그녀의 섹시함에 나는 녹을 것 같아
가슴이 두근두근두근대
어쩌지 고민하며 살짝 튕기는 모습
이 오빠는 쓰러진다
너는 나의 여자야
오빠 집에 놀러와 오빠 집에 놀러와
사랑하는 우리 님과 놀고 싶어라
오빠 집에 놀러와 오늘 밤에 놀러와
택시를 타고 총알처럼 달려와
이 오빠 죽겄다
오빠 집에 놀러와 (오빠 집에 놀러와)
오빠 집에 놀러와 (오빠 집에 놀러와)
오빠 집에 놀러와 (오빠 집에 놀러와)
오빠 집에 놀러와 (오빠 집에 놀러와)
오빠 집에 놀러와 오빠 집에 놀러와
사랑하는 우리 님과 놀고 싶어라
오빠 집에 놀러와 오늘 밤에 놀러와
택시를 타고 총알처럼 달려와
이 오빠 죽겄다
오빠 집에 놀러와 오늘 밤에 놀러와
우리 집 비번 자기 생일
들어와
이 오빠 이 오빠
오빠 좀 살려라
이 오빠 죽겄다"
고향집 (DISCO VER),213,양지원 (YangJiwon),"바로가면 저기가 고향집인데
뭐가 그리 바쁜걸까 눈인사도 못했네
성공해서 돌아오마
다짐을 했던 그날밤 울엄니
소리죽여 울었네 나도따라 울었네
가고파라 내 고향집
저 고개를 넘어가면 엄니가 계시는데
뭐가 그리 바쁜걸까 안부인사도 못했네
세상따라 뛰고뛰고
기고 날아도 마냥 그자리
정안수 떠놓고 기도하고 계시던
가고파라 내 고향집
성공해서 돌아오마 다짐을 했던
그날밤 울 엄니 소리죽여 울 었네
나도따라 울었네 가고파라 내 고향집
보고파라 울 엄니"
맏내딸,254,은가은,"날이면 날마다 오는 그런 딸 아니죠
사랑과 애교를 품은 그런 딸 맞아요
오늘여기 오신분들 땡잡았어요
여러분의 맏내딸이죠

비바람 세차게 불어서
힘들고 지치는 날에는
내어깨 빌려줄게요

얼씨구 절씨구 지화자
더덩실 어깨춤 추면서
날 찾아 오시면 돼요

날이면 날마다 오는 그런 딸 아니죠
사랑과 애교를 품은 그런 딸 맞아요
사방팔방 둘러봐도 어디없어요
여러분의 맏내딸이죠


날이면 날마다 오는 그런 딸 아니죠
사랑과 애교를 품은 그런 딸 맞아요
오늘여기 오신분들 땡잡았어요
여러분의 맏내딸이죠

비바람 세차게 불어서
힘들고 지치는 날에는
내어깨 빌려줄게요

얼씨구 절씨구 지화자
더덩실 어깨춤 추면서
날 찾아 오시면 돼요

날이면 날마다 오는 그런 딸 아니죠
사랑과 애교를 품은 그런 딸 맞아요
사방팔방 둘러봐도 어디없어요
여러분의 맏내딸이죠
제가 바로 맏내딸예요
오늘 하루 땡잡았어요"
동해의 꿈,675,한승기,"목마른 그대여
길을 떠나요
세상은 그댈 부르고 있소
메마르고 삭막한 도시에
바라는것 무엇도 없소
가자 저 동해 바다
푸른 물결 넘어서
갈매기가 날던 꿈을 찾아서
우리 앞길을 떠나자

가자 내 님 찾아
대관령 길 넘어서
동해 바다 햇살 넘실 거리는
정동진 옛 사랑을
가자 저 동해 바다
푸른 물결 넘어서
살아서 숨쉬던 고래를 타고
그대여 길을 떠나자"
가버린 사랑,245,최진희,"백년해로 맺은 언약 마음 속에 새겼거늘
무정할사 그대로다 나 예 두고 어디갔나
그대 이왕 가려거든 정마저 가져가야지
정은 두고 몸만 가니 남은 이 몸 어이하리

백년해로 맺은 언약 마음 속에 새겼거늘
무정할사 그대로다 나 예 두고 어디갔나
그대 이왕 가려거든 정마저 가져가야지
남은 이 몸 생각말고 만수무강 하옵소서"
벌떡 일어나,689,나상도,"벌떡 벌떡 벌떡 일어나
벌떡 벌떡 벌떡 일어나
새 아침이 밝아 왔네요
둥근 해가 떴습니다
일어나라 일어나라
우리나라 좋은 나라
일어나라 일어나라
방방곡곡 세상만사
빙글빙글 돌아가는데
일거리 먹거리 구경거리
너무 많은데
벌떡 벌떡 벌떡 일어나
벌떡 벌떡 벌떡 일어나
새 아침이 밝아 왔네요
벌떡 벌떡 벌떡 일어나
벌떡 벌떡 벌떡 일어나
새 아침이 밝아 왔네요
둥근 해가 떴습니다
일어나라 일어나라
우리나라 좋은 나라
일어나라 일어나라
방방곡곡 세상만사
빙글빙글 돌아가는데
일거리 먹거리 구경거리
너무 많은데
벌떡 벌떡 벌떡 일어나
벌떡 벌떡 벌떡 일어나
새 아침이 밝아 왔네요
벌떡 벌떡 벌떡 일어나
벌떡 벌떡 벌떡 일어나
새 아침이 밝아 왔네요
새 아침이 밝아 왔네요"
태클을 걸지마 (Prod. 진성),"20,782",김호중,"어떻게 살았냐고 묻지를 마라
이리저리 살았을 거라 착각도 마라
그래 한때 삶에 무게 견디지 못해
긴긴 세월 방황 속에 청춘을 묻었다
어허허 어허허
속절없는 세월 탓해서 무얼해
되돌릴 수 없는 인생인 것을
지금부터 뛰어 앞만 보고 뛰어
내 인생에 태클을 걸지마
어떻게 살았냐고 묻지를 마라
이리저리 살았을 거란 착각도 마라
그래 한때 삶에 무게 견디지 못해
긴긴 세월 방황 속에 청춘을 묻었다
어허허 어허허
속절없는 세월 탓해서 무얼해
되돌릴 수 없는 인생인 것을
지금부터 뛰어 앞만 보고 뛰어
내 인생에 태클을 걸지마
속절없는 세월 탓해서 무얼해
되돌릴 수 없는 인생인 것을
지금부터 뛰어 앞만 보고 뛰어
내 인생에 태클을 걸지마
내 인생에 태클을 걸지마"
미워도(미워島),213,양지원 (YangJiwon),"다시는 갈수없는 머나먼 작은 섬하나
멀고도 가까운 미워도
내 작은가슴에 깊숙히 박혀있는
뺄수도 없는 작은섬 미워도

갈수는 없지만 만날수 없지만
밤마다 커지는 외로운 미워도
보고도 싶지만 이룰수 없지만
가슴에 쌓여서 외로운 미워도

미워도 버릴수 없는 섬
언제나 내곁에 머무는 미워도
미워도 미워도 정말 미워도
오늘도 조금씩 자라는 미워도

갈수는 없지만 만날수 없지만
밤마다 커지는 외로운 미워도
보고도 싶지만 이룰수 없지만
가슴에 쌓여서 외로운 미워도

미워도 버릴수 없는 섬
언제나 내곁에 머무는 미워도
미워도 미워도 정말 미워도
오늘도 조금씩 자라는 미워도

미워도 미워도 정말 미워도
오늘도 조금씩 자라는 미워도"
너였어,44,슬기,"바로 바로 너야
그게 바로 너야
내가 찾던 너였어

널 널 널 보고
느낌이 왔어
평생 나와 함께 살아갈 사람
너란 걸
날 날 날 보는
너의 눈빛의
느낌 같은 느낌 그 느낌이 뭔지 알았어
힘들어도 술 한 잔 나누며
다독 다독 서로 위로해 줄 수 있는
너였어
바로 바로 너야
그게 바로 너야
내가 찾던 너였어
바로 바로 너야
그게 바로 너야
내가 찾던 너였어

널 널 널 보고
느낌이 왔어
평생 나와 함께 살아갈 사람
너란 걸
날 날 날 보는
너의 눈빛의
느낌 같은 느낌 그 느낌이 뭔지 알았어
힘들어도 술 한 잔 나누며
다독 다독 서로 위로해 줄 수 있는
너였어
바로 바로 너야
그게 바로 너야
내가 찾던 너였어
바로 바로 너야
그게 바로 너야
내가 찾던 너였어
바로 바로 너야"
사랑아,73,박혜신,"사랑아 내 사랑아
가슴에 매어놓은 사랑아
한 번을 만나서
두 번을 사랑하고
떠난다는 말은 말은 싫어라
백년을 기다리고
천년을 함께해도
못다할 내 사랑아
내 안에 살아도 보고픈 사랑아
당신이 너무너무 그리워
사랑아 내 사랑아
가슴에 매어놓은 사랑아
한 번을 만나서
두 번을 사랑하고
떠난다는 말은 말은 싫어라
백년을 기다리고
천년을 함께해도
못다할 내 사랑아
내 안에 살아도 보고픈 사랑아
당신이 너무너무 그리워
백년을 기다리고
천년을 함께해도
못다할 내 사랑아
내 안에 살아도 보고픈 사랑아
당신이 너무너무 그리워
내 안에 살아도 보고픈 사랑아
당신이 너무너무 그리워"
재충전,316,박구윤,"바닷가에서 하루 높은 산에서 하루
어디든지 떠나보자 내일을 위하여
기차도 좋아 버스도 좋아 무작정 떠나자
내일을 위해 충전하러 가자
버리지 못해 이기지 못해
애태웠던 날들을
저 들판에 던져버리고
휴대폰은 꺼버리고 생각 없이 떠나자
여유로운 저 바람처럼
답답하게 살아온 지난날들을
저 산 위에 저 파도 위에 던져버리고
비행기도 좋아 내 차도 좋아
무작정 떠나자
내일을 위해 충전하러 가자
제주도에서 이틀 설악산에서 사흘
정해놓고 가지 말고 그냥 떠나자
기차도 좋아 버스도 좋아
무작정 떠나자
내일을 위해 충전하러 가자
버리지 못해 이기지 못해
애태웠던 날들을
저 들판에 던져버리고
휴대폰은 꺼버리고 생각 없이 떠나자
여유로운 저 바람처럼
답답하게 살아온 지난날들을
저 산 위에 저 파도 위에 던져버리고
비행기도 좋아 내 차도 좋아
무작정 떠나자
내일을 위해 충전하러 가자
내일을 위해 충전하러 가자"
헛소리,189,양지원 (YangJiwon),"너 혼자 떠날준비 해놓고 우는척 하네
소낙비 눈물이야 그쯤은 나도알아
그런 사람 이었니
너 하나 믿고 살아온 나야
세월을 등지면서 살아온건 맞잖아
무슨 사연 있는지 몰라도
내게는 헛소리야
너 혼자 떠날준비 해놓고 우는척 하네
소낙비 눈물이야 그쯤은 나도알아
그런 사람 이었니
눈빛만 봐도 사랑이기에
아무런 의심없이 살아온건 맞잖아
무슨 사연 있는지 몰라도
내게는 헛소리야
너 하나 믿고 살아온 나야
세월을 등지면서 살아온건 맞잖아
무슨 사연 있는지 몰라도
내게는 헛소리야
내게는 헛소리야"
러브레터 (Love Letter),925,주현미,"구름에 달빛가린 캄캄한 밤에
나홀로 잠 못 들어요
당신 앞에 자신이 없어
몰래 편지를 써요
사랑의 까막눈인데
내가 왜 이럴까
몰라요 나도 몰라요
울고만 싶어
아무리 써봐도
자꾸만 보아도
뭔가 빠졌어
사랑해요 I love you
그 한 마디가
아 얄미운 사람
낯설은 이름에 깜짝 놀랐죠
바로 당신이군요
누가 볼까 숨을 멈추고
몰래 읽어 봅니다
사랑의 까막눈인데
내가 왜 이럴까
몰라요 나도 몰라요
울고만 싶어
아무리 읽어도
자꾸만 보아도
뭔가 빠졌어
I love you I love you
그 한마디가
아 얄미운사람
구름에 달빛가린 캄캄한 밤에
나홀로 잠 못 들어요
당신 앞에 자신이 없어
몰래 편지를 써요
사랑의 까막눈인데
내가 왜 이럴까
몰라요 나도 몰라요
울고만 싶어
아무리 써봐도
자꾸만 보아도
뭔가 빠졌어
사랑해요 I love you
그 한 마디가
아 얄미운 사람"
못잊겠어요,476,김수희,"가로등도 졸고 있는
비오는 골목길에
두 손을 마주~잡고
헤어지기가
아~쉬워서
애태우던 그~ 날들이
지금도 생각난다
자꾸만 생각난다
그 시절 그리워진다
아~ ~~
지금은 남이지만
아직도 나는 못잊어

사람없는 찻집에서
사랑노래 들어가며
두눈을 마주~보고
푸른 꿈들을
그려보았던
행복하던 그~ 날들이
지금도 생각난다
자꾸만 생각난다
그 시절 그리워진다
아~ ~~
지금은 남이지만
아직도 나는 못잊어"
가락지,728,황진희,"당신이 주신 가락지
먼 길을 떠나는 당신
하염없는 눈물로 한 짝을 떼어
당신 손에 쥐어 드려요
당신께만 바친 내 순정
달빛 아래 모았던 두 손
제멋대로 커져 버린 마음 한 자락
그 사랑도 담아 드려요
이래 저래 정든 사람아
이제 저는 어찌 살까요
제가 예뻐 주신 가락지
차마 버리진 말아 주세요
잊지 못해 죽지도 못해
당신을 찾아 가는 날
눈물로도 빠지지 않게
다시 한 번 끼워 주세요
당신께만 바친 내 순정
달빛 아래 모았던 두 손
제멋대로 커져 버린 마음 한 자락
그 사랑도 담아 드려요
이래 저래 정든 사람아
이제 저는 어찌 살까요
제가 예뻐 주신 가락지
차마 버리진 말아 주세요
잊지 못해 죽지도 못해
당신을 찾아 가는 날
눈물로도 빠지지 않게
다시 한 번 끼워 주세요
다시 한 번 끼워 주세요"
내 사랑을 본 적이 있나요,747,정수라,"지난날을 생각하며
여기 왔어요
내 마음은 나그네 되어
헤어졌던 그 사람을
찾고 있어요
내 사랑을 본적이 있나요
아아아아 아아아아아
주저앉아 울고 싶은데
흠뻑젖은 가슴 을
씻을 길 없는 이 심정을
누가 아나요
거리마다 추억이
나를 불러요
거리에서 그 누가
내 사랑을 본적이 있나요
나는 지금 우울하게
헤매다녀요
지난 날을 후회하면서
잃어버린 시간들을
찾고 있어요
내 사랑을 본적이 있나요
아아아아 아아아아아
주저앉아 울고 싶은데
내 마음을
흐르는 뜨거운 눈물
어느 누가 보고 있나요
거리마다 추억이
나를 불러요
어디에서 그 누가
내 사랑을 본적이 있나요
거리마다 추억이
나를 나를 울려요
어디에서 그 누가
내 사랑을 본적이 있나요"
깍쟁이,"1,174",홍자,"누가 누가 뭐라 해도 나도 한때
꽃처럼 예쁜 요조 숙녀라고
불렸답니다
봄이오면 봄처럼 맘이 흔들리고
여름엔 파도 치는 바닷가에서
날 잡아 봐라 뛰어놓고
가을이 오면 갈대처럼
마음이 설레이던
순둥이 홍자랍니다
헐 헐 홀리지 마세요
내 마음을 빼앗아간 늑대들이
순진한 나를 깍쟁이로 만들었어요
헐 헐 잡지 마세요
제발 나를 함부로 건들지 마세요
나도 한 남자에게 사랑 받고 싶은
애교 귀염둥이 홍자랍니다
헐 헐 홀리지 마세요
내 마음을 빼앗아간 늑대들이
순진한 나를 깍쟁이로 만들었어요
헐 헐 잡지 마세요
제발 나를 함부로 건들지 마세요
나도 한 남자에게 사랑 받고 싶은
애교 귀염둥이 홍자랍니다
그래도 내님 찾아
오늘도 곱게 화장을 하고
예쁜 구두를 신고 나는 길을 나서요
헐 헐 웃지 마세요
제발 나를 함부로 대하지 마세요
나도 한 남자에게 사랑 받고 싶은
애교 귀염둥이 홍자랍니다
나는야 깍쟁이 홍자랍니다"
마산항엔 비가 내린다,459,하춘화,"그리워서 찾아온 고향
마산항엔 비가 내린다
돝섬으로 나를 데려다 줘
그 님을 만나야 한다
사랑 사랑 한다고
말이나 하지 말지
추억이 맴도는
갈매기만 맴도는
마산항엔 비가 내린다
무학산아 너는 알겠지
용마산아 너도 알겠지
내 목숨처럼 사랑한 사람
그 님은 지금 어디에
사랑 사랑 한다고
말이나 하지 말지
가포에 있을까
만날재에 있을까
마산항엔 비가 내린다
마산항엔 비가 내린다"
이름 모를 소녀,"1,648",김중연,"버들잎 따다가 연못위에 띄워놓고
쓸쓸히 바라보는 이름모를 소녀
밤은 깊어가고 산새들은 잠들어
아무도 찾지않는 조그만 연못속에
달빛젖은 금빛물결 바람에 이누나
출렁이는 물결속에
마음을 달래려고
말없이 기다리다 쓸쓸히 돌아서서
안개속에 떠나가는 이름모를 소녀
밤은 깊어가고 산새들은 잠들어
아무도 찾지않는 조그만 연못속에
말없이 기다리다 쓸쓸히 돌아서서
안개속에 떠나가는 이름모를 소녀
이름모를 소녀
이름모를 소녀
소녀"
카사노바,719,황우림,"사랑을 이야기 할때
내 눈을 바라봐줘요
그대의 눈빛속에 나 지금 어디있나요
당신땜에 아파요 아야야 아야야
잊지 못할 키스로
또다시 날 믿게해줘
그댄 카사노바 카사노바
미치도록 뜨겁게
정말 사랑해요 사랑했어요
섹시한 남자 그 남자
그댄 카사노바 카사노바
사랑 장난인가요
잠깐 반짝 반짝 그런건가요
라이터 불을 켠만큼
폭풍처럼 강하게 때로는 초콜릿처럼
아슬아슬 녹일듯 사랑을 속삭여주던
당신땜에 아파요 아야야 아야야
잊지 못할 키스로
또 다시 날 믿게해줘
그댄 카사노바 카사노바
미치도록 뜨겁게
정말 사랑해요 사랑했어요
섹시한 남자 그 남자
그댄 카사노바 카사노바
사랑 장난인가요
잠깐 반짝 반짝 그런건가요
라이터 불을 켠만큼
그댄 카사노바 카사노바
카사노바 카사노바"
서교동을 걸어갑니다,552,조명섭,"오늘도 하염없이 걸어가는 사람아
무슨 사연 있길래 어디로 가시나요
비가 오고 바람 불면
백합같은 사랑도 울고
이 밤이 다 새도록
발 길이 닿는 곳마다
아쉬워하며 돌아설 때에
눈이 부시게 빛이 나던
그대를 우연히 만나
나의 모든 순간들이 너무 행복했어요
그대 하나로 가득한 수많은 추억들
나의 모든 순간들이 너무 아름다운
그대 하나로 즐거웠어요
이 밤이 다 새도록
발 길이 닿은 곳마다
서교동을 걸어갑니다
아쉬워하며 돌아설 때에
눈이 부시게 빛이 나던
그대를 우연히 만나
나의 모든 순간들이 너무 행복했어요
그대 하나로 가득한 수많은 추억들
나의 모든 순간들이 너무 아름다운
그대 하나로 즐거웠어요
나의 모든 순간들이 너무 행복했어요
그대 하나로 가득한 수많은 추억들
나의 모든 순간들이 너무 아름다운
그대 하나로 즐거웠어요
이 밤이 다 새도록
발 길이 닿은 곳마다
서교동을 걸어갑니다
서교동을 걸어갑니다"
세레나데,624,조명섭,"낡아진 서랍 한켠에
빛바랜 사진을 꺼내
멜로영화 필름처럼
추억들이 스쳐가네
덜덜덜 축음기 소리
지지직 라디오 소리
즐겨 듣던 음악처럼
나만의 세레나데
아름다워 이 밤이 아름다워라
여인이여 귀하고 귀한 내 사랑
노래해요 당신을 위한 노래를
부릅니다 나만의 세레나데
낡아진 서랍 한켠에
빛바랜 사진을 꺼내
멜로영화 필름처럼
추억들이 스쳐가네
덜덜덜 축음기 소리
지지직 라디오 소리
즐겨 듣던 음악처럼
나만의 세레나데
아름다워 이 밤이 아름다워라
여인이여 귀하고 귀한 내 사랑
노래해요 당신을 위한 노래를
부릅니다 나만의 세레나데
부릅니다 나만의 세레나데"
아버지의 강,235,황준,"아 강 건너 나루터에
강기슭에 물새 울면
어디선가 들려오는 아버지의 뱃노래
고기를 잡아 날 키우시고
뱃노래 불러 날 재우시던
아 아 아버지
불러봐도 대답 없이 흐르는 저 강은
아버지의 강이여
저 강 건너 나루터에
물새 한 마리 슬피 울면
강바람에 검게 타신 아버지가 그리워
고기를 잡아 날 키우시고
뱃노래 불러 날 재우시던
아 아 아버지
불러봐도 대답 없이 흐르는 저 강은
아버지의 강이여"
상사화,637,안성훈,"모란이 피면 모란으로
동백이 피면 넌 다시 동백으로
나에게 찾아와 꿈을 주고
너는 또 어디로 가버리나
인연이란 끈을 놓고 보내긴 싫었다
향기마저 떠나보내고
바람에 날리는 저 꽃잎 속에
내 사랑도 진다
아 모란이 아 동백이
계절을 바꾸어 다시 피면
아 세월이 휭 또 가도
내 안에 그대는 영원하리
모란이 피면 모란으로
동백이 피면 넌 다시 동백으로
나에게 찾아와 꿈을 주고
너는 또 어디로 가버리나
인연이란 끈을 놓고 보내긴 싫었다
향기마저 떠나보내고
바람에 날리는 저 꽃잎 속에
내 사랑도 진다
아 모란이 아 동백이
계절을 바꾸어 다시 피면
아 세월이 휭 또 가도
내 안에 그대는 영원하리"
날 버린 남자,264,하춘화,"사랑이 야속하더라
가는 당신이 무정하더라
잡지도 못하고 막지도 못하고
어쩔 수가 없더라
여자이기 때문에
나를 두고 떠나가면 떠나버리면
정 때문에 나는 어떡해
날 울린 남자 날 버린 남자
사랑한 게 잘못이더라
사랑한 게 잘못이더라
사랑이 야속하더라
가는 당신이 무정하더라
잡지도 못하고 막지도 못하고
어쩔 수가 없더라
여자이기 때문에
나를 두고 떠나가면 떠나버리면
정 때문에 나는 어떡해
날 울린 남자 날 버린 남자
사랑한 게 잘못이더라
사랑한 게 잘못이더라"
여자이니까,766,심수봉,"사랑한다 말할까 좋아한다 말할까
아니야 아니야 말 못해 나는 여자이니까
만나자고 말할까 조용한 찻집에서
아니야 아니야 난 싫어 나는 여자이니까
사랑한단 말 대신에 웃음을 보였는데 음~
모르는 체하는 당신 미워 정말 미워 음~
미워한다 말할까 싫어한다 말할까
아니야 아니야 말 못해 당신을 사랑하니까

사랑한다는 말 대신에 웃음을 보였는데 음~
모르는 체하는 당신 미워 정말 미워 음~
미워한다 말할까 싫어한다 말할까
아니야 아니야 말 못해 당신을 사랑하니까"
인생은 미완성,206,이진관,"인생는 미완성 쓰다가 만는 편지 그래도 우리는곱게 써가야해
사랑은 미완성 부르다 멎는노래 그래도 우리는 아름답게 불러야해

사람아 사람아 우린모두 타향인걸 외로운 가슴끼리사슴처럼 기대고살자
인생은 미완성 그리다 마는그림 그래도 우리는 아름답게 그려야해

친구야 친구야 우린 모두 나그네걸 그리운 가슴끼리 모닥불을 지피고 살자
인생은 미완성 새기다 마는 조각 그래도 우리는 곱게 새겨야해"
아버지의 강,"3,266",장민호,"아 저녁바람에 억새울고
강기슭에 물새울면
어디선가 들려오는
아버지의 옛노래
고기를 잡아 날 키우시고
옛노래 불러 날 재우시던
아 아 아버지 불러봐도 대답없이
흐르는 저 강은 아버지의 강이여
저 강 건너 나루터에
물새 한마리 슬피울면
강바람에 검게타신
아버지가 그리워
고기를잡아 날키우시고 옛노래
불러 날재우시던
아 아 아버지 불러봐도 대답없이
흐르는 저강은 아버지의 강이여
고기를잡아 날키우시고 옛노래
불러 날재우시던
아 아 아버지 불러봐도 대답없이
흐르는 저 강은 아버지의 강이여"
정거장에서,586,조명섭,"외로운 가슴을 안고
울고있는 저 사람이
우산도 없이 홀로 거닐며
비 내리는 정거장에서
머물다가 가버린
무정한 열차마다
누구를 싣고 사랑을 두고
이별을 하고 떠나가느냐
오늘밤은 당신의 꿈을
내일 밤엔 재회의 꿈을
젖은 옷깃에 담긴 이 마음
비 내리는 정거장에서
외로운 가로등 밑에
울고 있는 저 사람이
차거운 바람 홀로 맞으며
비 내리는 정거장에서
머물다 사라진
무정한 기적마다
그리운 그대 그리운 사랑
잊지 못하고 울고 있느냐
오늘밤은 당신의 꿈을
내일 밤엔 재회의 꿈을
젖은 옷깃에 담긴 이 마음
비 내리는 정거장에서
비 내리는 정거장에서"
촉이와요,304,홍지윤,"촉이 와요 촉이 와 딱 촉이 와요
단번에 알 수 있어요
촉이 와요 촉이 와 딱 촉이 와요
만날 사람은 꼭 만나요

왠지 내 사람이라는 느낌이 들어요
놓치면 후회할 거야
왠지 내 운명이라는 예감이 들어요
사랑이 이런 건가요

내가 좋은 사람이 되면
좋은 사람이 내게 와요

촉이 와요 촉이 와 딱 촉이 와요
단번에 알 수 있어요
촉이 와요 촉이 와 딱 촉이 와요
만날 사람은 꼭 만나요

왠지 내 사람이라는 느낌이 들어요
놓치면 후회할 거야
왠지 내 운명이라는 예감이 들어요
사랑이 이런 건가요

내가 좋은 사람이 되면
좋은 사람이 내게 와요

촉이 와요 촉이 와 딱 촉이 와요
단번에 알 수 있어요
촉이 와요 촉이 와 딱 촉이 와요
만날 사람은 꼭 만나요

만날 사람은 꼭
만나요!!!"
태클을 걸지마,"1,001",박서진,"(지금부터 뛰어 앞만 보고 뛰어)
어떻게 살았냐고 묻지를 마라
이리저리 살았을 거라 착각도 마라
그래 한때 삶의 무게 견디지 못해
긴 세월 방황 속에
청춘을 묻었다
어허허 어허허
속절없는 세월
탓해서 무얼 해
되돌릴 수 없는 인생인 것을
지금부터 뛰어
앞만 보고 뛰어
내 인생에 태클을 걸지 마

(지금부터 뛰어 앞만 보고 뛰어)
어떻게 살았냐고 묻지를 마라
이리저리 살았을 거라 착각도 마라
그래 한때 삶에 무게 견디지 못해
긴 세월 방황 속에
청춘을 묻었다
어허허 어허허
속절없는 세월
탓해서 무얼 해
되돌릴 수 없는 인생인 것을
지금부터 뛰어
앞만 보고 뛰어
내 인생에 태클을 걸지 마
속절없는 세월
탓해서 무얼 해
되돌릴 수 없는 인생인 것을
지금부터 뛰어
앞만 보고뛰어
내 인생에 태클을 걸지 마
내 인생에 태클을 걸지 마"
하고 살자,55,강진,"하고싶은거 하고살자
맺힌거 풀고 살자
이왕이면 베풀고 살자

참고 살았네
잊고 살았네
앞만보고 달려왔네
요거 때문에
조거 때문에
핑계핑계 대어가며
아니야 이제는 아니야
내인생 살아보세
흥겨웁게 노래 하면서

하고싶은거 하고살자
맺힌거 풀고 살자
이왕이면 베풀고 살자


욕심 때문에
체면 때문에
용서않고 살아왔네
요거 때문에
조거 때문에
핑계핑계 대어가며
아니야 이제는 아니야
내인생 살아보세
덩실덩실 춤을 추면서

하고싶은거 하고살자
맺힌거 풀고 살자
이왕이면 베풀고 살자


참고 살았네
잊고 살았네
앞만보고 달려왔네
자식 때문에
남편 때문에
핑계핑계 대어가며
아니야 이제는 아니야
내인생 살아보세
흥겨웁게 노래 하면서

하고싶은거 하고살자
맺힌거 풀고 살자
이왕이면 베풀고 살자

하고싶은거 하고살자
맺힌거 풀고 살자
이왕이면 베풀고 살자
늦기전에 하고 살자"
철없던 사랑,352,안성훈,"철없는 마음으로 사랑을 나누었지
미움도 모르는 채
이별도 모르는 채
불타는 가슴으로 서로를 느끼면서
영원토록 향기로운 우리의 사랑이여
이별은 싫어
추억의 그림자가 너무 많아
그리워져요 철없던 우리 사랑이
내 사랑 그대 그대여
다시 한번 사랑해요
아름다워요 철없던 사랑이

이별은 싫어
추억의 그림자가 너무 많아
그리워져요 철없던 우리 사랑이
내 사랑 그대 그대여
다시 한번 사랑해요
아름다워요 철없던 사랑이
이별은 싫어
추억의 그림자가 너무 많아
그리워져요 철없던 우리 사랑이
내 사랑 그대 그대여
다시 한번 사랑해요
아름다워요 철없던 사랑이"
유리벽 사랑,572,박진도,"처음으로 느껴보았던
당신의 사랑 앞에서
그리움과 외로움이
낙엽처럼 쌓여만가네
더 이상은 갈수 없는
슬픈 사랑이였다면
차라리 맺지 말지
정을 왜 주고
아 유리벽 사랑
내 어이 너를
잊을 수 있나

가슴으로 느껴보았던
뜨 거운 사랑 앞에서
내 모든걸 다 주었다
아낌없이 다 주었는데
더 이상은 갈수 없는
슬픈 사랑이였다면
이제는 떠나야지
아무 말없이
아 타인의 사랑
내 어이 너를
잊 을수 있나"
진짜 멋쟁이,363,진국이,"당신이 꽃이 면
난 나는 꽃잎
한 평생 떠받들고
사는거야
커다란 나무가
꼭 되어줄게
큰 그늘 아래서
너 쉴 수 있게
파랑새 찾아 떠난
우리네 인생
행복을 곁에 두고
그걸 몰랐구나
미워도 내 인생
나의 사랑이
내것이 제일인 것을
파랑새 쫓아 갔다
피앙세 찾아온 나
돌아온 진짜 멋쟁이

당신이 꽃이 면
난 나는 꽃잎
한 평생 떠받들고
사는거야
커다란 나무가
꼭 되어줄게
큰 그늘 아래서
너 쉴 수 있게
파랑새 찾아 떠난
우리네 인생
행복을 곁에 두고
그걸 몰랐구나
미워도 내 인생
나의 사랑이
내것이 제일인 것을
파랑새 쫓아 갔다
피앙세 찾아온 나
돌아온 진짜 멋쟁이
미워도 내 인생
나의 사랑이
내것이 제일인 것을
파랑새 쫓아 갔다
피앙세 찾아온 나
돌아온 진짜 멋쟁이"
우리 어머니,263,이효정,"긴 머리 땋아 틀어
은비녀 꽂으시고
옥색치마 차려입고
사뿐사뿐 걸으시면
천사처럼 고왔던
우리 어머니
여섯 남매 배 곯을까
치마끈 졸라매고
가시밭길 헤쳐가며
살아 오셨네
해진 옷 기우시며
긴 밤을 지새울 때
어디선가 부엉이가
울어대며는
어머님도 울었답니다
긴 머리 빗어 내려
동백기름 바르시고
분단장 곱게 하고
내 손 잡고 걸으실 때
마을 어귀 훤했었네
우리 어머니
여섯 남매 자식 걱정
밤잠을 못 이루고
칠십 평생 가시밭길
살아오셨네
천 만년 사시는
줄 알았었는데
떠나실 날 그다지도
멀지 않아서
막내딸은 울었답니다
막내딸은 울었답니다"
못생기게 만들어주세요,895,연분홍,"나 스무 살 꽃띠 키 백육십칠
삼십사 이십사 삼십사 몸매
오뚝한 코 짙은 쌍커풀
남들은 내게 정말 예쁘다
부러워하고 있지만
난 예쁜 게 싫어
못생기게 만들어주세요
쌍커풀을 없애주시고
코는 조금 낮춰주세요
가슴도 작게 해주고
갸름한 턱은 도톰하게
허리에는 지방을 넣어
뚱뚱하게 불려주세요
너무 예뻐서 죄송합니다
못생기게 만들어주세요
나 스무 살 꽃띠 키 백육십칠
삼십사 이십사 삼십사 몸매
오뚝한 코 짙은 쌍커풀
남들은 내게 정말 예쁘다
부러워하고 있지만
난 예쁜 게 싫어
못생기게 만들어주세요
쌍커풀을 없애주시고
코는 조금 낮춰주세요
가슴도 작게 해주고
갸름한 턱은 도톰하게
허리에는 지방을 넣어
뚱뚱하게 불려주세요
너무 예뻐서 죄송합니다
못생기게 만들어주세요
남들은 내게 정말 예쁘다
부러워하고 있지만
난 예쁜 게 싫어
못생기게 만들어주세요
쌍커풀을 없애주시고
코는 조금 낮춰주세요
가슴도 작게 해주고
갸름한 턱은 도톰하게
허리에는 지방을 넣어
뚱뚱하게 불려주세요
너무 예뻐서 죄송합니다
못생기게 만들어주세요
못생기게 만들어주세요"
용산역 광장,416,진성,"너 보낸다 눈물까지도
이 가슴 오죽하겠니
운명처럼 건너버린 강 용산역
너는 알잖니
나 동쪽 볼 때 너 서쪽 보던
그 놈의 어긋난 사랑
후회할 줄을 뻔히 알면서
돌아선 두 발길
우리들의 사랑이 피어 있는 곳
바람 부는 용산역 광장
너 보낸다 눈물까지도
이 가슴 오죽하겠니
운명처럼 건너버린 강 용산역
너는 알잖니
갈림길에서 서로 외면한
그 놈의 어긋난 사랑
후회할 줄을 뻔히 알면서
돌아선 두 발길
우리들의 추억이 살아 있는 곳
비 내리는 용산역 광장
우리들의 추억이 살아있는 곳
비 내리는 용산역 광장"
라밤바,"2,080",정미애,"La Bamba
라밤바밤밤바
햇살이 찬란히 비춰
눈이 부신 날
내 마음은 리듬에 미쳐
춤을 추지만
뻔한 그런 사랑에 지쳐
벗어나고 싶지만
뜨거워지는 너와 나의 사랑
우리둘만의 추억
내 눈빛을 피하지마요
하지마요
날 사랑한다 말해줘요
말해줘요
저 하늘에 떠있는 별을 봐요
봐요
아름다운 밤이에요
아름다운 밤이에요
라밤바밤바 오늘 밤 이 뜨거운 밤
라밤바밤바 나만 바라봐
라밤바밤바 그대와 단 둘이 이밤
나 지금 Feel 받았어
신나게 다같이 춤을
La Bamba
짜리리릿 짜짜짜 짜릿하게 취해간다
찌리리릿 찌찌찌 찌릿하게
뿅가뿅가
짜리리릿 짜짜짜 짜릿하게 넘어 간다
찌리리릿 찌찌찌 찌릿하게
뿅가뿅가
내 눈빛을 피하지마요
하지마요
날 사랑한다 말해줘요
말해줘요
저 하늘에 떠있는 별을 봐요
봐요
아름다운 밤이에요
아름다운 밤이에요
라밤바밤바 오늘 밤 이 뜨거운 밤
라밤바밤바 나만 바라봐
라밤바밤바 그대와 단 둘이 이밤
나 지금 Feel 받았어
신나게 다같이 춤을
다같이 춤을
짜리리릿 짜짜짜 짜릿하게 취해간다
찌리리릿 찌찌찌 찌릿하게
뿅가뿅가
짜리리릿 짜짜짜 짜릿하게 넘어 간다
찌리리릿 찌찌찌 찌릿하게
뿅가뿅가
La Bamba
라밤바밤바 오늘 밤 이 뜨거운 밤
라밤바밤바 나만 바라봐
라밤바밤바 그대와 단 둘이 이밤
나 지금 Feel 받았어
신나게 다같이 춤을
라밤바밤밤바
La Bamba"
님과 함께,978,김경민,"저 푸른 초원위에
그림같은 집을짓고
사랑하는 우리님과
한백년 살고싶어
봄이면 씨앗뿌려
여름이면 꽃이피네
가을이면 풍년되어
겨울이면 행복하네
멋쟁이 높은빌딩 으시대지만
유행따라사는것도 제멋이지만
반딧불 초가집도 님과함께면
나는 좋아 나는 좋아 님과함께면
님과함께같이산다면
저푸른 초원위에
그림같은 집을짓고
사랑하는 우리님과
한백년 살고싶어
멋쟁이 높은빌딩 으시대지만
유행따라사는것도 제멋이지만
반딧불 초가집도 님과함께면
나는 좋아 나는 좋아 님과함께면
님과함께같이산다면
저푸른 초원위에
그림같은 집을짓고
사랑하는 우리님과
한백년 살고싶어
한백년 살고싶어
한백년 살고싶어"
백화 (白花) (Narration. 손숙),"25,642",김호중,"흰 꽃이 돼버린 당신
새벽안개가 되어
그리움으로 그리움으로
나를 어루만져주네요
꿈에서만 볼 수 있는 꽃
꿈에서만 피어있는 꽃
지지 않는 간절함으로
하얗게 새버린 당신
흰 꽃이 돼버린 당신
새벽이슬이 되어
그리움으로 그리움으로
나의 맘을 적셔주네요
꿈에서만 볼 수 있는 꽃
꿈에서만 피어있는 꽃
지지 않는 간절함으로
하얗게 새버린 당신
우우우우우 우우우우우
그리움으로 그리움으로
나를 어루만져주네요
아이야 난 간절히 원했다
보라빛 세상이란 태초에 없었고
연약한 인간의 삶이란 그저
위태로운 꽃잎 같아"
정말 좋았네,347,오유진,"사랑 그 사랑이
정말 좋았네
세월 그 세월이
가는 줄도 모르고
불타던 두 가슴에
그 정을 새기면서
사랑을 주고 사랑을 받고
그 밤이 좋았네
사랑 그 사랑이
정말 좋았네
사랑 그 사랑이
정말 좋았네
이별 그 이별이
오는 줄도 모르고
푸르던 두 가슴에
참사랑 새기면서
마음을 주고 마음을 받고
그때가 좋았네
사랑 그 사랑이
정말 좋았네
정말 좋았네"
시간을 오르는 계단,553,조명섭,"시간을 오르는 계단
내 마음 설레였지
머나먼 과거로 돌아갈거야
시간을 오르는 계단
내 마음 두근거렸지
아주 먼 과거로 돌아갈거야
내 어린 시절로 가면
어머니가 들려주시던
그 자장가가 들려오고
곤히 잠든 나의 모습
그대여 그대는 잘 지내는가
또 밥은 잘 드시고 있는가
또 하는 일은 잘되고 있는가
또 잠은 잘 자고 있는가
내 어린 시절로 가면
요즘 배운 노래라며
종이 하나 손에 들고
조용히 불러줬지
자꾸만 그대가 생각이 나니
한 계단 두 계단 내려오고
시간을 오르는 계단은 내게
그 사랑 다시 안겨줬지
그 사랑 내게 소중했지"
사랑사랑사랑,"31,724",임영웅,"누구나 한번쯤은 사랑에 울고
누구나 한번쯤은 사랑에 웃고
그것이 바로 사랑 사랑 사랑이야
철부지 어렸을땐 사랑을 몰라
세월이 흘러가면 사랑을 알지
그것이 바로 사랑 사랑 사랑이야
그흔한 사랑한번 못해본 사람
그흔한 사랑 너무 많이 한 사람
그것이 바로 사랑사랑사랑이야
누구나 한번쯤은 사랑에 울고
누구나 한번쯤은 사랑에 웃고
그것이 바로 사랑 사랑 사랑이야
철부지 어렸을땐 사랑을 몰라
세월이 흘러가면 사랑을 알지
그것이 바로 사랑 사랑 사랑이야
그흔한 사랑한번 못해본 사람
그흔한 사랑 너무 많이 한 사람
그것이 바로 사랑 사랑 사랑이야
사랑에 마음아파 사랑에 울고
사랑에 기분좋아 사랑에 웃고
그것이 바로 사랑 사랑 사랑이야
그것이 바로 사랑 사랑 사랑이야"
바다에 누워,"21,071",임영웅,"나 하나의 모습으로 태어나
바다에 누워
해 저문 노을을 바라다 본다
설 익은 햇살에
젖은 파도는 눈물 인듯
씻기워 간다
일만의 눈부심이 가라앉고
밀물의 움직임 속에
뭇 별도 제각기 누워 잠잔다
마음은 물결처럼 흘러만 간다
저 바다에 누워
외로운 물새 될까
물살의 깊은 속을 항구는 알까
저 바다에 누워
외로운 물새 될까
나 하나의 모습으로 태어나
바다에 누워
해 저문 노을을 바라다 본다
설 익은 햇살에
젖은 파도는 눈물인듯
씻기워 간다
일만의 눈부심이 가라앉고
밀물의 움직임 속에
뭇 별도 제각기 누워 잠잔다
마음은 물결처럼 흘러만 간다
저 바다에 누워
외로운 물새 될까
물살의 깊은 속을 항구는 알까
저 바다에 누워
외로운 물새 될까"
지금,"1,070",박창근,"지금 지금 우리는
그 옛날의 우리가
아닌 것
분명 네가 알고 있는만큼
나도 알아
단지 지금 우리는
달라졌다고 먼저 말할
용기가 없을 뿐
아 저만치
와 있는 이별이 정녕코
무섭지는 않아
두 마음에 빛바램이
쓸쓸해 보일 뿐이지
진정 사랑했는데
우리는 왜 사랑은 왜
변해만 가는지
지금 지금 우리는
그 옛날의 열정이 아닌 것
분명 내가 알고 있는 만큼 너도 알아
단지 지금 우리는 헤어지자고
먼저 말할 자신이 없을 뿐
아 저만치 와있는 안녕이
그다지 슬프진 않아
두 가슴의 엇갈림이
허무해 보일 뿐이지
아닌 척 서로 웃으며
이젠 안녕
이젠 안녕
돌아서야지"
무조건,"3,636",나태주,"내가 필요할 땐 나를 불러줘
언제든지 달려갈게
낮에도 좋아 밤에도 좋아
언제든지 달려갈게
다른 사람들이 나를 부르면
한참을 생각해 보겠지만
당신이 나를 불러준다면
무조건 달려갈거야
당신을 향한 나의 사랑은
무조건 무조건이야
당신을 향한 나의 사랑은
특급 사랑이야
태평양을 건너 대서양을 건너
인도양을 건너서라도
당신이 부르면 달려갈 거야
무조건 달려갈거야
당신을 향한 나의 사랑은
무조건 무조건이야
당신을 향한 나의 사랑은
특급 사랑이야
태평양을 건너 대서양을 건너
인도양을 건너서라도
당신이 부르면 달려갈꺼야
무조건 달려갈꺼야
무조건 무조건이야"
신사동 그사람,757,"녹용 씨스터즈(김다현,김의영,류원정,진달래,홍지윤)","희미한 불빛 사이로
마주치는 그 눈길
피할 수 없어
나도 몰래 사랑을 느끼며
만났던 그 사람
행여 오늘도 다시 만날까
그날 밤 그 자리에 기다리는데
그 사람 오지 않고 나를 울리네
시간은 자정 넘어
새벽으로 가는데
아 그날 밤 만났던 사람
나를 잊으셨나봐
희미한 불빛 사이로
마주치는 그 눈길
피할 수 없어
나도 몰래 사랑을 느끼며
만났던 그 사람
행여 오늘도 다시 만날까
그날 밤 그 자리에 기다리는데
그 사람 오지 않고 나를 울리네
시간은 자정 넘어
새벽으로 가는데
아 그날 밤 만났던 사람
나를 잊으셨나봐
나를 잊으셨나봐"
돌아와요 부산항에,143,반가희,"꽃피는 동백섬에
봄이 왔건만
형제 떠난 부산항에
갈매기만 슬피 우네
오륙도 돌아가는 연락선마다
목메어 불러 봐도
대답 없는 내 형제여
돌아와요 부산항에
그리운 내 형제여
가고파 목이 메어
부르던 이 거리는
그리워서 헤매이던
긴긴날의 꿈이었지
언제나 말이 없는
저 물결들도
부딪혀 슬퍼하며
가는 길을 막았었지
돌아왔다 부산항에
그리운 내 형제여
오륙도 돌아가는 연락선마다
목메어 불러 봐도
대답 없는 내 형제여
돌아와요 부산항에
그리운 내 형제여
그리운 내 형제여"
백일홍,554,조명섭,"궂은비가 내려오는 님
떠난 구름산에
무성하게 자라나는
그리움 슬프구나
눈물어린 고개우에
애련한 이별가는
아지랑이 아른아른
두견새 우는소리
긴 시간을 접어두고
떠나간 그대이기에
야속한 세월속에
후회만 남기었네
다시한번 그대 손을
잡아볼 수 있다면
쓰라려진 내 가슴에
백일홍 피어나리
달빛어린 고개우에
눈물의 이별가는
반딧불이 아롱아롱
부엉새 우는 소리
긴 시간을 접어두고
떠나간 그대이기에
무심한 세월속에
후회만 남기었네
다시한번 그대 손을
잡아볼 수 있다면
쓰라려진 내 가슴에
백일홍 피어나리
다시한번 그대 이름을
불러볼 수 있다면
애달퍼진 내 가슴에
백일홍 피어나리
그대는 영원하리"
못 먹어도 GO,484,신성,"아버지 말씀 인생은 한방이다
옳으신 말씀 그대로 직진이다
언제나 어디서나 당당하게 활짝 편 어깨
뻔뻔한 태도 당돌하게 남과 다르게
Oh 비켜 비켜 비켜라
다치 다치 다칠라
앞만 보고 난 달려
Ah 난 바빠 바빠 바빠
그 누가 누가 누가
날 막아 막아 막아
난 못 먹어도 Go
얼쑤 좋다 흔들어
절쑤 좋다 Ye-oh
얼쑤 좋다 흔들어
못 먹어도 Go Go
얼쑤 좋다 흔들어
절쑤 좋다 Ye-oh
얼쑤 좋다 흔들어
못 먹어도 Go Go Go Go
아쌀하게 아쌀하게 가자고 (Alright!)
아쌀하게 아쌀하게 가자
가자 가자 못 먹어도 Go
포기란 건 배추를 셀 때나 하는 말이지
모자란 거 많아 보여도 자신감은 국대야
싹 다 내놔 싹 다 내가 먹을 테니까
비켜 비켜 비켜라
다치 다치 다칠라
앞만 보고 난 달려
Ah 난 바빠 바빠 바빠
그 누가 누가 누가
날 막아 막아 막아
난 못 먹어도 Go Go
얼쑤 좋다 흔들어
절쑤 좋다 Ye-oh
얼쑤 좋다 흔들어
못 먹어도 Go Go
얼쑤 좋다 흔들어
절쑤 좋다 Ye-oh
얼쑤 좋다 흔들어
못 먹어도 Go Go Go Go
아쌀하게 아쌀하게 가자고 (Alright!)
아쌀하게 아쌀하게 가자
가자고 못 먹어도 Go
비틀비틀 걷더라도
멈추지는 않을 테니까
계속 빙글빙글 도는 세상에
날 다 걸어볼게
자 드가자!
얼쑤 좋다 흔들어
절쑤 좋다 Ye-oh
얼쑤 좋다 흔들어
못 먹어도 Go Go
얼쑤 좋다 흔들어
절쑤 좋다 Ye-oh
얼쑤 좋다 흔들어
못 먹어도 Go Go Go Go
아쌀하게 아쌀하게 가자고 (Alright!)
아쌀하게 아쌀하게
누가 뭐라 해도 뭐라 해도
난 못 먹어도 Go"
소녀와 가로등,401,진미령,"조용한 밤이었어요
너무나 조용했어요
창가에 소녀 혼자서
외로이 서있었지요
밤 하늘 바라보았죠
별 하나 없는 하늘을
그리곤 울어버렸죠
아무도 모르게요
창 밖에 가로등불은
내 맘을 알고있을까
괜시리 슬퍼지는 이 밤에
창백한 가로등만이
소녀를 달래주네요
조용한 이 밤에
슬픔에 지친 소녀를
살며시 달래주네요

창 밖에 가로등불은
내 맘을 알고있을까
괜시리 슬퍼지는 이 밤에
창백한 가로등만이
소녀를 달래주네요
조용한 이 밤에
슬픔에 지친 소녀를
살며시 달래주네요"
"미안해, 사랑해, 고마워","2,027",손태진,"참 많이 싸웠소
우리 만남을 어찌 하오

늘 함께 할 줄 알고
못 해준 것을 용서하오

이제 와 당신이 없는
내 인생이 무슨 의미가 있겠소

정말 미안하오 한 번도
잘해주지 못 한 것 같아

그저 앞만 보고 달려온 탓에
내가 정말 무심했구려

용서하오 이 못난 사람을
그래도 내 마음만은 알아주오

정말 미안하오 한 번도
잘해주지 못 한 것 같아

그저 앞만 보고 달려온 탓에
내가 정말 무심했구려

용서하오 이 못난 사람을
그래도 내 마음만은 알아주오

사랑하오 이 못난 사람을
그래도 내 마음만은 알아주오"
부끄부끄,"1,392",윙크,"부끄 부끄 부끄 부끄 부끄러워요
부끄 부끄 부끄 부끄 부끄
honey honey
부끄 부끄 부끄 부끄 부끄러워요
부끄 부끄 부끄 부끄 부끄러워
Honey honey 날 좋아허니
왜 자꾸 자꾸 느끼하게 바라보니
너무 뜨거워 앗 뜨거 녹아 내리잖아
Honey honey 날 사랑허니
왜 자꾸 자꾸 원하는게 많아지니
살짝 겁이 나 여자맘이 이런거잖아
겉으론 새침해 보여도
가슴은 두근두근
쿨하게 보여도 사실은
수줍은 여자랍니다
그렇게 쳐다보면 부끄러워요
슬며시 손 잡으면 부끄러워
갑자기 입 맞추면 부끄러워요
더 많이 원하시면 부끄러워
부끄 부끄 부끄 부끄 부끄러워요
부끄 부끄 부끄 부끄 부끄
honey honey
부끄 부끄 부끄 부끄 부끄러워요
부끄 부끄 부끄 부끄 부끄러워
Honey honey 날 좋아허니
왜 자꾸 자꾸 느끼하게 바라보니
너무 뜨거워 앗 뜨거 녹아 내리잖아
Honey honey 날 사랑허니
왜 자꾸 자꾸 원하는게 많아지니
살짝 겁이 나 여자맘이 이런거잖아
겉으론 새침해 보여도
가슴은 두근두근
쿨하게 보여도 사실은
수줍은 여자랍니다
그렇게 쳐다보면 부끄러워요
슬며시 손 잡으면 부끄러워
갑자기 입 맞추면 부끄러워요
더 많이 원하시면 부끄러워
부끄 부끄 부끄 부끄 부끄러워요
부끄 부끄 부끄 부끄 부끄
honey honey
부끄 부끄 부끄 부끄 부끄러워요
부끄 부끄 부끄 부끄 부끄러워"
약손,"2,027",정다경,"엄마 손은 약손
니 배는 똥배
엄마 손은 약손
다경이 배는 똥배
세상에 다친 맘
낫는 약이 없을까
고단한 마음을
감출 길이 없구나
어릴 적 어미품
배를 어루만지시던
약보다 따뜻한
그 손길이 생각난다
나아라 나아라
울 아가 울지 마라
나아라 나아라
세상에 지지마라
엄마 손은 약손
울 아가 배는 똥배
엄마 손은 약손
울 아가 배는 똥배
나아라 나아라
울 아가 울지 마라
나아라 나아라
세상에 지지마라
나아라
나아라 나아라
울 아가 울지 마라
나아라 나아라
세상에 지지마라
엄마 손은 약손
울 아가 배는 똥배
엄마 손은 약손
울 아가 배는 똥배
울 아가 배는 똥배"
첫차,735,추혁진,"새벽안개 헤치며 달려가는
첫차에 몸을 싣고 꿈도 싣고
내마음 모두 싣고 떠나갑니다
당신을 멀리 멀리
이루지 못할 사랑이라면
내가 먼저 떠나가야지
꿈 같은 세월 짧았던 행복
생각이 나겠지만
아쉬운 정도
아쉬운 미련도
모두 다 잊겠어요
새벽안개 헤치며 달려가는
첫차에 몸을 싣고 꿈도 싣고
내마음 모두 싣고 떠나갑니다
당신을 멀리 멀리
이루지 못할 사랑이라면
내가 먼저 떠나가야지
꿈 같은 세월 짧았던 행복
생각이 나겠지만
아쉬운 정도 아쉬운 미련도
모두 다 잊겠어요
새벽안개 헤치며 달려가는
첫차에 몸을 싣고 꿈도 싣고
내마음 모두 싣고 떠나갑니다
당신을 멀리 멀리
당신을 멀리 멀리"
흥얼흥얼,"11,049",임영웅,"어제도 흥얼 오늘도 흥얼
내일도 흥얼흥얼
언제나 어디서나 흥얼흥얼
아는 노래 모르는 노래 나오는 대로
음정이 틀려도 박자가 틀려도
흥얼흥얼 부르면 나는 가수야
실없어 보여도 누가 뭐라 해도
흥얼흥얼 흥얼거린다
어제도 흥얼 오늘도 흥얼
내일도 흥얼흥얼
슬픈 날도 힘든 날도 흥얼흥얼
기쁜 노래 즐거운 노래 신나는 노래
리듬에 맞춰서 어깨를 흔들며
흥얼흥얼 부르면 세상이 내 것
실없어 보여도 누가 뭐라 해도
흥얼흥얼 흥얼거린다
어제도 흥얼 오늘도 흥얼
내일도 흥얼흥얼
실없어 보여도 누가 뭐라 해도
흥얼흥얼 흥얼거린다
어제도 흥얼 오늘도 흥얼
내일도 흥얼흥얼
내일도 흥얼흥얼"
내사랑 울보,"1,896",손태진,"그 고운 두 눈에 눈물이 고여요
그 무슨 슬픔이 있었길래 울고 있나요

내 앞에서만은 눈물은 싫어요
당신의 그런 모습을 보니 내 맘이 아파요

내 사랑으로 당신에 아픔 감싸줄게요
이 두 손으로 당신의 눈물 닦아줄게요

내 당신만을 변함없이 사랑하고 있어요
당신의 슬픔 나의 슬픔이니 우리 함께 나눠요

내 사랑으로 당신의 아픔 감싸줄게요
이 두 손으로 당신의 눈물 닦아줄게요

내 당신만을 변함없이 사랑하고 있어요
당신의 슬픔 나의 슬픔이니 우리 함께 나눠요

이제는 웃어요 그리고 날 봐요
당신의 웃는 모습을 보니 내 맘이 흐뭇해

지나간 괴로움 모두 다 잊고서
당신과 나의 영원한 꿈을 이제는 꾸어요
당신과 나의 영원한 꿈을 이제는 꾸어요
당신과 나의 영원한 꿈을 이제는 꾸어요
당신과 나의 영원한 꿈을 이제는 꾸어요"
징글벨,"2,530",손태진,"징글 징글벨
징글 징글벨
징글 징글벨

흰 눈 사이로 (흰 눈 사이로)
썰매를 타고 (썰매 타고)
달리는 기분 (달려)
상쾌도 하다 (상쾌해)

종이 울려서
장단 맞추니
흥겨워서 소리 높여 노래 부르자

Jingle Bells Jingle Bells Jingle all the way
우리 썰매 빨리 달려 종소리 울려라
종소리 울려라 종소리 울려
기쁜 노래 부르면서 빨리 달리자

흰 눈 사이로
썰매를 타고
달리는 기분
상쾌도 하다

종이 울려서
장단 맞추니
흥겨워서 소리 높여 노래 부르자

Jingle Bells Jingle Bells Jingle all the way
우리 썰매 빨리 달려 종소리 울려라
종소리 울려라 종소리 울려
기쁜 노래 부르면서 빨리 달리자

One Two, One Two Three Four

빠빠빠 빨리 빠빠빠 빨리 빠빠빠 빨리 빨리

Jingle Bells Jingle Jingle Bells Jingle all the way
우리 썰매 빨리 달려 종소리 울려라
종소리 울려 종소리 종종 종소리 울려
기쁜 노래 부르면서 빨리 달리자

Jingle Bells Jingle Jingle Bells Jingle all the way
우리 썰매 빨리 달려 종소리 울려라
종소리 울려 종소리 종종 종소리 울려
기쁜 노래 부르면서 빨리 달리자
기쁜 노래 부르면서 빨리 달리자
기쁜 노래 부르면서 빨 리 달 리 자

메리 크리스마스"
빈손,74,진성,"검은 머리 하늘 닿는
아 잘난 사람아
이 넓은 땅이
보이지 않더냐
검은 머리 땅을 닿는
아 못난 사람아
저 푸른 하늘
보이지 않더냐
있다고 잘났고
없다고 못나도
돌아갈 땐
빈손인 것을
호탕하게
원 없이 웃다가
으랏차차
세월을 넘기며
구름처럼
흘러들 가게나
검은 머리 하늘 닿는
아 잘난 사람아
이 넓은 땅이
보이지 않더냐
검은 머리 땅을 닿는
아 못난 사람아
저 푸른 하늘
보이지 않더냐
있다고 잘났고
없다고 못나도
돌아갈 땐
빈손인 것을
호탕하게
원 없이 웃다가
으랏차차
세월을 넘기며
구름처럼
흘러들 가게나"
엄니,280,정다한,"엄니 엄니 워째서 울어쌌소
나 여그 있는디 왜 운당가
엄니 엄니 뭐 땀시 날 낳았소
한 많은 이 세상 어째 낳았소
들리지라우 엄니 들리지라우 엄니
인자 그만 울지 마시오
엄니 엄니 워째서 불러쌌소
눈앞에 나 있는디 어째 날 찾소
엄니 엄니 무등산 꽃 피거든
한 아름 망월동에 심어주소
들리지라우 엄니 들리지라우 엄니
인자 그만 울지 마시오
엄니 엄니 워째서 잠 못 자요
잠자야 꿈속에서 날 만나제
엄니 엄니 나 잠들고 싶은디
잠들게 자장가나 불러주소
들리지라우 엄니 들리지라우 엄니
인자 그만 울지 마시오
들리지라우 엄니 들리지라우 엄니
인자 그만 울지 마시오
인자 그만 울지 마시오
인자 그만 울지 말랑께"
남자의 자유 여자의 의무,138,금잔디,"아 떠나가 버려라 없던 것처럼
다시는 내게 버려진 내게 오지를 말아라
길어봐야 몇 달 아니 며칠이면서
정주는 것이 남자의 자유냐

반은 잠들고 깨어있는 반은 취해서
아 아 새벽 두 시를 넘어가고 있는데
가거라 세월 가거라 사랑
이젠 잡지도 않아 부질없이 울지도 않아요

아 잊어버리거라 없던 것처럼
다시는 나를 남겨진 나를 생각도 말아라
가고 나면 몇 달 아니 몇 년 동안
그리운 것이 여자의 의무냐

반은 잠들고 깨어있는 반은 취해서
아 아 새벽 찬바람 맞고 가고 있는데
가거라 세월 가거라 사랑
이젠 잡지도 않아 부질없이 울지도 않아요

반은 잠들고 깨어있는 반은 취해서
아 아 새벽 두 시를 넘어가고 있는데
가거라 세월 가거라 사랑
이젠 잡지도 않아 부질없이 울지도 않아요
부질없어 울지도 않아요"
빵빵하게 살아보세,474,김다현,"빵빵하게 살아보세
빵빠라 빵빵빵 빵빠라 빵빵빵
빵빵하게 살아보세
빵빠라 빵빵빵 빵빠라 빵빵빵
돈도 빵빵 운도 빵빵
빵빵하게 살아보세
인생살이 별거 더냐
세상만사 별거 없다
천국이 따로 있나
배부르고 등 따시면
그게 바로 천국일세
빵빵하게 살아보세
우리 모두 살아보세
빵빠라 빵빵빵빠라빵빵
빵빠라 빵빵빵빵빵
빵빵하게 살아보세
빵빵하게 살아보세
빵빵하게 살아보세
빵빠라 빵빵빵 빵빠라 빵빵빵
빵빵하게 살아보세
빵빠라 빵빵빵 빵빠라 빵빵빵
된다 된다 된다 된다
빵빵하게 잘될거다
인생살이 별거 더냐
세상만사 별거 없다
천국이 따로 있나
배부르고 등 따시면
그게 바로 천국일세
빵빵하게 살아보세
우리 모두 살아보세
빵빠라 빵빵빵빠라빵빵
빵빠라 빵빵빵빵빵
빵빵하게 살아보세
빵빵하게 살아보세
빵빠라 빵빵빵빠라빵빵
빵빠라 빵빵빵빵빵
빵빵하게 살아보세
우리 모두 살아보세
빵빵하게 살아보세"
행복한가요,131,성리,"바람이 불면 생각나는
행복한 그 시간을 나는 기억해

소중한 우리 사랑 함께한
무엇을 준다해도 바꿀 수 없어

행복한가요 지금 이 순간
내 맘을 가진 그대

이게 꿈이 아닐까 생각해봐도
우리의 행복한 시간

함께한 그대 가지말아요
나의 사랑아

우리가 지나온 추억을 생각했나요
행복한가요 지금 이 순간
우리 사랑이 꿈이 아니길 바래요



행복한가요 지금 이 순간
내 맘을 가진 그대

이게 꿈이 아닐까 생각해봐도
우리의 행복한 시간

함께한 그대 가지말아요
나의 사랑아

우리가 지나온 추억을 생각했나요
행복한가요 지금 이순간
우리 사랑이 꿈이 아니길 바래요

함께한 그대 가지말아요
나의 사랑아

우리가 지나온 추억을 생각했나요
행복한가요 지금 이순간
우리 사랑이 꿈이 아니길 바래요

꿈이 아니길"
꿈의 대화,"1,831",이범용,"땅거미 내려 앉아
어두운 거리에
가만히 너에게
나의 꿈 들려주네

조용한 호수가에
아무도 없는 곳에
우리의 나무집을
둘이서 짓는다
흰눈이 온 세상을
깨끗이 덮으면
작은 불 피워놓고
사랑을 하리라
네가 제일 좋아하는
별들이 불밝히리
네가 제일 좋아하는
창가에 마주 앉아
따뜻이 서로의 빈곳을 채우리
내 눈에 반짝이는
별빛을 헤리라
외로움이 없단다
우리들의 꿈 속에
서러움도 없어라
너와 나의 눈빛엔
마음 깊은 곳에서
우리 함께 나누자
너와 나만의 꿈의 대화를
외로움이 없단다
우리들의 꿈 속에
서러움도 없어라
너와 나의 눈빛엔
마음 깊은 곳에서
우리 함께 나누자
너와 나
너와 나만의 꿈의 대화를"
카스바의 여인,704,윤희상,"담배연기 희미하게
자욱한 카스바에서
이름마져 잊은채
나이마져 잊은채
춤추는 슬픈 여인아
그날 그카스바에
그날 그자리에서
처음만나 사랑을 하고
낮설은 내가슴에 슬어져
한없이 울던 그사람
오늘밤도 눈물에 졌어
춤추는 카스바에 여인

외로움 달래려고
찾아온 카스바에서
어디에서 본듯한
한번쯤은 만난듯한
춤추는 설픈여인아
그날 그 카스바에
그날 그 자리에서
처음 만나 사랑을 하고
낮설을 내가슴에 슬어져
한없이 울던 그사람
오늘밤도 눈물에 졌어
춤추는 카스바에 여인"
소중한 사랑,89,소명,"눈물이 날 만큼 찡했던 사랑
안타까운 나의 사랑아
그대 주고 간 그 눈빛 때문에
내 입술이 타 들어가요
꽃을 보아도 별을 달을 보아도
잊을 수가 없는 사랑아
그대의 모습 숨소리 까지
영혼까지 사랑했었다
행복한 시간 물으면
그대를 사랑한 시간
이 세상 그 무엇과도
바꿀 수 없는 내 사랑
우리 영원히 둘이서 가요
내 맘을 다 드릴게요
그대만 나를 가져가세요
소중한 나의 사랑아
행복한 시간 물으면
그대를 사랑한 시간
이 세상 그 무엇과도
바꿀 수 없는 내 사랑
우리 영원히 둘이서 가요
내 맘을 다 드릴께요
그대만 나를 가져가세요
소중한 나의 사랑아
그대만 나를 가져가세요
소중한 나의 사랑아"
최고다 당신,"1,060",김혜연,"당신이 최고랍니다
남자는 남자는요 너무나도
바보랍니다 당신이 없으면
당신이 없으면 아무것도
못한답니다 좋아하냐고
물어보지 마세요 쑥쓰러워
말 못합니다
잘나고 못나고 있고 없고
사랑하면 그만이지
첫번째도 당신 두번째도 당신 아
나에게는 당신이뿐이랍니다
당신이 최고랍니다
여자는 여자는요 너무나도
바보랍니다 사랑한다고
말 안해주면 아무것도 모른답니다
좋아하냐고
물어보지 마세요 부끄러워
말 못합니다
잘나고 못나고 있고 없고
중요하지 않아요
첫번째도 당신 두번째도 당신 아
나에게는 당신이 최고랍니다
당신이 최고랍니다"
더하기 곱하기,381,강문경,"우연을 핑계로 인연을 핑계로
너를 만나 사랑했는데
어떻게 얼마나 사랑했는지
나에게 묻지마라
내 나이 니 나이 더한것보다
니 나이 내 나이 곱한것보다
더 많이 사랑한다 말은 안해도
더 많이 보고싶다 표현못해도
또 다른 사랑이 어디있겠니
나에겐 너뿐이란다
우연을 핑계로 인연을 핑계로
너를 만나 사랑했는데
어떻게 얼마나 사랑했는지
나에게 묻지마라
내 나이 니 나이 더한것보다
니 나이 내 나이 곱한것보다
더 많이 사랑한다 말은 안해도
더 많이 보고싶다 표현 못해도
또 다른 사랑이 어디있겠니
나에겐 너뿐이란다
또 다른 사랑이 어디있겠니
나에겐 너뿐이란다
너 하나만 사랑 한단다"
공,"7,748",이찬원,"살다보면 알게 돼
일러주진 않아도
너나 나나 모두 다
어리석다는 것을
살다보면 알게 돼
알면 웃음이 나지
우리 모두 얼마나
바보처럼 사는지
잠시 왔다가는 인생
잠시 머물다 갈 세상
백년도 힘든것을
천년을 살것처럼
살다보면 알게 돼
버린다는 의미를
내가 가진 것들이 모두 부질 없단 것을
띠리 띠리띠리리리 띠 띠리띠 띠리
띠리 띠리띠리리리
띠 리띠리 띠디디
살다보면 알게 돼
알고싶지 않아도
너나 나나 모두 다
미련하다는 것을
살다보면 알게 돼
알면 이미 늦어도
그런대로 살만한 세상이라는 것을
잠시 스쳐가는 청춘
훌쩍 가버린 세월
백년도 힘든 것을
천년을 살것 처럼
살다보면 알게 돼
비운다는 의미를
내가 가진 것들이
모두 꿈이였다는 것을
모두 꿈이였다는 것을
띠리 띠리띠리리 띠 띠리리리리
띠리 띠리띠리띠리
띠리리 리리리리리"
여자이니까 (with 잔나비 최정훈),558,심수봉,"사랑한다 말할까
좋아한다 말할까

아니야 아니야
말 못 해

나는
남자이니까

만나자고 말할까
조용한 찻집에서

아니야 아니야
난 싫어

나는
남자이니까

사랑한단 말 대신에
웃음을 보였는데

모르는 체하는 당신
미워 정말 미워

미워한다 말할까
싫어한다 말할까

아니야 아니야
말 못 해


당신
사랑하니까


사랑한다 말할까
좋아한다 말할까

아니야 아니야
난 싫어

나는
여자이니까

사랑한단 말 대신에
웃음을 보였는데

모르는 체하는 당신
미워 정말 미워

미워한다 말할까
싫어한다 말할까

아니야 아니야
말 못 해

당신
사랑하니까

당신
사랑하니까

당신
사랑하니까"
그대,554,조명섭,"보고파도 볼 수 없는 그 사람
내 마음에 고이 간직된 그 사람
아픈 가슴에 안긴 따스한 그 손길로
다독여주신 그 사랑 고마웠어요
바라봐도 알 수 없는 저 하늘
반짝이는 많은 별들은 내 맘처럼
아픈 마음 달래며 살아서 빛나겠고
흘러가는 물결처럼 흩어졌지요
그대 라는 두 글자가 너무 아파서
한통의 편지라도 보내기 어려워서
망설이며 떨리는 손가락을 바라보는
내 두 눈엔 정말 그리움 넘쳐흘러요
보고파도 볼 수 없는 그 사람
내 마음에 고이 간직된 그 사람
아픈 가슴에 안긴 따스한 그 손길로
다독여주신 그 사랑 고마웠어요
바라봐도 알 수 없는 저 하늘
반짝이는 많은 별들은 내 맘처럼
아픈 마음 달래며 살아서 빛나겠고
흘러가는 물결처럼 흩어졌지요
그대 라는 두 글자가 너무 아파서
한통의 편지라도 보내기 어려워서
망설이며 떨리는 손가락을 바라보는
내 두 눈엔 정말 그리움 넘쳐흘러요
그대 라는 두 글자가 너무 아파서
한통의 편지라도 보내기 어려워서
망설이며 떨리는 손가락을 바라보는
내 두 눈엔 정말 그리움 넘쳐흘러요
내 두 눈엔 정말 그리움 넘쳐흘러요"
눈물때문에 (Cover Ver.),78,강문경,"말없이 고개 숙인 너 울고 있는 건가요
눈물이 마르기 전에
나는 나는 떠나렵니다
웃으며 보내 줄 순 없나요
가슴에 남겨둔 채로
당신의 눈물 눈물 때문에
나는 떠날수 없어요
우 우 울지 마세요
하염없이 흘러내리는 눈물
나는 나는 못 떠납니다
말없이 고개 숙인 너 울고 있는 건가요
눈물이 마르기 전에
나는 나는 떠나렵니다
웃으며 보내 줄 순 없나요
가슴에 남겨둔 채로
당신의 눈물 눈물
때문에 나는 떠날 수 없어요
우 우 울지 울지 마세요
하염없이 흘러내리는 눈물
나는 나는 못 떠납니다
하염없이 흘러내리는 눈물
나는 나는 못떠납니다"
타임머신,"3,124",장민호,"나에게는 타임머신 있지
신비한 시간여행하는
꿈속에서 선물 주고 가셨지
그동안 고생했노라고
철모를 때 첫사랑 만나서
데이트하고
집안 형편 어려워 못다 한
공부 더 하고
하고 싶고 갖고 싶고
보고 싶었던 그 모든 것
이젠 다 이룰 수 있지
나에게는 타임머신 있지
오늘 밤 출발한다네
나에게는 타임머신 있지
하룻밤 과거로 떠나는
꿈속에서 남겨주고 가셨지
욕심 없이 잘 살았노라고
남모르게 키워온 꿈들도
다시금 꾸고
보란 듯이 성공해
폼 나게 살아도 보고
못난 아들 걱정하며
눈 감으신 우리 어머니
이제는 만날 수 있지
하지만 여우 같은 마누라
토끼 같은 자식 눈에 밟혀
강물에다 던져 버렸지
이런 게 인생인가 봐
이것이 인생인가 봐"
바보같지만,224,강훈,"당신 미워할 수 없는 사랑
내 가슴에 간직한 사랑
햇살처럼 너의 기억을 등에 지고
난 살아갈 테야
가슴이 아파도 울지 않아요
눈물이 흘러도 닦지 않아요
내 가는 길엔 언제나 당신이
그림자 되어 남아 있을 테니까
바보 같지만 바보 같지만
그래도 난 널 사랑하는 걸
바보 같지만 바보 같지만
그래도 난 널 사랑하는 걸
비가 오면 오는 대로
눈이 오면 오는 대로
그렇게 그렇게 살아갈 테야
가슴이 아파도 울지 않아요
눈물이 흘러도 닦지 않아요
내 가는 길엔 언제나 당신이
그림자 되어 남아 있을 테니까
바보 같지만
바보 같지만 바보 같지만
그래도 난 널 사랑하는 걸
바보 같지만 바보 같지만
그래도 난 널 사랑하는 걸
비가 오면 오는 대로
눈이 오면 오는 대로
그렇게 그렇게 살아갈 테야
그렇게 그렇게 살아갈 테야"
열애,376,김용필,"처음엔 마음을 스치며
지나가는 타인처럼 흩어지는
바람인 줄 알았는데
앉으나 서나
끊임없이 솟아나는
그대 향한 그리움
그대의 그림자에 쌓여
이 한 세월 그대와 함께 하나니
그대의 가슴에 나는
꽃처럼 영롱한
별처럼 찬란한
진주가 되리라
그리고 이 생명 다하도록
이 생명 다하도록
뜨거운 마음속 불꽃을 피우리라
태워도 태워도 재가 되지 않는
진주처럼 영롱한 사랑을 피우리라
그리고 이 생명 다하도록
이 생명 다하도록
뜨거운 마음속 불꽃을 피우리라
태워도 태워도 재가 되지 않는
진주처럼 영롱한 사랑을 피우리라
사랑을 피우리라"
고개타령,292,김태연,"고개 고개 넘어 간다.
인생고개 넘어 간다.
사랑 사랑 사랑고개 님과함께 넘어간다.
하루 하루 한 고개 자고나면 또 한 고개
쓴맛단맛 눈물고개 세월고개 넘어간다.
아리 아리 아플때도 쓰리쓰리 슬플때도
사랑하며 넘는 고개 아리랑고개
앞서거니 뒷서거니 쓰리랑고개
넘어간다 넘어간다 인생 열두 고갯길
고개 고개 넘어 간다.
인생고개 넘어 간다.
사랑 사랑 사랑고개 님과함께 넘어간다.
하루 하루 한 고개 자고나면 또 한 고개
쓴맛단맛 눈물고개 세월고개 넘어간다.
아리 아리 아플때도 쓰리쓰리 슬플때도
사랑하며 넘는 고개 아리랑고개
앞서거니 뒷서거니 쓰리랑고개
넘어간다 넘어간다 인생 열두 고갯길
아리 아리 아플때도 쓰리쓰리 슬플때도
사랑하며 넘는 고개 아리랑고개
앞서거니 뒷서거니 쓰리랑고개
넘어간다 넘어간다 인생 열두 고갯길"
삼세판 (Prod.영탁),"2,631",삼총사,"One, Two, Three (oh)

인생의 세 번의 기회가 온대
나는 그 말을 믿네
넌 어때

이번이 마지막 기회이기에
난 걸어보려 해
내 전부를

시도 때도 없이 타올라
말해 뭐해

Let me be your man
내가 가질 수 있게
Let me be your man
그 나날이 꼭 오도록
Let me be your man
다다를 수 있게
우릴 위해 랄랄라 랄랄라 노래 부르세
Let me be your man


하나 둘 삼(oh)

인생은 삼세판이라던데
난 세 번을 썼네
어? 보너스~

깨지고 넘어져도 봤기에
난 일어서려 해
뭐 어때(yeah)

내 인생의 보너스 찬스
한 번 더해
두 번 더해
세 번 더해

Let me be your man
내가 가질 수 있게
Let me be your man
그 나날이 꼭 오도록
Let me be your man
다다를 수 있게
우릴 위해 랄랄라 랄랄라 노래 부르세

Let me be your man
내가 가질 수 있게
Let me be your man
그 나날이 꼭 오도록
Let me be your man
다다를 수 있게
우릴 위해 랄랄라 랄랄라 노래 부르세

랄랄라 랄랄라 노래 부르세
Let me be your man"
따라부어 마셔라,28,후니용이,"더러운 이 세상도 술 잔에 가득히
가슴 앓이 사랑도 술 잔에 가득히
따라 부어 마셔도 바뀌지 않는 건
내일 다시 내가 마주할 현실

차라리 이 순간 술 한 잔 처럼 모두 털 수만 있다면
이렇게 치열하게 살진 않을텐데

따라부어 마셔라 술 잔에 가득히 채워라 따라라라라
지지않아 한번 보여주마 내가 세상에 태어난 이유
털어버려 마셔라 술 잔에 가득히 채워라 따라라라라
바보처럼 더는 살지 않아 술 한 잔에 모두 던져버려


칠흑 같은 과거도 술 잔에 가득히
날 붙잡는 미련도 술 잔에 가득히
따라부어 마셔도 바뀌지 않는 건
마지막엔 내가 웃는단 사실

차라리 이 순간 술 한 잔 처럼 모두 털 수만 있다면
이렇게 치열하게 살진 않을텐데

따라부어 마셔라 술 잔에 가득히 채워라 따라라라라
지지않아 한번 보여주마 내가 세상에 태어난 이유
털어버려 마셔라 술 잔에 가득히 채워라 따라라라라
바보처럼 더는 살지 않아 술 한 잔에 모두 던져버려

이 세상아 내가 보여주마 오늘은 다 술 한 잔에 버려"
대전 블루스,606,조용필,"잘 있거라 나는 간다
이별의 말도 없이
떠나가는 새벽열차
대전발 영시 오십분
세상은 잠이 들어 고요한 이밤
나만이 소리치며 울줄이야
아 붙잡아도 뿌리치는
목포행 완행열차
기적소리 슬피우는
눈물의 플랫폼
무정하게 떠나가는
대전발 영시 오십분
영원히 변치 말자 맹세했건만
눈물로 헤어지는 쓰린 심정
아 보슬비에 젖어가는
목포행 완행열차"
미안 미안해,752,태진아,"미안 미안해 미안 미안해
너를 두고 여기 떠나려니 미안해
아름답던 시절 행복했던 추억 이젠 모두 끝이야
추억속에 앉아 혼자 울지말고 어서 빨리 일어나
행복찾아서 꿈을 찾아서 저 멀리 떠나야해
나는 너를 사랑했지만 이제는 싫어
나는 너를 좋아했지만 이제는 싫어
바람따라 구름따라 나는 갈테야
미안 미안해 미안 미안해
너를 두고 여기 떠나려니 미안해

미안 미안해 미안 미안해
너를 두고 여기 떠나려니 미안해
아름답던 시절 행복했던 추억 이젠 모두 끝이야
추억속에 앉아 혼자 울지말고 어서 빨리 일어나
행복찾아서 꿈을 찾아서 저 멀리 떠나야해
나는 너를 사랑했지만 이제는 싫어
나는 너를 좋아했지만 이제는 싫어
바람따라 구름따라 나는 갈테야
미안 미안해 미안 미안해
너를 두고 여기 떠나려니 미안해"
정거장,435,김수희,"떠나가면 눈물을 짓고
돌아오면 미소를 짓는
바람처럼 스쳐 가는
수많은 얼굴
안녕이라는 인사를 하며
다시 올 날 재회를 두고
연기처럼 사라지는
먼 기적소리
정거장 이곳은
너와 나의 인생이 있는 곳
여자 여자 여자인
내가 기다려야지

떠나가는 사람들마다
돌아오는 사람들마다
오고가는 사람마다
수많은 사연
사랑한다는 그 말을 두고
다시 온다는 약속을 두고
바람결에 흩어지는
먼 기적소리
정거장 이곳은
너와 나의 인생이 있는 곳
여자 여자 여자인 내가
기다려야지"
여심,255,최진희,"텅빈 가슴이 싫어요
뭔가 한아름 채워주어요
체념을 하려 했지만
그건 생각뿐이었어요
나를 울리지 말아요
사랑한것도 죄인가요
후회는 하지 않아요
행복했으니까요
그러나 지난시절
뒤돌아 볼 때마다
풀꽃이 비에 젖듯
눈시울이 젖어와요
제발 돌아와 주어요
밤이 너무나 무서워요
그러나 멈추었던 사랑
시작하고 싶어요

그러나 지난 시절
뒤돌아 볼 때마다
풀꽃이 비에 젖듯
눈시울이 젖어와요
제발 돌아와 주어요
밤이 너무나 무서워요
그러나 멈추었던 사랑
시작하고 싶어요"
검정고무신,480,금잔디,"어머님 따라 고무신 사러가면
멍멍개가 해를 쫓던 날
길가에 민들레 머리 풀어 흔들면
내 마음도 따라 나간다
잃어버릴라 닳아질세라
애가 타던 우리 어머니
꿈에서 깨어보니 아무도 없구나
세월만 휭휭
검정 고무신 우리 어머니
보리쌀 한 말 이고 장에 가면
사오려나 검정고무신
밤이면 밤마다 머리맡에 두고
고이 포개서 잠이 들었네
잃어버릴라 닳아질세라
애가 타던 우리 어머니
꿈에서 깨어보니 아무도 없구나
세월만 휭휭
검정 고무신 우리 어머니"
가슴 아프게,"1,153",정다경,"당신과 나 사이에
저 바다가 없었다면
쓰라린 이별만은 없었을 것을
해 저문 부두에서
떠나가는 연락선을
가슴 아프게 가슴 아프게
바라보지 않았으리
갈매기도 내 마음 같이 목메어 운다
당신과 나 사이에
연락선이 없었다면
날 두고 떠나지는 않았을 것을
아득히 바다멀리
떠나가는 연락선을
가슴 아프게 가슴 아프게
바라보지 않았으리
갈매기도 내 마음 같이 목메어 운다
목메어 운다"
윤중로 연가,188,주현미,"흐드러진 벚꽃 바람에 휘날려
온 세상 하얗게 물들인 사월의 그 밤
당신과 단 둘이서 꿈결 마냥
이 꽃 길 속을 걸었었지
꽃이 지는날 그대는 떠나가고
내겐 아픔만 남겨두고
가버린 사랑이여
아아 오늘도 눈처럼 휘휘 날린다
이제는 추억이 된 사랑이여
바람부는 거리 가로등 외로워
아련히 꽃 비만 나리는 윤중로의 밤
당신의 웃음소리 꿈결마냥
내 가슴속을 적시는데
꽃이 진다고 그대가 잊혀질까
내겐 슬픔만 남겨놓은
야속한 사람이여
아아 오늘도 꽃비는 휘휘 날린다
이제는 추억의 윤중로에서
이제는 추억이 된 사랑이여"
고추잠자리,"1,096",조용필,"아마 나는 아직은
어린가봐 그런가봐
엄마야 나는 왜
자꾸만 기다리지
엄마야 나는 왜
갑자기 보고싶지
아마 나는 아직은
어린가봐 그런가봐
엄마야 나는 왜
자꾸만 슬퍼지지
엄마야 나는 왜
갑자기 울고싶지
가을빛 물든 언덕에
들꽃 따러 왔다가 잠든 나

엄마야 나는 어디로 가는걸까
외로움 젖은 마음으로
하늘을 보면
흰 구름만 흘러가고
나는 어지러워
어지럼 뱅뱅 날아가는
고추잠자리
아마 나는 아직은
어린가봐 그런가봐
엄마야 나는 왜
자꾸만 기다리지
엄마야 나는 왜
갑자기 보고싶지

랄라라 랄라라
랄라라 라라라라
랄라라 랄라라
랄라라 라라라라
가을빛 물든 언덕에
들꽃 따러 왔다가 잠든 나

엄마야 나는 어디로 가는걸까
외로움 젖은 마음으로
하늘을 보면
흰 구름만 흘러가고
나는 어지러워
어지럼 뱅뱅 날아가는
고추잠자리
아마 나는 아직은
어린가봐 그런가봐
엄마야 나는 왜
자꾸만 기다리지
엄마야 나는 왜
갑자기 보고싶지"
추억속으로,428,설운도,"야외전축 틀어놓고 너와 내가
밤새도록 춤을 추던 그 시절
달래머리 단발머리 몽땅치마
휘날리며 주름잡던 그 시절
그 모든 남자 친구들
그 모든 여자 친구들
오늘 따라 너무나 보고싶네
가끔식 생각나는
그리운 친구들
지금은 무엇을 할까
아직도 그때처럼
철없던 모습으로
멋지게 살아가고 있을까
야외전축 틀어놓고 너와 내가
밤새도록 춤을 추던 그 시절
달래머리 단발머리 몽땅치마
휘날리며 주름잡던 그 시절
그 모든 남자 친구들
그 모든 여자 친구들
오늘 따라 너무나 보고싶네
뒷 동산에 올라가 너와 내가
밤새도록 춤을 추던 그 시절
꽃 반지를 살짝 끼워주며
첫 사랑을 고백하던 그 시절
그 모든 남자 친구들
그 모든 여자 친구들
오늘따라 자꾸만 생각나네
가끔씩 생각나는
그리운 친구들
지금은 무엇을 할까
아직도 그때처럼
철없는 모습으로
멋지게 살아가고 있을까
뒷 동산에 올라가 너와 내가
밤새도록 춤을 추던 그 시절
꽃 반지를 살짝 끼워주며
첫 사랑을 고백하던 그 시절
그 모든 남자 친구들
그 모든 여자 친구들
오늘따라 자꾸만 생각나네
오늘따라 너무나 보고 싶네
오늘따라 자꾸만 생각나네"
큰거온다,242,송민경,"안될 놈은 안된다는 거짓말이야
안 할 놈은 안 해 안 하니까 그래
하면 되는데 너는 안 하고 있잖아
하고 나서 얘기를 해 그다음엔 어떡해
하다 보면 네 패가 뜰 거야
길게 보면 나무 말고 숲이 보일 거야
쨍하고서 해가 뜰 거야
쥐구멍에도 볕이 드니까 좀
기다려 기다려 기다려 기다려 기다려
큰거온다
큰거온다
기다려 기다려 기다려 기다려
쭉쭉 달려보자
그날은 오니까
할 만큼 했다라고 생각하진 마
빵빵거리지 마
너도 곧 가니까
모두 다 잘될 테니까 좀
기다려 기다려 기다려 기다려 기다려
큰거온다
큰거온다
기다려 기다려 기다려 기다려
해볼 만큼 해봤다는 거짓말이야
바짝 하고 안 해 잠깐 하면 뭘 해
끝까지 해 얼마 안 남았으니까
포기란 걸 안 하면은 안될 리 없잖아
하다 보면 네 패가 뜰 거야
길게 보면 나무 말고 숲이 보일 거야
쨍하고서 해가 뜰 거야
쥐구멍에도 볕이 드니까 좀
기다려 기다려 기다려 기다려 기다려
큰거온다
큰거온다
기다려 기다려 기다려 기다려
야 나두 했다니까 못할 거 없잖아
끝까지 해보면서 기다리면 돼
야 너두 할 수 있어 두려워하지 마
모두다 잘될 테니까 좀
기다려 기다려 기다려 기다려 기다려
큰거온다
큰거온다
기다려 기다려 기다려 기다려
기다릴 줄 알아야 꿈꿀 줄 알아야
큰거온다 언젠가
기다려 기다려 기다려 기다려
기다릴 줄 알아야 꿈꿀 줄 알아야
큰거온다 언젠가
기다려 기다려 기다려 기다려
기다려 기다려 기다려 기다려"
남 몰래 피는 꽃,256,희승연,"남몰래 피는꽃은 향기도 부끄러워서
꽃잎에 맺힌 이슬은 수줍은 눈물이어라
미움도 그리움도 세월속에 흩어버리고
사랑에 울던 남자도 이별에 울던 여자도
웃으며 눈물 짓는다
아-아- 바람속에 오늘도 우는 남몰래 피는 꽃이여

남몰래 피는꽃은 향기도 부끄러워서
꽃잎에 맺힌 이슬은 수줍은 눈물이어라
미움도 그리움도 세월속에 흩어버리고
사랑에 울던 남자도 이별에 울던 여자도
웃으며 눈물 짓는다
아-아- 바람속에 오늘도 우는 남몰래 피는 꽃이여"
슬픈 고백,408,최진희,"이렇게 많은세월
당신과
살아온것도 꿈만 같은데
어떻게 지난날의
내사랑을
이야기 하라 합니까
당신도 옛사랑이
있었듯이
내게도 그런사랑
하나 있었죠
행여나
당신의 맘 아플까봐
숨기려 했던 사랑이
내게서
무얼 듣길 원하는건지
어디까지 말하라는건지
오래전에 지워버린
내 지난 사랑을
다시 생각하라하는겁니까
지금의 난
당신만 사랑한다고
세상누구에게나 말 하는데

내게서 무얼 듣길 원하는건지
어디까지 말하라는건지
오래전에 지워버린
내 지난 사랑을
다시 생각하라하는겁니까
지금의 난
당신만 사랑한다고
세상누구에게나 말 하는데
지금의 난
당신만 사랑한다고
세상누구에게나 말 하는데"
남자라는 이유로 (2012 Ver.),373,조항조,"누구나 웃으면서
세상을 살면서도
말못할 사연 숨기고 살아도
나역시 그런저런
슬픔을 간직하고
당신앞에 멍하니 서있네
언제한번 가슴을
열고 소리내어
소리내어 울어볼 날이
남자라는 이유로
묻어두고 지낸
그세월이 너무 길었어
저마다 처음인듯
사랑을 하면서도
쓰라린 이별 숨기고 있어도
당신도 그런저런
과거가 있겠지만
내앞에선 미소를 짓네
언제한번 가슴을 열고
소리내어
소리내어 울어볼 날이
남자라는 이유로
묻어두고 지낸
그세월이 너무 길었어
언제한번 그런날 올까요
가슴을 열고
소리내어 울어 울어 볼날이
남자라는 이유로
묻어두고 지낸
그세월이 너무 길어요"
1.2.3.4,"22,596",임영웅,"1 일생에 단 한번
당신이란 사람을 만나
아픔 나누며 웃음 나누며
정말 행복해요
2 이 많은 사랑을
죽어서도 받고 싶어요
하루하루 보내는 마음
일 년이 하루 같아요
3 삼백 년에 한번 핀
무명초가 된다 해도
그대 눈에 꽃이 되어
사랑만 받고 싶어요
사랑해요 영원히
사랑해요 영원히
사랑 사랑 사랑 사랑
영원한 내 사랑아
1 일생에 단 한번
당신이란 사람을 만나
아픔 나누며 웃음 나누며
정말 행복해요
2 이 많은 사랑을
죽어서도 받고 싶어요
하루하루 보내는 마음
일 년이 하루 같아요
3 삼백 년에 한번 핀
무명초가 된다 해도
그대 눈에 꽃이 되어
사랑만 받고 싶어요
사랑해요 영원히
사랑해요 영원히
사랑 사랑 사랑 사랑
영원한 내 사랑아
사랑해요 영원히
사랑해요 영원히
사랑 사랑 사랑 사랑
영원한 내 사랑아
사랑해요 영원히
사랑해요 영원히
사랑 사랑 사랑 사랑
영원한 내 사랑아
사랑 사랑 사랑 사랑
영원한 내 사랑아
1 2 3 4"
옥수수밭 옆에 당신을 묻고,178,강재수,"견우직녀도 이날만은
만나게 하는 칠석날
나는 당신을 땅에 묻고 돌아오네
안개꽃 몇 송이 함께 묻고 돌아오네
살아평생 당신께 옷 한 벌 못해주고
당신 죽어 처음으로
베옷 한 벌 해 입혔네
당신 손수 베틀로 짠
옷가지 몇 벌 이웃께 나눠주고
옥수수 밭 옆에
당신을 묻고 돌아오네
당신 나중 흙이 되고
내가 훗날 바람 되어
다시 만나지는 길임을 알게 하네
내 남아 밭 갈고 씨 뿌리고
땀 흘리며 살아야
한 해 한번
당신 만나는 길임을 알게 하네"
당신의 눈물,406,에녹,"어젯밤 잠든 그댈
바라보던 내 눈엔

한줄기 뜨거운 눈물이
흐르고 말았소

그렇게 살아온 긴 세월 동안
외로워도 힘들어도 말도 못하고

아! 당신은 언제나 눈물을
감추고 있었나

세상이 날 버리고
돌아갈 곳 없는데

괜찮단 그 말 한마디에
난 울고 말았소

언제나 말없이 기다려준 당신
미안해서 아무 말도 할 순 없지만

아! 당신은 언제나 눈물을
감추고 있었나

아! 당신은 언제나 눈물을
감추고 있었나"
애인이 돼주세요,"2,027",박지현,"그대여 나의 애인이 되어
애인이 돼 주세요
외롭고 쓸쓸한 나의
나의 가슴에
사랑이 사랑이
사랑이 싹트도록
뜨거운 눈길로
상처뿐인
나를 달래줘요
오늘도 캄캄한 밤
나이트클럽에서
처음 본 사람이지만
왠지 나도 모르게
왠지 나도 모르게
자꾸만 끌리는 사람
사랑의 몸짓이
마음에 들었는지
아- 손짓하며
미소를 짓는 그 사람

그대여 나의 애인이 되어
애인이 돼 주세요
외롭고 쓸쓸한 나의
나의 가슴에
추억이 추억이
추억이 싹트도록
따뜻한 미소로
상처뿐인
나를 달래줘요
오늘도 캄캄한 밤
나이트클럽에서
처음 본 사람이지만
왠지 나도 모르게
왠지 나도 모르게
자꾸만 끌리는 사람
사랑의 몸짓이
마음에 들었는지
아- 윙크하며
미소를 짓는 그 사람"
브라보 친구,224,조명섭,"오랜만이네 오랜만이야 친구들 본지가 오랜만이야
유수같이 흐른 그리운 청춘 가는 세월 잡을 수는 없어도
찔레꽃 필 때면 생각나네 친구들 생각이 더 난다네
지난 어린 시절 잡을 수 없어 보내야 하는 세월이지만 (브라보)
친구야 친구야 우리 친구야 아름다운 노을 타오르는 정열
늦지 않았다 오늘도 힘차게 달리면 내 품에 다 온다
오랜만이네 오랜만이야 친구들 본지가 오랜만이야
유수같이 흐른 그리운 청춘 가는 세월 잡을 수는 없어도
찔레꽃 필 때면 생각나네 친구들 생각이 더 난다네
지난 어린 시절 잡을 수 없어 보내야 하는 세월이지만 (브라보)
친구야 친구야 우리 친구야 노을이 져도 붉게타는 정열
아름다운 친구 오늘도 힘차게 달리자
내일도 해가 뜬다
내일도 해가 뜬다 (브라보 친구)"
그때 그사람,"2,745",심수봉,"비가 오면 생각나는 그 사람
언제나 말이 없던 그 사람
사랑의 괴로움을 몰래 감추고
떠난 사람 못 잊어서 울던 그 사람
그 어느 날 차안에서 내게 물었지
세상에서 제일 슬픈 게 뭐냐고
사랑보다 더 슬픈 건 정이라며
고개를 떨구던 그때 그 사람
외로운 병실에서 기타를 쳐주고
위로하며 다정했던 사랑 한사람
안녕이란 단 한마디 말도 없이
지금은 어디에서 행복할까
어쩌다 한번쯤은 생각해줄까
지금도 보고 싶은 그때 그 사람
외로운 내 가슴에 살며시 다가와서
언제라도 감싸주던 다정했던 사람
그러니까 미워하면 안 되겠지
다시는 생각해서도 안 되겠지
철없이 사랑인줄 알았었네
이제는 잊어야할 그때 그 사람
잊어야할 그때 그 사람"
구름같은 인생,669,이자연,"어디로 가야하나
구름 같은 내 인생
바람이 부는 대로 흘러가네
산위에 올라보면 하늘은 더 높듯이
갈수록 멀어지는 나의 꿈들
아 아 이것이 세상이란 말인가
어릴때 보았던 그 모습이 아니야
가슴 적시던 저 노을 빛이
오늘은 나를 울리네
어디로 가야하나
구름 같은 내 인생
바람이 부는 대로 흘러 가네
아 아 이것이 세상이란 말인가
어릴때 보았던 그 모습이 아니야
가슴 적시던 저 노을 빛이
오늘은 나를 울리네
어디로 가야하나
구름 같은 내 인생
바람이 부는 대로 흘러 가네
아 구름 같은 인생"
사랑의 계산기,280,정해진,"더하기 빼기 곱하기 나누기
갈수록 더해지는 사랑
정해진 운명같은 사랑
이런게 진짜 사랑이에요
사랑의 계산기
사랑은 더하기
더하면 더할수록 커져요
사랑은 빼기
서로가 욕심내지 말아요
사랑은 곱하기
둘이서 행복이 배가되요
사랑은 나누기
눈물도 함께해요
뺄수록 더해지는 사랑
나누면 곱해지는 사랑
당신만나 이제서야
사랑을 알겠어요
갈수록 더해지는 사랑
정해진 운명같은 사랑
이런게 진짜 사랑이에요
사랑의 계산기
더하기 빼기 곱하기 나누기
사랑의 계산기
사랑은 더하기
더하면 더할수록 커져요
사랑은 빼기
서로가 욕심내지 말아요
사랑은 곱하기
둘이서 행복이 배가되요
사랑은 나누기
눈물도 함께해요
뺄수록 더해지는 사랑
나누면 곱해지는 사랑
당신만나 이제서야
사랑을 알겠어요
갈수록 더해지는 사랑
정해진 운명같은 사랑
이런게 진짜 사랑이에요
사랑의 계산기
뺄수록 더해지는 사랑
나누면 곱해지는 사랑
당신만나 이제서야
사랑을 알겠어요
갈수록 더해지는 사랑
정해진 운명같은 사랑
이런게 진짜 사랑이에요
사랑의 계산기"
대세남,"1,420",이대원,"저 건물이 내 명의야
지갑도 빵빵한거 아까 봤잖아
꾸물대면 그냥 놓치는거야
좀처럼 볼수없는 대세남을
한번만 안아주세요 나를
당신말고 다 가진 늑대를
향기가 날 거에요
불란서 퍼퓸이니까
왜 자꾸 궁금한가요 그게
어디에 혼자 살고 있는지
걸친 내 옷 만으론
설명이 안되던가요
내 차는 먼저 보냈어
당신과 이 밤을 찢으려
택시를 타는것도 낭만이잖아
버스도 운치있잖아
저 건물이 내 명의야
그 뒤쪽 커다란 건물도 내거야
의심하면 시작 못하는거야
좀처럼 볼수없는 대세남과
내 곁에 가까이 와요 좀 더
당신 말고 다 가진 늑대죠
향기가 날 거에요
이태리 명품이니까
왜 자꾸 궁금한가요 그게
통장의 잔고는 잘 몰라요
한도초과라는 말 그건 뭐 먹는건가요
내 차는 먼저 보냈어
당신과 이 밤을 찢으려
택시를 타는것도 낭만이잖아
버스도 운치있잖아
저 건물이 내 명의야
그 뒤쪽 커다란 건물도 내거야
의심하면 시작 못하는거야
좀처럼 볼수없는 대세남과
좀처럼 볼수없는 대세남과
좀처럼 볼수없는 대세남과"
그대는 나의 인생,"13,112",임영웅,"나 오직 그대를 사랑해
그 사랑 변하지 마오
우린 비밀이 없어요
꿈과 사랑을 나누어요
그대는 나의 인생 인생 인생
아직은 아쉬움도 있지만
그대는 나의 인생 인생 인생
우리는 선택했어요
나 오직 그대를 사랑해
그 사랑 변하지 마오
우린 모든 것 다 주어요
그대 나의 인생이기에
밤밤 밤밤 밤밤 밤바바밤밤
밤밤 밤밤 밤밤 밤
그대는 나의 인생 인생 인생
아직은 아쉬움도 있지만
그대는 나의 인생 인생 인생
우리는 선택했어요
나 오직 그대를 사랑해
그 사랑 변하지 마오
우린 모든것 다주어요
그대 나의 인생이기에
밤밤 밤밤 밤밤 밤바바밤밤
밤밤 밤밤 밤밤 밤바바밤밤
밤밤 밤밤 밤밤 밤바바밤밤
밤밤 밤밤 밤밤 밤바바밤밤
밤밤 밤밤 밤밤 밤바바밤밤
밤밤 밤밤 밤밤 밤바바밤밤"
사랑을 위하여,"1,205",박창근,"이른 아침에 잠에서 깨어
너를 바라볼 수 있다면
물안개 피는 강가에 서서
작은 미소로 너를 부르리
하루를 살아도
행복할 수 있다면
나는 그 길을 택하고 싶다
세상이 우리를 힘들게 하여도
우리들은 변하지 않아
너를 사랑하기에
저 하늘 끝에
마지막 남은 진실 하나로
오래 두어도
진정 변하지 않는
사랑으로 남게 해주오
내가 아플 때보다
네가 아파할 때가
내 가슴을 철들게 했고
너의 사랑 앞에
나는 옷을 벗었다
거짓의 옷을 벗어버렸다
너를 사랑하기에
저 하늘 끝에
마지막 남은 진실하나로
오래 두어도 진정 변하지 않는
사랑으로 남게 해주오
너를 사랑하기에 저 하늘 끝에
마지막 남은 진실 하나로
오래 두어도 진정 변하지 않는
사랑으로 남게 해주오
사랑으로 남게 해주오"
머나먼고향,117,나훈아,"머나먼 남쪽 하늘 아래
그리운 고향
사랑하는 부모 형제
이 몸을 기다려
천리타향 낯선거리
헤매는 발길
한잔 술에 설움을
타서 마셔도
마음은 고향 하늘을
달려 갑니다

천리타향 낯선거리
헤매는 발길
한잔 술에 설움을
타서 마셔도
마음은 고향 하늘을
달려 갑니다"
애월랑 (愛月浪),"1,075",장윤정,"사랑이 오네요
설레임 태우고
살랑살랑 여울져
가라고도 못해요
이별이 오네요
그리움 태우고
할랑할랑 베이면
아주 가라고 해요
눈물을 태워
가슴에 묻어둔 세월
사랑이 너무 많아
세월이 모자라
사랑 따라가
그대 먼 걸음 말아요 내겐
한 걸음만 가까이 오세요

그 사랑 가네요
서글퍼 웃네요
그 모습 담아두고
그댈 가라고 해요
눈물을 태워
가슴에 묻어둔 세월
사랑이 너무 많아
세월이 모자라
사랑 따라가
그대 먼 걸음 말아요 내겐
한 걸음만 가까이 오세요
눈물을 태워
가슴에 묻어둔 세월
사랑이 너무 많아
세월이 모자라
사랑 따라가
그대 먼 걸음 말아요 내겐
한 걸음만 가까이 오세요
사랑이 또 오네요
가까이 다가와요

사랑이 오네요"
인생,"1,157",모정애,"바람이냐 구름이냐 강물이드냐
돌고돌아 흘러흘러
나 여기 나여기 왔오
어디로 갈거냐고 무엇을 할거냐고
나에게 묻지을 마라
인생은 바람처럼 인생은 구름처럼
그렇게 흘러가는걸
잘났다고 생각말자 착각이드라
세상사을 원망 말고
마음을 비우고 살자
가진게 무어냐고 버릴게 무어냐고
나에게 묻지을 마라
인생은 바람따라 떠돌다 흩어지는
한조각 구름인것을
어디로 갈거냐고 무엇을 할거냐고
나에게 묻지을 마라
인생은 바람처럼 인생은 구름처럼
그렇게 흘러가는걸"
사랑은 눈물의 씨앗,328,나훈아,"사랑이 무어냐고 물으신다면
눈물의 씨앗이라고 말하겠어요
어느 날 당신이
나를 버리지 않겠지요
서로가 헤어지면 모두가 괴로워서
울테니까요
이별이 무어냐고 물으신다면
눈물의 씨앗이라고 대답할게요
어느 날 당신이
나를 버리지 않겠지요
서로가 헤어지면 모두가 괴로워서
울테니까요"
아이 좋아라,135,이혜리,"아이좋아라 아이좋아라
예쁜내님 아이좋아라
이리봐도 내사랑 저리봐도 내사랑
아이좋아 아이좋아라
당신께 사랑을 받기위해
이세상에 내가 왔어요
맞잡은이손 놓치말아요
꼭안아주세요
아이좋아라 예쁜내님아
아이좋아라 아이좋아라 예쁜내님
아이좋아라 이리봐도 내사랑
저리봐도 내사랑
아이좋아 아이좋아라
당신께 사랑을 받기위해
이세상에 내가 왔어요
맞잡은이손 놓치말아요
꼭안아주세요
아이좋아라 예쁜내님아
당신께 사랑을 받기위해
이세상에 내가 왔어요
맞잡은이손 놓치말아요
꼭안아주세요
아이좋아라 예쁜내님아"
가지마라,"1,290",진해성,"가지마라 야속한 청춘
무심하게 가지 말아라
세월의 정거장에
정차란 말도 없이
빨리도 가는구나
가는 세월 달래보아도
몰라몰라 모른체하네
말자말자 욕심말자
부질없다 후회말자
나는 아직 청춘이잖아
가려거든 너만 가거라
나는 두고 너만 가거라
나는 아직 청춘이니까
가지마라 야속한 청춘
무심하게 가지 말아라
세월의 정거장에
정차란 말도 없이
빨리도 가는구나
가는 세월 달래보아도
몰라몰라 모른체하네
말자말자 욕심말자
부질없다 후회말자
나는 아직 청춘이잖아
가려거든 너만 가거라
나는 두고 너만 가거라
나는 아직 청춘이니까
가려거든 너만 가거라
나는 두고 너만 가거라
나는 아직 청춘이니까
나는 아직 청춘이니까"
대동강 편지,51,나훈아,"대동강아 내가왔다
을밀대야 내가왔다
우표없는 편지속에
한세월 묻어놓고
지금은 낳설은 나그네 되어
칠백리 고향길을 찾아왔다고
못본체마라 못본체 마라 반겨주렴아
대동강아 내가왔다
부벽루야 내가왔다
주소없는 겉봉투에
너의얼굴 그리다가
눈보라 치던밤 달도없던밤
울면서 떠난길을 돌아왔다고
못본체하네 못본체하네 반겨주렴아"
대전 블루스,"1,054",김태연,"잘 있거라 나는 간다
이별의 말도 없이
떠나가는 새벽열차
대전발 영시 오십분
세상은 잠이 들어
고요한 이밤
나만이 소리치며
울 줄이야
아아 붙잡아도 뿌리치는
목포행 완행 열차
영원히 변치 말자 맹세했건만
눈물로 헤어지는 쓰라린 심정
아아 구슬비에 젖어가는
목포행 완행 열차
목포행 완행 열차"
댄싱퀸,"21,034",임영웅,"새침한 아가씨
지적인 아가씨
말숙한 아가씨
사랑할 준비하고
모두 다 오세요
무지개빛 찬란한
희망을 꿈꾸며
나의 정열에 음악에 맞춰
춤을 춰요
춤을 춥시다
밤이 새도록
그대의 날이랍니다
댄스 댄스 댄스 춤을 춥시다
댄스 댄스 댄스 리듬에 맞춰
댄스 댄스 댄스 내게 오세요
그대 오늘의 섹시한 여자
오 댄싱퀸
어려워 마세요
창피해 마세요
두려워 마세요
사랑할 준비하고
모두 다 오세요
골치아픈 하루일
모두다 잊고서
나의 정열에 음악에 맞춰
춤을 춰요
춤을 춥시다
밤이 새도록
그대의 날이랍니다
댄스 댄스 댄스 춤을 춥시다
댄스 댄스 댄스 리듬에 맞춰
댄스 댄스 댄스 내게 오세요
그대 오늘의 섹시한 여자
오 댄싱퀸
댄스 댄스 댄스
댄스 댄스 댄스
댄스 댄스 댄스 내게 오세요
그대 오늘의 섹시한 여자
오 댄싱퀸
그대 오늘의 섹시한 여자
그대 오늘의 섹시한 여자
오 댄싱퀸"
동반자,351,류원정,"당신은 나의 동반자
영원한 나의 동반자
내 생애 최고의 선물
당신과 만남이었어
잘 살고 못 사는 건
타고난 팔자지만
당신만을 사랑해요
영원한 동반자여
당신은 나의 동반자
영원한 나의 동반자
내 생애 최고의 선물
당신과 만남이었어
잘 살고 못 사는 건
타고난 팔자지만
당신만을 사랑해요
영원한 동반자여
잘 살고 못 사는 건
타고난 팔자지만
당신만을 당신만을
사랑해요 사랑해요
영원한 동반자여
영원한 동반자여
영원한 동반자여 -"
모를 겁니다,236,조항조,"그대는 모를겁니다
얼마나 사랑하는지
표현하지 못한 내 마음을
이렇게 고백합니다
오직 내 가슴속 한 사람
그대만을 바라봅니다
내 안에 모든 것들을 비워내 봐도
그대는 남아있어요
그대에게 내 마음을 고백합니다
세상 누구보다 소중한 내 한 사람
그대만이 나를 살게 해준 한 사람
너무 사랑합니다
오직 내 가슴속 한 사람
그대만을 바라봅니다
내 안에 모든 것들을 비워내 봐도
그대는 남아있어요
그대에게 내 마음을 고백합니다
세상 누구보다 소중한 내 한 사람
그대만이 나를 살게 해준 한 사람
너무 사랑합니다
약속해요 영원까지 나 그대와
함께 있을겁니다 너무 사랑합니다"
빠졌어(맑은 눈의 광인),253,뽕사활동,"눈 마주치면
이제 나랑 사귀는 거다
왠지 모르게 자꾸 빠져들 거야
아무도 모르게 빠져들 거야
탁한 눈은 노노노 맑은 눈은 오케이
내 속은 아무도 몰라
알 수 없는 광기가 느껴지잖아
아무도 모르게 느껴지잖아
미워하지 마세요 사랑하면 오케이
내 속은 아무도 몰라
순수하잖아 바이칼 호수 같잖아
촉촉한 쪼꼬칩이 생각나잖아
티 없이 맑은 눈에 광기 넘치는
주인공 메버릭처럼
빠졌어 빠졌어 빠져빠져 버렸어
홀렸어 홀렸어 나의 눈에 홀렸어
비비디 바비디 널 향한 사랑의 주문
빠졌어 빠졌어 빠져빠져 버렸어
걸렸어 걸렸어 걸려걸려 버렸어
이제 나랑 사귀는 거다 뜨겁게
알 수 없는 광기가 느껴지잖아
아무도 모르게 느껴지잖아
미워하지 마세요 사랑하면 오케이
내 속은 아무도 몰라
순수하잖아 바이칼 호수 같잖아
촉촉한 쪼꼬칩이 생각나잖아
티 없이 맑은 눈에 광기 넘치는
주인공 메버릭처럼
빠졌어 빠졌어 빠져빠져 버렸어
홀렸어 홀렸어 나의 눈에 홀렸어
비비디 바비디 널 향한 사랑의 주문
빠졌어 빠졌어 빠져빠져 버렸어
걸렸어 걸렸어 걸려걸려 버렸어
이제 나랑 사귀는 거다 뜨겁게
이제 나랑 사귀는 거다 뜨겁게"
가시나무새,435,패티김,"황혼이 밤을 불러 달이 떠도
고독에 떨고있는 가시나무새
어둠이 안개처럼 흐르는 밤에
환상의 나래 펴네
그대 곁에 가고파도
날을 수 없는 이 몸을
그대는 모르리라
가시나무새 전설을
가시나무새 가시나무새
날을 수 없네 날을 수 없네
서글픈 가시나무새
찬바람 이슬내린 가지 위에
외롭게 떨고 있는 가시나무 새
한숨이 서리되어 눈물 흘려도
님 찾아 날을 수 없네
그대 곁에 가고파도
날을 수 없는 이 몸을
그대는 모르리라 가시나무 새
전설을 가시나무 새 가시나무 새
날을 수 없네 날을 수 없네
서글픈 가시나무 새
찬바람이슬 내린 가지 위에
외롭게 떨고 있는 가시나무 새
한숨이 서리되어 눈물 흘려도
님 찾아 날을 수 없네
가시나무 새 가시나무 새"
내 마음 당신곁으로,525,김정수,"당신의 빛나던 눈동자 위에

흐르는 한줄기 눈물 때문에

이 마음 차가운 바람 불어와

떨어진 낙엽이 되었네

잊으려 잊으려 애를 써봐도

당신의 따뜻한 미소 때문에

이 마음 영원히 함께 타오를

사랑의 촛불이 되었네

바람 불어와 내 몸이 날려도

당신 때문에 외로운 내 마음

모든 것이 다 지나가 버려도

내 마음은 당신 곁으로



당신을 너무나 사랑 했기에

수많은 미련이 나를 찾지만

이제는 영원히 잡을 수 없는

지나간 추억이 되었네

바람 불어와 내 몸이 날려도

당신 때문에 외로운 내 마음

모든 것이 다 지나가 버려도

내 마음은 당신 곁으로

바람 불어와 내 몸이 날려도

당신 때문에 외로운 내 마음

모든 것이 다 지나가 버려도

내 마음은 당신 곁으로



바람 불어와 내 몸이 날려도

당신 때문에 외로운 내 마음

모든 것이 다 지나가 버려도"
따줘,675,김종국,"친구야 번호 좀 따줘 전화번호 따줘
웃고 있는 저여자
번호좀 따줘 전화번호 따줘
생머리에 저여자
친구야 번호 좀 따줘 전화번호 따줘
혼자 있는 저여자
세상에서 제일 아름다운 저여자
얼굴은 울긋불긋 말투는 더듬더듬해
여자앞에 서면 자꾸 부끄부끄 부끄러워
저여자 들어온다 내눈에 들어온다
하지만 말도 못해
올해도 혼자서 지내야해
그때 나의 친구 내곁으로 다가와
하나님처럼 부처님처럼 나를 도와주네
친구야 번호 좀 따줘 전화번호 따줘
웃고 있는 저여자
번호좀 따줘 전화번호 따줘
생머리에 저여자
친구야 번호 좀 따줘 전화번호 따줘
혼자 있는 저여자
세상에서 제일 아름다운 저여자

지갑이 빵빵하면 여자들이 좋아한댔지
세시간씩 자며 항상 땀흘리며 일했어
저기도 내땅이다 여기도 내땅이다
하지만 자랑도 못해
돈도 늘었고 주름도 늘었어
그때 나의 친구 내곁으로 다가와
하나님처럼 부처님처럼 나를 도와주네
친구야 번호 좀 따줘 전화번호 따줘
웃고 있는 저여자
번호좀 따줘 전화번호 따줘
생머리에 저여자
친구야 번호 좀 따줘 전화번호 따줘
혼자 있는 저여자
세상에서 제일 아름다운 저여자"
내 사랑 받아줘,"1,397",진해성,"꽃향기가 향기롭다고
그대보다 황홀할까요
그렇게 날볼땐
사랑이 가득해
그눈에 빠지게하죠
아 아 아
내사랑을 받아주긴 할건가요
아 아 아
내마음을 그대 알고있잖아요
내사랑받아줘
내마음받아줘
평생함께하자구요
진실한 사랑을 원해요
내 사랑 받아줘
꽃잎이 폼을낸다고
그대보다 아름다울까
그렇게 날보면 사랑이 쏟아져
그눈에 빠져버리죠
아 아 아
내사랑을 받아주긴 할건가요
아 아 아
내마음을 그대 알고있잖아요
내사랑받아줘
내마음받아줘
평생함께하자구요
진실한 사랑을 원해요
내 사랑 받아줘
내사랑받아줘
내마음받아줘
평생함께하자구요
진실한 사랑을 원해요
내 사랑 받아줘
내 사랑 받아줘"
내 사랑 (줄까 말까) (2014 Ver.),"2,720",홍진영,"내 사랑 그대에게 줄까 말까
고민하다 그 사람 영영 떠나요
이것저것 재지 말고
그 사람 잡아요
사랑한다는 그 말 할까 말까
망설이다 그 사람 영영 떠나요
이 남자다 싶을 때는 눈치코치
보지 말고 아낌없이 다 줘요
줄까 말까
살짝쿵 다가서도 모른 척
괜시리 좋으면서 아닌 척
보일락 말락 잡힐락 말락
애간장 녹이네
애타게 바라보는 그 심정
속타게 기다리는 그 심정
사랑을 할거면 사랑을 할거면
화끈하게
내 사랑 그대에게 줄까 말까
고민하다 그 사람 영영 떠나요
이것 저것 재지 말고
그 사람 잡아요
사랑한다는 그 말 할까 말까
망설이다 그 사람 영영 떠나요
이 남자다 싶을 때는 눈치코치
보지 말고 아낌없이 다 줘요
줄까 말까
애타게 바라보는 그 심정
속타게 기다리는 그 심정
사랑을 할거면 사랑을 할거면
화끈하게
내 사랑 그대에게 줄까 말까
고민하다 그 사람 영영 떠나요
이것 저것 재지 말고
그 사람 잡아요
사랑한다는 그 말 할까 말까
망설이다 그 사람 영영 떠나요
이 남자다 싶을 때는 눈치코치
보지 말고 아낌없이 다 줘요
줄까 말까
그대 훌쩍 떠나면 눈물만
훌쩍일 텐데 암만 후회해도
그땐 늦어요
내 사랑 그대에게 모든 걸
그대에게 줄까 말까 고민하다
그 사람 영영 떠나요
이것저것 재지 말고
그 사람 잡아요
사랑한다는 그 말 할까 말까
망설이다 그 사람 영영 떠나요
이 남자다 싶을때는 눈치코치
보지 말고 아낌없이 다 줘요
줄까 말까"
니가 왜 울어 (New),"1,189",진해성,"아 아 아 아 이별의 차표
이미 끊어 놓은 사람
가랑가랑 맺힌 눈물
사랑 장난 다쳐놓고
울기는 네가 왜 울어
다시 올 사람이면 언젠가는 오겠지
아니 올 사람이면 어차피 안 올 거야
눈물도 없이 인사도 없이 그냥 갔다가
운명이 다시 내 곁으로 가라 하면은
모른 척 와 다오 모든 걸 털어버리고
털털 털어 버리고
아 아 아 아 이별의 차표
이미 끊어 놓은 사람
사뿐사뿐 가벼운 걸음
돌아온다 말해놓고
가기도 잘도 가는데
다시 올 사람이면 언젠가는 오겠지
아니 올 사람이면 어차피 안 올 거야
눈물도 없이 인사도 없이 그냥 갔다가
운명이 다시 내 곁으로 가라 하면은
모른 척 와 다오 모든 걸 털어버리고
털털 털어 버리고 털털 털어 버리고"
따르릉 (작곡가 Ver.),"1,476",홍진영,"따르릉 따르릉 내가 네 누나야
Yeah 따르릉
1 2 3 4
네가 먼저 만나재 놓고
내 탓을 하지 마
네가 네가 나쁜 남자
내 탓을 하지 마
이 여자 저 여자 다 만나놓고
내 탓을 하지 마
누나야 누나 누나야 네 누나야
누나야 누나 누나야 네 누나야
이 여자 저 여자 만나봤겠지만
즐거웠겠지만
너를 사랑해 사랑해
따르릉
따르릉 따르릉 내가 네 누나야
따르릉 따르릉 내가 네 누나야
누누나나 내가 네 누나야
누누나나 내가 네 누나야
네 누나야
1 2 3 4
네가 먼저 날 차버렸지
내 탓을 하지 마
네가 먼저 꽁무니 뺏지
내 탓을 하지 마
이 여자 저 여자 다 만나놓고
내 탓을 하지 마
누나야 누나 누나야 네 누나야
누나야 누나 누나야 네 누나야
이 여자 저 여자 만나봤겠지만
후회하겠지만
너를 사랑해 사랑해
따르릉
따르릉 따르릉 내가 네 누나야
따르릉 따르릉 내가 네 누나야
누누나나 내가 네 누나야
누누나나 내가 네 누나야
네 누나야"
사랑의 미로,671,이도진,"그토록 다짐을 하건만
사랑은 알 수 없어요
사랑으로 눈먼 가슴은
진실 하나에 울지요
그대 작은 가슴에
심어준 사랑이여
상처를 주지 마오 영원히
끝도 시작도 없이
아득한 사랑의 미로여
흐르는 눈물은 없어도
가슴은 젖어버리고
두려움에 떨리는 것은
사랑의
사랑의 기쁨인가요
그대 작은 가슴에
심어준 사랑이여
상처를 주지 마오 영원히
끝도 시작도 없이
아득한 사랑의 미로여
미로여
그대 작은 가슴에
심어준 사랑이여
상처를 주지 마오 영원히
끝도 시작도 없이
아득한 사랑의
미로여"
오늘밤에,"8,477",영탁,"오늘 밤에 아무도 모르게
너랑 둘이서 둘이서 사랑을 할거야
오늘 밤에 아무도 모르게
뚜뚜 뚜루 뚜뚜 뚜두르
이 밤이 무서워 난 네가 없으면
내 곁에 좀 더 머물러요
리듬 속 너와 내가 춤을 출 때면
그 순간이 행복할거야
Baby 너랑 나랑
우리 둘이 영원하도록
사랑의 맹세를 난 약속할거야
오늘 밤에 아무도 모르게
너랑 둘이서 둘이서 사랑을 할거야
오늘 밤에 아무도 모르게
둘이서 하는 불장난
후우 후우 후우
뚜뚜 뚜루 뚜뚜 뚜두르
사랑이 뭐냐고 물어보신다면
나의 대답은 말해 뭐해
불타는 마음으로 지켜줄거야
당신만이 곁에 있다면
Baby 너랑 나랑
우리 둘이 영원하도록
사랑의 맹세를 난 약속할거야
오늘 밤에 아무도 모르게
너랑 둘이서 둘이서 사랑을 할거야
오늘 밤에 아무도 모르게
뚜뚜 뚜루 뚜뚜 뚜두르
깨지 않게 해줘
떠나가지마 가지마 가지마 가지마
오늘 밤에 아무도 모르게
둘이서 하는 불장난
후우 후우 후우
뚜뚜 뚜루 뚜뚜 뚜두르"
평생직장,308,소유미,"너에게 일 년 삼백육십오일 출근할거야
퇴근 없이 매일매일 야근할거야
안아 줄 거야 지켜 줄 거야 사랑할거야
매일 꼬박꼬박 너에게로 출근할거야
영원토록 알콩 달콩 행복할거야
평생 다닐 거야 너의 품으로
반복되는 일상 속에 그대는
연차 같은 남자야
다들 나를 보고 줄을 서지만
난 이직 따윈 안할래.
나의 연금이 돼줘 나는 너의 보너스 될게
스펙은 안 봐 능력도 안 봐
너만 바라볼 거야
너에게 일 년 삼백육십오일 출근할거야
퇴근 없이 매일매일 야근할거야
안아 줄 거야 지켜 줄 거야 사랑할거야
매일 꼬박꼬박 너에게로 출근할거야
영원토록 알콩 달콩 행복할거야
평생 다닐 거야 너의 품으로
반복되는 일상 속에 그대는
여행 같은 남자야
넓고 따뜻한 그대 품속이
Oh 진정한 힐링 이야
나의 연금이 돼줘 나는 너의 보너스 될게
스펙은 안 봐 능력도 안 봐
너만 바라볼 거야
너에게 일 년 삼백육십오일 출근할거야
퇴근 없이 매일매일 야근할거야
안아 줄 거야 지켜 줄 거야 사랑할거야
매일 꼬박꼬박 너에게로 출근할거야
영원토록 알콩 달콩 행복할거야
평생 다닐 거야 너의 품으로
너에게 일 년 삼백육십오일 출근할거야
퇴근 없이 매일매일 야근할거야
안아 줄 거야 지켜 줄 거야 사랑할거야
매일 꼬박꼬박 너에게로 출근할거야
영원토록 알콩 달콩 행복할거야
평생 다닐 거야 너의 품으로"
티키타카,41,양송희,"주거니 받거니 하는 맛인데
퍼 주다가 시간 가네
돌고 도는 사랑아
이번엔 또 누굴까요
내 남은 사랑을 태워도
시소는 한쪽에 기울어
맞추고 맞춰도 안 되면
도대체 어쩌라고
주면 떠난 사랑
어떻게 하나같이 똑같은 남자
주고받는 사랑
이제는 그런 사랑 하고 싶어요
티키타카
티키타카
티키타카

내 남은 사랑을 태워도
시소는 한쪽에 기울어
맞추고 맞춰도 안 되면
도대체 어쩌라고
내가 주기만 해도
내가 바라만 봐도
한걸음 두 걸음 맞춰갈
그런 사랑 기다려요
티키타카
티키타카"
대왕의 길,887,박서진,"화산 가는 길은
걸음마다 눈물이더냐
기다려도 오지 않는
정든 님 찾아가는 길
해가 뜨면 꽃이 피고
달이 뜨면 꽃 지듯이
사랑도 한때더라
미움도 한때더라
부귀도 소용없고
영화도 간곳없네
아아아 인생은 이슬같이
바람같이 살아지는가

님 가신 그 길은
걸음마다 슬픔이더냐
세월보다 앞서가신
정든 님 찾아가는 길
살아온 날 돌아보니
이다지도 짧은 것을
사랑도 한때더라
행복도 한때더라
명예도 소용없고
청춘도 간곳없네
아아아 인생은 이슬같이
바람같이 살아지는가"
꽃반지 끼고,0,은희,"생각난다
그 오솔길
그대가 만들어준 꽃반지끼고
다정히 손잡고
거닐던 오솔길이
이제는
이제는
가 버린
가 버린
아름다운 추억

생각난다 그 바닷가
그대와 둘이서
쌓던 모래성
파도가 밀리던
그 바닷가도
이제는
이제는
가 버린
가 버린
아름다운 추억

정녕 떠나 버린 당신이지만
그래도 잊을 수 없어요
여기 당신이 준 꽃반지를 끼고
당신을 생각하며
오솔길 걷습니다
그대가 만들어준
이 꽃반지
외로운 밤이면
품에 안고서
그대를 그리네
옛일이 생각나
그대는
그대는
머나먼
머나먼
하늘에 저 별

저 별"
보고싶어요,291,이명주,"어디선가 꼭 한번만
만나고 싶어요 그대 그대를
우연이라도 낯선 길에서라도
꼭 한번 보고싶어요
가슴 시린 그 이별 후
사랑의 몸살을 앓았던 나
그대 잘못도 있었지만
내 잘못이 너무 컸어요
시간 지나 버려진 초대권 같은
사랑은 끝이 났어도
그대를 보고 싶어요

어디선가 다시 한번만
만나고 싶어요 그대 그대를
어디서라도 먼발치에서라도
꼭 한번 보고싶어요
가슴 시린 그 이별 후
사랑의 몸살을 앓았던 나
그대 잘못도 있었지만
내 잘못이 너무 컸어요
비에 젖어 떨어진 포스터같은
사랑은 끝이 났어도
꼭 한번 보고 싶어요"
인생이란 꿈이라오,593,오승근,"이제 다시 뒤돌아 가기엔
너무 멀리 와버린
인생이란 아득한 길
눈물이 나도 후회는 하지 않아요
쏟아지는 빗줄기처럼
내 갈길을 막아선
운명이란 이름 앞에
흔들릴때 마다
가리라 가리라 이대로 떠나리라
인생이란 꿈 이라오
지금 여기 어디쯤인지
정신없이 달려온
구비 구비 길목마다
추억 많아도 뒤돌아 가지 않아요
쏟아지는 빗줄기 처럼
내 앞길을 막아선
운명이란 이름 앞에
흔들릴 때 마다
가리라 가리라 이대로 떠나리라
인생이란 꿈이라오
쏟아지는 빗줄기 처럼
내 갈길을 막아선
운명이란 이름 앞에
흔들릴 때 마다
가리라 가리라 이대로 떠나리라
인생이란 꿈이라오"
시절인연,67,김소연,"사람이 떠나간다고
그대여 울지 마세요
오고 감 때가 있으니
미련일랑 두지 마세요
좋았던 날 생각을 하고
고마운 마음 간직을 하며
아아아 살아가야지
바람처럼 물처럼~
가는 인연 잡지를 말고
오는 인연 막지 마세요
때가 되면 찾아올 거야
새로운 시절인연

좋았던 날 생각을 하고
고마운 마음 간직을 하며
아아아 살아가야지
바람처럼 물처럼~
가는 인연 잡지를 말고
오는 인연 막지 마세요
때가 되면 찾아올 거야
새로운 시절인연
새로운 시절인연

사람이 떠나간다고
그대여 울지 마세요~"
정,704,조용필,"정이란 무엇일까
받는 걸까 주는 걸까
받을 땐 꿈속 같고
줄 때는 안타까워
정을 쏟고 정에 울며
살아온 살아온 내 가슴에
오늘도 남 모르게
무지개 뜨네

정을 쏟고 정에 울며
살아온 살아온 내 가슴에
오늘도 남 모르게
무지개 뜨네"
낙엽따라 가버린 사랑,852,차중락,"찬바람이 싸늘하게
얼굴을 스치며
따스하던 너의 두뺨이
몹시도 그리웁구나
푸르던 잎 단풍으로
곱게 곱게 물들어
그잎새에 사랑의 꿈
고이 간직하렸더니
아아아아 그 옛날이
너무도 그리워라
낙엽이 지면
꿈도 따라 가는줄
왜 몰랐던가
사랑하는 이 마음을
어찌 하오 어찌하오
너와 나의 사랑의 꿈
낙엽따라 가버렸으니

아아아아 그 옛날이
너무도 그리워라
낙엽이 지면
꿈도 따라 가는줄
왜 몰랐던가
사랑하는 이 마음을
어찌 하오 어찌하오
너와 나의 사랑의 꿈
낙엽따라 가버렸으니"
나만의 여인,260,설운도,"사랑에 한번 빠지고 싶어요
아주 멋진 여자를 만나
바다가 있는 아름다운 해변을
둘이서 걷고 싶어요
가슴벅차 올라요
눈물마저 핑 도네요
지금까지 살아오면서
나를 위해 무엇을 했나
세월이 다가기 전에
내 모습 변하기 전에
그대와 둘이 밤을 지새며
지난날을 잊고 싶어요

사랑을 한번 해보고 싶어요
매력있는 여자를 만나
아무도 없는 무인도에서
그녀와 함께 있고 싶어요
가슴이 벅차올라요
눈물마저 핑 도네요
지금까지 살아오면서
나를 위해 무엇을 했나
세월이 다가기 전에
내 모습 변하기 전에
사랑하는 그대 그대와 둘이
지난날을 잊고 싶어요"
옛날 애인,693,전부성,"지나가다가 내 생각나면
날 찾아오라고 하던
당신의 그 말이 생각이 난다
내 가슴을 자꾸 때린다
들려오는 소문은
아직도 혼자라는데
남겨진 추억으로
살고 있다는데
내 곁에 누가 있기에
못 찾아가요
미안해요 당신 정말
행복해야 해요
오다가다가 내 생각나면
날 찾아오라고 하던
당신의 그 말이 생각이 난다
내 가슴을 자꾸 때린다
들려오는 소문은
아직도 혼자라는데
남겨진 추억으로
살고 있다는데
이제는 나를 잊어요
잊어야 해요
그래 줘요 당신 정말
그래야만 해요"
용서,296,조항조,"내게 한번만 다시 한번
기회를 주겠니
널위해 살아야 할 이유가 있는데
조금은 부족해도 날 믿어줄래
제발 널 내게 허락해 줄순 없겠니
눈물로 채워진
니 슬픔은 내가 가질게
나 이대로 널 버려둘순 없어
찢어지는 가슴안고 널 달래려 해도
니가 나보다 더 많이 울면
몸부림을 치면서
니어께를 부여잡고
나도 따라서 울겠지
이젠 더 이상 서러워마
내가 널 지켜줄게
나 이제 죽어도 후회하지 않게
눈물로 채워진
니 슬픔은 내가 가질게
나 이대로 널 버려둘순 없어
찢어지는 가슴안고 널 달래려 해도
니가 나보다 더 많이 울면
몸부림을 치면서
니어께를 부여잡고
나도 따라서 울겠지
이젠 더 이상 서러워마
내가 널 지켜줄게
나 이제 죽어도 후회하지 않게
이젠 더 이상 서러워마
내가 널 지켜줄게
나 이제 죽어도 후회하지 않게"
그 사람이어야 합니다. (한사람),561,조항조,"다 잊었다고 생각 했는데
잊은줄 알았는데
여전히 가슴이 아파와요
그댄 어떤 가요
한사람 한사람 단하루를 살아도
누군가를 또다시 만난다 해도
내맘이 내몸이 아직도
기억하고 있기에
그 사람이여야 합니다
소리없이 눈물이 흐를때마다
젖어오는 그사람
두고간 화분은 그대론데
꽃이 피나봐요
한사람 한사람 단하루를 살아도
누군가를 또다시 만난다 해도
내맘이 내몸이 아직도
기억하고 있기에
그 사람이여야 합니다
사랑했기에 그댈 위해서
머나먼 길 떠나왔는데
못난 내가슴은 그 자리에서
그사람 떠날 수 없나봐
한사람 한사람 단하루를 살아도
누군가를 또다시 만난다 해도
내맘이 내몸이 아직도
기억하고 있기에
그 사람이여야 합니다
그 사람이여야 합니다"
둥지,84,박혜신,"너는 그냥
가만히 있어
다 내가
해줄게
현실일까
꿈일까
사실일까
아닐까
헷갈리고
서 있지 마
사랑이
뭔지
그동안
몰랐지
내 품에
둥지를 틀어봐
내 품에
둥지를 틀어봐
너의 빈자리
너의 빈자리
채워 주고 싶어
채워 주고 싶어
내 인생을
내 인생을
전부
주고 싶어
이제는 너를
내 곁에다 앉히고
언제까지나
사랑할까 봐
우리
더 이상
방황하지 마
한눈팔지 마
여기
둥지를 틀어
지난날의
아픔은 잊어버려
스쳐 지나가는
바람처럼
이제 너는
혼자가 아니잖아
사랑하는
나 있잖아
너는 그냥
가만히 있어
다 내가
해줄게
현실일까
꿈일까
사실일까
아닐까
헷갈리고
서 있지 마
사랑이
뭔지
그동안
몰랐지
내 품에
둥지를 틀어봐
지난날의
아픔은 잊어버려
스쳐 지나가는
바람처럼
이제 너는
혼자가 아니잖아
사랑하는
나 있잖아
너는 그냥
가만히 있어
다 내가
해줄게
현실일까
꿈일까
사실일까
아닐까
헷갈리고
서 있지 마
사랑이
뭔지
그동안
몰랐지
내 품에
둥지를 틀어봐
내 품에
둥지를 틀어봐
내 품에
둥지를 틀어봐"
고향무정,"15,089",임영웅,"구름도 울고넘는 울고넘는 저 산아래
그 옛날 내가 살던 고향이 있었건만
지금은 어느 누가 살고 있는지
지금은 어느 누가 살고 있는지
산골짝엔 물이 마르고
기름진 문전옥답
잡초에 묻혀있네
새들도 집을 찾는
집을 찾는 저 산아래
그 옛날 내가 살던 고향이 있었건만
지금은 어느 누가 살고 있는지
지금은 어느 누가 살고 있는지
바다에는 배만 떠있고
어부들 노래소리
멎은지 오래일세"
이별,"16,221",임영웅,"어쩌다 생각이 나겠지
냉정한 사람이지만
그렇게 사랑했던 기억을
잊을수는 없을꺼야
때로는 보고파 지겠지
둥근달을 쳐다보면은
그날 밤 그 언약을 생각하면서
지난 날을 후회 할꺼야
산을 넘고 멀리 멀리
헤어졌건만
바다 건너 두마음은
떨어졌지만
어쩌다 생각이 나겠지
냉정한 사람이지만
그렇게 사랑했던 기억을
잊을수는 없을꺼야
산을 넘고 멀리 멀리
헤어졌건만
바다건너 두 마음은
떨어졌지만
어쩌다 생각이 나겠지
냉정한 사람이지만
그렇게 사랑했던 기억을
잊을수는 없을꺼야
잊을수는 없을꺼야
잊을수는 없을꺼야"
여자의 일생,82,김혜진,"참을 수 가 없도록
이 가슴이 아파도
여자이기 때문에
말 한마디 못하고
헤아릴 수 없는 설움
혼자 지닌 채
고달픈 인생길을
허덕이면서
아
참아야 한다기에
눈물로 보냅니다
여자의 일생
견딜 수 가 없도록
외로워도 슬퍼도
여자이기 때문에
참아야만 한다고
내 스스로 내 마음을
달래어 가면서
비탈진 인생길을
허덕이면서
아
참아야 한다기에
눈물로 보냅니다
여자의 일생"
앉으나 서나 당신 생각,494,현철,"앉으나 서나 당신 생각
앉으나 서나 당신 생각
떠오르는 당신 모습
피할 길이 없어라
가지 말라고 애원했건만
못본체 떠나버린 너
소리쳐 불러도
아무 소용이 없어라
앉으나 서나 당신 생각
앉으나 서나 당신 생각
떠오르는 당신 모습
피할 길 없는 내 마음
가지 말라고 애원 했건만
못본체 떠나버린 너
소리쳐 불러도
아무 소용이 없어라
앉으나 서나 당신 생각
앉으나 서나 당신 생각
떠오르는 당신 모습
피할 길 없는 내 마음
피할 길 없는 내 마음"
사랑하는 날까지,0,김종환,"사랑은 운명 속에
언제나 살고 있다
가슴을 치는 슬픔
그 고통 속에도
나와 함께 길을 걷는다
외로움이 나는 싫어
당신을 선택했다
내가 사는 날까지
운명의 길 위에서
당신과 살고 싶다
너를 사랑하기에
내가 존재하는 것
널 위해 내가 살 수 있다면
나의 뜨거운 젊음
모두 다 주고 싶다
몇백년 사는 것도 아닌데
천년을 기다려도
너를 사랑하겠다
마지막 남은 사랑을 위해
내 꿈이 깨질까봐
불안한 삶이 싫다
내가 선택한 길을
내가 걸어가면서
사랑에 운명을 건다
너를 사랑하기에
내가 존재하는 것
널 위해 내가 살 수 있다면
나의 뜨거운 젊음
모두 다 주고 싶다
몇백년 사는 것도 아닌데
천년을 기다려도
너를 사랑하겠다
마지막 남은 사랑을 위해
천년을 기다려도
너를 사랑하겠다
마지막 남은 사랑을 위해
마지막 남은 사랑을 위해"
먼훗날,0,김미성,"행여나 날 찾아와 왔다가
못 보고 가더라도
옛정의 메이지 말고 말없이 돌아 가 주오
사랑이란 그런것 생각이야 나 겠지만
먼훗날 그때는 이 사람도
떠 날 때 후 일떼니까
행여나 날 찾아와 왔다가
못 보고 가더라도
추억의 머물지 말고
말없이 돌아 가 주오
사랑이란 그런것
생각이야 나 겟지만
먼 훗날 그때는 이 사람도
떠난 후 일떼니까"
연상의 여인,438,윤민호,"이제는 잊어야 할
당신의 얼굴에서
수줍던 지난날의
내 모습을 봅니다
내 젊음을 엮어서
내 영혼을 엮어서
사랑했던 여인 연상의 여인
못다한 사랑이
못다한 내 노래가
그리운 마음에서
당신곁을 스치네

내 젊음을 엮어서
내 영혼을 엮어서
사랑했던 여인 연상의 여인
못다한 사랑이
못다한 내 노래가
그리운 마음에서
당신 곁을 스치네
당신 곁을 스치네
당신 곁을 스치네"
초우,257,패티김,"가슴 속에 스며드는
고독이 몸부림칠 때
갈 길 없는 나그네의 꿈은
사라져 비에 젖어 우네
너무나 사랑했기에
너무나 사랑했기에
마음의 상처 잊을 길 없어
빗소리도 흐느끼네
너무나 사랑했기에
너무나 사랑했기에
마음의 상처 잊을 길 없어
빗소리도 흐느끼네"
2대8,"1,070",이범학,"꽃무늬 거울 앞에 서서
뽀마드 기름 손에 붓고
오른손 듬뿍
왼손에 살짝
이대팔 머리 넘기고
땡땡이 무늬 넥타이에
굵직한 체인 금팔찌에
배바지 입고 빽구두 신고
세련된 걸음걸이
얄라리 얄라리 얄라리 얄라셩
누가 뭐라 해도 난 이대팔
나 오늘 집에 못간다
오늘도 원샷 내일도 원샷
남자의 인생을 마신다
누가 뭐라 해도 난 이대팔
나 오늘 바람 필거야
오늘은 정자
내일은 경자
사나이 인생이란다
칼처럼 날카로운 시력
빛처럼 번뜩이는 청력
여인의 향기 다 찾아내는
이대팔 대단한 후력
금니빨 살짝 보여주고
살인적 미소 날려주면
핫팬츠 입고 하이힐 신고
백미터 전력질주
얄라리 얄라리 얄라리 얄라셩
누가 뭐라 해도 난 이대팔
나 오늘 집에 못간다
오늘도 원샷 내일도 원샷
남자의 인생을 마신다
누가 뭐라 해도 난 이대팔
나 오늘 바람 필거야
오늘은 정자
내일은 경자
사나이 인생이란다
매일 밤 술에 취해 살아도
오빠만 있어주면 괜찮아
일 이년 바람핀거 아닌데
그냥 꾹 참지 뭐 또
누가 뭐라 해도 난 이대팔
나 오늘 집에 못간다
오늘도 원샷 내일도 원샷
남자의 인생을 마신다
누가 뭐라 해도 난 이대팔
나 오늘 바람 필거야
오늘은 정자
내일은 경자
사나이 인생이란다
오늘은 메리
내일은 제니
사나이 라이프란다"
아담과 이브처럼 (Solo),182,나훈아,"난 그냥 니가 왠지 좋아
이유도 없이 그냥 그냥 좋아
난 너를 사랑하고 싶어
사랑에 빠지고 싶어
사랑은 아마 이런 건가봐
가슴이 저려 오네요
그리움이 이런 건가봐
자꾸만 자꾸만 눈물이 나요
오렌지 빛 노을 창가에
와인 잔에 입맞춤으로
사랑을 마시고 싶어
사랑을 꿈꾸고 싶어
난 그냥 니가 정말 좋아
이유도 없이 그냥 좋아
난 너를 모두 알고 싶어
벗어버린 아담과 이브처럼
오렌지 빛 노을 창가에
와인 잔에 입맞춤으로
사랑을 마시고 싶어
사랑을 꿈꾸고 싶어
난 그냥 니가 정말 좋아
이유도 없이 그냥 좋아
난 너를 모두 알고 싶어
벗어버린 아담과 이브처럼"
엘리베이터,"18,472",임영웅,"어허야 내가 내가 간다
어허야
터벅터벅 그 걸음으로
어느 세월에 내게 오나요
저 푸른 하늘 새들처럼
날개를 달고 와야죠
이리저리 돌아보면서
어느 천 년에 내게 오나요
더 늦기 전에 돌아와요
빨리빨리 오세요
사랑아 멀어진 나의 사랑아
내 님아 보고픈 나의 사람아
어허야 내가 내가 간다
그리운 내 님 곁으로
늦기 전에 더 늦기 전에
계단 말고 엘리베이터
어허야 내가 내가 간다
어허야
터벅터벅 그 걸음으로
어느 세월에 내게 오나요
저 푸른 하늘 새들처럼
날개를 달고 와야죠
이리저리 돌아보면서
어느 천 년에 내게 오나요
더 늦기 전에 돌아와요
빨리빨리 오세요
사랑아 멀어진 나의 사랑아
내 님아 보고픈 나의 사람아
어허야 내가 내가 간다
그리운 내 님 곁으로
늦기 전에 더 늦기 전에
계단 말고 엘리베이터
계단 말고 엘리베이터"
님,"3,571",장민호,"간다 간다
정든 님이 떠나간다
간다 간다 나를 두고
정든 님이 떠나간다
님의 손목 꼭 붙들고
애원을 해도
님의 가슴 부여 잡고 울어
울어도 뿌리치고
떠나가더라 속절도 없이
오는 정 가는 정에
정이 들어 사랑을 했던 님
어쩌면 그렇게도
야속하게 가시나요
간다 간다 나를 두고
정든 님이 떠나간다"
누이,"1,493",김경민,"언제나 내겐 오랜 친구같은
사랑스런 누이가 있어요
보면 볼수록
매력이 넘치는
내가 제일 좋아하는 누이
마음이 외로워
하소연할 때도
사랑으로 내게 다가와
예쁜 미소로
예쁜 미소로
예쁜 마음으로
예쁜 마음으로
내 마음을 달래주던 누이
누나 정말 사랑해요
나의 가슴에
그대 향한 마음은
언제나
사랑하고 있어요
마음이 외로워
하소연할 때도
사랑으로 내게 다가와
예쁜 미소로
예쁜 미소로
예쁜 눈빛으로
예쁜 눈빛으로
내 마음을
감싸주던 누이
누나 정말 사랑해요
나의 가슴에
그대 향한 마음은
언제나 사랑하고 있어요
언제나 사랑하고 있어요
영원히 사랑하고 있어요"
늙어서 봐,451,김다나,"늙어서 봐 늙어서 봐
당신은 찬밥 신세야
사랑할 때는 행복했었지
갖은 고생 다 해가며
울었다 웃었다가
미친듯이 살아왔는데
그 인간 아직도
주색에 빠져
홍야홍야 홍야홍야
콩인지 팥인지
착각 속에 살지마
꽃바람에 취해버린
어리석은 인생아
언제나 철들래
후회할 땐 늦어
늙어서 봐 늙어서 봐
당신은 찬밥 신세야
홍야홍야 홍야홍야
콩인지 팥인지
착각 속에 살지마
꽃바람에 취해버린
어리석은 인생아
언제나 철들래
후회할 땐 늦어
늙어서 봐 늙어서 봐
당신은 찬밥 신세야
부부가 최고랍니다
부부가 최고 최고랍니다
부부가 최고랍니다"
진또배기,294,오유진,"어야디야 어야디야
어야디야 어야디야
어야디야
어촌마을 어귀에 서서
마을에 평안함을 기원하는
진또배기 진또배기 진또배기
오리 세 마리 솟대에 앉아
물 불 바람을 막아주는
진또배기 진또배기 진또배기
모진 비바람을 견디며
바다의 심술을 막아주고
말없이 마을을 지켜온
진또배기 진또배기
어어어어어어어어 어야디야
풍어와 풍년을 빌면서
일 년 내내 기원하는
진또배기 진또배기
진또배기 진또배기
어야디야 어야디야
어야디야 어야디야
배 띄워라 노를 저어라
파도가 노래한다 춤을 춘다
진또배기 진또배기 진또배기
오리 세 마리 솟대에 앉아
물 불 바람을 막아주는
진또배기 진또배기 진또배기
모진 비바람을 견디며
바다의 심술을 막아주고
말없이 마을을 지켜온
진또배기 진또배기
어어어어어어어어 어야디야
풍악을 울려라 만선이다
신나게 춤을 추자 풍년이다
진또배기 진또배기
진또배기 진또배기
어어어어어어어어 어야디야"
낭만 탱고,76,조항조,"이래저래 산다 그러려니 산다
아깝지 않은가 인생 한 바퀴
춤추듯 살아야지 꿈꾸며 살아야지
언제나 인생은 낭만 탱고

물 흐르듯 이대로 원스텝 또 투스텝
사랑 찾아서 느려도 내 갈 길 간다
내 맘대로 산다, 딱 한 번 인생길 후회는 남지 않게
춤을 춘다, 이런 게 낭만이지

춤추듯 살아야지 꿈꾸며 살아야지
언제나 인생은 낭만 탱고

물 흐르듯 이대로 원스텝 또 투스텝
사랑 찾아서 느려도 내 갈 길 간다
내 맘대로 산다, 딱 한 번 인생길 후회는 남지 않게
춤을 춘다, 이런 게 낭만이지

내 맘대로 산다, 딱 한 번 인생길 후회는 남지 않게
춤을 춘다, 이런 게 낭만이지

내 인생에 낭만이 있어야지"
소양강 처녀,507,심수봉,"해 저문 소양강에 황혼이 지면 외로운 갈대밭에 슬피 우는 두견새야열여덟 딸기 같은 어린 내 순정 너마저 몰라주면 나는 나는 어쩌나아~ 그리워서 애만 태우는 소양강 처녀



동백꽃 피고 지는 계절이 오면 돌아와 주신다고 맹세하고 떠나셨죠!이렇게 기다리다 멍든 가슴에 떠나고 안 오시면 나는 나는 어쩌나아~ 그리워서 애만 태우는 소양강 처녀"
천생연분,795,윙크,"천생연분 내 사랑
천년만년 내 사랑
천생연분 내 사랑
하늘이 맺어준 사람
천년만년 내 사랑
영원히 지켜주세요
꽃비가 내리던 날
당신을 만났어요
스치는 손길에 나는 알았죠
당신은 내 사람이죠
사랑이 스며들죠
수줍은 내 가슴에
떨리는 내 볼에 입 맞추었죠
내 맘은 녹아버렸죠
사랑인가요
이런게 사랑이라면
그대와 난 이 세상에서
인연인가요
천생연분 내 사랑
하늘이 맺어준 사람
천년만년 내 사랑
영원히 지켜주세요

천생연분 내 사랑
천년만년 내 사랑
천생연분 내 사랑
하늘이 맺어준 사람
천년만년 내 사랑
영원히 지켜주세요
쓸쓸한 달빛 아래
사랑을 맹세했죠
빨개진 귓가에 속삭여주며
내 맘을 사로잡았죠
꿈속을 헤맸어요
당신을 기다리며
나에게 다가올 인연이라면
머물러 주길 바랬죠
사랑인가요
이런게 사랑이라면
그대와 난 이 세상에서
인연인가요
천생연분 내 사랑
하늘이 맺어준 사람
천년만년 내 사랑
영원히 지켜주세요
영원히 지켜주세요
그대와 난 천생연분"
고장난 벽시계,93,박혜신,"라라라라
라 라라
라라라라
라 라라
라라 라 라
세월아
너는 어찌
돌아도
보지 않느냐
나를 속인
사람보다
네가 더욱
야속하더라
한두 번 사랑 때문에
울고 났더니
저만큼
가버린 세월
고장 난 벽시계는
멈추었는데
저 세월은
고장도 없네
저 세월은
고장도 없네
라라라라
라라라라
라라라라
라라라라
라라 라 라
청춘아
너는 어찌
모른 척하고
있느냐
나를 버린
사람보다
네가 더욱
무정하더라
뜬구름 쫓아가다
돌아봤더니
어느새
흘러간 청춘
고장 난 벽시계는
멈추었는데
저 세월은
고장도 없네
한두 번 사랑 때문에
울고 났더니
저만큼
가버린 세월
고장 난 벽시계는
멈추었는데
저 세월은
고장도 없네
저 세월은
고장도 없네
저 세월은
고장도 없네"
남이가,"2,310",김희재,"우리는 남이가
사랑이 끝나버린 남이가
이제는 남이가
사랑이 식어버린 남이가
우리는 남이가
사랑에 울어버린 남이가
이제는 남이가
다시는 볼 수 없는 남이가
떠나는 사람아
너무나 사랑했던 사람아
가슴이 아파 눈물이 나와
떠나는 사람아
이대로 남이 되는 사람아
우리 사랑이 연기처럼 사라지네
다시 올 수 없는가 사랑할 수 없는가
우리 이제 남이가 차갑게 돌아서네
다시 올 수 없는가 사랑할 수 없는가
우리 이제 남이가 뜨겁게 돌아와줘
우린 남이가
우리는 남이가
사랑이 끝나버린 남이가
이제는 남이가
사랑이 식어버린 남이가
우리는 남이가
사랑에 울어버린 남이가
이제는 남이가
다시는 볼 수 없는 남이가
떠나는 사람아
너무나 사랑했던 사람아
가슴이 아파 눈물이 나와
떠나는 사람아
이대로 남이 되는 사람아
우리 사랑이 연기처럼 사라지네
다시 올 수 없는가 사랑할 수 없는가
우리 이제 남이가 차갑게 돌아서네
다시 올 수 없는가 사랑할 수 없는가
우리 이제 남이가 뜨겁게 돌아와줘
우린 남이가"
삼백초,165,김상배,"바보야
가버린 너는 바보야
엽서도 한장 남기지 않고
떠나가버린 너
너는 너는 너는
바보야
삼백초 꽃잎 같은
내 마음에
눈물이 맺히고 있네
아늑한 가슴
나직한 음성
은근한 그 애정
다시
돌아올 수 없겠니
미운 바보야
예쁜 바보야
내 마음도 몰라주는
바보 바보야

바보야
가버린 너는 바보야
한마디 말도 원망도 없이
떠나가버린 너
너는 너는 너는
바보야
삼백초 이슬 같은
눈 망울에
그리움 번지고 있네
바람은 불고
갈잎은 울고
계절은 슬픈데
너의 발길 간 곳 어디니
미운 바보야
예쁜 바보야 내 마음도
몰라주는 바보 바보야"
님의 등불,"15,572",김호중,"동쪽에서 부는 바람
이내 옷깃 스칠라
서쪽에서 부는 바람
이내 살갗 스칠라
하나밖에 없는 내님이여
누가 볼까 두렵소
장뚝 뒤에 숨길까
이내 등뒤에 숨길까
세찬 비바람 불어도
세찬 비바람 불어도
거센 눈보라가 닥쳐도
거센 눈보라가 닥쳐도
나는 영원한
당신의 등불이 되리라
세월따라 변하는게
이내 얼굴 이더냐
강물처럼 흘러가는
가는 세월 야속하오
내 영혼을 심어 사랑한님
누가 볼까 두렵소
장뚝 뒤에 숨길까
이내 등뒤에 숨길까
세찬 비바람 불어도
세찬 비바람 불어도
거센 눈보라가 닥쳐도
거센 눈보라가 닥쳐도
나는 영원한
당신의 등불이 되리라
장뚝 뒤에 숨길까
이내 등뒤에 숨길까
세찬 비바람 불어도
세찬 비바람 불어도
거센 눈보라가 닥쳐도
거센 눈보라가 닥쳐도
나는 영원한
당신의 등불이 되리라"
갈무리,"15,930",임영웅,"내가 왜 이런지 몰라
도대체 왜 이런지 몰라
꼬집어 말할 순 없어도
서러운 맘 나도 몰라
잊어야 하는 줄은 알아
이제는 남인줄도 알아
알면서 왜 이런지 몰라
두 눈에 눈물 고였잖아
이러는 내가 정말 싫어
이러는 내가 정말 미워
이제는 정말 잊어야지
오늘도 사랑 갈무리
이래선 안되는 줄 알아
지난간 꿈인 줄도 알아
그런 줄 뻔히 알면서도
마음을 잡지 못하잖아
이러는 내가 정말 싫어
이러는 내가 정말 미워
다시는 생각 말아야지
오늘도 사랑 갈무리"
웬수,691,나훈아,"울지는 않겠다고 다짐을 했는데
돌아서는 내 두 뺨엔
주르륵 눈물이 흐르네
떠나가는 저 사람에겐
미련 같은 건 없는데
왜 이럴까 왜 우는 걸까
바보처럼 왜 이러는 걸까
딱 한 가지 딱 한 마디
딱 한 글자 정 정이 웬수야
어차피 가는 사람 웃으며 보내고
돌아서는 어깨 위엔
주르륵 비까지 내리네
내가 좋아 사랑한 사람
후회 같은 건 없는데
왜 이럴까 왜 아픈 걸까
바보처럼 왜 이러는 걸까
딱 한 가지 딱 한 마디
딱 한 글자 정 정이 웬수야
딱 한 가지 딱 한 마디
딱 한 글자 정 정이 웬수야"
아 대한민국,"23,897",임영웅,"하늘엔 조각구름 떠있고
강물엔 유람선이 떠있고
저마다 누려야 할 행복이
언제나 자유로운 곳
뚜렷한 사계절이 있기에
볼수록 정이 드는 산과 들
우리의 마음속에 이상이
끝없이 펼쳐지는 곳
뜻하는 것은
무엇이든 얻을 수 있고
뜻하는 것은
무엇이건 될 수가 있어
이렇게 우린
은혜로운 이 땅을 위해
이렇게 우린
이 강산을 노래 부르네
아아 우리 대한민국
아아 우리 조국
아아 영원토록 사랑하리라
우리 대한민국
아아 우리 조국
아아 영원토록 사랑하리라
도시엔 우뚝 솟은 빌딩들
농촌엔 기름진 논과 밭
저마다 자유로움 속에서
조화를 이뤄가는 곳
도시는 농촌으로 향하고
농촌은 도시로 이어져
우리의 모든 꿈은 끝없이
세계로 뻗어가는 곳
뜻하는 것은
무엇이건 얻을 수 있고
뜻하는 것은
무엇이건 될 수가 있어
이렇게 우린
은혜로운 이 땅을 위해
이렇게 우린
이 강산을 노래 부르네
아아 우리 대한민국
아아 우리 조국
아아 영원토록 사랑하리라
우리 대한민국
아아 우리 조국
아아 영원토록 사랑하리라"
황금별,"6,178",정동원,"아주 먼 옛날에 한 왕이
아들과 함께 살았다네
세상을 두려워하면서
늘 왕자 걱정에 잠 들 수가 없었지
성벽을 높이고 문도 굳게 닫았네
어느 날 바람결에 실려 온 그리움
혼자 있는 왕자에게 속삭였네
북두칠성 빛나는 밤에
하늘을 봐 황금별이 떨어질 거야
황금별을 찾기 원하면
인생은 너에겐 배움터
그 별을 찾아 떠나야만 해
왕은 말하곤 했지
이 세상은 파멸로 가득 찼다
난 결코 밖을 보지 않아
저 세상에서 널 지키겠다 하셨네
성벽을 높이고 문도 굳게 닫았네
하지만 뛰는 가슴 멈출 수는 없어
왕자 성벽 넘어 세상 꿈꾸었네
자 여길 떠나 저 성벽 넘어
그 별을 찾으러 여행을 떠나야해
험한 세상 너 사는 이유
이 모든 걸 알고 싶다면
너 혼자 여행 떠나야만 해
사랑이란 구속하지 않는 것
사랑은 자유롭게 놓아주는 것
때로는 아픔도 감수해야 해
사랑은 눈물 그것이 사랑
황금별이 떨어질 때면
세상을 향해서 여행을 떠나야 해
북두칠성 빛나는 밤에
저 높은 성벽을 넘어서
아무도 가보지 못한 그곳으로
저 세상을 향해서 날아가 날아올라"
눈물이 뚝뚝,"3,029",장민호,"소리 없이 내리는 눈물
떠나간 그대 생각이 나요
이 밤 홀로 불러본 이름
그대 떠나고 처음 불러봅니다
하루하루 지내다 보면
그대 흔적들 많이 남아서
가끔 멍해질 때 있어요
그대 너무 생각나서
오늘은 마음먹고
그대 생각하려고
옛 추억 떠올려 보다
잘해주지 못했던
내가 너무 미워서
술 한 잔으로 달래 보지만
눈물이 뚝뚝 뚝뚝 뚝뚝
떨어지네요
내 두 볼 위로 흐르는 눈물
어느 누가 알까요
그댈 그리는 마음
뜨거운 가슴의 눈물을
오늘은 마음먹고
그대 생각하려고
옛 추억 떠올려 보다
잘해주지 못했던
내가 너무 미워서
술 한 잔으로 달래 보지만
눈물이 뚝뚝 뚝뚝 뚝뚝
눈물이 뚝뚝 뚝뚝 뚝뚝
떨어지네요
내 두 볼 위로 흐르는 눈물
어느 누가 알까요
그댈 그리는 마음
뜨거운 가슴의 눈물을
뜨거운 가슴의 눈물을"
곰탱이 (feat. 에녹),202,조정민,"나만 자꾸 쳐다보면 어떡해
화끈화끈 빨개지면 어떡해
감기 걸린 듯이 열이 나잖아
다 당신 때문이야

어떤 말을 해도 반짝반짝해
어떤 표정해도 반짝반짝해
꽁꽁 얼었던 내 맘을 녹여줄
내 사랑 곰탱이니까

찬비가 주르룩 주룩 내리면 날 안아줘
쌩쌩 부는 바람에 꼭 안아줘
아무대도 가지 말고 나만 안아줘
곰탱이 내거니까

세 번 벨이 울리기 전 받아줘
내 문자에 빨리빨리 답해줘
언제든지 내가 원할 때마다
달려와 줄 거야 그이는

어떤 말을 해도 반짝반짝해
어떤 표정해도 반짝반짝해
꽁꽁 얼었던 내 맘을 녹여줄
내 사랑 곰탱이니까

찬비가 주르룩 주룩 내리면 날 안아줘
쌩쌩 부는 바람에 꼭 안아줘
아무대도 가지 말고 나만 안아줘
곰탱이 내거니까

따듯한 가슴에 안겨볼래 (곰탱이)
날 포근히 포근히 감싸주면
가슴이 짜르르르~~~

찬비가 주르룩 주룩 내리면 날 안아줘
쌩쌩 부는 바람에 꼭 안아줘
아무대도 가지 말고 나만 안아줘
곰탱이 내거니까

찬비가 주르룩 주룩 내리면 날 안아줘
쌩쌩 부는 바람에 꼭 안아줘
아무대도 가지 말고 나만 안아줘
곰탱이 내거니까"
나그네 인생,0,홍지윤,"아 나그네 인생
무심하게 가는 세월을
잡지는 못하지만
무정하게 가는 사랑도
잡지는 못하네요
천년만년 살 것처럼
살아도 고된 인생
슬퍼 마라
울지도 마라
아 아 나그네 인생
아 나그네 인생
무심하게 가는 청춘도
잡지는 못하지만
무정하게 가는 사랑도
막지는 못하네요
천년만년 살 것처럼
살아도 고된 인생
슬퍼 마라
울지도 마라
아 아 나그네 인생
아 아 나그네 인생"
사랑해요,"2,429",장윤정,"사랑해요 말로는 못해도
이런 내 맘 꼭 전해지기를
이젠 내가 지켜줄게요
평생 살아가는 동안에
내가 세상에 오던 날
뜨겁던 그대 눈물이
오늘도 날 살게 하네요
그대 정말 고마워요
살다가 힘이 들 때면
서운해 미워질 때면
그 날을 우리 기억하면서
나 평생 약속할게요
사랑해요 말로는 못해도
이런 내 맘 꼭 전해지기를
이젠 내가 지켜줄게요
평생 살아가는 동안에
바쁘게 살다가 보면
가끔은 소홀해져도
그대를 향한 나의 마음은
언제나 변하지 않죠
사랑해요 말로는 못해도
이런 내 맘 꼭 전해지기를
이젠 내가 지켜줄게요
평생 살아가는 동안에
사랑해요 세상이 변해도
이런 내 맘 늘 변치 않기를
영원토록 행복하기를
평생 살아가는 동안에
평생토록 지켜줄게요
우리 살아가는 동안에"
주인공은 나야나,630,오승근,"내인생은 내꺼 주인공은 나야 나
울어도 봤소 웃어도 봤소
산전수전 다 겪어봤소
이왕이라면 남은 내인생 꽃길이면
나는 좋겠소
돈으로도 살수없는 금같은 세월
한번가면 오지 않는데
주저하지 말고 망설이지 말고
하고픈 일 하고 삽시다
그래그래 내인생은 내꺼
주인공은 나야 나
울어도 봤소 웃어도 봤소
산전수전 다 겪어봤소
이왕이라면 남은 내인생
꽃길이면 나는 좋겠소
돈으로도 살수없는 금같은 세월
한번가면 오지 않는데
주저하지 말고 망설이지 말고
하고픈 일 하고 삽시다
그래그래 내인생은 내꺼
주인공은 나야 나
돈으로도 살수없는 금같은 세월
한번가면 오지 않는데
주저하지 말고 망설이지 말고
하고픈 일 하고 삽시다
그래 그래 내인생은 내꺼
주인공은 나야 나
내인생은 내꺼 주인공은 나야 나"
나는 울었네,"15,047",임영웅,"나는 몰랐네 나는 몰랐네
저 달이 나를 속 일 줄
나는 울었네 나는 울었네
나루터 언 덕에서
손목울 잡고 다시 오마던
그 님은 소식 없고 나만 홀로
이슬에 젖어 달빛에 젖어
밤새도록 나는 울 었 소
나는 속았네 나는 속았네
무정한 봄 바람에
달도 기울고 별도 흐르고
강물도 흘러 갔소
가슴에 안껴 흐느껴 우 든
그대는 어델가고 나만 홀로
이 밤을 세워 울어 보련다
쓸 쓸 한 밤 야속한 님 아"
올 가을엔 사랑할거야,"2,089",손태진,"묻지 말아요 내 나이는 묻지 말아요
올 가을엔 사랑할 거야

나 홀로 가는 길은 너무 쓸쓸해
너무 쓸쓸해

창밖에 눈물짓는
나를 닮은 단풍잎 하나

아, 가을은 소리 없이 본체만체
흘러만 가는데

울지 말아요 오늘 밤만은 울지 말아요
아무리 슬픈 일이 있어도

그대가 없이 가는 길은 쓸쓸해
너무 쓸쓸해

애타게 떠오르는 떠나간 그리운 사람
그래도 다시 언젠가는 사랑을 할 거야
사랑할 거야

애타게 떠오르는 떠나간 그리운 사람
아, 그래도 다시 언젠가는 사랑을 할 거야
사랑할 거야

사랑할 거야"
당신의 의미,828,이자연,"당신
사랑하는 내 당신 둘도 없는
내 당신
당신 없는 이 세상은
아무런 의미가 없어요
가지 마세요 가지 마세요
나를 두고 가지 마세요
당신 위하여 입은 앞치마에
눈물이 젖게 하지 마세요
당신 사랑하는 내 당신
둘도 없는 내 당신
당신 없는 내 인생은 아무런
의미가 없어요
당신 사랑하는 내 당신 둘도
없는 내 당신
당신 없는 이 세상은 아무런
의미가 없어요
가지 마세요 가지 마세요
나를 두고 가지 마세요
당신 위하여 입은 앞치마에
눈물이 젖게 하지 마세요
당신 사랑하는 내 당신
둘도 없는 내 당신
당신 없는 내 인생은
아무런 의미가 없어요
아무런 의미가 없어요
아무런 의미가 없어요"
꽃보다 아름다운 너,430,배일호,"꽃보다 아름다운 너
내맘에 쏙드는 너
오빠라고 불러주던 너를
님이라 부르고 싶어
상냥한 미소로
아름다운 눈빛으로
내마음을 내마음을
사로 잡은 너
내 모든걸 다바쳐
내 정열 불태우리라
꽃보다 아름다운 너
내맘에 쏙드는너
오빠라고 불러주던 너를
님이라 부르고 싶어

꽃보다 아름다운 너
내맘에 쏙드는너
오빠라고 불러주던 너를
님이라 부르고 싶어
상냥한 얼굴로
아름다운 목소리로
내 마음을 내마음을
사로 잡은 너
내 모든걸 다바쳐
내 정열 불태우리라
꽃보다 아름다운 너
내맘에 쏙 드는 너
오빠라고 불러주던 너를
님이라 부르고 싶어
상냥한 미소로
아름다운 눈빛으로
내마음을 내마음을
사로 잡은 너
내 모든걸 다바쳐
내 정열 불태우리라
꽃보다 아름다운 너
내맘에 쏙드는너
오빠라고 불러주던 너를
님이라 부르고 싶어
오빠라고 불러주던 너를
님이라 부르고 싶어"
동백 아가씨,95,박혜신,"헤일 수 없이
수많은 밤을
내 가슴 도려내는
아픔에 겨워
얼마나 울었던가
동백 아가씨
그리움에 지쳐서
울다 지쳐서
꽃잎은 빨갛게
멍이 들었소
동백꽃잎에
새겨진 사연
말 못 할 그 사연을
가슴에 안고
오늘도 기다리는
동백 아가씨
가신님은 그 언제
그 어느 날에
외로운 동백꽃
찾아오려나
그리움에 지쳐서
울다 지쳐서
꽃잎은 빨갛게
멍이 들었소
멍이
들었소"
저 하늘 별을 찾아,599,유지나,"오늘은 어느 곳에서
지친 몸을 쉬어나 볼까
갈곳 없는 나그네의
또 하루가 가는구나
하늘을 이불 삼아
밤이슬을 베개 삼아
지친 몸을 달래면서
잠이 드는 짚시인생
아침해가 뜰 때까지
꿈속에서 별을 찾는다

오늘은 어느 곳에서
지친 몸을 쉬어나 볼까
사랑 찾는 나그네의
또 하루가 가는구나
밤별을 친구 삼아
풀벌레를 벗을 삼아
지친 몸을 달래면서
잠이 드는 짚시인생
아침해가 뜰 때까지
꿈속에서 별을 찾는다"
연하의 남자,106,하춘화,"연하의 남자
그 남자를 내가 정말
사랑 하나봐
하루종일 같이 있어도
그 눈빛이 너무 따뜻해
외로워선 안된다고
고독해선 안된다고
위로하며 웃어주는
연하의 남자
이세상에 누구보다
이세상에서 누구보다
사랑해요 속삭이며
내어깨를 감싸 주는
나의사랑 연하의 남자
연하의 남자
그 남자를 내가 정말
사랑 하나봐
하루종일 같이 있어도
그 눈빛이 너무 따뜻해
외로워선 안된다고
고독해선 안된다고
위로하며 웃어주는
연하의 남자
이세상에 누구보다
이세상에서 누구보다
사랑해요 속삭이며
내어깨를 감싸 주는
나의사랑 연하의 남자
내어깨를 감싸 주는
나의사랑 연하의 남자
나의사랑 연하의 남자"
귀거래사,246,금잔디,"우우우 우우우 우우우 우우우

하늘아래 땅이있고 그 위에 내가 있으니
어디인들 이내 몸 둘곳이야 없으리
하루해가 저문다고 울터이냐
그리도 내가 작더냐
별이지는 저 산너머 내 그리 쉬어가리라

바람아 불어라 이내 몸을 날려주려마
하늘아 구름아 내 몸 실어 떠나가련다

해가지고 달이뜨고 그 안에 내가 숨쉬니
어디인들 이내몸 갈곳이야 없으리
작은것을 사랑하며 살터이다
친구를 사랑하리라 말이없는 저 들녘에
내 님을 그려보련다

바람아 불어라 이내 몸을 날려주려마
하늘아 구름아 내 몸 실어 떠나가련다"
강원도 아리랑,207,"천연조미료(공훈,신미래,이소나,황홍비","아리랑 아리랑 아라리요
아리랑 고개 고개로 나를 넘겨주게
아리아리 쓰리쓰리 아라리요
아리아리 고개로 넘어간다
아주까리 정자는 구경자리
살구나무 정자로만 만나보세
아리아리 쓰리쓰리 아라리요
아리아리 고개로 넘어간다
열라는 콩팥은 왜 아니 열고
아주까리 동백은 왜 여는가
아리아리 쓰리쓰리 아라리요
아리아리 고개로 넘어간다
아리랑 고개다 주막집을 짓고
정든 님 오기만 기다린다
아리아리 쓰리쓰리 아라리요
아리아리 고개로 넘어간다
아리아리 아리아리
쓰리쓰리 쓰리쓰리 아라리요
아리아리 아리아리
고개로 넘어간다
아리아리 아리아리 아리아리
아리랑 고개로 나를 넘겨 주소"
우지마라,"1,321",홍지윤,"우지마라 우지마라
사랑이란 다 그런거다
저마다 아픈 사연 가슴에 묻고 살지
우지마라 우지를 말어라
우지마라 우지마라
사랑이란 다 그런거다
저마다 아픈 사연 가슴에 묻고 살지
미련일랑 남기지 말어라
정해진 운명이야 팔자라 거니
달려라 외길인생 후회는 없다
가지 많은 나무에 바람 잘 날 없구나
우지마라 우지를 말어라
묻지마라 묻지마라
인생이란 다 그런거다
가다가 힘이 들면 한번쯤 쉬어가지
미련일랑 남기지 말어라
정해진 운명이야 팔자라 거니
달려라 외길인생 후회는 없다
가지 많은 나무에 바람 잘 날 없구나
묻지마라 묻지를 말어라
정해진 운명이야 팔자라 거니
달려라 외길인생 후회는 없다
가지 많은 나무에 바람 잘 날 없구나
우지마라 우지를 말어라
우지마라 우지를 말어라"
숨어 우는 바람소리,389,신승태,"갈대밭이 보이는 언덕
통나무집 창가에
길 떠난 소녀같이
하얗게 밤을 새우네
김이 나는 차 한잔을
마주하고 앉으면
그 사람 목소린가
숨어 우는 바람 소리
둘이서 걷던 갈대밭 길에
달은 지고 있는데
잊는다 하고 무슨 이유로
눈물이 날까요
아 길 잃은 사슴처럼
그리움이 돌아오면
쓸쓸한 갈대숲에
숨어 우는 바람 소리
둘이서 걷던 갈대밭 길에
달은 지고 있는데
잊는다 하고 무슨 이유로
눈물이 날까요
아 길 잃은 사슴처럼
그리움이 돌아오면
쓸쓸한 갈대숲에
숨어 우는 바람 소리"
타투,198,나훈아,"사랑은 끝났는데 끝난 줄 알았는데
구구단 외우듯이 당신을 외워버렸네
가슴에 내 가슴에 뜨겁게 새겨진 사랑
나 때문에 너 때문에 잊어야 깔끔할 텐데
사랑이란 타투인가
지워지지 않는 그림
지울 수가 없는 그림

떠나면 그만인데 그만인 줄 알았는데
알파벳 외우듯이 당신을 외워버렸네
마음에 내 마음에 깊숙이 새겨진 추억
나를 위해 너를 위해 잊으려 별짓 다 해도
사랑이란 타투인가
지워지지 않는 그림
지울 수가 없는 그림"
눈물의 블루스,"2,023",박지현,"오색등 네온 불이
속삭이듯 나를 유혹하는 밤
가슴을 휘젓듯이
흐느끼는 색소폰 소리
아 나를 울리네
이 순간이 지나고 나면
떠날 당신이기에
그대 품에 안기운 채
젖은 눈을 감추네
아 블루스 블루스
블루스 연주자여
그 음악을 멈추지 말아요

오색등 네온 불이
손짓하듯 나를 유혹하는 밤
내리는 빗물처럼
흐느끼는 색소폰 소리
아 나를 울리네
이 순간이 지나고 나면
떠날 당신이기에
그대 가슴에 얼굴을 묻고
젖은 눈을 감추네
아 블루스 블루스
블루스 연주자여
그 음악을 멈추지 말아요
그 음악을 멈추지 말아요"
처녀 농군,"1,843",박서진,"홀 어머니 내 모시고
살아가는 세상인데
이 몸이 처녀라고
이 몸이 처녀라고
남자 일을 못하나요
소 몰고 논밭으로
이랴 어서 가자
해 뜨는 저 벌판에
이랴 어서 가자
밭갈이 가자

홀로 계신 우리 엄마
내 모시고 사는 세상
이 몸이 여자라고
이 몸이 여자라고
남자 일을 못하나요
꼴망태 등에 메고
이랴 어서 가자
해 뜨는 저 벌판에
이랴 어서 가자
밭갈이 가자"
그런거라네,71,주미,"인생은 자고새면 오고
인생은 자고새면 가는

세상 그런 거라네
울고 웃는 거라네

그래서 한세상이라네
그래서 나그네라네

봄이 오면 꽃이 피고
가을이면 낙엽 지듯

인생 그런 거라네
피고 지는 거라네

그래서 한세상이라네
그래서 나그네라네

바람에 구름 가듯 떠도는 몸이
산길 물길을 가리랴

꿈은 내 것이로되
세상 내 것이 아닌 걸

봄이 오면 꽃이 피고
가을이면 낙엽 지듯

인생 그런 거라네
피고 지는 거라네

그래서 한세상이라네
그래서 나그네라네

바람에 구름 가듯 떠도는 몸이
산길 물길을 가리랴

꿈은 내 것이로되
세상 내 것이 아닌 걸

봄이 오면 꽃이 피고
가을이면 낙엽 지듯

인생 그런 거라네
피고 지는 거라네

그래서 한세상이라네
그래서 나그네라네"
꿈속의 사랑,60,김나희,"사랑해선 안 될 사람을
사랑하는 죄이라서

말 못하는 내 가슴은 이 밤도
울어야 하나

잊어야만 좋을 사람을
잊지 못한 죄이라서

말 못하는 내 가슴은 이 밤도
울어야 하나

아 사랑 애달픈 내 사랑아
어이 맺은 하룻밤의 꿈

다시 못 볼 꿈이라면 차라리
눈을 감고 뜨지 말 것을

사랑해선 안 될 사람을
사랑하는 죄이라서

말 못하는 내 가슴을 이 밤도
울어야 하나

아 사랑 애달픈 내 사랑아
어이 맺은 하룻밤의 꿈

다시 못 볼 꿈이라면 차라리
눈을 감고 뜨지 말 것을

사랑해선 안 될 사람을
사랑하는 죄이라서

말 못하는 내 가슴을 이 밤도
울어야 하나"
사랑도 모르면서,843,류기진,"사랑은 믿는거라고
무조건 믿는거라고
달콤한 말로
나를 꼬드기고
작별의 인사 없이
떠나 가버렸나
사랑은 통속한 잡지에
밑줄 치는 낙서가 아니야
사랑도 모르면서
사랑도 모르면서 모르면서
내 이름은 왜 또 불렀소
사랑은 믿는거라고
끝까지 믿는 거라고
달콤한 말로 나를 꼬드기고
작별의 인사 없이
떠나 가버렸나
사랑은 통속한 잡지에
밑줄 치는 낙서가 아니야
사랑도 모르면서
사랑도 모르면서 모르면서
내 이름은 왜 또 불렀소
사랑도 모르면서
사랑도 모르면서 모르면서
내 이름은 왜 또 불렀소"
비가 온다,"13,904",김호중,"빗소리가 들린다
추억이 너를 부른다
깊은 정을 남기고
떠나버린 여인아
구슬프게 비가 내리면
술잔을 비워내며 울고 싶어라
비가 온다 나의 가슴에
시리도록 마음이 춥다
미련이란 못된 눈물
빗물처럼 가슴에 흘러내린다
깊은 정을 남기고
떠나버린 여인아
구슬프게 비가 내리면
술잔을 비워내며 울고 싶어라
비가 온다 나의 가슴에
시리도록 마음이 춥다
미련이란 못된 눈물
빗물처럼 가슴에 흘러내린다
가슴에 흘러내린다"
비가,"1,581",혜은이,"사랑하는 사람의 그 이름을
끝내 부르지 못해
그리움 하나로 잊혀져가는
내 이름 석자
등을 돌려 내게서 등 돌려 가는
사람이여
그래 말 없이 떠나라 다시
돌아오지 말아라
바람에 스치우는 그대 그리운 말
이제는 잊으리라
노을 한 자락에도 떨어지는
이 눈물은 씻어 지리라
살다 살다 외로워질때 나 보다
더 그대 외로울 때
그때 그리워지리라 잊혀진
내 이름 석자
바람에 스치우는 그대 그리운 말
이제는 잊으리라
노을 한 자락에도 떨어지는
이 눈물은 씻어 지리라
살다 살다 외로워질때 나 보다
더 그대 외로울 때
그때 그리워지리라 잊혀진
내 이름 석자
잊혀진 내 이름 석자"
그놈의 정,154,진성,"너를 보면 화가 난다 미워서가 아니라
그놈의 정 정때문이야 쌓인 정 치우려고
애를 써봐도 눈물이 앞을 가리네
쓰라린 상처 달래는게 어디 너뿐이드냐
사랑이야 지우면 되지
그놈의 정 정때문이야
미치도록 화가 난다 너를보고있어면
얄미운 정 정때문이야 정을 잡고보는
내가 미워서 눈물이 앞을 가리네
아픈사랑 달래는게 어디 너뿐이드냐
마음이야 달래면되지 그놈의 정
정때문이야 그놈의 정 정때문이야"
청바지,279,박주희,"come back
우리는 청바지야
now 행복은 이제 시작 워우어
now 사랑도 이제 시작 워우어
꿈꾸는 대로 이뤄지는
오늘은 기적 같은 날
선택하면 이뤄지는
지금 이 순간
청춘은 바로바로 지금
즐거운 인생이야
청춘은 바로바로 지금
오늘은 내가 퀸이야
come back
우리는 청바지야
come back
우리는 청바지야
now 자신을 사랑해봐 워우어
now 뭐든지 할 수 있어 워우어
시작이 이미 절반이야
늦었다 생각하지마
선택하면 이뤄지는
지금 이 순간
청춘은 바로바로 지금
즐거운 인생이야
청춘은 바로바로 지금
오늘은 내가 퀸이야
come back
우리는 청바지야
청춘은 바로바로 지금
즐거운 인생이야
청춘은 바로바로 지금
오늘은 내가 퀸이야
come back
우리는 청바지야
come back
우리는 청바지야"
너는 내남자,"1,854",나태주,"너를 의식 못한 내 방식 대로
사랑한 탓으로 왠지 너를
놓칠 것 같은 예감 때문에
꽉 낀 청바지 갈아입고
거리에 나섰다
오늘 따라 보고 싶어
너무나 보고 싶어
그 카페를 찾아갔지만
너의 모습은 보이지 않았어
너를 의식 못한 내 방식 대로
사랑한 탓으로 왠지 너를
놓칠 것 같은 예감 때문에
돌아오는 길이 난 무척 힘들었어
내가 미워도 한 눈 팔지 마
너는 내 여자
그래도 언제나 너는 내 여자
너를 의식 못한 내 방식 대로
사랑한 탓으로 왠지 너를
놓칠 것 같은 예감 때문에
돌아오는 길이 난 무척 힘들었어
내가 미워도 한 눈 팔지 마
너는 내 여자
그래도 언제나 너는 내 여자"
월량대표아적심(月亮代表我的心),"4,428",장민호,"爾 問 我 愛 爾 有 多 深 我 愛 爾 有 幾 分
당신은 내게 당신을 얼마나 사랑하는 지 물었죠

我 的 情 也 眞 我 的 愛 也 眞
내 감정은 진실 되고, 내 사랑 역시 진실하답니다.

月 亮 代 表 我 的 心
달빛이 내 마음을 대신하죠

爾 問 我 愛 爾 有 多 深 我 愛 爾 有 幾 分
당신은 내게 당신을 얼마나 사랑하는 지 물었죠

我 的 情 不 移 我 的 愛 不 變
내 감정은 변치 않고, 내 사랑 역시 변치 않아요.

月 亮 代 表 我 的 心
달빛이 내 마음을 대신하죠.

輕 輕 的 一 個 吻 已 經 打 動 我 的 心
가벼운 입맞춤은 이미 내 마음을 움직였고,

深 深 的 一 段 情 敎 我 思 念 到 如 今
깊은 사랑은 내가 지금까지도 당신을 그리워하게 하네요

爾 問 我 愛 爾 有 多 深 我 愛 爾 有 幾 分
당신은 내게 당신을 얼마나 사랑하는 지 물었죠.

爾 去 想 一 想 爾 去 看 一 看
생각해보세요. 보라구요

月 亮 代 表 我 的 心
달빛이 내 마음을 대신해요


輕 輕 的 一 個 吻 已 經 打 動 我 的 心
가벼운 입맞춤은 이미 내 마음을 움직였고,

深 深 的 一 段 情 敎 我 思 念 到 如 今
깊은 사랑은 내가 지금까지도 당신을 그리워하게 하네요

爾 問 我 愛 爾 有 多 深 我 愛 爾 有 幾 分
당신은 내게 당신을 얼마나 사랑하는 지 물었죠.

爾 去 想 一 想 爾 去 看 一 看
생각해보세요. 보라구요

月 亮 代 表 我 的 心
달빛이 내 마음을 대신해요

爾 去 想 一 想 爾 去 看 一 看
생각해보세요. 보라구요

月 亮 代 表 我 的 心
달빛이 내 마음을 대신해요"
인형,"16,211",임영웅,"아침이 오는 소리에
난 잠이 들어요
오늘도 역시 그대
날 잊고 보냈었는지
그렇게도 쉽게
괜찮을 수 있는지
항상 변함이 없었던
그대 떠나간게
믿을 수 없어 힘들었죠
그냥 그렇게 서로가
조금씩 잊혀 가겠죠
사랑한단말 조차도 소용없겠죠
미안해요 이기적인 나였죠
사랑한단 이유로
내곁에만 두려 했었던걸요
그래요 난 가장 중요한걸
모르고 있었죠
사랑한다면 그대가
언제나 행복해야죠
보고 싶겠죠 그건 어쩔 수 없겠죠
하지만 힘들진 않게 할게요
한동안 많이 아파
울다 지쳐 그대를 찾겠죠
신경 쓰지 말아요
난 잠시뿐일 테니까
괜찮아요 이대로 있을게요
당신과 상관없이
그냥 홀로 지킬 수 있는걸요
사랑해요 정말
한순간도 변함이 없어요
그대없는 빈자리도
사랑하며 살아갈게요
보고싶겠죠
그건 어쩔 수 없겠죠
하지만 힘들진 않게할게요
한동안 많이 아파
울다 지쳐 그대를 찾겠죠
신경쓰지 말아요
난 잠시뿐일 테니까
오 그래요 난 바보같지만
우리 지난 기억들
간직하며 홀로 지키고 있을게
한동안 많이 아파
울다 지쳐 그대를 찾겠죠
신경쓰지 말아요
난 잠시 뿐일 이별이니까"
7번 국도,"5,447",이찬원,"해 뜨는 정동진에서 바닷길
7번국도 따라 끝이 없는 사랑 길
아프니까 사랑이랬지 잊으려
애를 쓰니 더 보고 싶더라
7번국도 바닷길 따라
끝없는 나의 사랑길
해 뜨는 정동진에서
뜨겁게 사랑도 했지
가다가 멈추어 보니
그때 그 포장마차
사연 많은 술 한 잔
무심한 갈매기 소리
내 마음 끼룩끼룩
보고 싶다 사랑아
해 뜨는 간절곶에서 바닷길
7번국도 따라 끝이 없는 사랑 길
해 뜨는 간절곶에서
뜨겁게 사랑도 했지
가다가 멈추어 보니
그때 그 포장마차
사연 많은 술 한 잔
무심한 갈매기 소리
내 마음 끼룩끼룩
보고 싶다 사랑아
무심한 갈매기 소리
내 마음 끼룩끼룩
보고 싶다 사랑아"
회초리,796,진욱,"어린 시절 그토록 무서워하던
싸리나무 회초리
엄마의 그 회초리가 아니었다면
지금 난 뭐가 됐을까
세월은 흘러 자식하나만
바라보고 사는 어머니
나는 아직도 엄마 앞에선
아홉살 난 어린 아인데
이젠 내가 아무리
잘못 살아도
때려 줄 사람이 없어요
엄마 엄마 그옛날처럼
회초리 한대 맞고 싶어요
회초리 한대 맞고 싶어요"
고장난 벽시계,254,송도현,"세월아 너는 어찌
돌아도 보지 않느냐
나를 속인 사람보다
네가 더욱 야속하더라
한두 번 사랑땜에 울고 났더니
저만큼 가버린 세월
고장 난 벽시계는 멈추었는데
저 세월은 고장도 없네
청춘아 너는 어찌
모른 척하고 있느냐
나를 버린 사람 보다
네가 더욱 무정하더라
뜬구름 쫓아가다 돌아봤더니
어느새 흘러간 청춘
고장 난 벽시계는 멈추었는데
저 세월은 고장도 없네
한두 번 사랑땜에 울고 났더니
저만큼 가버린 세월
고장 난 벽시계는 멈추었는데
저 세월은 고장도 없네
저 세월은 고장도 없네"
열애,"1,110",윤시내,"처음엔 마음을 스치며
지나가는 타인처럼 흩어지는
바람인 줄 알았는데
앉으나 서나
끊임없이 솟아나는
그대 향한 그리움
그대의 그림자에 쌓여
이 한 세월 그대와 함께 하나니
그대의 가슴에
나는 꽃처럼 영롱한
별처럼 찬란한 진주가 되리라
그리고 이 생명 다하도록
이 생명 다하도록
뜨거운 마음속
불꽃을 피우리라
태워도 태워도 재가 되지 않는
진주처럼 영롱한
사랑을 피우리라
우우우우우"
울 어무니,78,박혜신,"어무니 울 어무니 내 어무니
한평생을 자식위해 고생만 하셨네
다 늘어진 고무줄 바지에
당신 또한 주름살만 늘어지셨소
긴긴세월 당신보다 자식걱정에
떠나가신 내 어무니
휘어진 마디마디
거칠어진 당신 손길
사무치게 내 가슴이 웁니다
어무니 울 어무니 보고싶소
불러도 대답없구려
어무니 울 어무니 내 어무니
한평생을 자식위해 고생만 하셨네
다 늘어진 고무줄 바지에
당신 또한 주름살만 늘어지셨소
긴긴세월 당신보다 자식걱정에
떠나가신 내 어무니
휘어진 마디마디
거칠어진 당신 손길
사무치게 내 가슴이 웁니다
어무니 울 어무니 보고싶소
불러도 대답없구려
불러도 대답없구려"
브라보 친구,571,조명섭,"오랜만이네 오랜만이야
친구들 본지가 오랜만이야
유수같이 흐른 그리운 청춘
가는 세월 잡을 수는 없어도
찔레꽃 필 때면 생각나네
친구들 생각이 더 난다네
지난 어린 시절 잡을 수 없어
보내야 하는 세월이지만 (브라보)
친구야 친구야 우리 친구야
아름다운 노을 타오르는 정열
늦지 않았다 오늘도 힘차게 달리면
내 품에 다 온다
오랜만이네 오랜만이야
친구들 본지가 오랜만이야
유수같이 흐른 그리운 청춘
가는 세월 잡을 수는 없어도
찔레꽃 필 때면 생각나네
친구들 생각이 더 난다네
지난 어린 시절 잡을 수 없어
보내야 하는 세월이지만 (브라보)
친구야 친구야 우리 친구야
노을이 져도 붉게타는 정열
아름다운 친구 오늘도 힘차게 달리자
내일도 해가 뜬다
내일도 해가 뜬다 (브라보 친구)"
돌아와요 부산항에,453,나훈아,"꽃피는 동백섬에 봄이 왔건만
형제 떠난 부산항에
갈매기만 슬피 우네
오륙도 돌아가는 연락선 마다
목메어 불러봐도
대답 없는 내 형제여
돌아와요 부산항에
그리운 내 형제여
가고파 목이 메어
부르던 이 거리는
그리워서 헤매이던
긴긴날의 꿈이었지
언제나 말이 없는 저 물결들도
부딪쳐 슬퍼하며
가는 길을 막았었지
돌아왔다 부산항에
그리운 내 형제여"
빈잔,713,남진,"그대의 싸늘한
눈가에 고이는
이슬이 아름다워
하염없이 바라보네
내마음도 따라우네
가여운 나의 여인이여
외로운 사람끼리
아 만나서 그렇게
또 정이들고
어차피 인생은
빈술잔들고 취하는것
그대여 나머지 설움은
나의 빈잔에 채워주

그대의 싸늘한
눈가에 고이는
이슬이 아름다워
하염없이 바라보네
내마음도 따라우네
가여운 나의 여인이여
외로운 사람끼리
아 만나서 그렇게
또 정이들고
어차피 인생은
빈술잔들고 취하는것
그대여 나머지 설움은
나의 빈잔에 채워주
나의 빈잔에 채워주"
왕대포,429,정정아,"어서와요 마음이 춥죠
이리와서 앉으세요
왕대포에 젓가락장단
이 한밤 놀아봅시다
세상시름 걱정일랑
왕대포에 에라좋다 날려버리고
동동주 술타령 한곡조 눌려봐요
아싸라비아 얘들아 건배
애블바디 컴온베이베

어서와요 마음이 춥쵸
이리와서 앉으세요
왕대포에 젓가락장단
이 한밤 놀아봅시다
세상시름 걱정일랑
왕대포에 에라좋다 날려버리고
동동주 술타령에 어깨춤 절로난다
아싸라비아 얘들아 건배
애블바디 컴온베이베"
아리랑,"6,253",송가인,"아리랑 아리랑 아라리요
아리랑 고개로 넘어간다
아리랑 아리랑 아라리요
아리랑 고개로 넘어간다
나를 버리고 가시는 임은
십 리도 못가서 발병 난다
아리랑 아리랑 아라리요
아리랑 고개로 넘어간다
청천 하늘엔 별도 많고
이내 가슴엔 수심도 많다
서산에 지는 해는 지고 싶어 지나
날 버리고 가시는 임은
가고 싶어 가나
아리랑 아리랑 아라리요
아리랑 고개로 넘어간다
아리랑 고개로 넘어간다"
때,"17,761",김호중,"낮춰야 할 때는 낮춰야하고
물러나야 할 때는 물러나야지
오르고 오르면 끝이 있듯이
내려올 때도 끝이 있다네
막막한 하루하루 힘들다면은
하늘 한번 보고 힘껏 소리쳐
기회는 누구에게 다가오는 것
내게도 그럴 때가 올 거야
이왕이면 웃고 살면 행복해지고
기왕이면 웃고 살면 즐거워지고
영원히 힘들 것만 같았던
지난 일들도
돌아보면 추억 되겠지
지나간다 지나간다 지금 이 순간
때가 되면 돌아보면 웃는 날 온다
오늘도 힘차게 어깨를 펴고
가족사진보며 힘을 내야지
오오 오오오 오오
오오 오오오 오오오
오오 오오오 오오오 오
막막한 하루하루 힘들다면은
하늘 한번 보고 힘껏 소리쳐
기회는 누구에게 다가오는 것
내게도 그럴 때가 올 거야
이왕이면 웃고 살면 행복해지고
기왕이면 웃고 살면 즐거워지고
영원히 힘들 것만 같았던
지난 일들도
돌아보면 추억 되겠지
지나간다 지나간다 지금 이 순간
때가 되면 돌아보면 웃는 날 온다
오늘도 힘차게 어깨를 펴고
가족사진보며 힘을 내야지
지나간다 지나간다 지금 이 순간
때가 되면 돌아보면 웃는 날 온다
오늘도 힘차게 어깨를 펴고
가족사진보며 힘을 내야지
오오 오오오 오오
오오 오오오 오오오
오오 오오오 오오오 오오
지나간다 지나간다 지금 이 순간
때가 되면 돌아보면 웃는 날 온다
오늘도 힘차게 어깨를 펴고
가족사진보며 힘을 내야지"
꽃길,"8,789",영탁,"다시 돌아가라 하면
싫어요
난 못가요
비단옷 꽃길이라도
이제 다시 사랑 안 해요
몰라서 걸어온 그 길
알고는 다시는 못 가
아파도 너무나 아파
사랑은 또 무슨 사랑
다시 돌아가라 하면
싫어요
난 못가요
비단옷 꽃길이라도
이제 다시 사랑 안 해요
몰라서 걸어온 그 길
알고는 다시는 못 가
아파도 너무나 아파
꽃길은 또 무슨 꽃길
몰라서 걸어온 그 길
알고는 다시는 못 가
아파도 너무나 아파
사랑은 또 무슨 사랑
꽃길은 또 무슨 꽃길"
고장 난 벽시계,309,신미래,"세월아 너는 어찌
돌아도 보지 않느냐
나를 속인 사람보다
네가 더욱 야속하더라
한두 번 사랑 때문에 울고 났더니
저만큼 가버린 세월
고장 난 벽시계는 멈추었는데
저 세월은 고장도 없네
청춘아 너는 어찌
모른 척하고 있느냐
나를 버린 사람보다
네가 더욱 무정하더라
뜬구름 쫓아가다 돌아봤더니
어느새 흘러간 청춘
고장 난 벽시계는 멈추었는데
저 세월은 고장도 없네
한두 번 사랑 때문에 울고 났더니
저만큼 가버린 세월
고장 난 벽시계는 멈추었는데
저 세월은 고장도 없네
저 세월은 고장도 없네"
부초같은 인생,"5,587",이찬원,"내 인생 고달프다울어본다고
누가 내 맘 알리요
어차피 내가 택한 길이 아니냐
웃으면서 살아가보자
천년을 살리요
몇 백년을 살다 가리요
세상은 가만있는데
우리만 변하는구려
아아아아아
아아아아아
부초 같은 우리네 인생
아아아아아 우리네 인생
한 걸음 길을 걷다 돌아다보니
보랏빛 내 인생
웃으며 걸어왔던 길이 아니냐
후회 없이 살아가 보자
천 년을 살리요
몇 백년을 살다 가리요
세상은 가만있는데
우리만 변하는구려
아아아아아
아아아아아
부초 같은 우리네 인생
아 아아 아아 우리네 인생
아 아아 아아 우리네 인생"
바다 끝,948,송민준,"먼 아주 멀리 있는
저 바다 끝보다 까마득한
그곳에 태양처럼 뜨겁던
내 사랑을 두고 오자
푸른 바람만 부는
만남도 이별도 의미 없는
그곳에 구름처럼 무심한
네 마음을 놓아주자
아름다웠던
나의 모든 노을빛 추억들이
저 바다에 잠겨
어두워지면 난 우리를 몰라
짙은 어둠만 남은
시작도 그 끝도 알 수 없는
그곳에 물결처럼 춤추던
너와 나를 놓아주자
아름다웠던
나의 모든 노을빛 추억들이
저 바람에 날려 흐트러지면 난 우리를
오 아름다웠던
나의 모든 노을빛 추억들이
저 바다에 잠겨 어두워지면
난 우리를 몰라"
기러기 아빠,708,이미자,"산에는 진~달~래

들엔 개나~리

산새~도 슬~피우~는

노을~진 산골~에

엄마구름~ 애기구름

정답게~ 가는데

아빠는 어디갔~나

어~디서 살고있~나

아아아 아~아아~아

우리는 외로~운 형제

길잃~은 기러기

하늘엔 조~각~달

강엔 찬바~람

재넘~어 기~적소~리

한가로운 밤중~에

마을마다~ 창문마다

등불은~ 밝은데

엄마는 어디갔~나

어~디서 살고있~나

아아아 아~아아~아

우리는 외로~운 형제

길잃~은 기러기"
님 찾아 가는길,"1,503",양지은,"나 밖에 몰랐던 그 사람
내 곁을 떠나 버렸네
아쉬운 미련만 남겨둔 채로
내 곁을 떠나 버렸네
어어야 무정한 사람
나를 두고 어디로 갔소
님이여 텅 빈 내 가슴
그 무엇도 채울 길 없어
어어야 어어야
님 찾아 나는 가리라
그렇게 믿었던 그 사람
날 두고 떠나 갈 줄은
이렇게 못 잊을 그리움 두고
내 곁을 떠나 버렸네
어어야 못 잊을 사람
이 마음을 어떡하라고
님이여 허전한 가슴
그 무엇도 달랠 길 없어
어어야 어어야
님 찾아 나는 가리라"
황포돛대,272,박성온,"마지막 석양빛을
기폭에 걸고
흘러가는 저 배는
어디로 가느냐
해풍아 비바람아
불지를 마라
파도 소리 구슬프면
이 마음도 구슬퍼
아 어디로 가는 배냐
어디로 가는 배냐
황포돛대야
아 어디로 가는 배냐
어디로 가는 배냐
황포돛대야
황포돛대야"
정말 좋았네,"2,411",박서진,"사랑 그 사랑이
정말 좋았네
세월 그 세월이
가는 줄도 모르고
불타던 두 가슴에
그 정을 새기면서
사랑을 주고 사랑을 받고
그 밤이 좋았네
사랑 그 사랑이
정말 좋았네
사랑 그 사랑이
정말 좋았네
이별 그 이별이
오는 줄도 모르고
푸르던 두 가슴에
참사랑 새기면서
마음을 주고 마음을 받고
그때가 좋았네
사랑 그 사랑이
정말 좋았네
정말 좋았네"
비비고,652,조은새,"짜릿 짜릿 짜릿 짜릿한 이밤
나와함께 춤을 추어요
두근두근 두근두근 설레는
오늘 밤이 정말 좋아요
행복한 이밤에 슬픔은 던져버려
지친하루 힘겨운 일
모두다 날려버려
엉덩이 비비고 어깨를 비비고
멋진밤을
모두함께 부벼 부벼
비비고 비비고 비비고 돌려봐
신나게 비비고 날따라 비비고
언니 오빠 모두함께 부벼부벼
비비고 비비고 비비고 돌려봐
행복한 이밤에 슬픔은 던져버려
지친하루 힘겨운 일
모두 다 날려버려
엉덩이 비비고 어깨를 비비고
멋진밤을 모두함께 부벼 부벼
비비고 비비고 비비고 돌려봐
신나게 비비고 날따라 비비고
언니 오빠 모두함께 부벼부벼
비비고 비비고 비비고 돌려봐
라 라라라 라라라 라라라랄라
라 라라라 라라라 랄라랄라라
엉덩이 비비고 어깨를 비비고
멋진밤을
모두함께 부벼 부벼
비비고 비비고 비비고 돌려봐
신나게 비비고 날따라 비비고
언니 오빠 모두함께 부벼부벼
비비고 비비고 비비고 돌려봐"
어느날 문득,570,정수라,"어느 날 문득 돌아다보니
지나온 모든 게 다 아픔이네요
날 위해 모든 걸 다 버려야는데
아직도 내 마음 둘 곳을 몰라요
오늘도 가슴엔 바람이 부네요
마음엔 나도 모를 설움이 가득
어디로 갈까요 어떻게 할까요
아직도 내가 날 모르나봐요
언제쯤 웃으며 날 볼 수 있을까
언제쯤 모든 걸
다 내려놓을 수 있을까
그땐 왜 그랬을까 그땐 왜 몰랐을까
사랑에 이별이 숨어있는지
어느 날 문득 생각해 보니
내가 없으면 세상이 없듯이
날 위해 이제는 다 비워야는데
아직도 내가 날 모르나봐요
언제쯤 웃으며 날 볼 수 있을까
언제쯤 모든 걸
다 내려놓을 수 있을까
그땐 왜 그랬을까 그땐 왜 몰랐을까
사랑에 이별이 숨어있는지
어느 날 문득 생각해 보니
내가 없으면 세상이 없듯이
날 위해 이제는 다 비워야는데
아직도 내가 날 모르나봐요
아직도 내가 날 모르나봐요"
내가 바로 홍잠언이다,"4,387",홍잠언,"큰 소리로 울면서 태어났단다
세상아 정말 반갑다
이제부터 내 세상이다
내 갈길 막지를 마라
돈도 명예도 사랑도 인생도
두 손에 꽉 쥐고 산다
나이가 어리다고
비웃지마라 사나이란다
사랑이 무어냐고
묻지를 마라 나도 남자다
세상이 아무리 힘들어도
폼 나게 폼 나게 살아간다
나는 나는 꿈 있는 남자
내가 바로 홍잠언이다
큰 소리로 울면서 태어났단다
세상아 정말 반갑다
이제부터 내 세상이다
내 갈길 막지를 마라
돈도 명예도 사랑도 인생도
모두가 내 것이란다
나이가 어리다고
비웃지마라 사나이란다
사랑이 무어냐고
묻지를 마라 나도 남자다
세상이 아무리 힘들어도
폼 나게 폼 나게 살아간다
나는 나는 꿈 있는 남자
내가 바로 홍잠언이다
내가 바로 홍잠언이다"
카멜레온,"1,315",한강,"가까이 다가와 향기만 주고서
차갑게 변해버린
사랑의 카멜레온
설익은 가슴을 가슴을 젖여놓고
떠나가는 카멜레온
카멜레온 카멜레온 나의 사랑
사랑의 카멜레온
카멜레온 카멜레온 나의 사랑
사랑의 방랑자여
가까이 다가와 사랑만 주고서
차갑게 떠나버린
이별의 카멜레온
설익은 사랑을 사랑을 꺾어놓고
떠나가는 카멜레온
카멜레온 카멜레온 나의 사랑
사랑의 카멜레온
카멜레온 카멜레온 나의 사랑
사랑의 방랑자여"
삼각관계,"25,826",강진,"누군가 한 사람이
울어야 하는 사랑에
삼각형을 만들어 놓고
기로에선 세 사람 세 사람
사랑을 고집하면
친구가 울고
우정을 따르자니
내가 우네 사랑이 우네
하필이면 왜 내가 너를
하필이면 왜 내가 너를
사랑했나 우는 세 사람
누군가 한 사람이
울어야 하는 사랑에
삼각형을 만들어 놓고
기로에선 세 사람 세 사람
사랑을 고집하면 친구가 울고
우정을 따르자니
내가 우네 사랑이 우네
하필이면 왜 내가 너를
하필이면 왜 내가 너를
사랑했나 우는 세 사람
사랑했나 우는 세 사람"
추억속으로,"22,365",임영웅,"야외 전축 틀어 놓고 너와 내가
밤새도록 춤을 추던 그 시절
달래머리 단발머리 몽땅치마
휘날리며 주름잡던 그 시절
그 모든 남자친구들
그 모든 여자친구들
오늘 따라 너무나 보고싶네
가끔씩 생각나는
그리운 친구들
지금은 무엇을 할까
아직도 그때처럼
철없던 모습으로
멋지게 살아가고 있을까
야외 전축 틀어놓고 너와 내가
밤새도록 춤을 추던 그 시절
달래머리 단발머리 몽땅치마
휘날리며 주름잡던 그 시절
그 모든 남자친구들
그 모든 여자친구들
오늘 따라 너무나 보고싶네
오늘 하루 TOP6와 함께
추억 속으로 떠나 볼까요
뒷동산에 올라가 너와 내가
밤새도록 춤을 추던 그 시절
꽃 반지를 살짝 끼워주며
첫사랑을 고백하던 그 시절
그 모든 남자친구들
그 모든 여자친구들
오늘따라 자꾸만 생각나네
가끔씩 생각나는
그리운 친구들
지금은 무엇을 할까
아직도 그때처럼
철없는 모습으로
멋지게 살아가고 있을까
뒷동산에 올라가 너와 내가
밤새도록 춤을 추던 그 시절
꽃 반지를 살짝 끼워주며
첫사랑을 고백하던 그 시절
그 모든 남자친구들
그 모든 여자친구들
오늘따라 자꾸만 생각나네
오늘따라 너무나 보고싶네
오늘따라 자꾸만 생각나네"
문풍지 우는 밤,124,강진,"아랫목에 솜이불하나
온몸을녹였던 그때
그시절 형아가 당기면
발목이나오고 동생이 당기면
어깨가 시렸지
춥고 배고팠던시절
그래도 그때가 그리워
구멍난 문풍지 우는 소리는
어머님에 자장가 소리였는데
아 아 그립구나 문풍지우는밤이
구들장에 솜이불한채 새끼들
파고들면 아랫목 내주시고
굽은등 내주었던 우리어머니
웅크리며 잠이든 그모습 아롱짓네
춥고 배고팠던시절
그래도 그때가 그리워
구멍난 문풍지 우는 소리는
어머님에 자장가 소리였는데
아 아 그립구나 문풍지우는밤이
아 아 그립구나 문풍지우는밤이
문풍지우는밤이"
고맙소,385,황우림,"이 나이 먹도록 세상을 잘 모르나 보다
진심을 다해도 나에게 상처를 주네
이 나이 먹도록 사람을 잘 모르나 보다
사람은 보여도 마음은 보이지 않아
이 나이 되어서 그래도 당신을 만나서
고맙소 고맙소 늘 사랑하오
술 취한 그날 밤 손등에 눈물을 떨굴 때
내 손을 감싸며 괜찮아 울어준 사람
세상이 등져도 나라서 함께 할거라고
등뒤에 번지던 눈물이 참 뜨거웠소
이 나이 되어서 그래도 당신을 만나서
고맙소 고맙소 늘 사랑하오
못난 나를 만나서
긴 세월 고생만 시킨 사람
이런 사람이라서 미안하고 아픈 사람
나 당신을 위해 살아가겠소
남겨진 세월도 함께 갑시다
고맙소 고맙소 늘 사랑하오"
출입금지,174,남진,"잠깐 그 선을 넘지 마라
너는 아니다 거기 서라
철 모르고 너와 함께 달려왔지만
이제 더는 속지 않는다
청춘이 좋아서 사랑에 미쳐서
영원할 줄만 알았다.
정이라는 그놈 세월이란 그놈
이제 그만 거기 멈춰 서라
출입 금지다 너랑 안 간다
남겨진 내 인생 따로 갈란다
잠깐 거기서 오지 마라
너는 아니다 멈춰 서라
철 모르고 너와 함께 달려왔지만
이제 더는 속지 않는다
청춘이 좋아서 사랑에 미쳐서
영원할 줄만 알았다
정이라는 그놈 세월이란 그놈
이제 그만 거기 멈춰 서라
출입 금지다 너랑 안 간다
이제는 나대로 따로 놀란다
출입금지다 너랑 안 간다
이제는 나대로 따로 놀란다."
사랑아,293,재하,"사랑아 이제는 울지말아요
내맘이 너무 아파요
떠나야 하는데 나는 못가요
그 눈물 가슴에 맺혀
사랑을 했던 우리 추억이
흐느껴 울고있는데
가져선 안될 사랑이기에
여기서 멈춰야 해요
아 사랑아 사랑아 울면 안돼요
그대 울면 나는 못가요
아 이별아 이별아 아프지 않게
내 사랑 데려가줘요
사랑을 했던 우리 두 가슴
까맣게 타고있는데
만나선 안 될 사랑이기에
여기서 멈춰야 해요
아 사랑아 사랑아 슬퍼말아요
그대 슬픔 두고 못가요
아 이별아 이별아 아프지 않게
내 사랑 데려가줘요
내 사랑 데려가줘요"
보라빛 엽서,"2,234",손태진,"보라빛 엽서에 실려온 향기는
당신의 눈물인가 이별의 마음인가
한숨 속에 묻힌 사연 지워 보려 해도
떠나 버린 당신 마음 붙잡을 수 없네
오늘도 가버린 당신의 생각에
눈물로 써내려간 얼룩진 일기장엔
다시 못 올 그대 모습 기다리는 사연
오늘도 가버린 당신의 생각에
오늘도 가버린 당신의 생각에
눈물로 써내려간 얼룩진 일기장엔
다시 못 올 그대 모습 기다리는 사연
다시 못 올 그대 모습 기다리는 사연"
곤드레 만드레,"1,890",박지현,"곤드레만드레
나는 취해버렸어
너의 사랑의 향기 속에 빠져버렸어

가진 것은 없다지만
사랑으로 감싸줄게
진심 어린 말 하나
나는 너를 사랑해
비 오는 날 흐린 날도
햇살처럼 안아줄게
너의 흔들리는 사랑을
꽃으로 피워줘
다시는 너를 울리지 않을 거야
나의 여자로 만들 거야
내겐 언제나 너뿐이야
웃으며 내게 돌아와 줘
곤드레만드레
나는 취해버렸어
너의 사랑의 향기 속에 빠져버렸어
곤드레만드레
나는 지쳐버렸어
나의 심장이 멎기 전에
제발 돌아와

가진 것은 없다지만
사랑으로 감싸줄게
진심 어린 마음 하나
나는 너를 사랑해
비 오는 날 흐린 날도
햇살처럼 안아줄게
너의 흔들리는 사랑을
꽃으로 피워줘
다시는 너를 울리지 않을 거야
나의 여자로 만들 거야
내겐 언제나 너뿐이야
웃으며 내게 돌아와 줘
곤드레만드레
나는 취해버렸어
너의 사랑의 향기 속에 빠져버렸어
곤드레만드레
나는 지쳐버렸어
나의 심장이 멎기 전에
제발 돌아와
나의 심장이 멎기 전에
제발 돌아와"
기다리는 아픔,714,조용필,"고독한 이 가슴에 외로움을 심어주고

초라한 내모습에 멍울을 지게햇다

함께한 시간보다 더많이 가슴을 태웠고

사랑한 날보다더 더많이 아파햇다

아픔속에 지워야할 사랑이면

고개숙인 향기마저 데려가지

눈을 떠도 감고 있는 내그림자

그대에게 가고있는데

날위해 힘들다 말해줘

내가 기다릴수 있게 해줄래

돌아와 ~ 배어진 가슴에

눈물이 마를수 있게 ~

눈물이 마를수 있게 ~"
청포도 사랑,"7,610",정동원,"파랑새 노래하는
청포도 넝쿨 아래로
어여쁜 아가씨여 손잡고 가잔다
그윽이 풍겨주는 포도향기
달콤한 첫사랑의 향기
그대와 단둘이서 속삭이면
바람은 산들바람 불어준다네
파랑새 노래하는
청포도 넝쿨 아래로
그대와 단둘이서 오늘도
맺어보는 청포도 사랑
파랑새 노래하는
청포도 넝쿨 아래로
어여쁜 아가씨여 손잡고 가잔다
파랗게 익어 가는 포도열매
청춘이 무르익은 열매
희망은 하늘높이 핀 무지개
구름은 꿈을 싣고 두둥실 떴네
파랑새 노래하는
청포도 넝쿨 아래로
그대와 단둘이서 오늘도
맺어보는 청포도 사랑"
미움인지 그리움인지,520,최유나,"잊어야 한다고 다짐하면서
돌아섰던 가슴속에
미움인지 그리움인지
알 수 없는 그대 생각
잊으면 모두 그만인 것을
왜 이렇게 잊지 못할까
오지 않을 그 사람을
행여 올까 기다리는
바보같은 미련일까
생각을 말자고 다짐하면서
방황했던 지난 세월
미움인지 그리움인지
떠나지 않는 그 모습
잊으라 그 한마디 남기고
떠나버린 그 사람인데
기다리면 무엇 하나
애태우면 무엇하나
이젠 모두 잊어야지
잊으라 그 한마디 남기고
떠나버린 그 사람인데
기다리면 무엇 하나
애태우면 무엇하나
이젠 모두 잊어야지"
몰랐네,327,우연이,"언제까지나 이렇게 참아야하는지
사랑한 사람을 곁에두지 못하고
먼발치에서 바라보며 살아온
여자의 슬픈 이야기
차라리 우리 만나지말껄 못본채
지나쳐 버릴껄
이것이 나에 운명이 될줄 몰랐네
정말 몰랐네
사랑한 것도 죄가 될줄은 몰랐네
정말 몰랐네
수많은 밤을 이렇게 참아야 하는지
사랑한 이마음 전하지도 못하고
먼발치에서 기다리며 살아온
남자의 슬픈 이야기
차라리 우리 만나지말껄 못본채
지나쳐 버릴껄
이것이 나에 운명이 될줄 몰랐네
정말 몰랐네
사랑한 것도 죄가 될줄은 몰랐네
정말 몰랐네
사랑한 것도 죄가 될줄은 몰랐네
정말 몰랐네"
사랑이 좋아,"2,709",홍진영,"사랑이 좋아 가슴 아파도
누가 뭐래도 난 당신이 최고야
인생이 힘들어도
세상이 날 속여도
난 당신 밖에 없어요
인생이 나를 울게 한대도
당신이 나를 또 웃게 만드니까
다시 힘을 내야지
다시 일어서야지
이게 바로 인생 아닐까
비바람 몰아쳐도 당신이 있고
길 잃어 헤맬 때도 당신이 있어
나는 알아 나는 알아
당신이 내게 전부라는 걸
돈이 없어도 내겐 당신이 있고
친구들 날 떠나도 당신이 있어
난 알아 나는 알아
당신 없으면 나는 못살아
사랑이 좋아 가슴 아파도
누가 뭐래도 난 당신이 최고야
인생이 힘들어도
세상이 날 속여도
난 당신 밖에 없어요
인생이 나를 울게 한대도
당신이 나를 또 웃게 만드니까
다시 힘을 내야지
다시 일어서야지
이게 바로 인생아닐까
슬플 때 내 곁에는 당신이 있고
기쁠 때 웃을 때도 당신이 있어
난 알아 나는 알아
당신 없으면 나는 못살아
사랑이 좋아 가슴 아파도
누가 뭐래도 난 당신이 최고야
인생이 힘들어도
세상이 날 속여도
난 당신 밖에 없어요
인생이 나를 울게 한대도
당신이 나를 또 웃게 만드니까
다시 힘을 내야지
다시 일어서야지
이게 바로 인생 아닐까"
먼지가 되어,"9,945",영탁,"바하의 선율에
젖은 날에는
잊었던 기억들이
피어 나네요
바람에 날려간
나의 노래도
휘파람 소리로
돌아오네요
내 조그만 공간 속에
추억만 쌓이고
까닭 모를 눈물만이
아른거리네
작은 가슴은
모두 모두와
시를 써봐도
모자란 당신
먼지가 되어
날아가야지
바람에 날려
당신 곁으로
작은 가슴은
모두 모두어
시를 써봐도
모자란 당신
먼지가 되어
날아가야지
바람에 날려
당신 곁으로
작은 가슴은
모두 모두어
시를 써봐도
모자란 당신
먼지가 되어
날아가야지
바람에 날려
당신 곁으로
씁 뚜르르 씁 뚜르르 씁 뚜르르 뚜르
씁 뚜르르 씁 뚜르르 씁 뚜르르 뚜르"
아빠의 청춘,"7,040",영탁,"이세상의 부모마음
다같은 마음
아들딸이 잘되라고
행복하라고
마음으로 빌어주는
박영감인데
노랭이라 비웃으며
욕하지마라
나에게도 아직까지
청춘은 있다
원더풀 원더풀
아빠의 청춘
부라보 부라보
아빠의 인생
세상구경 서울구경
참좋다마는
돈있어야 제일이지
없으면 산통
마음착한 며느리를
내몰라보고
황소고집 부리다가
큰코다쳤네
나에게도 아직까지
꿈이야 있다
원더풀 원더풀
아빠의 청춘
부라보 부라보
아빠의 인생"
이불,"7,914",영탁,"도닥도닥 내 사람아
오늘 하루 어찌 보냈소
걸음걸음 걸음걸음이
힘겨웠다 말도 못하고
찬비 맞아 시려운
달빛마저 무거운
그저 몸을 뉘고 싶을 때
나는 그대 이불이 되어
아픈 마음 덮어 주겠소
이젠 나의 품에 안기어
좋은 꿈만 꾸길 바라오
도닥도닥 내 사람아
고운 꿈만 꾸길 바라오
이리저리 부는 바람에
휘청이며 걸어왔구려
그대 혼자 외로이
어둔 밤에 쓸쓸히
눈물 속에 잠을 청할 때
나는 그대 이불이 되어
아픈 마음 덮어 주겠소
이젠 나의 품에 안기어
좋은 꿈만 꾸길 바라오
나의 품에 안기어
고운 꿈만 꾸길
바라오
도닥도닥 내 사람아
당신 옆엔 내가 있다오"
별빛 같은 나의 사랑아 (Inst.),"7,528",임영웅,"당신이 얼마나 내게 소중한 사람인지
세월이 흐르고 보니
이제 알 것 같아요
당신이 얼마나 내게 필요한 사람인지
세월이 지나고 보니
이제 알 것 같아요
밤하늘에 빛나는
별빛 같은 나의 사랑아
당신은 나의 영원한 사랑
사랑해요 사랑해요
날 믿고 따라준 사람
고마워요 행복합니다
왜 이리 눈물이 나요
밤하늘에 빛나는
별빛 같은 나의 사랑아
당신은 나의 영원한 사랑
사랑해요 사랑해요
날 믿고 따라준 사람
고마워요 행복합니다
왜 이리 눈물이 나요
왜 이리 눈물이 나요"
부산갈매기 (Cover Ver.),48,미스터 팡,"지금은 그 어디서 옛 생각 잊었는가
꽃처럼 어여쁜 그 이름은
고왔던 순이 순이야
파도치는 부둣가에
지나간 일들이 가슴에 남았는데
부산 갈매기 부산 갈매기
너는 정녕 나를 잊었나
지금은 그 어디서 내 모습 잊었는가
꽃처럼 어여쁜 그 이름은
고왔던 순이 순이야
그리움이 물결치며
오늘도 못 잊어 내 이름 부르는데
부산 갈매기 부산 갈매기
너는 벌써 나를 잊었나
그리움이 물결치며
오늘도 못 잊어 내 이름 부르는데
부산 갈매기 부산 갈매기
너는 벌써 나를 잊었나
너는 벌써 나를 잊었나"
보고 싶다 내 사랑,694,진욱,"가로등 불빛이 꺼져가는 서울의 밤
갈 곳을 잃은 이 마음
추억에 젖은 채 이 거리를 걸어 봐도
눈물이 앞을 가리네
돌이킬 수 없는 그 세월
돌아올 수 없는 그 여자
우연히 어디서라도
꼭 한번 보고 싶은 그때 그 여자
아아 밤은 깊어 가는데
외로워 너무 외로워
사랑아 내 사랑아
보고싶다 내 사랑아
화려한 불빛이 쏟아지는 서울의 밤
갈 곳을 잃은 이 마음
추억에 젖은 채 이 거리를 걸어봐도
눈물이 앞을 가리네
돌아킬 수 없는 그 세월
돌아올 수 없는 그 여자
우연히 어디서라도
꼭 한 번 보고싶은 그때 그 여자
아아 밤은 깊어가는데
외로워 너무 외로워
사랑아 내 사랑아
보고싶다 내 사랑아
보고싶다 내 사랑아"
고향역,782,진해성,"코스모스 피어있는
정든 고향역
이쁜이 곱쁜이
모두 나와 반겨주겠지
달려라 고향 열차
설레는 가슴 안고
눈 감아도 떠오르는
그리운 나의 고향역

흰머리 날리면서
달려온 어머님을
얼싸안고 바라보았네
멀어진 나의 고향역"
기쁜우리 사랑은,650,최성수,"사랑하고도 아무일 없듯이
모른채 한다는 그건

너무나 가슴이 아픈
안타까운 일이에요
사랑한다고 말하세요
우리는 흔히 말하죠

다음에 다음 기회에

자신이 없는 마음에
말하고 싶을 때에도
사는게 웃는 것이라고
다음 기회라고 말하지 말아요
기다리면은 기회는 오질 않아
그대 내 눈을 피하지 말아요
알 수가 없는 우리의 내일을
소중하다고 느끼는 사람

기다리면은 달아날 것 같아
우연히 길을 걷다가
친구를 만난 것처럼
기쁘게 사랑한단 말하세요

다음 기회라고 말하지 말아요
기다리면은 기회는 오질 않아
그대 내 눈을 피하지 말아요
알 수가 없는 우리의 내일을
소중하다고 느끼는 사람

기다리면은 달아날 것 같아
우연히 길을 걷다가
친구를 만난 것처럼
기쁘게 사랑한단 말하세요

우연히 길을 걷다가
친구를 만난 것처럼
기쁘게 사랑한단 말하세요"
바람과 구름,341,건아들,"부는 바람아 너는 나의 힘
모든 슬픔을 거둬가다오
광활한 대지에 끝없는 바다에
오 바람이 분다
가는 구름아 너는 나의 꿈
높은 저곳에 데려가다오
푸른 창공으로 영원한 곳으로
오 구름이 간다
나도 따라서 갈래
머나먼 저곳으로
나의 꿈을 따라서
멀리 머나먼 곳에
부는 바람아 너는 나의 힘
가는 구름아 너는 나의 꿈
푸른 희망속에 끝없이 달리는
오 바람과 구름

나도 따라서 갈래
머나먼 저곳으로
나의 꿈을 따라서
멀리 머나먼 곳에
부는 바람아 너는 나의 힘
가는 구름아 너는 나의 꿈
푸른 희망 속에 우리 함께 달린다
오 바람과 구름
오 바람과 구름
오 바람과 구름"
짝사랑,"1,047",주현미,"마주치는 눈빛이 무엇을말하는지
난 아직 몰라 난 정말 몰라
가슴만 두근두근 아 사랑인가봐
해질무렵이면 창가에앉아
나는요 어느 샌가 그대 모습 그려요
사랑한다고 좋아한다고 말해주세요
눈물만큼 고운별이 될래요
그대 가슴에

속삭이는 눈빛이 무엇을 말하는지
난 아직 몰라 난 정말 몰라
가슴만 두근두근 아 사랑했나봐
그대 지나치는 시간이 되면
나는요 어느샌가 거울앞에 있어요
사랑한다고 좋아한다고 말해 주세요
눈물만큼 고운 별이 될래요
그대 가슴에

속삭이는 눈빛이 무었을 말하는지
난 아직몰라 난 정말몰라
가슴만 두근두근 아 사랑했나봐
그대 지나치는 시간이 되면
나는요 어느샌가 거울앞에 있어요
사랑한다고 좋아한다고 말해주세요
그대 가슴속에 꺼지지 않는
별이 될래요"
왜 날...,594,김범룡,"둘 곳도 없는 마음에
쉴 곳도 없는 가슴에
노을처럼 와 사랑남기고
그댄 날 떠나 가나요
의미를 잃은 하늘엔
그뜻을 잃은 아침에
봄비처럼 와 내 맘을 깨우고
정말 날 떠나가나요
알아 피하는 눈이
아주 오래된 걸
알아 하루만큼씩
날 떠나고 있었던걸
왜날 나 사랑하게 했나요
왜날 나 사랑알게 했나요
나를 나 다시 되돌려 줘요
그대 모르던 때로

사랑에 끝엔 언제나
시작에 끝엔 언제나
행복한 만큼 아픔이 온다고
그말 믿지 않았죠
알아 그댈 보내고
많이 울게 될날
알아 붙잡아봐도
소용없는 그마음도
왜날 나 사랑하게 했나요
왜날 나 사랑알게 했나요
나를 나 다시 되돌려 줘요
그대 모르던 때로
내 말은 들었는지
대답없이 가네요
정말 가려나 봐요
사랑이 떠나 가요"
해야 해야,178,김학래,"하늘을 바라보며 청춘을 생각하니
바람이 부는 대로 그렇게 걸어 왔네
하늘의 하늘의 해야 너는 식지 않는
청춘 메마른 내 청춘에 너의 빛을주렴
무엇을 사랑하고 무엇을 얻어야 하나
세상의 모든 것이 다 내것은 아니라네
하늘의 하늘의 해야 너는 꿈을 안은
불꽃 메마른 내 인생에 너의 빛을주렴

해 해야 해야 내가 간다
너를 품으려 내가 날아 간다
해 해야 해야 내가 간다
간다 간다 새가 되어 간다
해 해야 해야 내가 간다
꿈을 찾아서 내가 날아 간다
해 해야 해야 내가 간다
간다 간다 새가 되어 간다

어디로 가야하고 어디로 날아야 하나
세상의 모든 것이 다 내 것은 아니라네
하늘의 하늘의 해야 너는 식지 않는
청춘 내청춘 새가 되어 네 곁으로 간다

해 해야 해야 내가 간다
너를 품으려 내가 날아 간다
해 해야 해야 내가 간다
간다 간다 새가 되어 간다
해 해야 해야 내가 간다
꿈을 찾아서 내가 날아 간다
해 해야 해야 내가 간다
간다 간다 새가 되어 간다
해 해야 해야 내가 간다
너를 품으려 내가 날아 간다
해 해야 해야 내가 간다
간다 간다 새가 되어 간다
해 해야 해야 내가 간다
꿈을 찾아서 내가 날아 간다
해 해야 해야 내가 간다
간다 간다 새가 되어 간다"
미련의 부르스,180,설운도,"아무 말 하지 말고 그냥 가세요
붙잡진 않겠어요
이 순간이 괴로워도
잊으면 그만이니까
사랑이 사랑이 뭔지
이별이 이별이 뭔지
흐르는 세월이 알게 될거야
먼훗날 우리가 서로
우연히 만난다 해도
너무 너무 오랜 세월에
서로가 변해버린 우리에 모습에
그때는 어떻게 하겠소
돌아선 마음을 돌릴 수 있다면
다시 다시 생각해 봐요
아무 말 하지 말고 그냥 가세요
붙잡진 않겠어요
이 순간이 괴로워도
잊으면 그만이니까
사랑이 사랑이 뭔지
이별이 이별이 뭔지
흐르는 세월이 알게 될거야
먼훗날 우리가 서로
우연히 만난다 해도
너무 너무 오랜 세월에
서로가 변해버린 우리에 모습에
그때는 어떻게 하겠소
돌아선 마음을 돌릴 수 있다면
다시 다시 생각해 봐요"
콩깍지,"1,900",홍자,"사랑의 콩깍지 씌어버렸어
나는 나는 어쩌면 좋아
콩깍지
세상을 살다보면
나를 사랑해 주는 사람
또 내가 원하는 사람도 있지
사랑을 받는 것도 행복이지만
누가 뭐래도 내가
사랑하는 당신이 최고야
이러쿵 저러쿵 간섭 하지 마
아무것도 보이지 않아
저러쿵 이러쿵 시비 걸지 마
내 눈엔 그 사람만 보여
사랑의 콩깍지 씌어버렸어
나는 나는 어쩌면 좋아
사랑의 콩까지에 콩
내 사람의 콩깍지에 콩 콩
난 푹 빠져 버렸어
사랑의 콩깍지 씌어버렸어
나는 나는 어쩌면 좋아
콩깍지
사랑의 콩깍지 씌어버렸어
나는 나는 어쩌면 좋아
콩깍지
세상을 살다보면
나를 사랑해 주는 사람
또 내가 원하는 사람도 있지
사랑을 받는 것도 행복이지만
누가 뭐래도 내가
사랑하는 당신이 최고야
이러쿵 저러쿵 간섭 하지 마
아무것도 보이지 않아
저러쿵 이러쿵 시비 걸지 마
내 눈엔 그 사람만 보여
콩깍지
사랑의 콩깍지 씌어버렸어
나는 나는 어쩌면 좋아
사랑의 콩까지에 콩
내 사람의 콩깍지에 콩 콩
난 푹 빠져 버렸어
사랑의 콩깍지 씌어버렸어
나는 나는 어쩌면 좋아
콩깍지
사랑의 콩깍지 씌어버렸어
나는 나는 어쩌면 좋아
콩깍지
나는 나는 당신이 좋아
콩깍지"
꽃마차,760,신미래,"노래하자 춤을 추자 건설하는 꽃 서울
아카시아 숲속으로
아가씨는 웃고 가네
하늘도 새파랗고 가슴도 새파랗네
방울소리 들려오네
손풍금은 숨을 쉬네
노래하자 꽃 서울 춤추는 꽃 서울
아카시아 숲속으로
꽃마차는 달려간다
하늘은 오렌지색
꾸냥의 귀걸이는 한들한들
손풍금 소리 들려온다
방울 소리 들린다
울퉁불퉁 꽃 서울 꿈꾸는 꽃 서울
알곰삼삼 아가씨들
콧노래가 들려온다
한강 물 출렁출렁
숨 쉬는 밤하늘엔 별이 총총
색소폰 소리 들려온다
노랫소리 들린다
푸른 등잔 꽃 서울 건설의 꽃 서울
뾰족 신발 바둑 길에
꽃 양산이 물결친다
서울의 아가씨야
내일의 희망 안고 웃어다오
맨돌린 소리 들려온다
웃음소리 들린다"
깜빡이를 키고 오세요,"1,483",박서진,"깜빡이를 키고 오세요
내 인생에 훅 들어온 당신 내 님아
금사빠라 소문날지 모르겠지만
오늘은 오빠랑 달려

누가 봐도 완벽한 오빠의 인생
돈쭐내러 다니는 백마 탄 기사
브레이크 밟을 일도 없던 내 인생
갑자기 사달이 났네
살며시 내 옆으로 몰래 와놓고
사랑을 던지나
다가와 토닥토닥 누나인척해
날뛰는 이 마음 어쩌라고
깜빡이를 키고 오세요
내 인생에 훅 들어온 당신 내 님아
금사빠라 소문날지 모르겠지만
오늘은 오빠랑 달려

앞만 보고 달리는 남자의 인생
긴 하루 끝자락에 비틀거리는
술 한 잔에 내 청춘을 추슬러보는
외로운 고독한 남자
살며시 내 옆으로 몰래 와놓고
사랑을 던지나
다가와 토닥토닥 누나인척해
날뛰는 이 마음 어쩌라고
깜빡이를 키고 오세요
내 인생에 훅 들어온 당신 내 님아
금사빠라 소문날지 모르겠지만
오늘은 오빠랑 달려
깜빡이를 키고 오세요
클락션을 눌러주세요
내 인생에 훅 들어온 우리 공주님
왔다가도 가버리는 사랑이지만
오늘은 오빠랑 달려
오늘은 오빠랑 달려"
노란 셔츠의 사나이,48,두리 (DooRi),"노오란 샤쓰 입은
말 없는 그 사람이

어쩐지 나는 좋아
어쩐지 맘에 들어

미남은 아니지만
씩씩한 생김생김

그이가 나는 좋아
어쩐지 맘이 쏠려

아~ 야릇한 마음
처음 느껴본 심정

아~ 그이도 나를
좋아하고 계실까

노오란 샤쓰 입은
말 없는 그 사람이

어쩐지 나는 좋아
어쩐지 맘에 들어

아~ 야릇한 마음
처음 느껴본 심정

아~ 그이도 나를
좋아하고 계실까

노오란 샤쓰 입은
말 없는 그 사람이

어쩐지 나는 좋아
어쩐지 맘에 들어

어쩐지 나는 좋아
어쩐지 맘에 들어"
안돼요 안 돼,"2,036",박지현,"무슨 말을 해야만이
내게로 오시렵니까
아무 말도 하지 않는
이 내 맘을 모르시나요
이렇다 할 말도 없이
떠나려만 하신답니까
이 가슴에 새긴 정을
그대 어찌 모르십니까
안돼요 안돼 그리는 못합니다
울면서 애원했건만
스쳐간 세월이 나를 울리면
이 몸 홀로 어이합니까

이렇다 할 말도 없이
떠나려만 하신답니까
이 가슴에 새긴 정을
그대 어찌 모르십니까
안돼요 안돼 그리는 못합니다
울면서 애원했건만
스쳐가는 세월이 나를 울리면
이 몸 홀로 어이합니까"
물망초,570,조용필,"한 여자가 울고있는 비오는 거리

밤새도록 가로등도 비에 젖었네
슬퍼할수 없어요
잊을수도 없어요
이슬에 맺혔네 두눈에 맺혔네
눈물인가 빗물인가
눈물인가 빗물인가
잊지마세요 잊지마세요
잊지마세요 잊지마세요
마음은 비가되어
마음은 강물이 되어
고향바다 그 얼굴 찾아가누나
한없는 기다림만 가슴에 담아
내 마음을 묶어버린 나는 물망초

슬퍼할수 없어요
잊을수도 없어요
이슬에 맺혔네 두눈에 맺혔네
눈물인가 빗물인가
눈물인가 빗물인가
잊지마세요 잊지마세요
잊지마세요 잊지마세요
마음은 비가되어
마음은 강물이 되어
고향바다 그 얼굴 찾아가누나
한없는 기다림만 가슴에 담아
내 마음을 묶어버린
나는 물망초"
차표 한 장,555,송대관,"차표 한장 손에 들고
떠나야 하네
예정된 시간표대로
떠나야하네
너는 상행선
나는 하행선
열차에 몸을 실었다
사랑했지만
갈길이 달랐다
이별의 시간표대로
떠나야했다
달리는 차창에
비가 내리네
그리움이 가슴을 적시네
너는 상행선
나는 하행선
추억이 나를 울리네
차표 한장 손에 들고
떠나야 하네
예정된 시간표대로
떠나야하네
너는 상행선 나는 하행선
열차에 몸을 실었다
사랑했지만
갈길이 달랐다
이별의 시간표대로
떠나야했다
달리는 차창에
비가 내리네
그리움이 가슴을 때리네
너는 상행선
나는 하행선
추억이 나를 울리네
사랑했지만
갈길이 달랐다
이별의 시간표대로
떠나야했다
달리는 차창에
비가 내리네
그리움이 가슴을 때리네
너는 상행선
나는 하행선
추억이 나를 울리네"
꿈속의 사랑,383,심수봉,"사랑해선 안될 사람을
사랑하는 죄이라서
말못하는 내 가슴은
이 밤도 울어야 하나
잊어야만 좋을 사람을
잊지 못한 죄이라서
소리 없이 이 가슴은
이 밤도 울어야 하나
아 사랑 애달픈 내 사랑아
어이 맺은 하룻밤의 꿈
다시 못올 꿈이라면 차라리
눈을 감고 뜨지 말 것을
사랑해선 안될 사람을
사랑하는 죄이라서
소리 없이 이 가슴은
이 밤도 울어야 하나"
사랑아,682,임현정,"사랑아 내~사랑~~아

나를두고 가지를 말아

서로가 사랑 했잖니

서로가 좋아 했잖니

그러니까 가면 안되요

사랑이 무슨 장난 장난인가요

다시 한번 생각 해봐요

사랑아 사랑아 사랑아 기지를 말아~

네가 가면 내가 울 잖니~



사랑아 내~사랑~~아

나를두고 가지를 말아

서로가 사랑 했잖니

서로가 좋아 했잖니

그러니까 가면 안되요

사랑이 무슨 장난 장난인가요

다시 한번 생각 해봐요

사랑아 사랑아 사랑아 기지를 말아~

네가 가면 내가 울 잖니

사랑이 무슨 장난 장난인가요

다시 한번 생각 해봐요

사랑아 사랑아 사랑아 기지를 말아~

네가 가면 내가 울 잖니

네가 가면 내가 울 잖니"
나의 사계절,243,심수봉,"바닷바람 불어오고 나의 사계절 잠깨우니
개나리 활짝피고 봄은 또 가는데
한번 본 그얼굴이 다가와 감싸던 그 팔이
그날밤 그 모습은 다시 볼 수 없나
날이 밝으면 떠나야 하는 만나선 안될 사람을
한번만 다시 또 한번만 만나고 싶어
단 한번 맺은 사랑이 마지막 종말일지라도
끊을 수 없는 마음은 어제도 오늘도
꺽으면 꺾인다 이런 여잔가 반해서 다가간다
맡기라 맡기건만 이제와서 왜 또 울리나
사랑엔 의심도 없다. 내인생 모두를 걸었다.
운명도 묻지마라 내 운명은 당신"
추억의 보따리,282,강문경,"어머니
손을 잡고
초등학교
입학하던 날
가슴에 단
손수건이
계급장처럼
우쭐했었다
햇살은 일찍이고
세상에 내려와
이슬에
입을 맞추고
어느새 바래진
교정에는
바람만
휭하니 부는구나
그리움의
하얀 손수건
보리밭
사잇길로
초등학교
입학하던 날
굴뚝 위에
뽀얀 연기
어머님의
밥 짓는 소리
햇살은 새벽 끝에
세상에 내려와
이슬에
머물다 가고
세월에 익어간
내 얼굴엔
눈물만
하나씩 늘었구나
이제는
갈 수도 없는데
어느새 바래진
교정에는
바람만
휭하니 부는구나
그리움의
하얀 손수건
추억만
한 보따리네"
트랄랄라,"14,602",UV,"비정한 세상
그 누구도 믿을 사람이 없구나
그래 지금까지 내가 걸어온 길은
오로지 너만을 위함이었다
이제 난 세상의 영웅이 될 것이다
아 괴로워
니가 없는 여기 신촌거리
거리마다 캐롤이 울리네
아닌가봐 바본가봐
아 무서워
니가 없는 여기
이부자리
내일 아침이면
나혼자 개갰지
너무나도 초라하게
가난이 죄라면
나 역시 죄겠지
사랑에 차비마저
없었으니
사랑이 죄라면
큰 죄를 지었다
하지만 내가 흘린
그 눈물은 죄가 아냐
트랄랄라 트랄랄라 트랄랄라
돌아와 트랄랄라
트랄랄라 트랄랄라 트랄랄라
사랑해 트랄랄라
사랑해 사랑해 사랑해 사랑해 트랄랄라
너는 나의 트랄랄라
어젯밤 꿈속에 꿈속에
니가 날 찾아와
우리둘이 날개달고
구름보다 더 높이
하늘을 날으며
넌 나를 바라보며
사랑한다 했쟈나
트라랄라 트라랄라 트라랄라
돌아와 트라랄라
트라랄라 트라랄라 트라랄라
사랑해 트라랄라
사랑해 사랑해 사랑해 사랑해 트라랄라
너는 나의 트랄랄라
트라랄라 트라랄라 트라랄라
소리쳐 트라랄라
트라랄라 트라랄라 트라랄라
대답해 트라랄라
미안해 미안해 미안해 미안 미안해
기다릴게 트랄랄라
트랄랄라 트랄랄라 트랄랄라
돌아와 트랄랄라
트랄랄라 트랄랄라 트랄랄라
사랑해 트랄랄라
사랑해 사랑해 사랑해 사랑해 트랄랄라
그리워해
너는 나의 트랄"
인생은 하모니,"3,518",조영남,"서로 다른 세상을 살아온 우리
같은 하늘 아래서 노래 부르네
인생은 나 홀로 살 수 없다네
별 무리를 이루듯 살아가야지
인생은 하모니 인생은 하모니
아름다운 사람들 모두 모여서
사랑하고 이해하고 감싸주면서
온 세상 감동을 전하리
행복했던 시간도 나눌 수 있고
슬퍼했던 시간도 나눌 수 있어
언제나 소중한 나의 친구여
등불처럼 그대를 비춰주리라
인생은 하모니 인생은 하모니
아름다운 사람들 모두 모여서
사랑하고 이해하고 감싸주면서
온 세상 감동을 전하리
서로 다른 세상을 살아온 우리
같은 하늘 아래서 노래 부르네
오늘의 만남은 기적같은것
기적 같은 만남을 기억하리라
인생은 하모니 인생은 하모니
아름다운 사람들 모두 모여서
사랑하고 이해하고 감싸주면서
온 세상 감동을 전하리
인생은 하모니 인생은 하모니
아름다운 사람들 모두 모여서
사랑하고 이해하고 감싸주면서
온 세상 감동을 전하리"
묻지 마세요,"1,749",박서진,"묻지 마세요 물어보지 마세요
내 나이 묻지 마세요
흘러간 내 청춘 잘한 것도 없는데
요놈의 숫자가 따라오네요
여기까지 왔는데
앞만 보고 왔는데
지나간 세월에 서러운 눈물
서산 넘어가는 청춘
너 가는 줄 몰랐구나
세월아 가지를 말어라

묻지 마세요 물어보지 마세요
내 나이 묻지 마세요
흘러간 내 청춘 잘한 것도 없는데
요놈의 숫자가 따라오네요
여기까지 왔는데
앞만 보고 왔는데
지나간 세월에 서러운 눈물
서산 넘어가는 청춘
너 가는 줄 몰랐구나
세월아 가지를 말어라
여기까지 왔는데
앞만 보고 왔는데
지나간 세월에 서러운 눈물
서산 넘어가는 청춘
너 가는 줄 몰랐구나
세월아 가지를 말어라
세월아 가지를 말어라"
싸이코 (Club Ver.) (Feat. 양지원),107,하유비,"보고싶어 보고싶어
미치도록 보고싶어
떠나버린 니모습이
미치도록 보고싶잖아
내가 자꾸자꾸자꾸자꾸
아파 오잖아
눈물 자꾸자꾸자꾸자꾸
주룩주룩 흘러 내리네
미로속에 갇힌 우리사랑
어버린 콩깍지
헤매이다 지쳐 쓰러져서
미쳐버릴지 몰라
싸이코
싸이코
싸이코
싸이코
보고싶어 보고싶어
미치도록 보고싶어
떠나버린 니모습이
미치도록 보고싶잖아
내가 자꾸자꾸자꾸자꾸
아파 오잖아
눈물 자꾸자꾸자꾸자꾸
주룩주룩 흘러 내리네
미로속에 갇힌 우리사랑
썩어버린 콩깍지
헤매이다 지쳐 쓰러져서
미쳐버릴지 몰라
싸이코
싸이코
싸이코
싸이코
싸이코"
외계인,97,김혜연,"하늘에서 뚝 떨어졌나요
지구에선 볼 수 없는 아우라네요
매력이 참 넘쳐흐르네요
어디서 무얼 하다가 이제 왔나요
경음악에 맞춰 우리 스텝을 밟으면
우리 텐션 올라 올라 달나라까지 예
그 사람 그 사람 화성에서 왔을까
욕심 난다 정말 나의 외계인
그 사람 그 사람 목성에서 왔을까
갖고 싶다 정말 나의 외계인 사람아
웃는 얼굴 자주 보여줘요
달콤한 목소리 매일 들려주세요
난 말이죠 누굴 사랑하면
모든 걸 다 쏟아붓는 여자랍니다
경음악에 맞춰 우리 스텝을 밟으면
우리 텐션 올라 올라 달나라까지 예
그 사람 그 사람 화성에서 왔을까
욕심 난다 정말 나의 외계인
그 사람 그 사람 목성에서 왔을까
갖고 싶다 정말 나의 외계인 사람아
나의 외계인 사람아"
비싼 술 먹고,98,박현빈,"술 먹고 몸이 아플 때는
술 안 먹겠다 다짐해도
술을 보고 친구를 보면
맹세가 도로 아미타불

술 넘어간다 술술술
술이 춤을 춘다 술술술
비싼 술 먹고 주정을 말고
꽃이 지기 전에 놀다 가세
비싼 술 먹고 투정을 말고
달이 지기 전에 놀다 가세

술 먹고 텅 빈 지갑 보고
술 안 먹겠다 다짐해도
술을 보고 안주를 보면
맹세가 도로 아미타불

술 넘어간다 술술술
술이 춤을 춘다 술술술
비싼 술 먹고 주정을 말고
꽃이 지기 전에 놀다 가세
비싼 술 먹고 투정을 말고
달이 지기 전에 놀다 가세

취하면 입이 방정이라
술 안 먹겠다 다짐해도
술을 보고 님을 보면
맹세가 도로 아미타불

술 넘어간다 술술술
술이 춤을 춘다 술술술
비싼 술 먹고 주정을 말고
꽃이 지기 전에 놀다 가세
비싼 술 먹고 투정을 말고
달이 지기 전에 놀다 가세

취하면 그분이 오셔서
술 안 먹겠다 다짐해도
어둑어둑 술시가 되면
맹세가 도로 아미타불

술 넘어간다 술술술
술이 춤을 춘다 술술술
비싼 술 먹고 주정을 말고
꽃이 지기 전에 놀다 가세
비싼 술 먹고 투정을 말고
달이 지기 전에 놀다 가세

비싼 술 먹고 주정을 말고
꽃이 지기 전에 놀다 가세
비싼 술 먹고 투정을 말고
달이 지기 전에 놀다 가세

달이 지기 전에 놀다 가세"
아직도 못다한 사랑,296,소리새,"오늘도 갈대 밭에
저 홀로 우는 새는
내 마음을 알았나봐
쓸쓸한 바람에
아득히 밀려오는
또렷한 그 소리는
잃어버린 그 옛날에
행복이 젖어있네
외로움에 지쳐버린 내 마음을
어떻게 말로 다 하나요
난 몰라요
이 가슴에 아직도 못 다한 사랑

지난 날 꿈 속에서
저 홀로 우는 여인
내 마음을 알았나봐
쓸쓸한 바람에
저 만큼 밀려오는
또렷한 그 소리는
잃어버린 그 옛날에
행복이 젖어있네
외로움에 지쳐버린 내 마음을
어떻게 말로 다 하나요
난 싫어요 돌아와요
아직도 못 다한 사랑
아직도 못 다한 사랑"
내가 바보야,75,진성,"눈시울을 적시면서
그 님에게 안녕하며
작별의 인사하고
이제 와서 후회하며 눈물짓네
가지 말라 잡아볼걸
사랑한다 말해볼걸
이제 와서 무슨 소용이야
내가 바보야 내가 바보야
잡지 못한 내가 바보야
눈시울을 적시면서
떠나가는 당신에게
작별의 인사하고
이제 와서 후회하며 울 줄이야
뒤돌아가는 당신
가지 말라 잡아볼걸
이제 와서 후회할 줄이야
내가 바보야 내가 바보야
잡지 못한 내가 바보야"
딱 좋아,"1,541",송대관,"사랑도 해 봤다 이별도 해 봤다
산전수전 다 겪어 봤다
눈물도 흘렸다 원망도 해 봤다
삶에 지쳐 쓰러져도 봤다
이 나이에 못할 게 뭐가 있을까
더도 말고 덜도 말고
지금이 딱 좋아
지난 일은 생각 말자 후회를 말자
더도 말고 덜도 말고
지금이 딱 좋아
한 때는 겁 없이 잘 나가도 봤다
무서울 게 없던 나였다
실패를 해 보고 욕심도 버렸다
이제 마음도 다 비워 버렸다
이 나이에 못할 게 뭐가 있을까
더도 말고 덜도 말고
지금이 딱 좋아
지난 일은 생각 말자 후회를 말자
더도 말고 덜도 말고
지금이 딱 좋아
이 나이에 못할 게 뭐가 있을까
더도 말고 덜도 말고
지금이 딱 좋아
지난 일은 생각 말자 후회를 말자
더도 말고 덜도 말고
지금이 딱 좋아
더도 말고 덜도 말고
지금이 딱 좋아"
가즈아,611,맑음,"나랑 놀러 가즈아
바람이 살랑
살랑 불어오면 꽃놀이 갑시다
후끈 후끈
짜증 날 땐 물놀이 갑시다
가즈아
모든 현금 카드 내려놓고
내가 쏠게 놀러 가자
나랑 놀러 가자 가즈아
오빠 놀러 가자 가즈아
팔도강산 유람하며
재미지게 살아보자
나랑 놀러 가자 가즈아
오빠 놀러 가자 가즈아
낮이든 밤이든
나랑 놀러 가자 가자 가즈아
OK
낙엽이 불끈 불끈 물이 들면
단풍놀이 갑시다 가자 가즈아
살랑살랑 눈 내리면
스키장 갑시다 가즈아
모든 근심걱정 내려놓고
우리 둘이 놀러 가자
나랑 놀러 가자 가즈아
오빠 놀러 가자 가즈아
달도 별도 따러 가자
오빠 내가 책임진다
나랑 놀러 가자 가즈아
오빠 놀러 가자 가즈아
낮이든 밤이든 나랑 놀러 가자
가자 가즈아 OK
나랑 놀러 가자 가즈아
오빠 놀러 가자 가즈아
팔도강산 유람하며
재미지게 살아보자
나랑 놀러 가자 가즈아
오빠 놀러 가자 가즈아
낮이든 밤이든 나랑 놀러 가자
가자 가즈아 OK"
빈자리,"1,052",진해성,"사랑이 머물다간 그 자리
바람만 휑하니 불고
구멍 난 이 내 아픈 가슴엔
상처만 남아 있네요
서러움이 밀려와
울고 싶어
나의 착한 사랑도 부족했나요
하지만 난 오늘도
당신을 기다리다가
그리움만 깊어가네
사랑이 머물다간 그 자리
쓸쓸한 낙엽만 지고
구멍 난 이 내 아픈 가슴엔
바람만 불어오네요
사랑이 머물다간 그 자리
바람만 휑하니 불고
구멍 난 이 내 아픈 가슴엔
상처만 남아 있네요
서러움이 밀려와
울고 싶어
나의 착한 사랑도 부족했나요
하지만 난 오늘도
당신을 기다리다가
그리움만 깊어가네
사랑이 머물다간 그 자리
쓸쓸한 낙엽만 지고
구멍 난 이 내 아픈 가슴엔
바람만 불어오네요
바람만 불어오네요"
네박자,"2,632",승민이와 국민손자들,"내가 기쁠 때
내가 슬플 때
누구나 부르는 노래
내려 보는 사람도
위를 보는 사람도
어차피 쿵짝 이라네
쿵짝 쿵짝 쿵짜자 쿵짝
네박자 속에
사랑도 있고
이별도 있고
눈물도 있네
한구절 한고비
꺾어 넘을 때
우리네 사연을 담는
울고 웃는 인생사
연극같은 세상사
세상사 모두가
네박자 쿵짝
쿵짝 쿵짝 쿵짜자 쿵짝
네박자 속에
사랑도 있고
이별도 있고
눈물도 있네
짠짠 짜리라라 짠짠짠
짜라 짜리라라 짜라짠
나 그리울 때
너 외로울 때
혼자서 부르는 노래
내가 잘난 사람도
지가 못난 사람도
어차피 쿵짝 이라네
쿵짝 쿵짝 쿵짜자 쿵짝
네박자 속에
사랑도 있고
이별도 있고
눈물도 있네
한구절 한고비
꺾어 넘을 때
우리네 사연을 담는
울고 웃는 인생사
소설 같은 세상사
세상사 모두가
네박자 쿵짝
네박자 쿵짝"
사랑의 꽃 (New recording version),517,조명섭,"사랑의 꽃 사랑의 꽃
귀엽고 조그만 사랑의 꽃
남 몰래 숨어서 피어나는
아름다운 꽃
피어라 피어라 사랑의 꽃이여
피어라 나의 가슴에 피어라
그대 가슴에
행복의 꽃 행복의 꽃
영원한 꿈 같은 행복의 꽃
내 맘에 뿌려진 꽃씨들은
아름다운 꽃
피어라 피어라 행복의 꽃이여
사랑의 꽃 사랑의 꽃
귀엽고 조그만 사랑의 꽃
남 몰래 숨어서 피어나는
아름다운 꽃
피어라 피어라 사랑의 꽃이여
피어라 나의 가슴에 피어라
그대 가슴에
행복의 꽃 행복의 꽃
영원한 꿈 같은 행복의 꽃
내 맘에 뿌려진 꽃씨들은
아름다운 꽃
피어라 피어라 행복의 꽃이여
피어라 피어라 행복의 꽃이여"
희망열차,"3,175",장민호,"온누리에 사랑이 피어난 그 시간이
다가온 거야 모두 알 거야
세상이 다 알 거야
이제 우리 지금 모두
다 함께 춤을 출 거야
기쁨 속에서 즐길 차례가 온 거야
버텨왔던 우리의 그 시간이
축복의 통로가 된 거야
그때 그 시절이
모입시다 이곳에 우리가
마음을 나눠요 사랑하자
이 마음 변하지 말고 쭉
모입시다 이곳에 우리가
사랑이 싹트고 함께하자
영원히 변하지 말고 쭉 같이 가요
기나긴 어둠 속이 끝이 날 그 시간이
다가온 거야 실컷 누려라
자유함을 느껴봐
이제 우리 지금 모두
다 함께 노래할 거야
기쁨 속에서 즐길 차례가 온 거야
힘겨웠던 우리의 그 시간이
축복의 통로가 된 거야
그러면 된 거야
모입시다 이곳에 우리가
마음을 나눠요 사랑하자
이 마음 변하지 말고 쭉
모입시다 이곳에 우리가
사랑이 싹트고 함께하자
영원히 변하지 말고 쭉
라랄랄라 라라리 랄라리 라라라
랄랄라랄라 랄라라 라라리 랄라
모두 잘될 거야
라라리 랄라리 라라라 랄랄 라랄라
영원히 변하지 말고 쭉 같이 가
영원히 변하지 말고 쭉 같이 가요"
금지곡,150,윤태화,"이제 더는 그 노래
부르지 않겠습니다
이제 더는 그 노래
듣지도 않겠습니다
그 노래만 부르면
그 노래만 들으면
그대가 생각이 나서
뜨거운 눈물이
왈칵 쏟아집니다
이제부터 그 노래는
나에게 금지곡입니다
이제 더는 그 노래
부르지 않겠습니다
이제 더는 그 노래
듣지도 않겠습니다
그 노래만 부르면
그 노래만 들으면
그대가 생각이 나서
뜨거운 눈물이
펑펑 쏟아집니다
이제부터 그 노래는
나에게 금지곡입니다
그 노래만 부르면
그 노래만 들으면
그대가 생각이 나서
뜨거운 눈물이
마구 쏟아집니다
이제부터 그 노래는
나에게 금지곡입니다
금지곡입니다"
최고다 당신,222,김소연,"당신이 최고랍니다
당신이 최고랍니다
당신이 당신이
최고랍니다
남자는 남자는요
너무나도 바보랍니다
당신이 없으면
당신이 없으면
아무것도 못 한답니다
좋아하냐고
물어보지 마세요
쑥스러워
말 못 합니다
잘나고 못나고
있고 없고
사랑하면
그만이지
첫 번째도 당신
첫 번째도 당신
두 번째도 당신
두 번째도 당신
아 나에게는
당신뿐이랍니다
당신이
최고랍니다
여자는 여자는요
너무나도 바보랍니다
사랑한다고
말 안 해주면
아무것도
모른답니다
좋아하냐고
물어보지 마세요
부끄러워
말 못 합니다
잘나고 못나고
있고 없고
중요하지
않아요
첫 번째도 당신
첫 번째도 당신
두 번째도 당신
두 번째도 당신
아 나에게는
당신이 최고랍니다
당신이 최고랍니다
당신이 최고랍니다"
니,"1,050",진해성,"네가 도대체 뭐야
왜 자꾸 날 아프게 하는 거야
네가 도대체 뭐야
왜 자꾸 날 힘들게 하는 거야
네가 도대체 뭐야
난 너를 사랑한다 했지 않니
네가 도대체 뭐야
난 너를 알다가도 모르겠어
아니면 아니라고 말하든지
싫으면 싫다고 말해야지
도대체 난 너에게 무엇이며
날 사랑하기는 하는 거니
네가 도대체 뭐야
왜 자꾸 눈물짓게 하는 거야
네가 도대체 뭐야
왜 자꾸 헷갈리게 하는 거야

네가 도대체 뭐야
왜 자꾸 날 아프게 하는 거야
네가 도대체 뭐야
왜 자꾸 날 힘들게 하는 거야
네가 도대체 뭐야
넌 나를 사랑한다 했지 않니
네가 도대체 뭐야
난 너를 알다가도 모르겠어
어제 본 그 사람은 누구야
전화 온 그 사람은 누구야
문자 온 그 사람은 또 누구야
도대체 너 자꾸 왜 이러니
네가 도대체 뭐야
왜 자꾸 날 속이려 하는 거야
네가 도대체 뭐야
왜 자꾸 뻔한 핑곌 대는 거야
왜 자꾸 날 아프게 하는 거야
왜 자꾸 눈물짓게 하는 거야"
원 점,70,설운도,"사랑했던 그사람을 말없이 돌려보내고
원점으로 돌아서는 이 마음 그대는 몰라
수많은 사연들을 네온불에 묻어놓고
무작정 사랑을 사랑을 넘어버린 나는
나는 정말 바보야
눈물속에 피는 꽃이 여자란 그말때문에
내 모든걸 외면한채 당신을 사랑했어요
수많은 사연들을 네온불에 묻어놓고
무작정 가슴을 가슴을 열어버린 나는
나는 정말 바보야"
봄날은 간다,667,조용필,"연분홍 치마가 봄바람에 휘날리더라
오늘도 옷고름 씹어가며
산제비 넘나드는 성황당 길에
꽃이 피면 같이 웃고
꽃이 지면 같이 울던
알뜰한 그 맹세에 봄날은 간다
새파란 풀잎이 물에 떠서 흘러가더라
오늘도 꽃편지 내던지며
청노새 짤랑대는 역마차 길에
별이 뜨면 서로 웃고
별이 지면 서로 울던
실없는 그 기약에 봄날은 간다"
벤치,539,서주경,"내 무릎에 털석 앉아봐
언제나 너의 벤치로 살거야
아무때라도 허전하면
내 가슴에다 기대봐
가다가 길가다가 피곤해지면
내게와 너만이
나의 주인이잖아
너만 쉬어 가도록 너 올때까지
기다릴께
비를 맞고 와도 돼
술 취해서 와도 돼
나는야 너의 벤치야
내 무릎에 털석 앉아봐
언제나 너의 벤치로 살거야
아무때라도 허전하면
내 가슴에다 기대봐
가다가 길가다가 피곤해지면
내게와 너만이
나의 주인이잖아
너만 쉬어 가도록 너 올 때까지
기다릴께 아침 일찍 와도 돼
저녁 늦게 와도 돼
나는야 너의 벤치야
비를 맞고 와도 돼
술취해서 와도 돼
나는야 너의 벤치야"
저리가,410,남진,"어느 날에 그대가
내 가슴에 와 닿았나
설명할 수 없는 내 마음
당신을 그리며 헤매이네
사랑해선 안될 사람
내가 더 잘 알면서
그리워 자꾸 끌리면 어떡하나
잊는다 눈을 꼭 감으면 그대
보란듯 미소로 다가오네
저리 가 저리 가 혼자 있고 싶어
저리 가 저리 가 날 내버려둬
시간이 갈수록 울게 될까봐 두려워
정 떼지 못한 내가 더 미워
사랑해선 안될 사람
내가 더 잘 알면서
그리워 자꾸 끌리면 어떡하나
잊는다 눈을 꼭 감으면 그대
보란듯 미소로 다가오네
저리 가 저리 가 혼자 있고 싶어
저리 가 저리 가 날 내버려둬
시간이 갈수록 울게 될까봐 두려워
정 떼지 못한 내가 더 미워"
사랑하니까,189,소명,"사랑하니까 사랑하니까
사랑하니까 좋구나
모든 것을 다 주어도
모자라기만 하구나
꽃이 제 아무리 곱게 핀다해도
사랑만은 못하구나
새가 제 아무리 맑게 노래해도
사랑만은 못하구나
사랑아 어디갔다 이제 왔니
이렇게 좋은 걸
사랑아 나 이제 너를 위해
뭐든지 다 해줄거야
사랑하니까
사랑하니까 사랑하니까
사랑하니까 좋구나
모든 것을 다 주어도
아까울 것이 없구나
미워하니까 미워하니까
미워하니까 아프다
사랑하기도 아까운 당신
미워한 내가 아프다
꽃이 제 아무리 곱게 핀다해도
사랑만은 못하구나
새가 제 아무리 맑게 노래해도
사랑만은 못하구나
사랑아 어디갔다 이제 왔니
이렇게 좋은 걸
사랑아 나 이제 너를 위해
뭐든지 다 해줄거야
사랑하니까
사랑하니까 사랑하니까
사랑하니까 좋구나
모든 것을 다 주어도
행복하기만 하구나
사랑하니까 사랑하니까
사랑하니까 좋구나
너는 내사랑 나는 니사랑
우리 서로 사랑하니까
사랑하니까"
이것이 인생,656,이애란,"그 무엇을 잡으려고
그리도 찾아 헤 멨나
한 세상 왔다가는
나그네 인생
우리네 인생
가고 오는 저 세월에
미련을 두지 마오
가져 갈 수 없는 짐
무거운 짐에 뭐 그리 아까워
이고 지고 안고 있나
나 떠나면 빈손인 것을
그 무엇을 잡으려고
그리도 찾아 헤 멨나
한 세상 왔다가는
나그네 인생
우리네 인생
가고 오는 저 세월에
미련을 두지 마오
가져 갈 수 없는 짐
무거운 짐에 뭐 그리 아까워
이고 지고 안고 있나
나 떠나면 빈손인 것을
나 떠나면 빈손인 것을"
사랑,204,나훈아,"이 세상에 하나밖에
둘도 없는 내 여인아
보고 또 보고 또 쳐다봐도
싫지 않은 내 사랑아
비 내리는 여름날엔
내 가슴은 우산이 되고
눈 내리는 겨울날엔
내 가슴은 불이 되리라
온 세상을 다 준대도
바꿀 수 없는 내 여인아
잠시라도 떨어져서는
못 살것 같은 내 사랑아
행여 당신 외로울 때
내가 당신 친구가 되고
행여 당신 우울할 때
내가 당신 웃음 주리라
이 세상에 하나밖에
둘도 없는 내 여인아
보고 또 보고 또 쳐다봐도
싫지 않은 내 사랑아"
남자라는 이유로,"2,631",박서진,"누구나 웃으면서 세상을 살면서도
말못할 사연 숨기고 살아도
나역시 그런저런 슬픔을 간직하고
당신앞에 멍하니 서있네
언제한번 가슴을 열고 소리내어
소리내어 울어 볼 날이
남자라는 이유로 묻어두고 지낸
그 세월이 너무 길었어
저마다 처음인듯 사랑을 하면서도
쓰라린 이별 숨기고 있어도
당신도 그런저런 과거가 있겠지만
내앞에선 미소를 짓네
언제한번 가슴을 열고 소리내어
소리내어 울어 볼 날이
남자라는 이유로 묻어두고 지낸
그 세월이 너무 길었어
언제한번 그런날 올까요 가슴을 열고
소리내어 울어 울어 볼 날이
남자라는 이유로 묻어두고 지낸
그 세월이 너무 길어요"
미움인지 그리움인지,834,양지원 (YangJiwon),"잊어야 한다고 다짐하면서
돌아섰던 가슴속에
미움인지 그리움인지
알 수 없는 그대 생각
잊으면 모두 그만인 것을
왜 이렇게 잊지 못할까
오지 않을 그 사람을
행여 올까 기다리는
바보같은 미련일까
생각을 말자고 다짐하면서
방황했던 지난 세월
미움인지 그리움인지
떠나지 않는 그 모습
잊으라 그 한마디 남기고
떠나버린 그 사람인데
기다리면 무엇 하나
애태우면 무엇하나
이젠 모두 잊어야지"
꽃처녀,911,김다현,"꼬꼬꼬 꼬꼬꼬 꽃처녀가
찾아 왔어요
꼬꼬꼬 꼬꼬꼬 꽃처녀가
날아 왔어요
어머님 아버님께
인사드리옵니다
이 노래 좋으시면
박수 세 번 짝짝짝
살랑살랑 살랑살랑
꽃처녀가 왔어요
무지갯빛 옷을 입고
인사 드리려고 왔어요
팔랑팔랑 팔랑팔랑
꽃처녀가 왔어요
엄마 아빠 보고 싶어
빨리 왔어요
꼬꼬꼬 꼬꼬꼬 꽃처녀가
찾아 왔어요
꼬꼬꼬 꼬꼬꼬 꽃처녀가
날아 왔어요
이렇게 좋은날에
그대 손 꼭잡고
어디든 떠나가요
산과 들과 바다로
살랑살랑 살랑살랑
꽃처녀가 왔어요
무지갯빛 옷을 입고
인사 드리려고 왔어요
팔랑팔랑 팔랑팔랑
꽃처녀가 왔어요
언니 오빠 보고 싶어
빨리 왔어요
이 노래 끝나가요
너무 아쉬워 마요
한번더 부를게요
여러분께 바칩니다
살랑살랑 살랑살랑
꽃처녀가 왔어요
무지갯빛 옷을 입고
인사 드리려고 왔어요
팔랑팔랑 팔랑팔랑
꽃처녀가 왔어요
엄마 아빠 보고 싶어
빨리 왔어요
언니 오빠 보고 싶어
빨리 왔어요"
곡예사의 첫사랑,135,풍금,"줄을 타며 행복했지
춤을 추면 신이 났지
손 풍금을 울리면서
사랑 노래 불렀었지
공 굴리며 좋아했지
노래하면 즐거웠지
흰 분칠에 빨간 코로
사랑 얘기 들려줬지
영원히 사랑하자
맹세했었지
죽어도 변치 말자
언약했었지
울어봐도 소용없고
후회해도 소용없는
어릿광대의 서글픈 사랑
줄을 타며 좋아했지
춤을 추면 신이 났지
손 풍금을 울리면서
사랑 노래 불렀었지
사랑 노래 불렀었지
사랑 노래 불렀었지
손 풍금을 울리면서
사랑얘기 들려줬지"
어깨춤,"2,407",임서원,"찰랑찰랑 찰랑찰랑
으쓱으쓱
찰랑찰랑 찰랑찰랑
으쓱으쓱
휴
Ah Ah Oh
랄랄라라랄라 으쓱으쓱
랄랄라라랄라 으쓱으쓱
언제까지 어깨춤을 추게 할거야
랄랄라라랄라 으쓱으쓱
랄랄라라랄라 으쓱으쓱
시간은 많지 않아
come come come 휴
힐끔힐끔 쳐다보잖아
살금살금 다가가잖아
이쪽 나를봐 자꾸 어딜봐
어쩜 저리도 눈치가 없는지
내속이 바짝바짝 타는데 Ah
너무해 어어 속상해 어어
정말 미워죽겠어
언제까지 어깨춤을 추게 할거야
널 바라보잖아
눈치를 주고있잖아
언제까지 어깨춤을 추게 할거야
널 기다리는 내게로 와 Oh
랄랄라라랄라 으쓱으쓱
랄랄라라랄라 으쓱으쓱
언제까지 어깨춤을 추게 할거야
랄랄라라랄라 으쓱으쓱
랄랄라라랄라 으쓱으쓱
시간은 많지않아
come come come 휴
하트하트하게 바라봤잖아
짜릿짜릿하게 날녹였잖아
내게 말해봐 어서 찔러봐
어쩜 저리도 용기가 없는지
내눈이 반짝 반짝이는데 Ah
미동도 없어 눈치도 없어
이러다 놓치겠어
언제까지 어깨춤을 추게할거야
널 바라보잖아
눈치를 주고 있잖아
언제까지 어깨춤을 추게할거야
널 기다리는 내게로 와 Oh
랄랄라라랄라 으쓱으쓱
랄랄라라랄라 으쓱으쓱
언제까지 어깨춤을 추게할거야
랄랄라라랄라 으쓱으쓱
랄랄라라랄라 으쓱으쓱
시간은 많지않아
come come come 휴
나만 바라봐
어서 내게와
이런내맘 몰라주면
나 어디로 튈지몰라
언제까지 어깨춤을 추게할거야
널 바라보잖아
눈치를 주고있잖아
언제까지 어깨춤을 추게할거야
널 기다리는 내게로 와 oh
랄랄라라랄라 으쓱으쓱
랄랄라라랄라 으쓱으쓱
언제까지 어깨춤을 추게할거야
랄랄라라랄라 으쓱으쓱
랄랄라라랄라 으쓱으쓱
시간은 많지않아
come come come"
강원도 아가씨 (New recording version),489,조명섭,"머나먼 산골짝에 감자를 심고
밭을 매는 마음씨 고운 아가씨
하늘에는 푸른별이
그대 맘처럼 빛나리라
강원도 아가씨가 강원도 아가씨가
수줍어 속삭이는 시절속으로
웃으면서 전해주는 순정의 꽃봉오리
꽃피는 산골짝에 봄바람 불 때
상냥스런 마음씨 고운 아가씨
살구나무 피는 꽃이
그대 맘처럼 향기로워
강원도 아가씨가 강원도 아가씨가
수줍어 속삭이는 시절속으로
웃으면서 들려주는 사랑의 노래여
옥수수 익어가는 치악산 아래
나물 캐는 마음씨 고운 아가씨
기찻길 옆 냇물소리
그대 맘 처럼 아름다워
강원도 아가씨가 강원도 아가씨가
수줍어 속삭이는 시절속으로
웃으면서 불러보는 희망의 노래여
희망의 이 노래여"
망부석,381,송도현,"간밤에 울던 제비
날이 밝아 찾아보니
처마 끝엔 빈 둥지만이
구구 만리 머나먼 길
다시 오마 찾아 가나
저 하늘에 가물거리네
에헤야 날아라
헤이야 꿈이여
그리운 내 님 계신 곳에
푸른 하늘의 구름도
둥실 둥실 떠가네
높고 높은 저 산 너머로
내 꿈마저 떠가라 두리둥실 떠가라
오매불망 내 님에게로
깊은 밤 잠 못이뤄
창문 열고 밖을 보니
초생달만 외로이 떴네
멀리 떠난 내 님 소식
그 언제나 오시려나
가슴 조여 기다려지네
에헤야 날아라
헤이야 꿈이여
그리운 내 님 계신 곳에
달 아래 구름도 둥실둥실 떠가네
높고 높은 저 산 너머로
내 꿈마저 떠가라 두리둥실 떠가라
오매불망 내 님에게로
내 꿈마저 떠가라 두리둥실 떠가라
오매불망 내 님에게로
오매불망 내 님에게로"
부르지마 (Cover Ver.),54,여정인,"오늘 밤 우연히 라디오를 켤 때
당신의 목소리가 흘러나오고
잊은 줄 알았었는데
잊혀졌다 했는데
당신은 노래를 만들었네요
언젠가 둘이서 보았던 영화를
오늘은 나 혼자서 보고 있네.
그 때는 즐거웠는데
내 손을 잡았었는데
내 옆의 빈 자리는
나를 슬프게 해
부르지마, 부르지마,
옛노래를 하고픈 말이 있어도
부르지마, 부르지마,
옛사랑을 추억은 남아있잖아
언젠가 둘이서 걸었던 이 길을
오늘은 나 혼자서 걷고 있네
햇살은 눈부셨는데
우리를 비추었는데
오늘은 나 혼자 비를 맞고 가네
부르지마, 부르지마,
옛노래를 하고픈 말이 있어도
부르지마, 부르지마,
옛사랑을 추억은 남아있잖아
언젠가 둘이서 걸었던 이 길을
오늘은 나 혼자서 걷고 있네
햇살은 눈부셨는데
우리를 비추었는데
오늘은 나 혼자 비를 맞고 가네"
아버지의 강,184,박성온,"아 저녁바람에 억새울고
강기슭에 물새울면
어디선가 들려오는
아버지의 옛노래
고기를 잡아 날키우시고 옛노래
불러 날 재우시던
아 아 아버지 불러봐도 대답없이
흐르는 저강은 아버지의 강이여
저 강건너 나루터에
물새 한마리 슬피울면
강바람에 검게타신
아버지가 그리워
고기를잡아 날키우시고 옛노래
불러 날재우시던
아 아 아버지 불러봐도 대답없이
흐르는 저강은 아버지의 강이여
고기를잡아 날키우시고 옛노래
불러 날재우시던
아 아 아버지 불러봐도 대답없이
흐르는 저강은 아버지의 강이여"
사랑 참,563,진욱,"잡힐 듯 잡히지 않는
사랑이 너무 아쉬워
다가가면 더 멀어지는
사랑 참 힘드네요
보일 듯 보이지 않는
사랑이 너무 아파서
시린 가슴 애써 달래도
사랑 참 힘드네요
참을 만해요 괜찮아요
힘들면 좀 어때요
사랑을 잃은 아픔보다
참는 게 더 쉬워요
들리나요 사랑아
내 슬픈 사랑아
보이나요 사랑아
내 아픈 사랑아

참을 만해요 괜찮아요
힘들면 좀 어때요
사랑을 잃은 아픔보다
참는 게 더 쉬워요
들리나요 사랑아
내 슬픈 사랑아
보이나요 사랑아
내 아픈 사랑아
사랑 참 힘드네요"
거문고야,35,김지현,"내 청춘이 못 가게 붙잡아보자
(거문고야)

오동잎 떨어진 달 밝은 밤에
너하고 나하고

이 밤이 가지 못하게
붙잡아보자

뚱따리뚱땅 뚱따리뚱땅
거문고야

내 청춘이 못 가게
여섯 줄을 퉁겨라
(거문고야)

새파란 청춘 내 청춘을
어이 보내놓고

내가 너를
붙잡고 있으니

님이 생각난다
보고픈 내 님이

거문고야
여섯줄을 퉁겨라
(거문고야)

달아나는 밤을 붙잡고
너를 붙잡고

뚱따리뚱땅 뚱따리뚱땅땅

오동잎 떨어진 달 밝은 밤에
너하고 나하고

이 밤이 못 가게
붙잡아보자
(거문고야)

새파란 청춘 내 청춘을
어이 보내놓고

내가 너를
붙잡고 있으니

님이 생각난다
보고픈 내 님이

거문고야
여섯 줄을 퉁겨라
(거문고야)

달아나는 밤을 붙잡고
너를 붙잡고

뚱따리뚱땅 뚱따리뚱땅땅

오동잎 떨어진 달 밝은 밤에
너하고 나하고

이 밤이 못 가게
붙잡아보자

내 청춘이 못 가게
붙잡아보자

(거문고야)"
상사병,58,이도진,"토요일 일요일 순삭 되면 다시 월요일
지옥철 타고 있네요
어디로 도망갈까 퇴사 고민하다가
카드 결제날이 다가오네요
칼퇴 한다고 요즘 노냐고
휴가 쓴다고 살만하냐고
그래 너 땜에 살맛 안 난다
금요일 칼퇴 칼퇴 칼퇴
토요일 순삭 순삭 순삭
도대체 주말은 왜 눈 깜짝하는 건데
월요일 멘붕 멘붕 멘붕
사장님 워라밸 지켜줘
상사 병에 걸렸어 직장 상사병
토요일 일요일 순삭 되면 다시 월요일
회의가 주옥같아요
눈치는 보지 말고 휴가 쓰라 하더니
전화할 테니까 잘 받으래요
칼퇴 한다고 요즘 노냐고
휴가 쓴다고 살만하냐고
그래 너 땜에 살맛 안 난다
금요일 칼퇴 칼퇴 칼퇴
토요일 순삭 순삭 순삭
도대체 주말은 왜 눈 깜짝하는 건데
월요일 멘붕 멘붕 멘붕
사장님 워라밸 지켜줘
상사 병에 걸렸어 직장 상사병
상사 병에 걸렸어 직장 상사병"
쏠리네,27,이혁,"쏠리네 쏠리네 너의 모든것이 팍팍
땡기네 땡기네
나의 마음이 너의 마음속에 팍팍 땡기네 쏠리네

거기 아가씨 내 말 한번 들어보아요
첫눈에 쏠린다는 말은 들어봤어요
난 지금 당신 놓치면 평생 후회할것같아
완전 내가 번개 맞은 기분이야

아가씨 아가씨 시간있어요
아가씨 아가씨 한번 만나줘요
아가씨 아가씨 사랑합니다
아 아 아 아 아아아아아

쏠리네 쏠리네 너의 모든것이 팍팍
땡기네 땡기네
나의 맘이 너의 마음속에 팍팍 땡기네 쏠리네


꿈이야 생시야 그녀 내게 왔어요
미인은 용기 있는 자가 얻는다는 말이 맞네
이제 우리 자기 나랑 잘살아보아요
완전 내가 뿅가게 해줄게요

마누라 마누라 돈 벌어왔어요
마누라 마누라 고기먹으러가요
마누라 마누라 사랑합니다
아 아 아 아 아아아아아

쏠리네 쏠리네 너의 모든것이 팍팍
땡기네 땡기네
나의 맘이 너의 마음속에 팍팍 땡기네 쏠리네

쏠리네 쏠리네 너의 모든것이 팍팍
땡기네 땡기네
나의 맘이 너의 마음속에 팍팍 땡기네 쏠리네"
오늘처럼,287,이진관,"당신이 보고싶어
고통이었어요
냉정히 싫다고
고백했다면
가슴은 아프지만
잊을 수 있을텐데
사랑한다 말했잖아요
아주 잊지는 말아주오
사랑했던 사람아
오늘처럼 바람불면
당신 숨결이 그리워요

당신이 그리워서
고통이었어요
내 생이 당신만
다시 사랑할 수 있다면
모든걸 다 잃어도
지금 눈 감아도
후회하지 않을꺼에요
아주 잊지는 말아주오
사랑했던 사람아
오늘처럼 비가오면
당신 숨결이 그리워요
오늘처럼 바람불면
당신 숨결이 그리워요"
검정 고무신,573,한동엽,"1:어머님따라 고무신 사러가면 멍멍개가 해를 쫗던날

길가에 민들레 머리풀어 흔들면 내마음도 따라 날았다

잃어버릴라 닳아질세라 애가타던 우리 어머니

꿈에서 깨어보니 아무도 없구나 세월만 휭휭

검정 고무신 우리어머니



2:보리쌀 한말 이고 장에가면 사오려나 검정 고무신

밤이면 밤마다 머리맡에두고 보리고개서 잠이들었네

잃어버릴라 닳아질세라 애가타던 우리 어머니

꿈에서 깨어보니 아무도 없구나 가슴만 휭휭

검정고무신 우리어머니 잃어버릴라 닳아질세라

애가타던 우리 어머니 꿈에서 깨어보니 아무도 없구나

세월만 휭휭 검정 고무신 우리 어머니"
꽃바람,915,한가빈,"꽃바람 꽃바람
꽃바람 내 인생아
인생이란 놀다 가는 것
기쁜 일 슬픈 일 모두
사는 재미야
걱정하며 살지 말자
뒤돌아보면 얻은 게 더 많았던
이 얼마나 고마운 세월인가
꽃바람 꽃바람
꽃바람 내 인생아
하루 하루 선물 같구나
꽃바람 꽃바람
꽃바람 내 인생아
인생이란 놀다 가는 것
기쁜 일 슬픈 일 모두
사는 재미야
걱정하며 살지 말자
뒤돌아보면 얻은 게 더 많았던
이 얼마나 고마운 세월인가
꽃바람 꽃바람
꽃바람 내 인생아
하루 하루 선물 같구나
뒤돌아보면 얻은 게 더 많았던
이 얼마나 고마운 세월인가
꽃바람 꽃바람
꽃바람 내 인생아
하루 하루 선물 같구나
하루 하루 선물 같구나"
사랑이 좋아 (부탁해요 엄마 OST Part.3),"2,838",홍진영,"사랑이 좋아 가슴 아파도
누가 뭐래도 난 당신이 최고야
인생이 힘들어도
세상이 날 속여도
난 당신 밖에 없어요
인생이 나를 울게 한대도
당신이 나를 또 웃게 만드니까
다시 힘을 내야지
다시 일어서야지
이게 바로 인생 아닐까
비바람 몰아쳐도 당신이 있고
길 잃어 헤맬 때도 당신이 있어
나는 알아 나는 알아
당신이 내게 전부라는 걸
돈이 없어도 내겐 당신이 있고
친구들 날 떠나도 당신이 있어
난 알아 나는 알아
당신 없으면 나는 못살아
사랑이 좋아 가슴 아파도
누가 뭐래도 난 당신이 최고야
인생이 힘들어도
세상이 날 속여도
난 당신 밖에 없어요
인생이 나를 울게 한대도
당신이 나를 또 웃게 만드니까
다시 힘을 내야지
다시 일어서야지
이게 바로 인생아닐까
슬플 때 내 곁에는 당신이 있고
기쁠 때 웃을 때도 당신이 있어
난 알아 나는 알아
당신 없으면 나는 못살아
사랑이 좋아 가슴 아파도
누가 뭐래도 난 당신이 최고야
인생이 힘들어도
세상이 날 속여도
난 당신 밖에 없어요
인생이 나를 울게 한대도
당신이 나를 또 웃게 만드니까
다시 힘을 내야지
다시 일어서야지
이게 바로 인생 아닐까"
인생,510,김성환,"세상에 올 때
내 맘대로 온 건 아니지만은
이 가슴엔 꿈도 많았지
내 손에 없는 내 것을 찾아
낮이나 밤이나
뒤볼새 없이 나는 뛰었지
이제 와서 생각하니 꿈만 같은데
두 번 살 수 없는 인생 후회도 많아
스쳐간 세월 아쉬워 한들
돌릴 수 없으니
남은 세월이나 잘 해봐야지
돌아본 인생 부끄러워도
지울 수 없으니
나머지 인생 잘 해봐야지
세상에 올 때
내 맘대로 온 건 아니지만은
이 가슴엔 꿈도 많았지
내 손에 없는 내 것을 찾아
낮이나 밤이나
뒤볼새 없이 나는 뛰었지
이제 와서 생각하니 꿈만 같은데
두 번 살 수 없는 인생 후회도 많아
스쳐간 세월 아쉬워 한들
돌릴 수 없으니
남은 세월이나 잘 해봐야지
돌아본 인생 부끄러워도
지울 수 없으니
나머지 인생 잘 해봐야지
나머지 인생 잘 해봐야지"
곰배령,275,조은성,"1. 바람마저 길을 잃으면 하늘에 닿는다
점봉산 마루 산새들도 쉬어가는 곳
곰배령은 말이 없는데
여인네 속치마 같은 능선을 허리에 감고
동자꽃 물봉선이 곱게도 피는 그날
사랑두고 님을 두고 그 누가 넘어가나
하늘고개 곰배령아

2. 구불구불 산을 넘으면 하루가 다 간다
점봉산 마루 나그네도 길을 멈추면
곰배령의 구름이 되네
가엾이 떠돌아 가는 세월을 허리에 감고
산딸기 머루꽃이 곱게도 피는 그날
사랑두고 님을두고 그 누가 넘어가나
하늘고개 곰배령아"
짝사랑,"14,854",김호중,"마주치는 눈빛이
무엇을 말하는지
난 아직 몰라
난 정말 몰라
가슴만 두근두근
아 사랑인가봐
해질 무렵이면 창가에 앉아
나는요 어느샌가 그대 모습 그려요
사랑한다고 좋아한다고 말해주세요
눈물만큼 고운 별이 될래요
그대 가슴에
속삭이는 눈빛이
무엇을 말하는지
난 아직 몰라
난 정말 몰라
가슴만 두근두근
아 사랑했나봐
그대 지나치는 시간이 되면
나는요 어느샌가 거울 앞에 있어요
사랑한다고 좋아한다고 말해주세요
눈물만큼 고운 별이 될래요
그대 가슴에
속삭이는 눈빛이
무엇을 말하는지
난 아직 몰라
난 정말 몰라
가슴만 두근두근
아 사랑했나봐
해 질 무렵이면 창가에 앉아
나는요 어느샌가 그대 모습 그려요
사랑한다고 좋아한다고 말해주세요
그대 가슴 속에 꺼지지 않는
별이 될래요"
신사동 그사람,"1,797",나태주,"희미한 불빛 사이로
마주치는 그 눈길 피할 수 없어
나도 몰래 사랑을 느끼며
만났던 그 사람
행여 오늘도 다시 만날까
그날 밤 그 자리에 기다리는데
그 사람 오지 않고 나를 울리네
시간은 자정넘어 새벽으로 가는데
아 그날 밤 만났던 사람
나를 잊으셨나봐
희미한 불빛 사이로
오고 가던 그 눈길 어쩔 수 없어
나도 몰래 마음을 주면서
사랑한 그 사람
오늘밤도 행여 만날까
그날 밤 그 자리에 마음 설레며
그 사람 기다려도 오지를 않네
자정은 벌써 지나 새벽으로 가는데
아 내 마음 가져간 사람
신사동 그 사람
행여 오늘도 다시 만날까
그날 밤 그 자리에 기다리는데
그 사람 오지 않고 나를 울리네
시간은 자정 넘어 새벽으로 가는데
아 내 마음 가져간 사람
신사동 그 사람
나를 잊으셨나봐"
누구없나요 (Prod. by 영탁) (feat. 정동원),"6,704",한이재,"누구 없나요
시린 가슴에 촛불을 피워줄 사람
어두컴컴한 나의 인생을
환하게 밝혀줄 사람
누구 없나요
아픈 마음을 포근히 감싸줄 사람
비가 내리는 하루하루에
우산이 되어 줄 사람
똑똑똑 나 들어가도 될까요
자 어서 들어오세요
오래 기다려 온 나의 사랑을
당신께 드리겠어요
딱딱 딱 내 맘을 알아주네요
더 많이 알고 싶어요
마주 잡은 손을 놓지 말아요
그대만 사랑할게요
좋아좋아
누구 없나요
시린 가슴에 촛불을 피워줄 사람
비가 내리는 하루하루에
우산이 되어 줄 사람
똑똑똑 나 들어가도 될까요
자 어서 들어오세요
오래 기다려 온 나의 사랑을
당신께 드리겠어요
딱딱 딱 내 맘을 알아주네요
더 많이 알고 싶어요
마주 잡은 손을 놓지 말아요
그대만 사랑할게요
마주 잡은 손을 놓지 말아요
그대만 사랑할게요
좋아좋아"
토요일 밤에,292,김현정 (Space.A),"오늘밤만은 오늘만은
그대 나를 떠나가지 마라
깊어가는 이 밤 토요일 밤엔
그대 이 순간을 느껴
날 버리고 떠난
광수와 광태
다정했던 영자와 옥자
오늘밤만은 모두 잊어요
토요일 밤 토요일 밤에
날 따라해봐 미친척하고
소릴 질러봐
삶이 나
나를 힘들게 하고
미치게 해도
이 시간이 간이
다가기 전에
내 품에 안겨 안겨봐
토요일 밤 토요일 밤에
내 품에 안겨 안겨봐"
불티,822,최수호,"나의 뜨거운 마음을
불같은 나의 마음을
다시 태울 수 없을까
헤어지기는 정말 싫어
이제라도 살며시(아아 아아)
나를 두고 간다면
내 마음 너무나 아쉬워
날마다 만나서 하는 말
모두가 그렇고 그런 얘기
하루 또 하루 지나면
마음이 너무 답답해
돌아서 말없이 갈 때면
마음이 너무 아쉬워
나의 뜨거운 마음을
불같은 나의 마음을
다시 태울 수 없을까
헤어지기는 정말 싫어
이제라도 살며시
(아아 아아)
나를 두고 간다면
내 마음 너무나 아쉬워
날마다 만나서 하는 말
모두가 그렇고 그런 얘기
하루 또 하루 지나면
마음이 너무 답답해
돌아서 말없이 갈 때면
마음이 너무 아쉬워
마음이 너무 아쉬워"
서울의 달,700,진욱,"서울 살이 타향살이
고달픈 날에
울 엄마가
생각이 난다
조물조물 무쳐주신
나물 반찬에
된장찌개
먹고 싶구나
겁도 없이 떠나온
머나먼 길에
보고 싶은 내 고향
눈에 밟힌다
언젠가 서울에 가서
성공을 해서
돌아온다
약속했는데
세상에 울고 웃다가
바쁘다 보니
꿈에서나
갈 수 있구나
서울의 달
바라보면서

서울 살이 타향살이
외로운 날에
울 엄마가
보고 싶구나
차 창가에 부딪치는
달빛을 보며
엄마 소원 빌어도 본다
겁도 없이 떠나온
머나먼 길에
남쪽 바다 내 고향
눈에 밟힌다
언젠가 서울에 가서
성공을 해서
돌아온다
약속했는데
손 편지 한 장
갖고는 너무 모자란
내 인생의
일기를 쓴다
서울의 달
바라보면서
바라보면서"
진또배기,"1,504",박서진,"어촌마을 어귀에 서서
마을에 평안함을 기원하는
진또배기 진또배기 진또배기
오리 세 마리 솟대에 앉아
물 불 바람을 막아주는
진또배기 진또배기 진또배기
모진 비바람을 견디며
바다의 심술을 막아주고
말없이 마을을 지켜온
진또배기(진또배기) 진또배기(진또배기)
허야디야 허야디야
풍어와 풍년을 빌면서
일 년 내내 기원하는
진또배기 진또배기 진또배기 진또배기
배 띄워라 노를 저어라
파도가 노래한다 춤을 춘다
진또배기 진또배기 진또배기
오리 세 마리 솟대에 앉아
물 불 바람을 막아주는
진또배기 진또배기 진또배기
모진 비바람을 견디며
바다의 심술을 막아주고
말없이 마을을 지켜온
진또배기 진또배기
허야디야 허야디야
풍악을 울려라 만선이다
신나게 춤을 추자 풍년이다
진또배기 진또배기 진또배기 진또배기
허야디야 허야디야
얼쑤"
춤추는 템버린,178,현숙,"훌라 훌라 훌라

훌라 훌라 훌라

훌라춤을 춘다 탬버린

오늘 밤도 낯선거리

낯선 사람들로 가득찬

네온 불로 유혹하는

도시에 밤 거리

떠나간 그 사람

십팔번이 생각나

노래방에 나를 닮은

탬버린을 흔들고

불러보는 이 노래는

그 사람 십팔번

훌라춤에 난 노래하는

춤추는 탬버린

훌라 훌라 훌라

이 밤이 가도록 춤추는 탬버린



훌라 훌라 훌라

훌라 훌라 훌라

훌라춤을 춘다 탬버린

오늘 밤도 낯선거리

낯선 사람들로 가득찬

네온 불로 유혹하는

도시에 밤 거리

떠나간 그 사람

십팔번이 생각나

노래방에 나를 닮은

탬버린을 흔들고

불러보는 이 노래는

그 사람 십팔번

훌라춤에 난 노래하는

춤추는 탬버린

훌라 훌라 훌라

이 밤이 가도록 춤추는 탬버린

불러보는 이 노래는

그 사람 십팔번

훌라춤에 난 노래하는

춤추는 탬버린

훌라 훌라 훌라

이 밤이 가도록 춤추는 탬버린"
사랑초,958,홍자,"초롱초롱 소리 없이
피어나는 사랑초
모질게 찬바람 이겨내고
어둠뚫고 피었네
먼하늘만 바라보다
님아 님아
애타게 불러도
대답없는 야속한 님이여
목마른 사랑초
눈부시게 아름다워
사랑초라 했나요
어질게 피어난 사랑초
눈물이 많은가봐
먼하늘만 바라보다
님아 님아
애타게 불러도
대답없는 야속한 님이여
목마른 사랑초"
물보라,204,최진희,"난 그대 눈을 보면서
꿈을 알았죠
그 눈물 속에
흐르는 나를 보았죠
우리 이대로 길을 떠나요
내 삶을 위해
주어진 모든 시간을
늘 그대에게
바치려 하고 있어요
우리 이대로 길을 떠나요
마음껏 소리치며 뛰어들어요
저 넓은 세상을 향해
마음껏 소리치며 뛰어들어요
우리의 삶을 위하여
그 메말랐던 가슴을
흠뻑 적시며
저 물보라를
보면서 길을 떠나요
우리 이대로 길을 떠나요

마음껏 소리치며 뛰어들어요
저 넓은 세상을 향해
마음껏 소리치며 뛰어들어요
우리의 삶을 위하여
그 메말랐던
가슴을 흠뻑 적시며
저 물보라를
보면서 길을 떠나요
우리 이대로 길을 떠나요"
하숙생,937,최희준,"인생은 나그네 길
어~디서 왔다가
어~디로 가는~가
구름이 흘러 가듯
떠~돌다 가는 길에
정~일랑 두지말자
미련일랑 두지말자
인생은 나그네 길
구름이 흘러가듯
정처없이 흘러서 간다

인생은 벌거숭이
빈 손으로 왔다가
빈 손으로 가는~가
강물이 흘러 가듯
여~울져 가는 길에
정~일랑 두지 말자
미련일랑 두지 말자
인생은 벌거숭이
강물이 흘러 가듯
소리없이 흘러서 간다"
사랑해요,917,고은희,"떨어지는 낙엽들 그 사이로
거리를 걸어봐요
지금은 느낄수 있어요
얼마나 아름다운지
돌아보면 아쉬웠던 순간이
너무도 그리워요
이제야 느낄수 있어요
얼마나 행복했는지
사랑해요 떠나버린 그대를
사랑해요 회색빛 하늘아래
사랑해요 그대모습 그리며
사랑해요 아직도 내마음을

그리움이 쌓여가는 거리를
나홀로 걷고있죠
가로등 불빛이
너무도 차갑게 느껴져요
돌아보면 걸어왔던 발자욱
하나둘 지워질때
이제야 느낄수 있어요
얼마나 행복했는지
사랑해요 떠나버린 그대를
사랑해요 회색빛 하늘아래
사랑해요 그대모습 그리며
사랑해요 아직도 내마음을
사랑해요 떠나버린 그대를
사랑해요 회색빛 하늘아래
사랑해요"
정말 진짜로,350,한혜진,"아니야 거짓말
사랑 따윈 이제 안 믿어
남자는 다 그래
하나같이 똑같다고요
나를 사랑한다했니
책임질 수 있는 거니
무심코 던진 너의 한 마디
자꾸 신경 쓰이게 해
책임 질 수 없는 말은
애초부터 꺼내지 마
내 마음을 떠보려 한다면
실수한 거야
사랑 한다는 것이 어디 장난인거니
여자의 맘도 잘 모르면서
사랑은 무슨 사랑
정말 진짜로 정말 진짜로
나를 원한다면은
그리 쉽게 사랑을 말하지 마
정말 진짜로 정말 진짜로
나를 생각한다면
너의 진실을 보여 봐
아니야 거짓말
사랑 따윈 이제 안 믿어
남자는 다 그래
하나같이 똑같다고요
나를 사랑한다했니
책임질 수 있는 거니
무심코 던진 너의 한 마디
자꾸 신경 쓰이게 해
책임 질 수 없는 말은
애초부터 꺼내지 마
내 마음을 떠보려 한다면
실수한 거야
사랑 한다는 것이 어디 장난인거니
여자의 맘도 잘 모르면서
사랑은 무슨 사랑
정말 진짜로 정말 진짜로
나를 원한다면은
그리 쉽게 사랑을 말하지 마
정말 진짜로 정말 진짜로
나를 생각한다면
너의 진실을 보여 봐
너의 진실을 보여 봐"
곰배령,468,조은성,"바람마저 길을 잃으면
하늘에 닿는다
점봉산 마루 산새들도
쉬어 가는곳
곰배령은 말이 없는데
여인네 속치마 같은
능선을 허리에 감고
동자꽃 물봉선아
곱게도 피는 그날
사랑두고 님을 두고
그 누가 넘어가나
하늘고개 곰배령아
구불구불 산을 넘으면
하루가 다 간다
점봉산 마루 나그네도
길을 멈추면
곰배령의 구름이 되네
가엾이 떠돌아 가는
세월을 허리에 감고
산딸기 머루꽃이
곱게도 피는 그날
사랑두고 님을 두고
그 누가 넘어가나
하늘고개 곰배령아"
남자의 눈물,316,현철,"이별에 밤을 새우고
바람처럼 떠나간 당신
그렇게도 정을주며
사랑했던 사람인데
소리치며 통곡한들
소용있나요 그까짓것
사랑이란 바람같은 것
가거라 가거라
정마저 가거라
아 아 가슴에
젖어드는 남자의 눈물
이별에 밤을새우고
구름처럼 떠나간 당신
그렇게도 정을주며
기약했던 사람인데
소리치며 통곡한들
소용있나요 그까짓 것
사랑이란 바람같은 것
가거라 가거라
아주멀리 가거라
아 아 사랑을 태워버린
남자의 눈물"
곰탱이,595,조정민,"나만 자꾸 쳐다보면 어떡해
화끈화끈 빨개지면 어떡해
감기 걸린 듯이 열이 나잖아
다 당신 때문이야
어떤 말을 해도 반짝반짝해
어떤 표정해도 반짝반짝해
꽁꽁 얼었던 내 맘을 녹여줄
내 사랑 곰탱이니까
찬비가 주르룩 주룩
내리면 날 안아줘
쌩쌩 부는 바람에 꼭 안아줘
아무데도 가지 말고 나만 안아줘
곰탱이 내거니까
세 번 벨이 울리기 전 받아줘
내 문자에 빨리빨리 답해줘
언제든지 내가 원할 때마다
달려와 줄 거야 그이는
어떤 말을 해도 반짝반짝해
어떤 표정해도 반짝반짝해
꽁꽁 얼었던 내 맘을 녹여줄
내 사랑 곰탱이니까
찬비가 주르룩 주룩
내리면 날 안아줘
쌩쌩 부는 바람에 꼭 안아줘
아무대도 가지 말고 나만 안아줘
곰탱이 내거니까
따뜻한 가슴에 안겨볼래 곰탱이
날 포근히 포근히 감싸주면
가슴이 짜르르르
찬비가 주르룩 주룩
내리면 날 안아줘
쌩쌩 부는 바람에 꼭 안아줘
아무대도 가지 말고 나만 안아줘
곰탱이 내거니까
찬비가 주르룩 주룩
내리면 날 안아줘
쌩쌩 부는 바람에 꼭 안아줘
아무데도 가지 말고
나만 안아줘
곰탱이 내거니까"
대전 블루스,889,강태관,"잘있거라 나는 간다
이별의 말도없이
떠나가는 새벽열차
대전발 영시 오십분
세상은 잠이 들어
고요한 이 밤
나만이 소리치며
울줄이야 아아
붙잡아도 뿌리치는
목포행 완행열차
기적소리 슬피우는
눈물의 플랫트홈
무정하게 떠나가는
대전발 영시 오십분
영원히 변치말자
맹세했건만
눈물로 헤어지는
쓰라린 심정 아아
부슬비에 젖어가는
목포행 완행열차"
슬픈 인연,207,조항조,"멀어져
가는
저 뒷모습을
바라보면서
난 아직도
이 순간을
이별이라
하지 않겠네
달콤했었지
그 수많았던
추억 속에서
흠뻑 젖은
두 마음을
우린
어떻게 잊을까
아
다시 올 거야
너는 외로움을
견딜 수 없어
아
나의 곁으로
다시
돌아올 거야
그러나
그 시절에
너를
또 만나서
사랑할 수
있을까
흐르는
그 세월에
나는
또 얼마나
많은 눈물을
흘리려나
달콤했었지
그 수많았던
추억 속에서
흠뻑 젖은
두 마음을
우린
어떻게 잊을까
아
다시 올 거야
너는 외로움을
견딜 수 없어
아
나의 곁으로
다시
돌아올 거야
그러나
그 시절에
너를
또 만나서
사랑할 수
있을까
흐르는
그 세월에
나는
또 얼마나
많은 눈물을
흘리려나
그러나
그 시절에
너를
또 만나서
사랑할 수
있을까
흐르는
그 세월에
나는
또 얼마나
많은 눈물을
흘리려나
그러나
그 시절에
너를
또 만나서
사랑할 수
있을까
흐르는
그 세월에
나는
또 얼마나
많은 눈물을
흘리려나
많은
눈물을
흘리려나"
넌 나의 20대였어,"9,865",영탁,"처음으로 너를 소개받던 날
잘 되리라 생각 못 했는데
거짓말처럼 네 손을 잡게 돼버렸고
나에게 예뻐 보이려고
뒤꿈치 아픈 줄 모르고
늘 높은 굽만 신곤 했었지
너를 두고 군대 가기 전날
우리 참 많이 다퉜었는데
기다릴 거라고 떼를 쓰고 했었는데
2년이라는 긴 시간이
지금 와서 생각해보니
힘든 만큼 참 기억에 남네
참 어렸지만 막연했지만
뭐 그리도 행복했는지
늘 싸웠지만 또 아팠지만
뭐가 그리 좋았는지
사랑을 지나 이별을 지나
그 추억을 모아보니
너는 나의 20대였어 너는 어떠니
처음으로 네가 월급 받던 날
내게 선물한 하트 목걸이
너를 만날 때마다 늘 하고 다녔는데
어디선가 잃어버리고
미친 듯이 울고 울었어
그게 마치 너인 것 같아서
참 어렸지만 막연했지만
뭐 그리도 행복했는지
늘 싸웠지만 또 아팠지만
뭐가 그리 좋았는지
사랑을 지나 이별을 지나
그 추억을 모아보니
너는 나의 20대였어
나의 가장 예쁜 날에 너를 만나서
세상에서 가장 행복한 남자로
살게 해줘서 눈물 나게 고마워
너는 없지만 우린 없지만
내 가슴이 기억하니까
난 변했지만 달라졌지만
넌 아물지 않으니까
사랑만으로 사랑이 되던
그 시절을 돌아보니
너는 나의 20대였어
행복해야 해
행복해야 해"
케 세라 세라,"1,053",영지,"그 날 케 세라 세라
누구나 가슴 한편엔
꿈이 남아 있겠지
사는게 녹록지 않아
잠시 묻어뒀겠지
현실이 힘들게 하지만
사랑이 나를 외롭게 하지만
케 세라 세라
아직 끝이 아니야
오라 온다
내 꿈 속에 사는 날
그날 케세라세라
저 하늘 아래 점 하나
안되는 나이지만
내 마음만은 이 세상
한껏 품고 남는다
현실이 힘들게 하지만
사랑이 나를 외롭게 하지만
케 세라 세라
아직 끝이 아니야
오라 온다
내 꿈속에 사는 날
그날 케세라세라
케 세라 세라
아직 끝이 아니야
오라 온다
내 꿈 속에 사는 날
그날 케세라 세라
그날 케세라 세라"
아카시아,667,"뽕가네(강혜연,별사랑,성민지,은가은,허찬미)","자그만 꽃잎이
너무 예뻐서
한 아름 그대에게
드리고 싶었죠
나 먼저 말할 수 없는
여자이기에
그대 부를 꽃이 되었죠
내게 손짓을 하세요
내게 윙크도 하세요
내게 입맞춤 하세요
오로지 그대만의 여자랍니다
아카시아 향기에 취해보세요
아카시아 사랑에 빠져보세요
꿈이라 생각도 하지 마세요
사랑의 눈빛으로
내게 오세요
아카시아 향기에 취해보세요
아카시아 사랑에 빠져보세요
오로지 그대만을 받아들이는
그런 여자가 돼 드릴게요
아카시아 향기에 취해보세요
아카시아 사랑에 빠져보세요
꿈이라 생각도 하지 마세요
사랑의 눈빛으로
내게 오세요
아카시아 향기에 취해보세요
아카시아 사랑에 빠져보세요
오로지 그대만을 받아들이는
그런 여자가 돼 드릴게요
그런 여자가 돼 드릴게요"
사랑의 트위스트,"2,252",양지은,"학창시절에 함께 추었던
잊지 못할 샹하이 트위스트
나팔바지에 빵집을 누비던
추억속의 사랑의 트위스트
샹하이 샹하이 샹하이
트위스트 추면서
난생처음 그녀를 알았고
샹하이 샹하이 샹하이
트위스트 추면서
온 동네를 주름 잡았던
사랑했던 모든 사람들
잊지 못할 추억의 트위스트
그녀와 함께 신나게 추던
잊지 못할 샹하이 트위스트
단발머리에 미소가 예뻤던
추억속의 사랑의 트위스트
샹하이 샹하이 샹하이
트위스트 추면서
난생처음 그녀를 알았고
샹하이 샹하이 샹하이
트위스트 추면서
그녀에게 빠져버렸던
터질것만 같은 이 가슴
잊지못할 사랑의트위스트
잊지못할 사랑의트위스트"
당신만이,"3,182",김희재,"사랑에 목마른 내 가슴을 적셔주세요
촉촉히 촉촉히 당신의 손길로
당신만이 내 여자이니까
당신만이 내 사랑이니까
내 가슴이 또 두근거려요
날 보며 웃는 당신 때문에
내 두 볼이 빨개졌네요
날 바라보는 그대 눈빛에
그대에게 살포시 날아갑니다
작고 예쁜 민들레 홀씨가 되어
살랑이는 바람에 몸을 맡기어
당신 가슴에 피어나고 싶어요
사랑에 목마른 내 가슴을 적셔주세요
촉촉히 촉촉히 당신의 손길로
당신만이 내 여자이니까
당신만이 내 사랑이니까
그대에게 살포시 날아갑니다
작고 예쁜 민들레 홀씨가 되어
살랑이는 바람에 몸을 맡기어
당신 가슴에 피어나고 싶어요
사랑에 목마른 내 가슴을 적셔주세요
촉촉히 촉촉히 당신의 손길로
당신만이 내 여자이니까
당신만이 내 사랑이니까
당신만이 내 전부이니까"
꽃당신,245,민수현,"천만번 불러 봐도 부르고 싶은 이름
내 마음을 뺏아버린 그대 이름은 꽃 당신

내가 힘들고 지칠 때면 꼭 안아주면서
향기로운 꽃 입술로 힘내라던 그대 꽃 당신

보석 같은 그대 사랑 보기도 아까운 사람
꽃 당신(꽃 당신) 내 사랑(내 사랑)
그대 숨결 난 느껴요

당신은 정말 꽃보다 아름다운 내 사랑
그대 이름은 꽃 당신

천년이 흘러가도 생각날 그 이름
내 가슴에 새겨놓은 그대 이름은 꽃 당신

내가 힘들고 지칠 때면 꼭 안아 주면서
향기로운 꽃 입술로 힘내라던 그대 꽃 당신

보석 같은 그대 사랑 보기도 아까운 사람
꽃 당신(꽃 당신) 내 사랑(내 사랑)
그대 숨결 난 느껴요

당신은 정말 꽃보다 아름다운 내 사랑
그대 이름은 꽃 당신

당신은 정말 꽃보다 아름다운 내 사랑
그대 이름은 꽃 당신 꽃 당신 (꽃 당신)"
비익조,42,주미,"혼자선 날 수 없는 새
당신의 날개로 나는 새

두 마음 한 몸 되어
날으는 새 비익조

여자라는 이름으로 다시 태어나
당신 곁에 둥지를 튼 꿈같은 세월
인생길 험한 길도
나는 나는 두렵지 않아

영원히 함께 할래요
당신과 함께 할래요
온 세상 다 하도록

떨어져 못 사는 나무
당신의 뿌리로 선 나무

두 가닥 한 몸 되어
크는 나무 연리지

여자라는 이름으로 다시 태어나
당신 곁에 둥지를 튼 꿈같은 세월

인생길 험한 길도
나는 나는 두렵지 않아

영원히 함께 할래요
당신과 함께 할래요
온 세상 다 하도록

영원히 함께 할래요
당신과 함께 할래요
온 세상 다 하도록"
어머니,730,진시몬,"더 늦기 전에 효도하란
말이 있어요
알았었는데 알고 있었는데
이제와 어찌합니까
아버지 가시고 나서 어머니 혼자
화장 한번 못하셨지요
집 없는 설움에 이삿짐 싸며
흘리는 눈물을 봤는데
그런데 오늘 그런데 오늘
불쌍한 우리 어머니
늦었을까요 아니겠지요
어머니 울지마세요
어머니 사랑합니다
멍들은 지난날을 잊을 수 있나
모질게 견뎌온 세월
외로운 서러움 가슴에 묻고
흘리는 눈물을 봤는데
그런데 오늘 그런데 오늘
불쌍한 우리 어머니
늦었을까요 아니겠지요
어머니 울지마세요
어머니 사랑합니다"
딱 한번 인생,847,나훈아,"한 번 딱 한 번 인생인데
무엇을 주저 하는가
사랑 또 이별 아픔 행복
흔해 빠진 세상얘기
우지마라 세월 간다
아까운 청춘 간다
아서라 말어라 춤이나 추자
얼씨구나 더덩실
돌고 또 도는 인생인데
무엇을 걱정 하는가
타고난 팔자 상관 말고
너나 그냥 잘 하세요
우지마라 주름진다
고운 얼굴 다 늙는다
아서라 말어라 노래나 하자
늴리리야 니나노
우지마라 인생이란
사랑 빼면 뭐 있더냐
아서라 말어라 사랑이나 하자
어화둥둥 내 사랑 어화둥둥 내 사랑"
최진사댁 셋째딸,"4,463",이찬원,"건너 마을에 최진사댁에
딸이 셋이있는데
그중에서도 셋째 따님이
제일 예쁘다던데
아따 그 양반 호랑이라고
소문이 나서
먹쇠도 얼굴한번 밤쇠도 얼굴한번
못봤다나요
그렇다면 내가 최진사 만나뵙고
넙죽 절하고
아랫마을 사는 칠복이 놈이라고
말씀드리고나서
염치 없지만 셋째따님을 사랑하오니
사윗감 없으시면
이몸이 어떠냐고 졸라봐야지
다음날 아침
용기를 내서 뛰어갔더니만
먹쇠란 놈이 눈물 흘리며
엉금엉금 기면서 아침 일찍이
최진사댁에 문을 두드리니
얘기도 꺼내기전
볼기만 맞았다고 넋두리하네
그렇지만 나는 대문을 활짝 열고
뛰어 들어가
요즘 보기드문 사윗감왔노라고
말씀드리고나서
육간대청에 무릅꿇고서
머릴 조아리니 최진사 허탈하게
껄껄껄 웃으시며 좋아하셨네
웃는 소리에
깜짝놀라서 고개 들어보니
최진사양반 보이지 않고
구경꾼만 모였네
아차 이제는 틀렸구나고
일어서려니까 셋째딸 사뿐사뿐
내게로 걸어와서 절을 하네요
얼씨구나 좋다
지화자 절씨구 땡이로구나
천하의 호랑이 최진사 사위되고
예쁜 색시 얻으니
먹쇠란놈도 밤쇠란놈도
나를 보며는
일곱개 복중에서
한개가 맏았다고 놀려대겠지
놀려대겠지 놀려대겠지"
You Raise me Up,"16,770",김호중,"When I am down and
oh my soul so weary
When troubles come
and my heart burdened be
I am still and wait here
in the silence
Until you come
and sit awhile with me
You raise me up
so I can stand on mountains
You raise me up
to walk on stormy seas
I am strong
when I am on your shoulders
You raise me up
To more than I can be
You raise me up
so I can stand on mountains
You raise me up
to walk on stormy seas
I am strong
when I am on your shoulders
You raise me up
To more than I can be
You raise me up
so I can stand on mountains
You raise me up
to walk on stormy seas
I am strong
when I am on your shoulders
You raise me up
To more than I can be
You raise me up
so I can stand on mountains
You raise me up
to walk on stormy seas
I am strong
when I am on your shoulders
You raise me up
To more than I can be
You raise me up
To more than I can be"
돌고 돌아가는 길,224,반가희,"산 너머 너머 돌고 돌아
그 뫼에 오르려니
그 뫼는 어드메뇨
내 발만 돌고 도네
강 건너 건너 흘러 흘러
그 물에 적시려니
그 물은 어드메뇨
내 몸만 흘러 흘러
발만 돌아 발밑에는
동그라미 수북하고
몸 흘러도 이 내 몸은
그 안에서 흘렀네
동그라미 돌더라도
아니 가면 어이해
그 물 좋고 그 뫼 좋아
어이 해도 가야겠네
산 넘어 넘어 넘어
돌고 돌아 가는 길에
뱅글뱅글 돌더라도
어이 아니 돌를소냐
흘러 흘러 세월 가듯
내 푸름도 한 때 인걸
돌더라도 가야겠네
내 꿈 찾아 가야겠네
강 건너 건너 흘러 흘러
그 물에 적시려니
그 물은 어드메뇨
내 몸만 흘러 흘러"
젖은 구름,112,박혜신,"잘가라고 말은 했건만
잡은 손을 놓지못하고
고개돌려 바라보는 먼 하늘
젖은 구름만 흘러가네
잊어야할 사람이기에 보내야만하기에
아픈 가슴 달래면서 돌아서려했건만
바보같은 미련이 어리석은 미련이
작별시간 길게만하네
만남이란 헤어짐의 시작이라
말은 하지만
사랑하면서 보내야만하는
이별은 진정 가슴아파
하늘만큼 땅만큼이나 행복했던 그 사랑
이다지도 가슴아픈 큰상처로 남아
흘러가는 저 구름 젖어있는 저 구름
우리 아픔 알고 가겠지
잊어야할 사람이기에 보내야만하기에
아픈 가슴 달래면서 돌아서려했건만
바보같은 미련이 어리석은 미련이
작별시간 길게만하네
작별시간 길게만하네"
그날,796,김연숙,"언덕위에 손잡고
거닐던 길목도 아스라이
멀어져 간 소중했던 옛 생각을
돌이켜 그려보네

나래치는 가슴이
서러워 아파와 한숨지며
그려보는 그 사람을 기억하나요
지금 잠시라도

달의 미소를 보면서
내 너의 두 손을 잡고
두나 별들의 눈물을 보았지
고요한 세상을 우
우우우우 우우우 우우우우

한아름에 꽃처럼
보여지며 던진 내 사랑에
웃음지며 님의 소식 전한 마음
한없이 보내본다


달의 미소를 보면서
내 너의 두 손을 잡고
두나 별들의 눈물을 보았지
고요한 세상을 우
우우우우 우우우 우우우우

한아름에 꽃처럼
보여지며 던진 내 사랑에
웃음지며 님의 소식 전한 마음
한없이 보내본다 -"
인생은 생방송,64,송대관,"인생은 생방송 홀로 드라마
되돌릴 수 없는 이야기

태어난 그날부터 즉석 연기로
세상을 줄타기 하네
넘어질 듯 넘어질 듯 줄타기하네
쓰러질 듯 쓰러질 듯 줄타기하네
미움이 넘칠 땐 사랑을 붙잡고
눈물이 넘칠 땐 기쁨을 붙잡고
비바람 부딪치며 살아온 세월
하루가 백년이네
인생은 재방송 안돼
녹화도 안돼
오늘도 나홀로 주인공

인생은 생방송 모노 드라마
되돌릴 수 없는 이야기

태어난 그날부터 숙제를 안고
세상을 줄타기 하네
넘어질 듯 넘어질 듯 줄타기하네
쓰러질 듯 쓰러질 듯 줄타기하네
미움이 넘칠 땐 사랑을 붙잡고
눈물이 넘칠 땐 기쁨을 붙잡고
정으로 부딪치며 살아온 세월
하루가 백년이네
인생은 재방송 안돼
녹화도 안돼
오늘도 나홀로 주인공"
우수,157,남진,"맺지 못할 인연일랑 생각을 말자
마음에 다짐을 받고 또 받아
한백번 달랬지만 어쩔 수 없네
잊으려 해도 잊지 못할
그대 모습 그려볼 때
밤비는 끝없이 소리없이
내 마음 들창가에 흘러 내린다

맺지 못할 사랑일랑 생각을 말자
아쉬운 미련만 남고 또 남아
잊으려 애썼지만 잊을 길 없네
빗줄기 속에 추억 싫어
그대 이름 불러볼 때
밤비는 끝없이 하염없이
마음의 슬픔처럼 흘러 내린다"
인연,451,하동진,"이제는 두번 다시
사랑 때문에 울지 않으리
이제는 두번 다시
나는 너를 보내지 않으리
사랑때문에 괴로웠던
지난날들은
이제는 이제는 모두 끝이야
수많은 사람 만나만나서
내모든걸 다 주어봐도
때가 되면 떠나버리는
무정한 사람 이 더라
인연 이라는 것은
때가 되여야만 만나지는것
지난날은 괴로워 말자
언젠간 너도 괴로울테니까
이제는 두번 다시
과거 때문에 울지 않으리
이제는 두번 다시
나는 너를 보내지 않으리
사랑때문에 괴로웠던
지난날들은
나에겐 또다시 없을테니까
수많은 사람 만나만나서
내 모든걸 다 주어봐도
때가 되면 떠나 버리는
무정한 사람이더라
인연 이라는 것은
하늘만이
그걸 알수 있는것
지난 날은 괴로워 말자
언젠간 너도
괴로울테니까"
찰랑찰랑,"19,470",백지영,"찰랑 찰랑 찰랑 대네
잔에 담긴 위스키처럼
그 모습이 찰랑대네
사랑이란 한잔 술이던가
오- 그대는 나를
취하게 하는 사랑이었고
가까이에서 이 마음을
자꾸 흔들었어
촉촉히 젖은 촉촉히 젖은
눈빛 하나로 눈빛 하나로
이 마음을 적셔 주었어
그것이 사랑이라면
이 순간 모든 것 다줄 수 있어
그것이 거짓없는 진실이라면
나는 나는 그대 잔속에서
찰랑찰랑 대는 술이 되리라
오- 그대는 나를
취하게 하는 사랑이었고
가까이에서 이 마음을
자꾸 흔들었어
촉촉히 젖은 촉촉히 젖은
눈빛 하나로 눈빛 하나로
이 마음을 적셔 주었어
그것이 사랑이라면 이 순간
모든 것 다줄 수 있어
그것이 거짓없는 진실이라면
나는 나는 그대 잔속에서
찰랑찰랑 대는 술이되리라
나는 나는 그대 잔속에서
찰랑찰랑 대는 술이되리라"
찻잔의 이별,237,설운도,"그대와 나의 찻잔이
자꾸만 식어 가는데
뜨겁던 우리 찻잔이
싸늘히 식어 가는데
우리는 말을 잊었네
할 말은 서로 많은데
마시는 것도 잊었네
가슴은 타고 있는데
그렇게도 뜨거 웠는데
그렇게도 행복 했는데
무슨 잘못으로 이렇게
싸늘하게 식어 버렸나
이제는 식은 찻잔에
이별을 타서 마시고
조용히 일어서야지
눈물을 보이기 전에
그렇게도 뜨거 웠는데
그렇게도 행복 했는데
무슨 잘못으로 이렇게
싸늘하게 식어 버렸나
이제는 식은 찻잔에
이별을 타서 마시고
조용히 일어서야지
눈물을 보이기 전에
눈물을 보이기 전에"
꽃 피고 새가 울면 (New recording version),500,조명섭,"꿈 같은 지난 세월
가슴은 에이지만
미련 없이 후회 없이
내 길을 나는 간다
한치 앞을 모르고
세상을 살면서도
가슴 치며 사는 것이
우리네 인생이지
정처 없이 떠돌다가
마음 둘 곳 없으면
그때는 돌아가리라
꽃 피고 새가 울면
일엽편주 몸을 싣고
밤하늘 이불 삼아
두리둥실 흘러가는
애달픈 이 내 청춘
정처 없이 떠돌다가
마음 둘 곳 없으면
그때는 돌아가리라
꽃 피고 새가 울면
그리운 내 고향"
도찐개찐,119,김의영,"사랑하다 헤어지고
좋아하다 미워하고

돌고도는 세상살이가
돌고도는 인생살이가
왜이리 힘이 들더냐

너나나나 거기서 거기 인데
너나나나 도찐개찐인데
겉치레가 무엇이 중요하더냐
나 잘났다 떠들지 마라

사랑하고 나눠주면
그 마음이 복이 될것을

떠나갈때 빈손으로
가는인생 미련두지 마라

사랑하다 헤어지고
좋아하다 미워하고

돌고도는 세상살이가
돌고도는 인생살이가
왜 이리 힘이 들더냐

너나나나 거기서 거기 인데
너나나나 도찐개찐인데
겉치레가 무엇이 중요하더냐
나 잘났다 떠들지 마라

사랑하고 나눠주면
그 마음이 복이 될것을

떠나갈때 빈손으로
가는인생 미련두지 마라

가는인생 미련두지 마라"
사나이 가슴에 비가 내리네,243,성리,"사나이 가슴에
비가 내려요
충무로에도
비만 내려요
돌아서서 그냥 갔어요
이젠 꿈이라 생각해요
비오는 거리 충무로에서
아 왜 망설이시나요
여자의 마음은 다 그런건가요
남자의 가슴에 못을 박고서
울기만 하긴가요
아아아아 당신은
아 이 마음 모르나요
사나이 가슴에
비가 내려요
충무로에도
비만 내려요
돌아서서 그냥 갔어요
이젠 잊는다 생각해요
비오는 거리 충무로에서
아 왜 떠나지 못해요
여자의 마음은 다 그런건가요
남자의 가슴에 못을 박고서
울기만 하긴가요
아아아아 당신은
아 이 마음 모르나요
사나이 가슴에
비가 내려요
충무로에도
비만 내려요
충무로에도
비만 내려요"
사랑의 트위스트,"2,260",박지현,"학창 시절에 함께 추었던
잊지 못할 샹하이 트위스트
나팔바지에 빵집을 누비던
추억 속의 사랑의 트위스트
샹하이 샹하이 샹하이 트위스트 추면서
난생처음 그녀를 알았고
샹하이 샹하이 샹하이 트위스트 추면서
온 동네를 주름잡았던
사랑했던 모든 사람들 음
잊지 못할 추억의 트위스트
샹하이 샹하이 샹하이 트위스트 추면서
난생처음 그녀를 알았고
샹하이 샹하이 샹하이 트위스트 추면서
그녀에게 빠져버렸던
터질것만 같은 이 가슴
잊지 못할 사랑의 트위스트
잊지 못할 사랑의 트위스트"
싫다 싫어,386,현철,"당신 아닌 다른 사람도
얼마든지 많고 많은데
왜 하필 당신만을 사랑하고
이렇게도 애를 태우나
싫다 싫어 꿈도 사랑도
싫다 싫어 생각을 말자
당신의 거미줄에
묶인줄도 모르고
철없이 보내버린
내가 너무 미워서
아차해도 뉘우쳐도
모두가 지난이야기
당신 아닌 다른 사람도
얼마든지 많고 많은데
왜 하필 당신만을 사랑하고
괴로움에 눈물 흘리나
싫다 싫어 꿈도 사랑도
싫다 싫어 모든것이
세가닥 거미줄에
묶인줄도 모르고
철없이 보내버린
내가 너무 미워서
아차해도 뉘우쳐도
모두가 지난이야기
싫다 싫어 꿈도 사랑도
싫다 싫어 생각을 말자
당신의 거미줄에
묶인줄도 모르고
철없이 보내버린
내가 너무 미워서
아차해도 뉘우쳐도
모두가 지난이야기"
찔레꽃,227,금잔디,"찔레꽃 붉게 피는
남쪽 나라 내 고향
언덕 위에 초가삼간 그립습니다
자주 고름 입에 물고 눈물 흘리며
이별가를 불러 주던
못 잊을 사람아
달 뜨는 저녁이면
노래하던 세 동무
천리객창 북두성이 서럽습니다
작년 봄에 모여 앉아 매일 같이
하염없이 바라보던
즐거운 시절아"
풍등 (Inst.),"3,710",이찬원,"이젠 다 잊은 줄 알았죠
그대와 빌었던 소원도
계절이 흐르고 시간이 지나도
그대 내 곁에 있어달라고
타올랐던 순간은 꺼지고
천천히 떨어져 내리네
우리가 수놓던 예쁜 추억들
하늘은 알겠지요
날아가 버린 저 풍등 같은 내 사랑
다시는 볼 수 없는 사람아
두 눈 꼭 감고 손을 모아 보아도
만날 수 없는 내 사랑아
그대는 날 잊으셨나요
우리가 나눴던 기억도
찬바람 불어와 내 맘을 스쳐도
그대보다 아픈 건 없다고
눈을 감고 추억을 그려도
그대는 내겐 축복이죠
하지만 슬펐던 날이 떠올라
눈물이 떨어져요
날아가 버린 저 풍등 같은 내 사랑
다시는 볼 수 없는 사람아
두 눈 꼭 감고 손을 모아 보아도
만날 수 없는 내 사랑
찾지 못했죠 지나갈 운명이겠죠
작은 바람에도 흔들렸죠
두 눈 꼭 감고 손을 모아 보아도
잡을 수 없는 내 세월아
잊을 수 없는 내 사랑아"
아카시아,336,서지오,"자그만 꽃잎이
너무 예뻐서
한아름 그대에게
드리고 싶었죠
나 먼저 말할 수 없는
여자이기에
그대 부를 꽃이 되었죠
내게 손짓을 하세요
내게 윙크도 하세요
내게 입맞춤 하세요
오로지
그대만의 여자랍니다
아카시아향기에
취해보세요
아카시아사랑에
빠져보세요
꿈이라 생각도
하지마세요
사랑의 눈빛으로
내게 오세요
아카시아향기에
취해보세요
아카시아사랑에
빠져보세요
오로지 그대만을
받아들이는
그런 여자가
되드릴게요

나 당신 어떻게
생각하나요
여자의 유혹이라
생각하나요
당신의 여자가
될 수 있다면
자존심 없는
여자가 될게요
내게 손짓을 하세요
내게 윙크도 하세요
내게 입맞춤
하세요
오로지
그대만의 여자랍니다
아카시아향기에
취해보세요
아카시아사랑에
빠져보세요
꿈이라 생각도
하지마세요
사랑의 눈빛으로
내게 오세요
아카시아향기에
취해보세요
아카시아사랑에
빠져보세요
오로지 그대만을
받아들이는
그런 여자가
되드릴게요
그런 여자가
되드릴게요"
님,847,김정호,"간다 간다
정든 님이 떠나간다
간다 간다 나를 두고
정든 님 떠나간다
님의 손목 꼭 붙들고
애원을 해도
님의 가슴 부여 잡고
울어 울어도

뿌리치고 떠나가드라
속절도 없이
오는 정 가는 정에 정이 들어
사랑을 했다
어쩌면 그렇게도
야속하게 가시나요

간다 간다 나를 두고
정든 님 떠나간다"
눈먼사랑,549,김장수,사랑에 눈이멀어 눈먼사람들마다 이렇게 혼자 남겨졌나요 그리워 목이메여와 그이름을 부러지만 남겨진 초라한 내모 습뿐 기다릴 세월도 없이 차갑게 나를 잊어란 뒤돌아 나를 떠나면 잊니요 당신에 뜻이라면 또한번 눈이 멀어도 가슴에 내사랑을 묻어 둘래요
사랑해서 미안해,400,송대관,"사랑해서 미안해
사랑해서 미안해
나는 그대를
사랑하고 있어요
사랑해서 미안해
사랑해서 미안해
나는 그대를
사랑하고 있어요
좋아해서 미안해
좋아해서 미안해
나는 그대를
좋아하고 있어요
그대 바라보면 황홀해
그대 바라보면 행복해
그대가 아파할때
난 그만 울어버렸어
너의 슬픔 내 슬픔이야
너의 기쁨 내 기쁨이야
간절하게 기도를 했지
내 사랑 지켜달라고
미안해 정말 미안해
나도 모르게 너를 사랑하게 됐어
가진건없어 하지만 너를
행복하게 해줄 자신은 있어
힘들고 지쳐 눈물지을때
내 마음은 너무나 아파요
이제 내 어깨에 편히 기대요
내가 언제나 그대 곁에 있어줄테니
사랑해서 미안해
사랑해서 미안해
그대 허락없이
내 마음을 주어 버렸어
사랑해서 미안해
사랑해서 미안해
나는 그대를
사랑하고 있어요
좋아해서 미안해
좋아해서 미안해
나는 그대를
좋아하고 있어요
그대 바라보면 황홀해
그대 바라보면 행복해
그대가 아파할때
난 그만 울어버렸어
너의 슬픔 내 슬픔이야
너의 기쁨 내 기쁨이야
간절하게 기도를 했지
내 사랑 지켜달라고
너를 사랑하는것이 죄라면
나는 죄값을 톡톡히 받겠어
너를 좋아하는 만큼 아파도
절대로 포기할수 없는 내 마음
이미 너를 향해 꽂혀대는
큐피드의 화살
브레이크 고장난 자동차처럼
불속을 뛰어드는 불나방 처럼
이제는 멈출수가 없는 나의 사랑
사랑해서 미안해
사랑해서 미안해
그대 허락없이
내 마음을 주어버렸어
사랑해서 미안해"
미워요,"20,080",임영웅,"운명의 장난일까요
내 인생의 숙명일까요
사랑해선 안 될 사람
내 맘속에 들어왔네
매일 그대 생각에
목이 메이고
두근대는 가슴으로
잠 못 이루는 날들아
미워요 미워요
사랑해선 안 될 사람
내 마음 훔쳐가 버린
그 사람이 미워요
눈에선 멀어져 가도
가슴속엔 남아있어요
보고 싶다는 말 한마디
할 수 없는 내 사랑아
내 마음에 찾아와
꽃을 피우고
속절없이 떠나가면
나의 마음은 어이해
미워요 미워요
사랑해선 안 될 사람
내 마음 훔쳐가 버린
그 사람이 미워요
미워요 미워요
사랑해선 안 될 사람
내 마음 훔쳐가 버린
그 사람이 미워요
내 마음 훔쳐가 버린
그 사람이 미워요"
목포행 완행열차,"4,084",장민호,"목포행 완행열차
마지막 기차 떠나가고
늦은 밤 홀로 외로이
한잔 술에 몸을 기댄다
우리의 사랑은 이제
여기까지가 끝인가요
우리의 짧은 인연도
여기까지가 끝인가요
잘가요 인사는 못해요
아직 미련이 남아서
언젠가 우리 다시 만나는 그날
그냥 편히 웃을 수 있게
우리의 사랑은 이제
여기까지가 끝인가요
우리의 짧은 인연도
여기까지가 끝인가요
잘가요 인사는 못해요
아직 미련이 남아서
언젠가 우리 다시 만나는 그날
그냥 편히 웃을 수 있게
그냥 편히 안을 수 있게"
바보같지만,248,박상철,"당신 미워할 수 없는 사랑
내 가슴에 간직한 사랑
햇살처럼 너의 기억을 등에 지고
난 살아 갈 테야
가슴이 아파도 울지 않아요
눈물이 흘러도 닦지 않아요
내 가는 길엔 언제나
당신이 그림자 되어
남아 있을 테니까
바보 같지만 바보 같지만
그래도 난 널 사랑하는 걸
바보 같지만 바보 같지만
그래도 난 널 사랑하는 걸
비가 오면 오는 대로
눈이 오면 오는 대로
그렇게 그렇게 살아 갈 테야
가슴이 아파도 울지 않아요
눈물이 흘러도 닦지 않아요
내 가는 길엔 언제나
당신이 그림자 되어
남아 있을 테니까
바보 같지만 바보 같지만
그래도 난 널 사랑하는 걸
바보 같지만 바보 같지만
그래도 난 널 사랑하는 걸
비가 오면 오는 대로
눈이 오면 오는 대로
그렇게 그렇게 살아 갈 테야
그렇게 그렇게 살아 갈 테야"
인생이란,34,여정인,"우리는 어떤 존재인가
어디서 왔다 어디로 가나
아무리 몸부림쳐도
인생이란 알 수가 없네
험한 길도 가게 되더라
좋은 길은 보이질 않고
비가 올땐 비를 맞고
눈이 올땐 눈도 맞았네
살아 갈수록 눈물이
살아 갈수록 외로움이
웃어도 가슴이 아프다
검은 머리만 하얘지니까
가만히 생각해보니 당연한데
왜 눈물이 날까
세상을 보며 느낀게 많아
지친 세상에 사람들 보며
욕심을 버린 후 알았네
내가 얼마나 바보였는지
살아 갈수록 눈물이
살아 갈수록 외로움이
웃어도 가슴이 아프다
검은 머리만 하얘지니까
가만히 생각해보니 당연한데
왜 눈물이 날까
어제보다 오늘이 좋아
또 다른 희망이 있으니
당신만 내 곁에 있다면
진흙길도 나는 행복해
당신만 내 곁에 있다면
진흙길도 나는 행복해
진흙길도 나는 행복해"
뒤늦은 후회,623,안성훈,"창밖에 내리는 빗물 소리에
마음이 외로워져요
지금 내 곁에는 아무도
아무도 없으니까요
거리에 스치는 바람 소리에
슬픔이 밀려와요
눈물이 흐를 것만 같아서
살며시 눈 감았지요
계절은 소리 없이 가구요
사랑도 떠나갔어요
외로운 나에겐 아무것도
남은 게 없구요
순간에 잊혀져갈 사랑이라면
생각하지 않겠어요
이렇게 살아온 나에게도
잘못이 있으니까요

계절은 소리 없이 가구요
사랑도 떠나갔어요
외로운 나에겐 아무것도
남은 게 없구요
순간에 잊혀져 갈 사랑이라면
생각하지 않겠어요
이렇게 살아온 나에게도
잘못이 있으니까요
이렇게 살아온 나에게도
잘못이 있으니까요"
상사화,54,박성연,"기다리던 봄이 오고 있는데
이리 나를 떠나오

긴긴 겨울이 모두 지났는데
왜 나를 떠나가오

사랑이 왜 이리 고된가요
이게 맞는가요 나만 이런가요

고운 얼굴 한 번 못 보고서
이리 보낼 수 없는데

사랑이 왜 이리 아픈가요
이게 맞는가요 나만 이런가요

하얀 손 한 번을 못 잡고서
이리 보낼 순 없는데

다시 돌아올 수 없는
그 험한 길 위에 어찌하다 오르셨소

내가 가야만 했었던
그 험한 길 위에 그대가 왜 오르셨소

어쩌다가 오르셨소-
내가 가야만 했었던 험한 길 위에-
왜 오르셨소--

기다리던 봄이 오고 있는데
이리 나를 떠나오

긴긴 겨울이 모두 지났는데
왜 나를 떠나가오

긴긴 겨울이 모두 지났는데
왜 나를 떠나가오"
울아부지,200,금잔디,"소처럼 매일 일을 해봐도
예전이나 지금이나
무엇 하나도 매번 그 자리
나아진게 없구나
아가야
아가야
이리 좀 오너라
애비의 어깨 좀
주물러다오
싫다며 투정부리던
내 모습에 눈물이 나요
자식 하나 잘되기만을
바라셨던 울 아부지
새벽 눈 뜨면 내가 깰 새라
도둑 걸음 걸으시며
거친 수염이 내 볼 찌를까
입맞춤도 못하셨네
아가야
아가야
이리 좀 오너라
애비의 어깨 좀
주물러다오
싫다며 투정부리던
내 모습에 눈물이 나요
자식 하나 잘되기만을
바라셨던 울 아부지
자식하나 잘되기만을
바라셨던
울 아부지"
귀여운 여인,401,설운도,"아싸 불타는 이 기분 그녀가 좋아

매력있는 그 미소가 너무도 아름다워

사랑의 흠뻑 빠질것 같은

첫눈에 반한 그여자

이러면 안돼 어쩌면 좋아

이마음 어쩌면 좋아

앵두 같은 입술로 유혹하지 말아요

누가 날 좀 말려주세요

참을 수 없이 불타는 이 마음

누가 날 좀 말려주세요



아싸 황홀한 이 기분 그녀가 좋아

매력있는 그 모습이 너무도 아름다워

사랑의 흠뻑 빠질것 같은

첫눈에 반한 그여자

이러면 안돼 어쩌면 좋아

이마음 어쩌면 좋아

앵두 같은 입술로 유혹하지 말아요

누가 날 좀 말려주세요

참을 수 없이 불타는 이 마음

누가 날 좀 말려주세요

참을 수 없이 불타는 이 마음

누가 날 좀 말려주세요"
잊으리,755,장윤정,"그토록 사랑한 그 님을 보내고
어이해 나홀로 외로워 하는가
생각하면 무얼해
만날 수 없는 님
차라리 손 모아 행복을 빌리라
이제는 모두 잊으리
그대와 나의 순간들
이제는 모두 잊으리
그 날의 행복 꿈이라고
생각하면 무얼해
만날 수 없는 님
차라리 손 모아 행복을 빌리라
이제는 모두 잊으리
그대와 나의 순간들
이제는 모두 잊으리
그 날의 행복 꿈이라고
생각하면 무얼해
만날 수 없는 님
차라리 손 모아 행복을 빌리라"
나를 외치다,"5,508",김희재,"새벽이 오는 소리
눈을 비비고 일어나
곁에 잠든 너의 얼굴 보면서
힘을 내야지 절대 쓰러질 순 없어
그런 마음으로 하루를 시작하는데
꿈도 꾸었었지 뜨거웠던 가슴으로
하지만 시간이 나를 버린 걸까
두근거리는 나의 심장은
아직도 이렇게 뛰는데
절대로 약해지면 안된다는 말 대신
뒤쳐지면 안된다는 말 대신
오 지금 이 순간 끝이 아니라
나의 길을 가고 있다고 외치면 돼
지쳐버린 어깨 거울 속에 비친 내가
어쩌면 이렇게 초라해 보일까
똑같은 시간 똑같은 공간에
왜 이렇게 변해버린 걸까
끝은 있는 걸까 시작뿐인 내 인생에
걱정이 앞서는 건 또 왜일까
강해지자고 뒤돌아보지 말자고
앞만 보고 달려가자고
절대로 약해지면 안된다는 말 대신
뒤쳐지면 안된다는 말 대신
오 지금 이 순간 끝이 아니라
나의 길을 가고 있다고 외치면 돼
오 지금 이 순간 끝이 아니라
나의 길을 가고 있다고 외치면 돼
뒤쳐지면 안된다는 말 대신
약해지면 안된다는 말 대신
나의 길을 간다고"
울릉도 트위스트,"23,861",임영웅,"울렁울렁 울렁대는 가슴안고
연락선을 타고가면 울릉도라
뱃머리도 신이나서 트위스트
아름다운 울릉도
붉게 피어나는 동백 꽃잎처럼
아가씨들 예쁘고
둘이 먹다가 하나 죽어도
모르는 호박엿
울렁울렁 울렁대는 처녀가슴
오징어가 풍년이면 시집가요
육지손님 어서와요 트위스트
나를 데려가세요
울렁울렁 울렁대는 울릉도길
연락선도 형편없이 지쳤구나
어지러워 비틀비틀 트위스트
요게바로 울릉도
평생 다가도록 기차 구경
한번 못해보고 살아도
기차보다 좋은 비행기는
구경 실컷하며 살아요
싱글벙글 생글생글 처녀총각
영감마님 어서와요 트위스트
오징어도 대풍일세 트위스트
사랑을 합시다
사랑을 합시다
사랑을 합시다"
날 버린 남자,157,공훈,"사랑이 야속하더라
가는 당신이 무정하더라
잡지도 못하고 막지도 못하고
어쩔 수가 없더라 여자이기 때문에
나를 두고 떠나가면 떠나버리면
정 때문에 나는 어떡해
날 울린 남자 날 버린 남자
사랑한 게 잘못이더라
사랑한 게 잘못이더라
사랑이 야속하더라
가는 당신이 무정하더라
잡지도 못하고 막지도 못하고
어쩔 수가 없더라 여자이기 때문에
날 두고 떠나가면 떠나버리면
정 때문에 나는 어떡해
날 울린 남자 날 버린 남자
사랑한 게 잘못이더라
사랑한 게 잘못이더라"
빈손,"1,042",양지은,"검은 머리 하늘 닿는
아 잘난 사람아
이 넓은 땅이
보이지 않더냐
검은 머리 땅을 닿는
아 못난 사람아
저 푸른 하늘
보이지 않더냐
있다고 잘났고
없다고 못나도
돌아갈 땐
빈손인 것을
호탕하게
원 없이 웃다가
으랏차차
세월을 넘기며
구름처럼
흘러들 가게나
검은 머리 하늘 닿는
아 잘난 사람아
이 넓은 땅이
보이지 않더냐
검은 머리 땅을 닿는
아 못난 사람아
저 푸른 하늘
보이지 않더냐
있다고 잘났고
없다고 못나도
돌아갈 땐
빈손인 것을
호탕하게
원 없이 웃다가
으랏차차
세월을 넘기며
구름처럼
흘러들 가게나
있다고 잘났고
없다고 못나도
돌아갈 땐
빈손인 것을
호탕하게
원 없이 웃다가
으랏차차
세월을 넘기며
구름처럼
흘러들 가게나"
어려도 알 건 알아요,"5,333",정동원,"어리게 보지 말아요
어리숙하지 않아요
니가 인생을 아냐 얕보지 마요
나 어려도 알 건 다 알아요
나 때가 있었잖아요
근데 왜 몰라요
당신이 또 무슨 걱정하는지
나 어려도 알 건 다 알아요
평생을 배워도 다 못 배우는 게 인생
기억할게요
나도 당신께 청해봐도 될까요
우리 철들어도 철부지같이 살아요
한숨 쉬는 만큼 하하 웃으며 살아요
삼시 세끼 먹어도 세상 나일 먹어도
꿈만은 나이 먹지 말아요
어리게 보지 말아요
나 순진하진 않아요
알면 얼마나 아냐 깔보지 마요
나 어려도 알 건 다 알아요
착각 붙들어 매세요
착하진 않아요
그래도 그 선은 넘지 않아요
나 어려도 알 건 다 알아요
평생을 배워도 다 못 배우는 게 인생
기억할게요
나도 당신께 청해봐도 될까요
우리 철들어도 철부지같이 살아요
한숨 쉬는 만큼 하하 웃으며 살아요
삼시 세끼 먹어도 세상 나일 먹어도
꿈만은 나이 먹지 말아요
우리 철들어도 철부지같이
한숨 쉬는 만큼 하하 웃으며
삼시 세끼 먹어도 세상 나일 먹어도
꿈만은 나이 먹지 말아요
꿈만은 나이 먹지 말아요"
몇 미터 앞에 두고,"2,083",박지현,"사랑했던 그 사람을
몇 미터 앞에다 두고
나는 나는 말 한마디
끝내 붙일 수 없었다
마주 앉은 사람이
누구인지 몰라도
행복해하는 모습을 보고
나는 그냥
돌아설 수밖에 없었다
그 사람을 바로
몇 미터 앞에다 두고
그리웠던 그 사람을
몇 미터 앞에다 두고
하고 싶은 말 한마디
끝내 붙일 수 없었다
마주 앉은 사람이
누구인지 몰라도
행복해하는 웃음소리에
나는 그냥
돌아설 수밖에 없었다
그 사람을 바로
몇 미터 앞에다 두고
그 사람을 바로
몇 미터 앞에다 두고"
슬픈고백,54,최진희,"이렇게 많은 세월 당신과

살아온 것도 꿈만 같은데

어떻게 지난날의 내 사랑을

이야기 하라 합니까

당신도 옛사랑이 있었듯이

내게도 그런 사랑 하나 있었죠

행여나 당신의 맘 아플까 봐

숨기려 했던 사랑이



내게서 무얼 듣길 원하는건지

어디까지 말하라는 건지

오래전에 지워버린 내 지난 사랑을

다시 생각하라 하는 겁니까

지금의 난 당신만 사랑한다고

세상 누구에게나 말하는데

(지금의 난 당신만 사랑한다고

세상 누구에게나 말하는데)"
이 사람을 지켜주세요 (2023 ver.) (Cover Ver.),55,여정인,"사랑이여 제발
떠나가지 말아주세요
하늘이여 제발 이 사람을 지켜주세요
나보다도 더 많이 사랑한 사람
날 위해 기도한 사람
이 사람을 위해서 살고 싶어요
이 사람을 지켜주세요
같은 하늘 아래 있어줘서
너무나 고마워요
하늘이여 제 기도를 들어주세요
이사람을 지켜주세요
나보다도 더 많이 사랑한 사람
날 위해 기도한 사람
이 사람을 위해서 살고 싶어요
이 사람을 지켜주세요
같은 하늘 아래 있어줘서
너무나 고마워요
하늘이여 제 기도를 들어주세요
이사람을 지켜주세요
하늘이여 제 기도를 들어주세요
이사람을 지켜주세요
이사람을 지켜주세요"
사랑아 (Remix),317,장윤정,"안돼요 안돼 날 두고 떠나면 안돼
그렇겐 못해 난 절대 보낼 순 없어
갈테면 가봐 모든 걸 잊고 떠나봐
그땐 뒤돌아서 후회를 할거야

희미한 기억속에 너의 이름 불러도
다신 볼수 없던 사랑한 사람

사랑아 나를 두고 떠나가지마
나만 두고 가려거든 다신 나를 찾지마
언젠가 그대 나를 찾는다 해도
그땐 내가 먼저 뒤돌아서 그대 볼수 없으리

안돼요 안돼 날 두고 떠나면 안돼
그렇겐 못해 난 절대 보낼 순 없어
갈테면 가봐 모든 걸 잊고 떠나봐
그땐 뒤돌아서 후회를 할거야

희미한 기억속에 너의 이름 불러도
다신 볼수 없던 사랑한 사람

사랑아 나를 두고 떠나가지마
나만 두고 가려거든 다신 나를 찾지마
언젠가 그대 나를 찾는다 해도
그땐 내가 먼저 뒤돌아서 그대 볼수 없으리 -"
카스바의 여인,410,함중아,"담배연기 희미하게
자욱한 카스바에서
이름마저 잊은채
나이마저 잊은채
춤추는 슬픈 여인아
그날 그카스바에
그날 그자리에서
처음만나 사랑을 하고
낮설은 내가슴에 쓰러져
한없이 울던 그사람
오늘밤도 눈물에 젖어
춤추는 카스바에 여인

외로움 달래려고
찾아온 카스바에서
어디에서 본듯한
한번쯤은 만난듯한
춤추는 슬픈여인아
그날 그 카스바에
그날 그 자리에서
처음 만나 사랑을 하고
낮설은 내가슴에 쓰러져
한없이 울던 그사람
오늘밤도 눈물에 젖어
춤추는 카스바의 여인"
울보야,893,홍자,"보야 보야
너는 울보야 내마음 너는 울보야
눈비만 내려도 울고
말만해도 우는 울보야
바람에 흔들흔들
설레이는 여린가슴에
못된 바람 불지 말아요
뜨겁게 타는 가슴
사랑비만 기다리는데
내님은 지금 어디 있나요
보야보야
너는 울보야 내마음 너는 울보야
바람만 스처도 울고
좋아도 우는 울보야
저하는 피는 꽃은
내마음에 꽃이랍니다
허락없이 꺽지 마세요
가슴에 피는 향기
내사랑에 향기랍니다
내님은 지금 어디 있나요
바람에 흔들흔들
설레이는 여린가슴에
못된 바람 불지 말아요
뜨겁게 타는 가슴
사랑비만 기다리는데
내님은 지금 어디 있나요"
보약같은 친구,617,진성,"아침에 눈을뜨면
제일먼저 생각나는
자네는 좋은 친구야
피한방울 섞이지 않은
우리 두사람
전생에 인연일거야
자식보다 자네가 좋고
돈보다 자네가 좋아
자네와 난 보약같은 친구야
아 아 아 사는날까지
같이가세 보약같은 친구야
사랑도 해봤고
이별도 해봤지
사는거 별거 없더라
언제갈지 모르는 인생
우리 둘이서
웃으며 살아가보자
자식보다 자네가 좋고
돈보다 자네가 좋아
자네와 난 보약같은 친구야
아 아 아 사는날까지
같이가세 보약같은 친구야"
송인,"1,411",김나희,"바람에 날리는 저 꽃잎 보며
동그라미 그려보다가
오늘 밤 꿈속에 나를 찾을까
시린 가슴만 애 태우죠
바람아 바람아 닿을 수 없는
그 길 따라가다
고달픈 걸음에 눈물 고이면
몰래 나 대신 훔쳐다오
옷깃에 가려진 저 달빛처럼
기약 없이 기다리다가
밤 새워 흐르는 눈물조차
행여 짐 될까 감추었죠
바람아 바람아 닿을 수 없는
그 길 따라가다
고달픈 걸음에 눈물 고이면
몰래 나 대신 훔쳐다오
이 마음 전해다오"
사랑의 영도다리,"1,107",진해성,"내 노래를 들어 주겠니
세상 가장 따뜻한 그 노래를
오직 너만을 위한 노래
오직 너만의 사랑 노래
처음 부르는 그 노래
너가 외롭고 힘이 들 때
너가 아프고 눈물이 날 때
사랑을 가득 담아
진심을 가득 담아
너에게 전하고 싶어
사랑의 영도다리 위에서
니 노래를 불러주겠니
세상 가장 달콤한 그 노래를
오직 나만을 위한 노래
오직 나만의 사랑 노래
처음 불러줄 그 노래
내가 외롭고 막막할 때
내가 슬프고 눈물이 날 때
사랑을 가득 담아
열정을 가득 담아
나에게 전해주렴
사랑의 영도다리위에서"
그 사람,152,성빈 (최윤하),"한강대교 불빛 마저도
외로워 잠 못 드는 밤
님을 보낸 내 마음이
괴로워 강변을 걷네
그 사랑이 그리워서 우나
그 추억이 생각나서 우나
말 없이 걷는 발길엔 오직
그 모습이 떠오르는데
아아아아 이제는 다시
올 수 없는 그 세월이여
언젠가 꼭 한번만이라도
만나고 싶은 그 사람
그때는 내가 그때는
말하리라 바보였다고
그 사랑이 그리워서 우나
그 추억이 생각나서 우나
말 없이 걷는 발길엔 오직
그 모습이 떠오르는데
아아아아 이제는 다시
올 수 없는 그 세월이여
언젠가 꼭 한번만이라도
만나고 싶은 그 사람
그때는 내가 그때는
말하리라 바보였다고
말하리라 사랑했다고"
송인,351,장윤정,"바람에 날리는 저 꽃잎 보며
동그라미 그려보다가
오늘밤 꿈속에 나를 찾을까
시린 가슴만 애 태우죠
바람아 바람아 닿을 수 없는
그 길 따라가다
고달픈 걸음에 눈물 고이면
몰래 나 대신 훔쳐다오
옷깃에 가려진 저 달빛처럼
기약 없이 기다리다가
밤새워 흐르는 눈물조차
행여 짐 될까 감추었죠
바람아 바람아 닿을 수 없는
그 길 따라가다
고달픈 걸음에 눈물 고이면
몰래 나 대신 훔쳐다오
이 마음 전해다오"
동해 울릉도,59,윤수현,"붉은 태양
솟아나는 울릉도
오가는 사랑 속에
희망이 움트고
드높은 파도 넘어
꿈 싣고 동해로
뻗어가는 푸른 세상
활짝 열린다
아아아 포근한
어머니의 품
동해의 신비로운
울릉도
찬란한
붉은 물결 따라
영원히 영원히
빛나리라
아침 햇살
피어나는 울릉도
오가는 사랑 속에
행복이 움트고
드높은 파도 넘어
꿈 싣고 미래로
뻗어가는 너른 세상
활짝 열린다
아아아 따뜻한
어머니의 품
천혜의 아름다운
울릉도
찬란한
금빛 물결 따라
영원히 영원히
빛나리라
아아아 포근한
어머니의 품
동해의 신비로운
울릉도
찬란한
붉은 물결 따라
영원히 영원히
빛나리라"
하이난 사랑,381,공소원,"코발트 빛 바다 늘어진
야자수 아래
아롱만 해변에서 처음 만난
남국의 아가씨
칵테일 한 잔 두 잔
정들어 가는 하이난의 밤
분위기에 취해서
그 사랑에 취해서
잊을 수 없는 정든 밤이여
부서지는 파도 소리에
둘이서 새긴 그 사랑
젊음이 불타는 하이난의 밤
아 아 잊지 못할 하이난의 밤
검푸른 파도가 춤추는
야자수 아래
아롱만 해변에서 처음 만난
남국의 그 사람
연분홍 와인잔에
정들어 가는 하이난의 밤
분위기에 취해서
그 사랑에 취해서
잊을 수 없는 정든 밤이여
부서지는 파도 소리에
둘이서 새긴 그 사랑
젊음이 불타는 하이난의 밤
아 아 깊어가는 하이난의 밤
아 아 깊어가는 하이난의 밤
깊어가는 하이난의 밤"
사랑해 누나,"17,795",임영웅,"사랑해 누나 한 번만 안아줘요
아차차차 실수했네 깜빡했었네
와따따따 따따
누난 내게 한 마디 하겠지
아리까리 모르는 게 여자라지
예쁘면 다 그래
변덕스런 누나의 마음 모르겠어
백 번을 잘해주고
한 번을 못해줬다고
진짜 진짜 굿바이더냐
누나 누나 사랑해 누나
한 번만 안아줘요
한 번만 안아줘요
누나를 떠나라는 말 빼곤
다 해줄게요
나만 믿어요 잘해줄게요
누나의 영원한 기사 될게요
사랑해 누나 한 번만 안아줘요
아차차차 실수했네 깜빡했었네
와따따따 따따
누난 내게 한마디 하겠지
아리까리 모르는 게 여자라지
예쁘면 다 그래
변덕스런 누나의 마음 모르겠어
백 번을 잘해주고
한 번을 못해줬다고
진짜 진짜 굿바이더냐
누나 누나 사랑해 누나
한 번만 안아줘요
한 번만 안아줘요
누나를 떠나라는
말 빼곤 다 해줄게요
나만 믿어요 잘해줄게요
누나의 영원한 기사 될게요
사랑해 누나 한 번만 안아줘요
사랑해 누나 한 번만 안아줘요
누나 누나"
효도합시다,"2,795",양지은,"여러분 여러분 효도합시다
가끔은 아이 러브 유
사랑한다 말합시다
나 하나 보면서 살아온 당신
늦기 전에 효도합시다
계절이 지나면 돌아오지만
당신의 세월은 멀어져가네
당신과 매일이 이별하는 날
이제라도 잘해야지 다짐합니다
여러분 여러분 효도합시다
사는 게 바빠도 전화 한 통 드립시다
나 하나 보면서 살아온 당신
늦기 전에 효도합시다
계절이 지나면 돌아오지만
당신의 세월은 멀어져가네
당신과 매일이 이별하는 날
이제라도 잘해야지 다짐합니다
여러분 여러분 효도합시다
그동안 고맙다 감사하다 말합시다
자신보다 날 먼저 지켜준 당신
미안해요 사랑합니다
늦기 전에 효도합시다"
물레방아 도는데,"1,253",진해성,"돌담길 돌아서며
또 한 번 보고
징검다리 건너갈 때
뒤돌아보며
서울로 떠나간 사람
천 리 타향 멀리 가더니
새봄이 오기 전에
잊어버렸나
고향의 물레방아
오늘도 돌아가는데
두 손을 마주 잡고
아쉬워하며
골목길을 돌아설 때
손 흔들며
서울로 떠나간 사람
천 리 타향 멀리 가더니
가을이 다 가도록
소식도 없네
고향의 물레방아
오늘도 돌아가는데"
미운 사내,258,송도현,"순진한 남자의 가슴에다
돌을 던진 여자야
떠나버릴 사람이라면
사랑한다 말은 왜 했나
활짝 핀 꽃처럼 웃던 얼굴이
왠일인지 요즈음 우울해졌네
순진한 내 가슴에
돌을 던진 여자야
미운 여자 미운 여자
얄미운 여자야
미운 여자 미운 여자
얄미운 여자야"
사의 찬미,76,마스크걸,"광막한 광야를
달리는 인생아
너의 가는 곳
그 어데이냐
쓸쓸한 세상
험악한 고해에
너는 무엇을
찾으려 가느냐
눈물로 된 이 세상이
나 죽으면 고만일까
행복 찾는 인생들아
너 찾는 것 허무
웃는 저 꽃과
우는 저 새들이
그 운명이
모두 다 같구나
삶에 열중한
가련한 인생아
너는 칼 위에
춤추는 자로다
눈물로 된 이 세상이
나 죽으면 고만일까
행복 찾는 인생들아
너 찾는 것
허무
쓸쓸한 세상
험악한 고해에
너는 무엇을
찾으려 가느냐"
수고했다,447,조항조,"수고했다 고마운 내 인생아
거친 숨 몰아쉬며
힘차게 달려온 세월아
가슴 시린 추억 남모를
아픔도 많았지만
굴하지 않고 여기까지 달려왔구나
긴 세월 숱한 사연들과
부대끼며 살았는데
남겨진 후회와 미련이
왜 없겠냐만
그래도 이만큼 달려온
인생길에 감사하듯
하고 싶은 말 그동안 정말 수고했다
수고했다 고마운 내 인생아
가파른 고갯길을
숨차게 달려온 세월아
때론 주저앉고
싶었던 순간도 많았지만
굴하지 않고
여기까지 달려왔구나
긴 세월 숱한 사연들과
부대끼며 살았는데
남겨진 후회와 미련이
왜 없겠냐만
그래도 이만큼 달려온
인생길에 감사하듯
하고 싶은 말 그동안 정말 수고했다
나의 인생아 그동안 정말 수고했다"
봉선화 연정,"2,009",박지현,"손 대면 톡하고
터질 것만 같은 그대
봉선화라 부르리
더 이상 참지 못할 그리움울
가슴 깊이 물들이고
수줍은 너의 고백에
내 가슴이 뜨거워
터지는 화산처럼
막을 수 없는
봉선화 연정
손 대면 톡하고
터질 것만 같은 그대
봉선화라 부르리
더 이상 참지 못할 외로움에
젖은 가슴 태우네
울면서 혼자 울면서
사랑한다 말해도
무정한 너는 너는
알지 못하네 봉선화 연정
봉선화 연정"
남자는 여자를 귀찮게 해,630,장윤정,"처음에 사랑할때 그이는
씩씩한 남자였죠
밤하늘에 별도 달도 따주마
미더운 약속을하더니
이제는 달라졌어 그이는 나보고 다해달래
애기가 되어버린 내사랑
당신정말 미워 죽겠네
남자는 여자를 정말로 귀찮게 하네
남자는 여자를 정말로 귀찮게 하네

결혼을 하고난후 그이는 애기가 돼버렸어
밥 달라 사랑달라 보채고 둘이서 놀기만 하재요
할일은 해도해도 많은데 자기만 처다보래
웃어라 안아달라 보채는 당신 골치아파 죽겠네
남자는 여자를 정말로 귀찮게 하네
남자는 여자를 정말로 귀찮게 하네
남자는 여자를 정말로 귀찮게 하네
남자는 여자를 정말로 귀찮게 하네"
서울여자,503,김수희,"한~ 잔술에 기대고 싶은
그런 밤이 찾아 오면은
이름없는 낯선 거리로
사랑찾아 갑니다.
밉~ 다고 원망하면서
기억을 지우려 해도
가~ 끔식 그대 모습에
가슴이 무너져 내려요
사랑도 팔고 사는 속이고 속는 세상
오로지 믿고 의지한
당신 마져도 나를 버리신
서울이 싫어 싫어 졌어요~

검은 눈물 정은 담배를
멍하니 꺼내 물고서
그래도 여자라고
흔들리는 서러운 미련
사랑도 팔고 사는 속이고 속는 세상
오로지 믿고 의지한
당신 마져도 나를 버리신
서울이 미워 미워 졌어요~

사랑도 팔고 사는 속이고 속는 세상
오로지 믿고 의지한
당신 마져도 나를 버리신
서울이 미워 미워 졌어요~"
운명적이야,788,홍자,"다시는 못 만날 줄 알았었는데
우연히 또 만났네요
서로가 원치 않는 이별이었지만
이렇게 또 만날 줄이야
사랑이란 우연이라지만
너와나는 운명적이야
그토록 시린 가슴 달래가면서
너만을 잊으려고 애를 썻는데
이제는 못보낸다 못다한 사랑을
사랑이 끝날 때 까지
다시는 못 만날 줄 알았었는데
우연히 또 만났네요
미워서 헤어진건 아니었지만
이렇게 또 만날 줄이야
사랑이란 우연이라지만
너와나는 운명적이야
그토록 시린 가슴 달래가면서
너만을 잊으려고 애를 썻는데
이제는 못보낸다 못다한 사랑을
사랑이 끝날 때 까지
이제는 못보낸다 못다한 사랑을
사랑이 끝날 때 까지"
사랑 사랑 누가 말했나,393,남궁옥분,"때로는 당신 생각에
잠 못 이룬 적도 있었지
기울어 가는 둥근 달을 보며
타는 가슴 남 몰래 달랬지
사랑 사랑 누가 말했나 아아
향기로운 꽃보다 진하다고 오오
사랑 사랑 그 누가 말했나 아아
바보들의 이야기라고 오오
세월이 흘러 먼 훗날
기억나지 않는다 하여도
오늘 밤 또 다시 당신 생각에
타는 가슴 남 몰래 달래네
때로는 당신 생각에
잠 못 이룬 적도 있었지
기울어 가는 둥근 달을 보며
타는 가슴 남 몰래 달랬지
사랑 사랑 누가 말했나 아아
향기로운 꽃보다 진하다고 오오
사랑 사랑 그 누가 말했나 아아
바보들의 이야기라고 오오
세월이 흘러 먼 훗날
기억나지 않는다 하여도
오늘 밤 또 다시 당신 생각에
타는 가슴 남 몰래 달래네"
남자는 여자를 귀찮게 해,542,설하윤,"처음에 사랑할 때 그이는
씩씩한 남자였죠
밤하늘에 별도 달도 따주마
미더운 약속을 하더니
이제는 달라졌어 그이는
나보고 다해 달래
애기가 되어 버린 내 사랑
당신 정말 미워 죽겠네
남자는 여자를 정말로 귀찮게 하네
남자는 여자를 정말로 귀찮게 하네
결혼을 하고 난후 그이는
애기가 돼버렸어
밥 달라 사랑 달라 보채고
둘이서 놀기만 하재요
할일을 해도 해도 많은데
자기만 쳐다보래
웃어라 안아 달라 조르는
당신 골치 아파 죽겠네
남자는 여자를 정말로 귀찮게 하네
남자는 여자를 정말로 귀찮게 하네
남자는 여자를 정말로 귀찮게 하네"
사랑의 수갑,868,김중연,"사랑의 수갑을 철컹 채워줘
내 사랑을 잡아갈 거야
여보세요 누가 내 맘을 훔쳐 갔소
여보세요 누가 내 맘에 불을 냈소
아 당신은 너무 위험해
가만두면 훔쳐 갈 거야
너무나 매력적인 그 여자
너무나 사랑스러운 그 여자
너의 품 안에 살고 싶어
사랑의 수갑을 철컹 채워줘
이 사람을 데리고 갈래
사랑의 수갑을 철컹 채워줘
내 사랑을 잡아갈 거야
여보세요 누가 내 맘을 훔쳐 갔소
여보세요 누가 내 맘에 불을 냈소
아 당신은 너무 위험해
가만두면 훔쳐 갈 거야
너무나 매력적인 그 여자
너무나 사랑스러운 그 여자
너의 품 안에 살고 싶어
사랑의 수갑을 철컹 채워줘
이 사람을 데리고 갈래
사랑의 수갑을 철컹 채워줘
내 사랑을 잡아갈 거야
내 사랑을 잡아갈 거야"
둠바둠바,"7,536",영탁,"살다 보면 힘이 들겠지
인생이란 다 그런 거니까
처음부터 다 가졌었다면
사는 의미는 없을지 몰라
젊은 날에 당신을 만나
목숨 바쳐 사랑을 했지
세월 가고 텅 빈 가슴엔
왜 외로움들이 와 있는 걸까
알아 고생했지
나를 만나서 너 힘겨웠지
우리 흘린 눈물
그 무엇보다도 소중했는데
둠바 둠바 둠바 외로워 마라
둠바 둠바 둠바 처음 그때처럼
둠바 둠바 둠바 이제부터야
당신은 영원한 나의 사랑
젊은 날에 당신을 만나
목숨 바쳐 사랑을 했지
세월 가고 텅 빈 가슴엔
왜 외로움들이 와 있는 걸까
알아 고생했지
나를 만나서 너 힘겨웠지
우리 흘린 눈물
그 무엇보다도 소중했는데
둠바 둠바 둠바 외로워 마라
둠바 둠바 둠바 처음 그때처럼
둠바 둠바 둠바 이제부터야
당신은 영원한 나의 사랑
그래 우리 사랑은
세월이 흘러도
변할 순 없는 거야
둠바 둠바 둠바 외로워 마라
둠바 둠바 둠바 처음 그때처럼
둠바 둠바 둠바 이제부터야
당신은 영원한 나의 사랑
영원한 나의 사랑"
눈물의 술잔 (Jazz ver.),554,홍자,"술을 마셨어요 많이 취했어요
맨정신 갖고는 잠을
이루지 못할 것 같아
아무런 생각도 하기 싫어
독한 술을 마셨어요
그런데 왜 자꾸 보고 싶을까요
눈물이 쏟아질까요
그대와 거닐던 이 길을
밤새워 걸었어요
이제 다시는 볼 수가 없죠
이제 다시는 만질 수 없죠
오늘도 마시는 술잔에
내 눈물이 떨어지네요
그런데 왜 자꾸 그리울까요
눈물이 쏟아질까요
그대와 만났던 카페에
나 홀로 앉았어요
이제 다시는 볼 수가 없죠
이제 다시는 만질 수 없죠
오늘도 마시는 술잔에
내 눈물이 떨어지네요
오늘도 마시는 술잔에
내 눈물이 떨어지네요"
바다새 cover,38,미스터 팡,"어둔운 바닷가 홀로나는 새야
갈곳을 잃었나 하얀 바다새야
힘없는 소리로 홀로우는 새야
내짝을 잃었나 하얀 바다새야
모두다 가고없는데
바다도 잠이 드는데
새는 왜 날개짓하며
저렇게 날아만 다닐까
새야 해지고 어두운데
새야 어디로 떠나갈까
새야 날마저 기우는데
새야 아픈 맘 어이하나
어둔운 바닷가 홀로나는 새야
갈곳을 잃었나 하얀 바다새야
힘없는 소리로 홀로우는 새야
내짝을 잃었나 하얀 바다새야
모두다 가고없는데
바다도 잠이 드는데
새는 왜 날개짓하며 저렇게
날아만 다닐까
새야 해지고 어두운데
새야 어디로 떠나갈까
새야 날마저 기우는데
새야 아픈 맘 어이하나
아 아아 새야 아 아아 새야
루루루 새야 루루루 새야 새야"
어느날 문득,998,이솔로몬,"어느 날 문득 돌아다보니
지나온 모든 게 다 아픔이네요
날 위해 모든 걸 다 버려야는데
아직도 내 마음 둘 곳을 몰라요
오늘도 가슴엔 바람이 부네요
마음엔 나도 모를 설움이 가득
어디로 갈까요 어떻게 할까요
아직도 내가 날 모르나봐요
언제쯤 웃으며 날 볼 수 있을까
언제쯤 모든 걸
다 내려놓을 수 있을까
그땐 왜 몰랐을까 그땐 왜 몰랐을까
사랑에 이별이 숨어있는지
어느 날 문득 생각해 보니
내가 없으면 세상이 없듯이
날 위해 이제는 다 비워야는데
아직도 내가 날 모르나봐요
언제쯤 웃으며 날 볼 수 있을까
언제쯤 모든 걸
다 내려놓을 수 있을까
그땐 왜 그랬을까 그땐 왜 몰랐을까
사랑에 이별이 숨어있는지
어느 날 문득 생각해 보니
내가 없으면 세상이 없듯이
날 위해 이제는 다 비워야는데
아직도 내가 날 모르나봐요
아직도 내가 날 모르나봐요"
아침의 나라에서,31,강소리,"모두가 다정한 친구처럼
모두가 다정한 형제처럼

우리의 가슴이 열리는 곳
오 서울 코리아

사랑이 넘치는 거리에서
바람이 시원한 강변에서

일류의 꿈들이 피어난다
오 서울 코리아

저 푸른 하늘에 나부끼는 깃발은 우우
세계가 하나로 뭉쳐지는 평화의 손길

모이자 모이자 아침의 나라에서
모이자 모이자 우리 함께 달리자

나라와 나라는 이웃처럼
나라와 나라는 가족처럼

모두가 하나로 이어진곳
오 서울 코리아

찬란히 떠오른 햇빛아래
언제나 이 땅은 아름답고

지구의 미래는 밝아온다
오 서울 코리아 후우~

저 푸른 하늘에 나부끼는 깃발은 우우
세계가 하나로 뭉쳐지는 평화의 손길

모이자 모이자 아침의 나라에서
모이자 모이자 우리 함께 달리자

모이자 모이자 아침의 나라에서
모이자 모이자 우리 함께 달리자
우리 함께 달리자"
케세라세라,91,김나희,"다 그렇게들 살고
다 괜찮다고
억지 부렸던 인생
산다는 건
다 그런 거다
어쩔 수 없다 했죠
누구에게나 있는
그 동화들도
다큐멘터리처럼
느껴지는
순간에도
난 아직 시작이야
케세라세라
될 대로 돼라
어차피 사는 인생
정답은 없죠
가던 길마저 가세요
내 맘대로
살라니깐
귀찮게 하지 마요
화려한 영화 속에
주인공처럼
빛나는 내가 되어
마음 가는 대로 살래요
난 아직 시작
지금부터야
잔소리는 집어치워
그 뻔한 말 지겨워
바보처럼 참아왔던 날
다시 태어나
더 크게 외쳐봐
케세라세라
될 대로 돼라
후회는 없어
시간이 흘러도
이젠 돌아보지 않을래
오직 나를 위해
케세라세라
될 대로 돼라
케세라세라
뜻대로 돼라
케세라세라"
살아있는 가로수,377,이미자,"찬바람 부는날도 비오는날도
허리띠 졸라메고 말고삐 잡고
땀방울에 눈물적신 인생의 역로
지금은 황혼길을 가고있지만
살아있는 가로수엔
봄이오네 꽃이피네

가슴이 무너지던 슬픈 역사도
술취해 울던때도 옛날 이야기
바람부는 네거리에 낙엽과 같이
이제는 석양길에 홀로 섰지만
살아있는 가로수엔
봄이오네 꽃이피네"
떠나는 임아,200,오승근,"가려거든 울지 말아요
울려거든 가지 말아요
그리워 못 보내는 님
못 잊어 못 보내는 님
당신이 떠나고 나면
미움이 그치겠지만
당신을 보내고 나면
사랑도 끝이 난다오
님아 못 잊을 님아
님아 떠나는 님아
두 눈에 가득 이슬이 맺혀
떠나는 나의 님아
가려거든 울지 말아요
울려거든 가지 말아요
그리워 못 보내는 님
못 잊어 못 보내는 님
님아 못 잊을 님아
님아 떠나는 님아
두 눈에 가득 이슬이 맺혀
떠나는 나의 님아
가려거든 울지 말아요
울려거든 가지 말아요
그리워 못 보내는 님
못 잊어 못 보내는 님"
나쁜여자,82,김나희,"사랑을 하고 있단 그 말을
차마 난 할 수 없어요

누군갈 기다린단 그 말도
내 입엔 죄가 되겠죠

그대의 사랑을 믿었는데
그대의 여자를 본 그날 밤
나라는 사람은 다 거짓이 되고
나쁜 여자가 됐어

사랑을 한 죄밖에 없는데
모든게 잘못이래요
그대가 밉고 내가 미운 밤
눈물 마저 감추네

사랑을 시작 한 순간 부터
이별을 준비했대요.

어차피 나란 여잔 잠시만
스쳐 지날 바람이었어

그대의 사랑을 믿었는데
그대의 여자를 본 그날 밤
나라는 사람은 다 거짓이 되고
나쁜 여자가 됐어

사랑을 한 죄밖에 없는데
모든게 잘못이래요
그대가 밉고 내가 미운 밤
눈물 마저 감추네

사랑한 죄 (사랑한 죄)
(감추네)"
별이여 사랑이여,247,사랑의 하모니,"한 잔 또 한 잔을 마셔도
취하는 건 마찬가지지
이 밤도 외로움에 잠 못 이루고
홀로 이 별을 헨다네
해맑은 눈동자로 별을 헤며
사랑을 약속했던 님
다시는 만날 수는 없어도
잊을 수는 없는거지

밤하늘에 빛나는 별들만큼이나
흐르다 맴돌다 지쳐버리면
벌써 잊혀져간 옛사랑을
술 잔에 남겨 놓고서
말없이 웃음짖는 입가에
별빛만 흘러 내리네"
돌팔매,278,오은주,"누구야 누가 또 생각없이
돌을 던지는가
무심코 당신은 던졌다지만
내 가슴은 멍이 들었네
당신이 내 인생에 무엇이길래
당신이 내 앞길에 무엇이길래
단 한번 돌팔매로
단 한번 돌팔매로 병들게 하나
누구야 서러운 내 가슴을
울리는 사람

누구야 누가 또 할 일 없이
돌을 던지느냐
모르고 당신은 던졌다지만
내 가슴은 상처가 깊어
당신은 내 인생의 방관자면서
당신은 내 인생의 제삼자면서
무심한 돌팔매로
무심한 돌팔매로 상처를 주나
누구야 하소연 할 곳 없이
울리는 사람"
모르나봐,181,이혜리,"모르나봐 모르나봐

내마음모르시나봐

빨간립스틱바른이유 립스틱을 바른이유를

모르나봐 모르나봐

정말로모르시나봐

빨간매니큐어바른이유

매니큐어바른이유를



어떻게 말로하나 지금내심정을 어떻게표현하나

이내마음을 살며시 내손을 잡아준다면

애인이되어줄텐데

모르나봐 모르나봐

정말로 모르나시나봐

정말로 모르시나봐"
텔레파시,"1,613",도시아이들,"눈빛만 봐도 알 수 있잖아
옷깃만 스쳐도 우린 느낄 수가 있어
손끝만 닿아도 짜릿하잖아
너는 지금 무얼 생각하고
어디에 있니
말은 안 해도 알 수 있잖아
서로의 기분을 우린 읽을 수가 있어
불타는 사랑 만질 수 없어도
우리 가슴속은 뜨거웁게
타오르는 불꽃
아하 러브 텔레파시
아하 소리없는 느낌
아하 러브 텔레파시
깊은 밤 꿈에도 만날 수 있잖아
보고 싶을 때면
언제 어디서나 강한 광선처럼
내 가슴을 치고 가네
옆에 없어도 외롭지 않잖아
두 눈을 감아도 넌 내 눈 속에 있어
길을 걷다가 내 생각이 나면
그게 바로 너를 부르고 있는
텔레파시야
눈빛만 봐도 알 수 있잖아
옷깃만 스쳐도 우린 느낄 수가 있어
손끝만 닿아도 짜릿하잖아
너는 지금 무얼 생각하고
어디에 있니
아하 러브 텔레파시
아하 소리없는 느낌
아하 러브 텔레파시
깊은 밤 꿈에도 만날 수 있잖아
보고 싶을 때면 언제
어디서나 강한 광선처럼
내 가슴을 치고 가네
옆에 없어도 외롭지 않잖아
두 눈을 감아도 넌 내 눈 속에 있어
길을 걷다가 내 생각이 나면
그게 바로 너를 부르고 있는
텔레파시야
말은 안 해도 알 수 있잖아
서로의 기분을 우린 읽을 수가 있어
불타는 사랑 만질 수 없어도
우리 가슴속은 뜨거웁게
타오르는 불꽃
아하 러브 텔레파시"
울산항 이별,793,홍자,"바람부는 울산항에
이별에 뱃고동 소리
비에젖은 철새야
어디로 가니
나혼자 남겨 놓고
한번 이별도 가슴아픈데
또 다시 가신다니
가세요 가세요 가면 되잖아요
어짜피 떠나 버릴껄
바람부는 울산항에
눈물에 뱃고동 소리
다시온단 말도없이
어디로 가니
나혼자 남겨 놓고
한번 이별도 가슴아픈데
또 다시 가신다니
가세요 가세요 가면 되잖아요
어짜피 떠나 버릴껄"
Black Coffee,226,조항조,"커피향만 남아 있네요
내게 뿌려놓은 그대 향기처럼
뒷모습이 씁쓸 하네요
이미 식어버린 커피잔처럼
뜨겁게 나누었던 찻잔에
사랑의 추억들은 아직 남아있어
어떻게한 사랑이었는데
어떻게 벌써 끝내려 하나요
그대 생각에 눈물이 나
숨쉴때마다 가슴이 시려와
구멍난 가슴 비틀거려도
그대맘 편히 있는건가요
조금만 더 가까이 가면 안되나
쏟아진 눈물쯤 빗물이라 우기고
돌아서면 또 보고픈 내사랑아
기다리다 기다리다
나 죽을지도 몰라
그대 생각에 눈물이 나
숨쉴때마다 가슴이 시려와
구멍난 가슴 비틀거려도
그대맘 편히 있는건가요
조금만 더 가까이 가면 안되나
쏟아진 눈물쯤 빗물이라 우기고
돌아서면 또 보고픈 내사랑아
기다리다 기다리다
나 죽을지도 몰라"
"꽃, 달, 술","3,689",김연자,"술잔은 채워야 제 맛이지
한 잔만 더 따라줘요
아니야 오늘은 반 잔만 할래
내 님 어디 계신가요
당신이 떠난 이 자리에서
나 홀로 또 술 한잔해
내 꿈속에 오늘밤도 찾아와서
못다했던 얘기를 해
그대는 꽃이야 내 꽃이야
내 가슴속에 피는
그대는 달이야 내 달이야
내 맘에 차오르는
그대는 술이야 내 술이야
취해버릴 것만 같아
나에게 사랑한다 말해놓고
지켜준다 말해놓고 어딜 갔나요
슬프게 비가 오는 날에는
그대와 나 자주 갔던
그 술집에 잔을 두잔 놓고서 또
그 사람을 기다리네
그대는 꽃이야 내 꽃이야
내 가슴속에 피는
그대는 달이야 내 달이야
내 맘에 차오르는
그대는 술이야 내 술이야
취해버릴 것만 같아
나에게 사랑한다 말해놓고
지켜준다 말해놓고 어딜 갔나요
사랑이라 믿었고
평생토록 우리 함께 할 줄 알았어
슬프도록 아프게
왜 자꾸만 나를 울려
밤마다 피어나는 꽃잎
그건 그대야
나의 가슴에 차오르는
달은 그대야
그대는 술이야 내 술이야
취해버릴 것 만 같아
나에게 사랑한다 말해놓고
지켜준다 말해놓고 어딜 갔나요"
숫자인생 (Prod. 플레이사운드),"1,017",김소유,"숫자인생 숫자인생
돌고도는 인생이라네
점수는 몇점인가요
몇점 몇점
등수는 몇등인가요
몇등 몇등
어딜가나 일등 이등
숫자로 매겨지는
고달픈 인생이구나
일등을 하다가 꼴등이 되고
꼴등을 하다가 일등이 되네
무시하지마라 기죽지를 마라
잘난척을 말아라
돌고도는 인생이라네
숫자인생 숫자인생
점수는 몇점인가요
몇점 몇점
등수는 몇등인가요
몇등 몇등
어딜가나 일등 이등
숫자로 매겨지는
고달픈 인생이구나
일등을 하다가 꼴등이 되고
꼴등을 하다가 일등이 되네
무시하지마라 기죽지를 마라
잘난척을 말아라
돌고도는 인생이라네
일등을 하다가 꼴등이 되고
꼴등을 하다가 일등이 되네
무시하지마라 기죽지를 마라
잘난척을 말아라
돌고도는 인생이라네
우리모두 일등이라네"
보이소 오이소,"1,095",진해성,"보이소 오이소 내사랑이 되어줘요
가녀린 어깨와 수줍은 얼굴이
나를나를 떠나지 않네
한평생 그대품에서
새벽을 맞게해줘요
한평생 그대뜰에서
노을도 맞게해줘요
그대사랑으로 나를 채워줘요
헤어나지 못하게 해줘요
보이소 오이소 내 사랑이 되어줘요
한평생 그대품에서
새벽을 맞게해줘요
한평생 그대뜰에서
노을도 맞게해줘요
그대사랑으로 나를 채워줘요
헤어나지 못하게 해줘요
보이소 오이소 내 사랑이 되어줘요
보이소 오이소 내 사랑이 되어줘요"
무시마라,"4,965",박서진,"느리다고 무시 마라
거북이라 무시 마라
우리들도 꿈이 있단다
사랑하는 사람들아
사랑받는 사람들아
나에게도 꿈이 있단다
느리다고 무시 마라
마음만은 청춘이다
거북이라 무시 마라
나도 한때 토끼였단다
소리 질러 다같이
나이야 나이야가라
우리가 청춘이란다
건강하면 청춘이다
꿈도 있단다
사랑하면 청춘이다
꿈도 꾼단다
느리다고 무시 마라
거북이라 무시 마라
우리들도 꿈이 있단다
사랑하는 사람들아
사랑받는 사람들아
나에게도 꿈이 있단다
느리다고 무시 마라
마음만은 청춘이다
거북이라 무시 마라
나도한때 토끼였단다
소리 질러 다같이
나이야 나이야가라
우리가 청춘이란다
건강하면 청춘이다
꿈도 있단다
사랑하면 청춘이다
꿈도 꾼단다
느리다고 무시 마라
거북이라 무시 마라
우리들도 꿈이 있단다
사랑하는 사람들아
사랑받는 사람들아
나에게도 꿈이 있단다
느리다고 무시 마라
거북이라 무시 마라
우리들도 꿈이 있단다
사랑하는 사람들아
사랑받는 사람들아
나에게도 꿈이 있단다"
인생아 고마웠다 (MR),"4,295",황영웅,"인생아 고마웠다
사람이 나를 떠나도
세상이 나를 속여도
내 곁에 있어주어서
인생아 고마웠다
사랑이 나를 떠나도
그것은 내 몫이라고
나에게 말해주어서
인생아 나 부탁을 한다
나 두 눈 감는 날에는
잘 살았다고 훌륭했다고
그 말만 해주라
눈물이 많은 삶이어서
고생했다 말해주라
배운 게 많은 삶이어서
아름답다 말해주라
인생아 고마웠다
빈 몸으로 태어나도
많은 걸 채워주고
빈 몸으로 보내주어서
인생아 나 부탁을 한다
나 두 눈 감는 날에는
잘 살았다고 훌륭했다고
그 말만 해주라
눈물이 많은 삶이어서
고생했다 말해주라
배운 게 많은 삶이어서
아름답다 말해주라
인생아 고마웠다
인생아 내 인생아
참 고마웠다 인생아 사랑한다
인생아 사랑한다"
"나의 연인, 나의 사랑",470,민수현,"어디에 있어도 항상 빛나는 너
그런 너를 바라보는 난 참 행복한 사람

예쁘게 미소 지어 날 바라봐 주면
여전히 가슴이 설레 하늘이 준 선물 같아

오 나의 연인 나의 사랑 영원히 함께해주오
매일 해도 모자란 말
어제보다 더 사랑하고 있어
항상 예쁘게만 살아갈 수는 없는 삶일지라도
모든 순간 함께 걸어가자

그 어떤 이유도 다 필요 없었어
아무것도 없는 나에게 전부가 된 사람

하루만 못 봐도 가슴이 허전해
내 세상의 반을 줘도
내게 남은 모든 걸 다 주고 싶어

오 나의 연인 나의 사랑 영원히 함께해주오
매일 해도 모자란 말
어제보다 더 사랑하고 있어
항상 예쁘게만 살아갈 수는 없는 삶일지라도
모든 순간 함께 걸어가자

너와 나누었던 대화들
함께했던 모든 시간들
오늘을 위해서 지금까지 모아 온 거야
혹시나 지칠 땐 그늘이 돼서
네가 불안하지 않도록
항상 지켜줄게

이 아름다운 너의 두 눈 절대 울리지 않을게
더 이상 슬픔 없도록
오늘 한 이 약속 꼭 다 지킬게
세월이 지나고 우리 둘이 조금씩 늙어간대도
지금 이 손 절대 놓지 말자

오 나의 연인 나의 사랑아"
안녕,280,배호,"잘가세요 새하얀 꽃잎
흩어지는 이밤 웃는 얼굴로
보내는 마음도 목이 메인다오
흩어진 꽃잎도 눈물 흘리네
잘가세요 잘가세요 안녕

떠나는 마음을 누가 모르리요
희미한 별들도 눈물 흘리네
잘가세요 잘가세요 안녕"
남자다잉,715,남진,"사랑을 보신 일이 있으십니까
어디를 찾아 봐도 보이지 않아
희망을 보신 일이 있으십니까
있다고 하는 말은 들었는데
안 된다 안 된다 하고
홍이야 홍이야 하고
그러거나 말거나 견디고 버티고
위하여 우리는 살아있어
위하여 오늘도 살아있어
위하여 크게 한번 웃는 거야
바람이 불면 떠나는 우리
세상을 향해 다시 또 한번
끝까지 살아내야 남자다 잉
사랑을 보신 일이 있으십니까
어디를 찾아 봐도 보이지 않아
희망을 보신 일이 있으십니까
있다고 하는 말은 들었는데
안 된다 안 된다 하고
홍이야 홍이야 하고
그러거나 말거나 견디고 버티고
위하여 우리는 살아있어
위하여 오늘도 살아있어
위하여 크게 한번 웃는 거야
바람이 불면 떠나는 우리
세상을 향해 다시 또 한번
끝까지 살아내야 남자다 잉
끝까지 살아내야 남자다 잉"
아버지의 의자,140,정수라,"그 옛날 아버지가 앉아있던 의자에
이렇게 석고처럼 앉아 있으니
즐거웠던 지난날에 모든추억이
내 가슴 깊이 밀려들어요
언제였나요 내가 아주어렸을적에
아버지는 여기 앉아서 사랑스런 손길로
나를 어루만지며 정답게 말하셨죠
그리울 때 이 의자에 앉아 있으면
그때 말씀이 들릴 듯 해요
이렇게 앉아 있는 나를 바라보시며
어머니 눈시울은 젖어 있어요
아버지는 의자하나 남겨놓은채
지금 그 어디로 떠나셨나요
여기 앉아서 나는 꿈을 키워 왔어요
아버지의 체온속에서 따스했던 말씀과
인자하신 미소를 언제나 생각했죠
그리울 때 이 의자에 앉아 있으면
그때 그 모습이 보일듯해요"
구름 나그네,358,최헌,가다 말다 돌아서서 아쉬운 듯 바라본다미련없이 후회없이 남자답게 길을 간다눈물을 감추려고 하늘을 보니 정처 없는 구름나그네 어디로 가는걸까 아무말도 하지않고부는 바람 새소리에 고개 너머 님 찾으러눈물을 감추려고 하늘을 보니 정처 없는 구름나그네 어디로 가는걸까 아무말도 하지않고부는 바람 새소리에 고개 너머 님 찾으러
빙점,322,이미자,"이 몸이 떠나거든
아주 가거든
쌓이고 쌓인 미움
버려 주세요
못 다 핀 꽃망울이
아쉬움 두고
서럽게 져야 하는
작은 빙점
눈물도 얼어 붙는
차가운 빙점

마지막 가는 길을
서러워 않고
뭐든지 나 혼자서
지고 갑니다
소중한 첫사랑의
애련한 꿈을
모질게 꺾어버린
차거운 빙점
보람을 삼켜버린
차거운 빙점"
여여,815,금잔디,"돌아 보면 아쉬운듯 살아가야지
살면은 그 얼마나 우리 산다고
일일희비 아둥바둥 그 세월 속에
오늘도 우리 인생 분주롭구나
가진 사람 못 가진 사람
애당초 무엇 하나 달랐더냐
있으면 있는 대로
없으면 없는 대로 살아가야지
좋으면 좋은대로
싫으면 싫은대로
우리 인생 여여 지
오늘은 오늘이라 좋은 날이고
내일은 내일이라 좋은 날일세
마음 속의 무거운 짐 던져 버리고
오늘도 웃음으로 살아나 보세
가진 사람 못 가진 사람
애당초 무엇 하나 달랐더냐
있으면 있는 대로
없으면 없는 대로
살아가야지
좋으면 좋은 대로
싫으면 싫은 대로
우리 인생 여여지"
님 그리워,152,안다미,"아 비가 온다
아 세월 간다
밤하늘 바라보는
비는 오는데
저 멀리 흐르는 불빛
회색 빛 우산위로
우산 사이로
스쳐가는 저 불빛은
아련한 옛 그림자
옷깃을 여미고
추억에 젖은 밤아
가로수 잎새는
눈시울 적신다
가신님이 그리워
아 눈이 온다
아 세월 간다
가신님 그리움에
눈은 오는데
저 멀리 흐르는 불빛
회색 빛 우산위로
우산 사이로
스쳐가는 저 불빛은
아련한 옛 그림자
옷깃을 여미고
추억에 젖은 밤아
가로수 잎새는
눈시울 적신다
가신 님이 그리워
가로수 잎새는
눈시울 적신다
가신 님이 그리워"
보릿고개,"1,162",진성,"아이야 뛰지 마라
배 꺼질라
가슴 시린 보릿 고갯길
주린 배 잡고 물 한 바가지
배 채우시던
그 세월을 어찌 사셨소
초근 목피에 그 시절
바람결에 지워져 갈 때
어머님 설움 잊고 살았던
한 많은 보릿고개여
풀피리 꺾어 불던 슬픈 곡조는
어머님의 한숨이었소
아이야 우지 마라
배 꺼질라
가슴 시린 보릿 고갯길
주린 배 잡고 물 한 바가지
배 채우시던
그 세월을 어찌 사셨소
초근 목피에 그 시절
바람결에 지워져 갈 때
어머님 설움 잊고 살았던
한 많은 보릿고개여
풀피리 꺾어 불던 슬픈 곡조는
어머님의 한숨이었소
풀피리 꺾어 불던 슬픈 곡조는
어머님의 통곡이었소"
그리워서,592,신유,"창밖에 서린 너의 흔적이
날마다 나를 찾아와
잊을 수 없게 지울 수 없게
아프게 만들어
손끝에 번진 너의 흔적은
그 어떤 미련인 걸까
후회 없이 널 사랑했다고
믿고 싶었는데
그리워 네가 너무 그리워서
그리워 네가 보고 싶어서
사랑해 허공 속에 외쳐도
대답 없는 사람
가슴에 번진 너의 흔적은
그 어떤 미련인 걸까
후회 없이 널 사랑했다고
믿고 싶었는데
그리워 네가 너무 그리워서
그리워 네가 보고 싶어서
사랑해 허공 속에 외쳐도
대답 없는 사람
그리워 죽을 만큼 그리워서
그리워 네가 보고 싶어서
사랑해 허공 속에 외쳐도 음
대답 없는 사람
대답 없는 사람"
부기맨,707,홍진영,"끝내주네요 젠틀하네요
당신은 끝내주네요
보지말아요 자꾸보나요
설레게 빤히 보지말아요
흔들흔들해 맘이 흔들해
두근거리게 하는 이사람
당신은 대박이예요
너무 좋아요
부끄러워요 너무
부끄러워요 난 몰라요
당신만을
당신만을 기다려요
부기부기부기맨
나를 사랑한다해요
이렇게 일년이가고
십년이가도 나는 기다려요
부기부기부기맨
나를 원한다고 말해요
이렇게 애타게하면
애타게하면
아이야이야이야이야
맘에 없는 척 하지말아요
모른 척 하지말아요
고민 말아요 용기를 내요
고민고민 하지말아요
오고 있어요 오고 있어요
당신이 오고 있어요
기분이 대박이예요
너무좋아요
부끄러워요 너무
부끄러워요 난 몰라요
당신만을
당신만을 기다려요
부기부기부기맨
나를 사랑한다해요
이렇게 일년이가고
십년이가도
나는 기다려요
부기부기부기맨
나를 원한다고 말해요
이렇게 애타게하면
애타게하면
아이야이야이야이야
부기부기부기맨
나를 원한다고 말해요
이렇게 애타게하면
애타게하면 애타게하면
아이야이야이야이야
부기부기부기맨"
연정,"1,013",진해성,"이슬비가 내리네
눈물처럼 하염없이 내리네
못 다한 사랑의 눈물이더냐
아쉬움이더냐
아 사랑하던 사람아
내 눈물을 아는가
이슬비에 젖어 봄비에 젖어
사랑을 잃은 눈물에 젖어
사나이는 사나이는
말없이 떠나간다
이슬비가 내리네
눈물처럼 하염없이 내리네
떠나간 사랑의 눈물이더냐
그리움이더냐
아 떠나버린 사람아
내 눈물을 아는가
이슬비에 젖어 봄비에 젖어
이별에 맺힌 한숨에 젖어
사나이는 사나이는
말없이 떠나간다
이슬비에 젖어 봄비에 젖어
사랑을 잃은 눈물에 젖어
사나이는 사나이는
말없이 떠나간다"
사랑 반 눈물 반,"1,182",황윤성,"사랑 반 눈물 반
인생이란 그런 거잖아
믿어왔던 그 정도 그 사랑도
한 순간의 물거품이지
흩어지는 모래알처럼
부서진 옛 사랑을
뼛 속 깊이 사무치는 그리움 안고
애원한들 못 오는 사람아
밤하늘의 저 별들은 내 마음 알까
지지베베 저 새들도 내 마음 알까
사랑 반 눈물 반
밤하늘의 저 별들은 내 마음 알까
지지베베 저 새들도 내 마음 알까
사랑 반 눈물 반"
뻐꾸기 둥지 위로 날아간 새,"19,083",임영웅,"도대체 왜 이럴까
누가 좀 말려줘봐
왜 자꾸 어두워만지면은
밖으로 나가는지 모르겠어
오늘은 또 어디서
누구를 또 만날까
분명히 어제처럼
별 볼일 없이 끝날테지만
오늘밤이 이 세상에서
마지막이 될 것처럼
혼신의 힘을 다해서
춤추고 노래해 한마리 새처럼
내가 혼자라는 외로움이
그 안에 다시 못 들어오게
비라도 내리게 하늘을 찔러봐
저기 맑은 하늘 모두 다가
너의 세상이니까
도대체 몇명인지
셀수도 없을만큼
오늘밤 그대 곁에 왔다가 스쳐간
여자들은 많겠지만
어떻게 오셨나요
누구랑 오셨나요
똑같은 얘기들을
하고 있는 넌 뻐꾸기 같아
오늘밤에 누구라도
자기 짝을 찾기위해
혼신의 힘을 다해서
춤추고 노래해
한마리 새처럼 그냥 잠시라도
내 안에서 함께 할
사랑 찾고 싶어서
시간이 갈수록 불안해 지지만
그렇다고 다시 어제처럼
혼자이긴 싫었어
깨어진 어둠에 아침이 오나봐
주윌 둘러보고 알게됐어
오늘도 역시 혼자라는 걸
다시 또 혼자야 오늘도 혼자야
저기 너무 맑은 하늘 위로
새가 되어 버린 너"
삼백 리 한려수도,258,최향,"노을 진 한산섬에
갈매기 날으니
삼백리 한려수도
그림 같구나
굽이굽이 바닷길에
배가 오는데
임 마중 섬 색시의
풋 가슴 속은
빨갛게 빨갛게
동백꽃처럼 타오르네
바닷가에 타오른다네
달 밝은 한산섬에
기러기 날으니
삼백리 한려수도
거울 같구나
굽이굽이 바닷길에
밤은 깊은데
섬 색시 풋 가슴에
피는 사랑은
빨갛게 빨갛게
동백꽃처럼 피어나네
바위틈에 피어난다네
섬 색시 풋 가슴에
피는 사랑은
빨갛게 빨갛게
동백꽃처럼 피어나네
바위틈에 피어난다네
바위틈에 피어난다네"
돌리도,"2,747",양지은,"잘해 잘해 잘해 바라볼 때 잘해
너만 바라볼 때
잘해 잘해 잘해 있을 때 잘해
옆에 있을 때
돌리도 돌리도 내사랑 돌리도
첫눈에 뿅 갔다고
나 없이는 못산다고
죽자 살자 매달린
요놈의 사랑아
당신 사랑 깊이를
자로자로 재보니
일 미터도 못 되더라
잘해 잘해 잘해 바라볼 때 잘해
너만 바라볼 때
잘해 잘해 잘해
있을 때 잘해 옆에 있을때
한번 떠난 사랑은 다시 오지 않아
후회할 때는 이미 늦었어
돌리도 돌리도 내 사랑 돌리도
돌리도 돌리도 내 사랑 돌리도
잘해 잘해 잘해 바라볼 때 잘해
너만 바라볼 때
잘해 잘해 잘해
있을 때 잘해 옆에 있을 때
돌리도 돌리도 내 사랑 돌리도
첫눈에 뿅갔다고
나 없이는 못산다고
죽자 살자 매달린
요놈의 사랑아
당신 사랑 깊이를
자로자로 재보니
일 미터도 못되더라
잘해 잘해 잘해 바라볼 때 잘해
너만 바라볼 때
잘해 잘해 잘해
있을 때 잘해 옆에 있을 때
한번 떠난 사랑은 다시 오지 않아
후회할 때는 이미 늦었어
돌리도 돌리도 내 사랑 돌리도
돌리도 돌리도 내 사랑 돌리도
내 사랑 돌리도 돌려줘"
연하의 남자,"5,757",이찬원,"부를 땐 누나라고
누나라고 말하지만
내 마음은 설레이고 있어요
처음 본 순간부터
내 마음을 뺏겼어요
내 영혼을 흔들었어요
이제부턴 동생 아닌
남자로 봐 주세요
당신을 사랑합니다
내 사랑을 받아주세요
조건없이 다 드릴게요
당신에게 빠져 버린
당신에게 빠져 버린
나는 나는 연하의 남자
부를 땐 누나라고
누나라고 말하지만
내 마음은 설레이고 있어요
처음 본 순간부터
내 마음을 뺏겼어요
내 영혼을 흔들었어요
이제부턴 동생 아닌
남자로 봐 주세요
당신을 사랑합니다
내 사랑을 믿어주세요
행복하게 해드릴게요
당신에게 빠져 버린
당신에게 빠져 버린
나는 나는 연하의 남자
당신에게 빠져버린
당신에게 빠져 버린
나는 나는 연하의 남자"
티키타카,338,윤준협,"주거니 받거니 하는 맛인데
퍼 주다가 시간 가네
맘에 없는 리액션
멀어진 맘 다 보여요
주거니 받거니 했던 사랑도
다음 주면 마지막 회
돌고 도는 사랑아
이번엔 또 누굴까요
내 남은 사랑을 태워도
시소는 한쪽에 기울어
맞추고 맞춰도 안 되면
도대체 어쩌라고
주면 떠난 사랑
어떻게 하나같이 똑같은 여자
주고 받는 사랑
이제는 그런 사랑 하고 싶어요
티키타카
티키타카
티키타카
주거니 받거니 했던 사랑이
종점역에 다 와가요
제가 먼저 내려요
환승 버스 기다려요
내 남은 사랑을 태워도
시소는 한쪽에 기울어
맞추고 맞춰도 안 되면
도대체 어쩌라고
주면 떠난 사랑
어떻게 하나같이 똑같은 여자
주고 받는 사랑
이제는 그런 사랑 하고 싶어요
내가 주기만 해도
내가 바라만 봐도
한걸음 두걸음 맞춰갈
그런 사랑 기다려요
티키타카
티키타카
티키타카"
바람의 여인,"2,077",손태진,"바람의 여인
폭풍처럼 스쳐간 정열의 여인
불꽃처럼 타던 밤을 못 잊어

바람이 스쳐가듯 우연히 찾아와서
이렇게 내 마음 가져가 버린 여인

그대여 지금은 그 어느 하늘 아래
또 다른 사랑을 꿈꾸며 살아가나

내 영혼 모두를 앗아가 버린 여인

바람의 여인
폭풍처럼 스쳐간 정열의 여인
불꽃처럼 타던 밤을 못 잊어

운명의 여인이여 내게로 돌아와요
이렇게 그리워 이 밤도 눈물짓네

환상의 여인이여 꿈속의 여인이여
아련한 추억만 남기고 떠난 여인

그대여 지금은 그 어느 품 안에서
또 다른 사랑을 꿈꾸며 속삭이나

내 영혼 모두를 앗아가 버린 여인

바람의 여인
폭풍처럼 스쳐간 정열의 여인
불꽃처럼 타던 밤을 못 잊어

운명의 여인이여 내게로 돌아와요
이렇게 그리워 이 밤도 눈물짓네

바람의 여인
폭풍처럼 스쳐간 정열의 여인
불꽃처럼 타던 밤을 못 잊어

운명의 여인이여 내게로 돌아와요
이렇게 그리워 이 밤도 눈물짓네"
와인,789,최진희,"전화를 보면 걸고싶은 사람 난가요
하늘을 보면 떠오르는 얼굴 난가요
잠자리 들때 몹시 생각나는 사람도
나라면 정말 가슴벅찬 일일거야
와인에 취해 그대에 취해
꿈을 꾸는지 사랑을 하는건지 몰라
그대만 곁에 있으면 되요
이대로 꿈이 아니라면 좋겠어
내맘 몰라주면 싫어
때론 토라져서 울고
그래도 좋아 그대향기 와인처럼
전화를 보면 걸고싶은 사람 난가요
하늘을 보면 떠오르는 얼굴 난가요
잠자리 들때 몹시 생각나는 사람도
나라면 정말 가슴벅찬 일일거야
와인에 취해 그대에 취해
꿈을 꾸는지 사랑을 하는건지 몰라
그대만 곁에 있으면 되요
이대로 꿈이 아니라면 좋겠어
내맘 몰라주면 싫어
때론 토라져서 울고
그래도 좋아 그대향기 와인처럼
그래도 좋아 그대향기 와인처럼"
사랑해요 아버지,280,류원정,"사랑해요 아버지
아 난 모두 알아요
기쁨 절반 슬픔 절반
떠나는 내게 손짓하며
마음으론 못 보내는걸
이 세상에 나 하나 꽃을 키우듯
금이야 옥이야 길러 시집가는 날
아 떨리는 내 손을 잡아주며 웃으시던
주름진 그 얼굴 사랑해요 아버지
사랑해요 아버지
아 난 모두 알아요
보람 절반 걱정 절반
떠나는 내게 손짓하며
마음으론 못 보내는 걸
엄마 없는 지난날 외로움 대신
내게만 쏟은 정 두고 시집가는 날
아 남몰래 흐르는 내 눈물을 닦아주신
주름진 그 손길 사랑해요 아버지"
눈물때문에,70,장계현,"말없이 고개 숙인 너
울고 있는건가요
눈물이 마르기전에
나는 나는 떠나렵니다.
웃으며 보내줄 순 없나요
가슴에 남겨 둔채로
당신의 눈물 눈물 때문에
나는 떠날 수 없어
우우우 우우우
울지 울지마세요
하염없이 흘러내리는 눈물
나는 나는 못 떠납니다

말 없이 고개 숙인 너
울고 있는건가요
눈물이 마르기전에
나는 나는 떠나렵니다
웃으며 보내줄 순 없나요
가슴에 남겨 둔채로
당신의 눈물 눈물 때문에
나는 떠날 수 없어
우우우 우우우
울지 울지마세요
하염없이 흘러내리는 눈물
나는 나는 못 떠납니다
하염없이 흘러내리는 눈물
나는 나는 못 떠납니다"
가려거든,966,진해성,"가려거든 가려거든
가려거든 어서 가세요
다시는 다시는 돌아오지 마세요
붙잡지는 않겠어요
더 좋은 사람 만나 행복하게
행복하게 살 테니 떠나가세요
가려거든 가려거든
미련 없이 떠나가세요
미련 때문에 울 만큼은
나 그대를 사랑하지 않았어요
가려거든 가려거든
가려거든 어서 가세요
다시는 다시는 돌아오지 마세요
붙잡지는 않겠어요
더 좋은 사람 만나 행복하게
행복하게 살 테니 떠나가세요
가려거든 가려거든
미련 없이 떠나가세요
미련 때문에 울 만큼은
나 그대를 사랑하지 않았어요
나 그대를 사랑하지 않았어요"
남자는 말합니다,"3,380",장민호,"여행 갑시다 나의 여자여
하나 뿐인 나의 여자여
상처투성이 병이
들어 버린 당신
여행가서 낫게 하리다
나란 사람 하나만
믿고 같이 살아온
바보 같이 착한 사람아
남자는 말합니다
고맙구요 감사해요
오직 나만 아는 사람아
안아봅시다 나의 여자여
하나 뿐인 나의 여자여
고운 얼굴에 쓰여진
슬픈 이야기
오늘 밤에 지워 봅시다
나란 사람 하나만
믿고 같이 살아온
바보 같이 착한 사람아
남자는 말합니다
고맙구요 감사해요
오직 나만 아는 사람아
나란 사람 하나만
믿고 같이 살아온
바보 같이 착한 사람아
남자는 말합니다
고맙구요 감사해요
오직 나만 아는 사람아
오로지 나만 아는 사람아"
뜨거운 안녕,365,공소원,"남자답게 말하리라 안녕이라고
뜨겁게 뜨겁게 안녕이라고
또 다시 말해주오
사랑하고 있다고
별들이 다정히
손을 잡는 밤
기어이 떠난다면
보내드리리
너무도 깊이 맺힌
그날 밤 입술
긴 긴 날 그리워
몸부림쳐도
남자답게 말하리라 안녕이라고
뜨겁게 뜨겁게 안녕이라고
뜨겁게 뜨겁게 안녕이라고"
느낌이 좋아,"2,087",신지,"오늘따라 느낌이 좋아
아이처럼 기분이 좋아
어떡해 난 니가 참 좋아
사랑한다 고백할 거야
안아달라 졸라댈 거야
오늘따라 왠지 느낌이 좋아
술 한잔 마셨더니 또 분위기 좋아
내 얼굴이 자꾸 달아올라
철없는 남자인 걸 알고 있지만
내겐 누구보다 착한 내 남자
오 난 사랑하나 봐
자꾸 내 가슴이 터질 것 같아
오늘따라 느낌이 좋아
아이처럼 기분이 좋아
어떡해 난 니가 참 좋아
사랑한다 고백할 거야
안아달라 졸라댈 거야
오늘따라 왠지 느낌이 좋아
오늘따라 느낌이 좋아
가진 게 없어도 넌 그냥 멋진 남자
욕심 없이 나를 택한 남자
난 너만 있으면 다 줄 수 있는데
나의 마음 전부 니가 가져가
오 나 사랑하나 봐
자꾸 내 가슴이 터질 것 같아
오늘따라 느낌이 좋아
아이처럼 기분이 좋아
어떡해 난 니가 참 좋아
사랑한다 고백할 거야
안아달라 졸라댈 거야
오늘따라 왠지 느낌이 좋아
내일이면 사라질까 봐
한눈팔면 멀어질까 봐
너만 자꾸 바라보잖아
다신 너를 놓지 않을래
오직 너만 사랑할 거야
오늘따라 왠지 느낌이 좋아"
보약 같은 친구,"13,944",임영웅,"보약 같은 친구야
아침에 눈을 뜨면
제일 먼저 생각나는
자네는 좋은 친구야
피한방울 섞이지 않은
우리 두사람
전생에 인연일거야
자식보다 자네가 좋고
돈보다 자네가 좋아
자네와 난 보약같은 친구야
아아아 사는날까지
같이 가세 보약같은 친구야
보약 같은 친구야
사랑도 해봤고
이별도 해봤지
사는거 별거 없더라
언제갈지 모르는 인생
우리 둘이서
웃으며 살아가보자
자식보다 자네가 좋고
돈보다 자네가 좋아
자네와 난 보약같은 친구야
아아아 사는날까지
같이 가세 보약같은 친구야"
촌스러운 사랑노래 (By 요요미),"3,069",박진영PD,"촌스러운 사랑 노래에 내가 울어요
유치한 드라마를 보다가 내가 울어요
당신이 떠나고 내가 고장 났나 봐요
떠난 그대 자꾸 기다려요
영원히 날 사랑한다는 말을
너무 많이 믿었나 봐요
나밖에 없다는 말을
바보같이 내가 믿었나 봐요
전에 헤어질 땐
이렇게 울지 않았는데
이번에는 사랑이 좀 깊었었나 봐요
촌스러운 사랑 노래에 내가 울어요
유치한 드라마를 보다가 내가 울어요
당신이 떠나고 내가 고장 났나 봐요
떠난 그댈 자꾸 기다려요
전에 헤어질 땐
이렇게 울지 않았는데
이번에는 사랑이 좀 깊었었나 봐요
촌스러운 사랑 노래에 내가 울어요
유치한 드라마를 보다가 내가 울어요
당신이 떠나고 내가 고장 났나 봐요
떠난 그대 자꾸 기다려요
떠난 그대 자꾸 기다려요"
여자 여자 여자,"13,063",임영웅,"아픔을 달래는 여자
고개 숙여 우는 그 여자
이 세상에 약한 것이
여자 여자 여자
당신 내 마음 몰라요
내 진정 당신의 사랑이
얼마나 필요한지 몰라요
때로는 당신의 마음을
아프게도 하지만
그래도 오로지
나만의 남자 남자 남자
행복을 꿈꾸는 여자
사랑을 기다리는 여자
그런 여자 여자 여자
고독을 달래는 여자
세월 속에 지친 그 여자
이 세상에 약한 것이
여자 여자 여자
당신 내 마음 몰라요
내 진정 당신의 사랑이
얼마나 필요한지 몰라요
때로는 당신의 마음을
이해할 순 없지만
그래도 소중한
나만의 남자 남자 남자
행복을 꿈꾸는 여자
사랑을 기다리는 여자
그런 여자 여자 여자
그런 여자 여자 여자"
철없던 사랑,390,은가은,"철없던 마음으로 사랑을 나누었지
미움도 모르는 채 이별도 모르는채
불타는 가슴으로 서로를 느끼면서
영원토록 향기로운 우리의 사랑이여
이별은 싫어
추억의 그림자가 너무 많아
그리워져요 철없던 우리 사랑이
내사랑 그대 그대여
다시 한 번 사랑해요
아름다워요 철없던 사랑이
이별은 싫어
추억의 그림자가 너무 많아
그리워져요 철없던 우리 사랑이
내사랑 그대 그대여
다시 한 번 사랑해요
아름다워요 철없던 사랑이
이별은 싫어
추억의 그림자가 너무 많아
그리워져요 철없던 우리 사랑이
내사랑 그대 그대여
다시 한 번 사랑해요
아름다워요 철없던 사랑이"
우리 엄마,129,신유,"하늘이시여 오 하늘이시여
세상에 이런 일이
어디에 있습니까
한 평생 자식 위해
눈물 꽃을 피우신
우리 엄마 돌려주세요
살아생전 자식 위해
가슴 조이시더니
아 그렇게 떠나셨나요
어머니 그 가슴을
안을 수가 없어요
영원히 영원히 가슴에
사랑을 사랑을 묻어주세요
사랑해요 사랑합니다
하늘이시여 오 하늘이시여
세상에 이런 일이
어디에 있습니까
당신은 다 잊은 채
자식만을 위하신
우리 엄마 돌려주세요
어젯밤은 무서리에
춥진 않으셨나요
아 외롭지 않으셨나요
어머니 그 가슴을
느낄 수가 없어요
영원히 영원히 이 자식
사랑을 사랑을 잊지 마세요
사랑해요 나의 어머니
사랑해요 나의 어머니"
나만 믿고 따라와,390,민수현,"너는 나만 믿고 따라와
내가 널 지켜줄 거야
네가 없으면 나도 없는 거야
난난난 나는 너를 사랑해
넌넌넌 너는 내가 필요해
한번쯤 너를 내게 맡겨봐
넌넌넌 내가 책임질 거야
너는 나만 믿고 따라와
내가 널 지켜줄 거야
네가 없으면 나도 없는 거야
너는 나만 믿고 따라와
너는 나만 믿고 따라와
내가 너를 지켜줄 거야
내가 너를 지켜줄 거야
내가 너와 함께 가는 길이 힘들지라도
오직 한결 같은 그 사랑 그 사랑으로
너를 지켜줄 거야
그대와 나 우리 둘이 함께 한다면
두려울 게 뭐야 힘이 들 게 뭐야
걱정일랑 허덜 말고 내가 안아줄게
내가 지켜줄게 내가 책임지어볼게
난난난 나는 너를 사랑해
넌넌넌 너는 내가 필요해
한번쯤 너를 내게 맡겨봐
넌넌넌 내가 책임질 거야
너는 나만 믿고 따라와
내가 널 지켜줄 거야
네가 없으면 나도 없는 거야
너는 나만 믿고 따라와
너는 나만 믿고 따라와
내가 너를 지켜줄 거야
내가 너를 지켜줄 거야
내가 너와 함께 가는 길이 힘들지라도
오직 한결 같은 그 사랑 그 사랑으로
너를 지켜줄 거야
너와 함께 갈 거야
너를 위해 살 거야"
눈물비,61,박성온,"눈물비 주루루 내리면
내겐 우산 같던 한 사람
세상 아픔들을 대신 맞아주고
나를 지켜주던 한 사람
미안해요 미안해요
사랑해요 사랑해요
비 개인 하늘은 저리 맑은데
마음에 빗물은 그치지 않아
미안한 마음은 먹물이 되어
가슴에 번져가네요
오오 못해준 기억이 많아
너무 멀리 가버린 사람
눈물비 주루루 내리면
내겐 우산 같던 한 사람
세상 아픔들을 대신 맞아주고
나를 지켜주던 한 사람
미안해요 미안해요
사랑해요 사랑해요

오오 못해준 기억이 많아
너무 멀리 가버린 사람
눈물비 주루루 내리면
내겐 우산 같던 한 사람
세상 아픔들을 대신 맞아주고
나를 지켜주던 한 사람
미안해요 미안해요
사랑해요 사랑해요"
미안한 사랑,663,진시몬,"이래선 안된다고 몇번이고 나를 짓눌러

다시 태어날수 있다면 그대의 사람일테니

그댈 생각하면서 너를 만나 한숨지으며

미안한 마음조차 없이 사랑을 바꾸려해

사랑할수록 알아갈수록 늪에 빠져 가는 나의 모습

조심스럽게 너를 속이며 그댈향해 가는 발걸음

이래선 안된다고 몇번이 나를 짓눌러

다시 태어날수 있다면 그대의 영원한 사람될텐데



진실했던 나의 소중한 사랑이 떠나가네

사랑할수록 알아갈수록 늪에빠져 가는 나의 모습

조심스럽게 너를 속이며 그댈향해 가는 발걸음

미안한 마음조차 없어서 그래서 사랑을 바꾸려해

사랑할수록 알아갈수록 늪에빠져 가는 나의 모습

조심스럽게 너를 속이며 그댈향해 가는 발걸음

돌이킬수없는 발걸음

흑산도 장준호"
닻별가,"2,826",박서진,"변치 않는 별들을 만나
오늘은 기분 좋은 날
사랑타고 날아온 닻별들
당신이 내 맘을 설레이게 해
기분이 좋아 오늘은 기분이 좋아
그대 당신이 부르는 콧노래 소리
기분이 좋아 오늘은 기분이 좋아
가장 좋은 날 행복해 닻별이 있어
기분 좋은 날
변치 않는 별들을 만나
오늘은 기분 좋은 날
사랑타고 날아온 닻별들
당신이 내 맘을 설레이게 해
기분이 좋아 오늘은 기분이 좋아
그대 당신이 부르는 콧노래 소리
기분이 좋아 오늘은 기분이 좋아
가장 좋은 날 행복해 닻별이 있어
기분 좋은 날
기분이 좋아 오늘은 기분이 좋아
그대 당신이 부르는 콧노래 소리
기분이 좋아 너무나 기분이 좋아
가장 좋은 날 행복해 닻별이 있어
기분 좋은 날"
벤치,158,한강,"내 무릎에 털썩 앉아봐
언제나 너의 벤치로 살 거야
아무 때라도 허전하면
내 가슴에다 기대봐
가다가 길 가다가
피곤해지면 내게 와
너만이 나의 주인이잖아
너만 쉬어 가도록
너 올 때까지 기다릴게
비를 맞고 와도 돼
술 취해서 와도 돼
나는야 너의 벤치야
가다가 길 가다가
피곤해지면 내게 와
너만이 나의 주인이잖아
너만 쉬어 가도록
너 올 때까지 기다릴게
아침 일찍 와도 돼
저녁 늦게 와도 돼
나는야 너의 벤치야
비를 맞고 와도 돼
술 취해서 와도 돼
나는야 너의 벤치야"
꿩먹고 알먹고,365,김다현,"그 마음을 품고서
어딜 왔느냐
보고 싶은 그 사람
찾아가야지

사랑도 미움도
이제는 믿지 않으랴
훨훨 날아가련다

우연 다 말은 했지만
이마음 몰라요
어려운 내 사랑 길도
어찌 가려나

그 사랑 저 사랑
이 마음 다 알아도
내 사랑 내 마음 난 몰라요
바보 같은 인생
요술 같은 운명
내 사랑 그 사랑
함께 가져갈래요

사랑이라 해놓고
어딜 갔느냐
천생연분
나만 바라본다 하고

아사랑 미운 놈 다시는
믿지 않으랴
훨훨 날아가련다

질긴 내 사랑 인연도
어쩔 수 없나 봐
돌아온 내 사랑 인연
어찌 가려나

그 사랑 저 사랑
이 마음 다 알아도
내 사랑 내 마음 난 몰라요
갖고 싶은 마음 품고
싶은 사랑 꿩먹고 알먹는
나의 사랑 인생

저 사랑 이 마음 다 알아도
내 사랑 내 마음 난 몰라요
갖고 싶은 마음
품고 싶은 사랑
꿩먹고 알먹는
나의 사랑 인생"
파도,317,배호,"부딪쳐서 깨어지는 물거품만 남기고
가버린 그사람을 못잊어 웁니다
파도는 영원한데 그런사랑을
맺을수도 있으련만 밀리는 파도처럼
내사랑도 부서지고 물거품만 맴을도네

그렇게도 그리운정 파도속에 남기고
지울수 없는 사연 괴로워 웁니다
추억은 영원한데 그런이별은
없을수도 있으련만 울고픈 이순간에
사무치는 괴로움에 파도만이 울고가네"
잘살꺼야,495,태진아,"잘 사는 날이 올 꺼야
잘 사는 날이 올 꺼야
포기는 하지 말아요
저 높은 하늘을 봐요
우리의 꿈이 있잖아
이리 보고 저리 봐도
우리 사이 좋은 사이
잘 살 꺼야 잘 살 꺼야
우리 모두 잘 살 꺼야
잘 사는 날이 올 꺼야

잘 사는 날이 올 꺼야
잘 사는 날이 올 꺼야
포기는 하지 말아요
저 높은 하늘을 봐요
우리의 꿈이 있잖아
이리 보고 저리 봐도
우리 사이 좋은 사이
잘 살 꺼야 잘 살 꺼야
우리 모두 잘 살 꺼야
잘 사는 날이 올 꺼야
잘 살 꺼야 잘 살 꺼야
우리 모두 잘 살 꺼야
잘 사는 날이 올 꺼야
잘 사는 날이 올 꺼야"
왜 말을 못해,830,홍자,"니가 나를 알면
얼마나 안다고
내 가슴을 아프게 하나
시작도 없는 사랑 뭐가 그리 바빠서
그리 혼자 호들갑 떠나요
아니면 다른사람 숨겨놓았나요
그것도 아니면 벌써 미워 졌나요
왜 말을 못해
뭐가 무서워
사랑한다 왜 말 못 하나
거짓말 인가
내게 했던 말
모두 다 거짓말 인가요
니가 나를 알면
얼마나 안다고
내 마음을 울리게하나
시작도 없는 사랑 뭐가 그리 바빠서
그리 혼자 호들갑 떠나요
아니면 다른사람 사랑하고 있나요
그것도 아니면 벌써 미워 졌나요
왜 말을 못해
뭐가 두려워
사랑한다 왜 말 못 하나
거짓말 인가
내게 했던 말
모두 다 거짓말 인가요"
모르나봐,179,이혜리,"모르나봐 모르나봐
내 마음 모르시나봐
빨간 립스틱 바른 이유
립스틱을 바른 이유를
모르나봐 모르나봐
정말로 모르시나봐
빨간 메니큐어 바른 이유
메니큐어 바른 이유를
어떻게 말로하나
지금 내 심정을
어떻게 표현하나 이 내 마음을
살며시 내손을 잡아준다면
애인이 되여줄텐데
모르나봐 모르나봐
정말로 모르시나봐
모르나봐 모르나봐
내 마음 모르시나봐
빨간 립스틱 바른 이유
립스틱을 바른 이유를
모르나봐 모르나봐
정말로 모르시나봐
빨간 메니큐어 바른 이유
메니큐어 바른 이유를
어떻게 말로 하나
지금 내 심정을
어떻게 표현하나 이 내 마음을
살며시 내 손을 잡아준다면
애인이 되어 줄텐데
모르나봐 모르나봐
정말로 모르시나봐
정말로 모르시나봐"
너의 곁으로,"13,614",조성모,"넌 알고 있니 난 말야
너의 하얀 웃음이 자꾸만 기억나
바보처럼 웃게 돼
나보다 먼저 내 눈이
니가 그리워 널 찾아 가는지
늘 너를 보게 돼
나는 익숙하지 않아서
누구도 사랑한 적 없어서
자꾸 커져가는 너를 지워보지만
너를 사랑해도 되겠니
우리 시작해도 되겠니
나의 상처 많은 가슴이
너를 울게 할지도 몰라
사랑 말로 할 줄 몰라서
너를 안을 줄을 몰라서
내가 줄 수 있는 마음만으로
널 지켜낼 용기없는 날
사랑해 주겠니
난 익숙해져 버렸어
너의 하얀 웃음이 아침을 깨우는
나의 삶이 되었어
난 기대하고 있었어
너의 하루에도 내가 있기를
더 바라게 됐어
가끔 너의 눈빛 속에서
나 아닌 누군가를 볼 때면
벼랑 끝에선 듯 절망이 날 깨웠어
너를 사랑해도 되겠니
우리 시작해도 되겠니
나의 상처 많은 가슴이
너를 울게 할지도 몰라
사랑 말로 할 줄 몰라서
너를 안을 줄을 몰라서
내가 줄 수 있는 마음만으로
널 지켜낼 용기없는 날
사랑해 주겠니
사랑 믿어본 적 없어서
사랑해 본 적도 없어서
텅 빈 가슴으로 살아가던 날
가득히 넌 채우고 있어
너의 사랑으로"
한 번뿐인 기적,"3,674",장민호,"어디가 시작이고 끝은 어딘지
힘든 무게로 살아온 세월
행복의 답을 찾지 못해서
방황하며 나를 다 버렸었지
내 삶의 쉼터가 그대라는 걸
운명처럼 이제야 알았을까
그대가 아닌 어느 누가 날
그대만큼 위로해줄 수 있을까
그 누가 감히 그대를 나하고 비교할까
내겐 한 번뿐인 기적 바로 그댄데
인생의 마지막 끝에 서있을 때
그땐 내가 그댈 지켜줄게
인생은 다 그렇고 그런 거라며
방황하는 날 잡아준 사람
행복의 답을 가르쳐주며
살만하니 용기내라 말해줬지
그 누가 감히 그대를 나하고 비교할까
내겐 한 번뿐인 기적 바로 그댄데
인생의 마지막 끝에 서있을 때
그땐 내가 그댈 지켜줄게
현실과 꿈에서 누가 감히
그댈 나하고 비교할까
내겐 한 번뿐인 기적 바로 그댄데
인생의 마지막 끝에 서있을 때
그땐 내가 그댈 지켜줄게"
사랑은 눈물의 씨앗 (2022 Ver.),"4,453",정동원,"사랑이 무어냐고 물으신다면
눈물의 씨앗이라고 말하겠어요
먼 훗날 당신이
나를 버리진 않겠지요
서로가 헤어지면
모두가 괴로워서 울 테니까요
사랑이 무어냐고 물으신다면
눈물의 씨앗이라고 말하겠어요
먼 훗날 당신이
나를 버리진 않겠지요
서로가 헤어지면
모두가 괴로워서 울 테니까요
이별이 무어냐고 물으신다면
눈물의 씨앗이라고 대답할 테요
먼 훗날 당신이
나를 버리진 않겠지요
서로가 헤어지면
모두가 괴로워서 울 테니까요
울 테니까요"
인생은 직진,117,수진 (Sujin),"인생이란 그런 거예요
좋았다가 힘들었다 그래요
소중히 간직한 꿈을 안고서
그냥 앞만 보고 달려요
내 삶의 핸들을 꽉 잡고서
열정의 페달을 더 밟아요
어딜 가든 다 괜찮으니까
유턴만 하지 말아요
인생은 직진이야 가는 거야
인생은 직진이야 가는 거야
인생은 직진이야
가도 가도 앞이 꽉 막혀
왜 이리도 삶이 막막 혀
알듯 말 듯 풀릴 듯 말 듯
내일을 모르니께 답답 혀
그래도 우리 모두 포기는 말고
Go or stop 일단은 고
쨍하고 해 뜰 날이 올 겁니다
일단 가보자고
인생이란 그런 거예요
좋았다가 힘들었다 그래요
소중히 간직한 꿈을 안고서
그냥 앞만 보고 달려요
내 삶의 핸들을 꽉 잡고서
열정의 페달을 더 밟아요
어딜 가든 다 괜찮으니까
유턴만 하지 말아요
인생은 직진이야 가는 거야
인생은 직진이야 가는 거야
인생은 직진이야
얼씨구 지화자 좋구나
절씨구 지화자 좋다
세상이 요지경이구만
이리로 저리로 흔들어보자
걱정은 떨쳐버리고
고민은 날려버리고
모 아니면 도
일단 한번 더 가보자고
인생은 직진이야 가는 거야
인생은 직진이야 가는 거야
돌고 도는 인생사 잘 살아보세
돌고 도는 인생사 잘 살아보세
인생은 직진이야"
막걸리 한잔,466,진욱,"막걸리 한 잔

온 동네 소문났던 천덕꾸러기
막내아들 장가가던 날
앓던 이가 빠졌다며 덩실 더덩실
춤을 추던 우리 아버지
아버지 우리 아들 많이 컸지요
인물은 그래도 내가 낫지요
고사리 손으로 따라주는 막걸리 한잔
아버지 생각나네
황소처럼 일만 하셔도
살림살이는 마냥 그 자리
우리 엄마 고생시키는
아버지 원망했어요
아빠처럼 살긴 싫다며
가슴에 대못을 박던
못난 아들을 달래주시며
따라주던 막걸리 한잔
따라주던 막걸리 한잔

아장아장 아들 놈이 어느새 자라
내 모습을 닮아버렸네
오늘따라 아버지가 보고 싶어서
그날처럼 막걸리 한잔
아버지 우리 아들 많이 컸지요
인물은 그래도 내가 낫지요
고사리 손으로 따라주는 막걸리 한잔
아버지 생각나네
황소처럼 일만 하셔도
살림살이는 마냥 그 자리
우리 엄마 고생시키는
아버지 원망했어요
아빠처럼 살긴 싫다며
가슴에 대못을 박던
못난 아들을 달래주시며
따라주던 막걸리 한잔
따라주던 막걸리 한잔"
당신이 좋아,"2,710",장민호,"그대는 내 사랑
당신도 내 사랑
이세상의 그 무엇도
쨉이 안되지
원앙이 따로있나 우리가 원앙이지
환상의 해피한 원앙이지
아 꿀맛 같은
그대 사랑에
내 인생을 걸었잖아
비가 와도 좋아 눈이 와도 좋아
바람 불어도 좋아
좋아 좋아 당신이 좋아
그대는 내 운명
당신도 내 운명
하늘아래 누가 와도
쨉이 안되지
그댄 꽃 중에 꽃
당신은 벌나비
환상의 해피한 꽃과 나비지
아 꿀맛 같은 그대 사랑에
내 인생을 걸었잖아
비가 와도 좋아 눈이 와도 좋아
바람 불어도 좋아
좋아 좋아 당신이 좋아
아 꿀맛 같은 그대 사랑에
내 인생을 걸었잖아
비가 와도 좋아 눈이 와도 좋아
바람 불어도 좋아
좋아 좋아 당신이 좋아
좋아 좋아 당신이 좋아"
사랑가,350,주현미,"1.에라 좋구나 에라 좋구나 우리함께 춤을 춰보자
세상시름 다잊고 흥에 겨워서 얼싸안고 춤을 춰보자
부어라 마시어라 한잔의 술을
그대와 둘이서 정들어 가는 밤
시간아 가지를 마라 나를 두고 가지를 마라
날이 새면 내사랑 떠나간다

2.에라 좋구나 정말 좋구나 우리함께 춤을 춰보자
슬픔일랑 저강물에 던져버리고 얼싸안고 춤을 춰보자
가슴에 타오르는 사랑의 불꽃
빨갛게 빨갛게 물들어 가는 밤
시간아 가지를 마라 나를 두고 가지를 마라
날이 새면 내사랑 떠나간다

부어라 마시어라 한잔의 술을
그대와 둘이서 정들어 가는 밤
시간아 가지를 마라 나를 두고 가지를 마라
날이 새면 내사랑 떠나간다"
추억의 소야곡,185,남인수,"다시 한 번 그 얼굴이
보고 싶어라
몸부림 치며 울며
떠난 사람아
저 달이 밝혀주는 이 창가에서
이 밤도 너를 찾는
이 밤도 너를 찾는 노래 부른다
바람 결에 너의 소식
전해 들으면
행복을 비는 마음 애달프구나
불러도 대답 없는
흘러 간 사랑
차라리 잊으리라
차라리 잊으리라 맹세 슬프다"
천상재회,315,진시몬,"그대는 오늘밤도
내게 올순 없겠지
목메어 애타게 불러도
대답없는 그대여
못다한 이야기는
눈물이 되겠지요
나만을 사랑했다는 말
바람결에 남았어요
끊을수 없는
그대와 나의 인연은
운명이라 생각했죠
가슴에 묻은
추억의 작은 조각들
되돌아 회상하면서
천상에서 다시 만나면
그대를 다시 만나면
세상에서 못다했던 그사랑을
영원히 함께할래요

끊을수 없는
그대와 나의 인연은
운명이라 생각했죠
가슴에 묻은
추억의 작은 조각들
되돌아 회상하면서
천상에서 다시 만나면
그대를 다시 만나면
세상에서 못다했던 그사랑을
영원히 함께할래요
세상에서 못다했던
그사랑을 영원히 함께할래요"
꿈속의 사랑,446,장윤정,"사랑해선 안 될 사람을
사랑하는 죄이라서
말 못하는 내 가슴은 이 밤도
울어야 하나
잊어야만 좋을 사람을
잊지 못한 죄이라서
소리없이 내 가슴은 이 밤도
울어야 하나
아 사랑 애달픈 내 사랑아
어이 맺은 하룻밤의 꿈
다시 못 볼 꿈이라면 차라리
눈을 감고 뜨지 말 것을
사랑해선 안 될 사람을
사랑하는 죄이라서
말 못하는 내 가슴을 이 밤도
울어야 하나
아 사랑 애달픈 내 사랑아
어이 맺은 하룻밤의 꿈
다시 못 볼 꿈이라면 차라리
눈을 감고 뜨지 말 것을
사랑해선 안 될 사람을
사랑하는 죄이라서
말 못하는 내 가슴을 이 밤도
울어야 하나"
천년지기,91,미스터 팡,"너는 정말 좋은 친구야
내가 지쳐 있을 때 내가 울고 있을 때
위로가 되어준 친구
너는 나의 힘이야 너는 나의 보배야
천년지기 나의 벗이야
친구야 우리 우정의 잔을
높이 들어 건배를 하자
같은 배를 함께 타고 떠나는 인생길
네가 있어 외롭지 않아
너는 정말 좋은 친구야

내가 외로워 할때 내가 방황을 할 때
위로가 되어준 친구
너는 나의 힘이야 너는 나의 보배야
천년지기 나의 벗이야
친구야 우리 우저의 잔을
높이 들어 건배를 하자
같은 배를 함께 타고 떠나는 인생길
네가 있어 외롭지 않아
너는 정말 좋은 친구야

친구야 우리 우정의 잔을
높이 들어 건배를 하자
같은 배를 함께 타고 떠나는 인생길
네가 있어 외롭지 않아
너는 정말 좋은 친구야"
천리 먼 길,328,박우철,"그리운 님을 찿아
님을 찾아 천리길
보고싶어 내가 왔네
산넘고 물건너서
그러나 변해버린
사랑했던 그 사람
한번준 마음인데
그럴수가 있을까
천리먼길 찾아왔다
돌아서는 이 발길
그리운 님을 찿아
님을 찾아 천리길
못 잊어서 내가 왔네
별따라 구름따라
그러나 남남이 된
오지 못 할 그 사람
한번준 사랑인데
잊을 수가 있을까
천리먼길 찾아왔다
돌아서는 이 발길"
남자라는 이유로,387,나훈아,"누구나 웃으면서 세상을 살면서도
말 못할 사연 숨기고 살아도
나 역시 그런 저런 슬픔을 간직하고
당신 앞에 멍하니 서있네
언제 한 번 가슴을 열고 소리 내어
소리 내어 울어 볼 날이
남자라는 이유로 묻어두고 지낸
그 세월이 너무 길었어
저마다 처음인 듯 사랑을 하면서도
쓰라린 이별 숨기고 있어도
당신도 그런 저런 과거가 있겠지만
내 앞에선 미소를 짓네
언제 한 번 가슴을 열고 소리 내어
소리 내어 울어 볼 날이
남자라는 이유로 묻어두고 지낸
그 세월이 너무 길었어
언제 한 번 그런 날 올까요
가슴을 열고
소리 내어 울어 울어 볼 날이
남자라는 이유로 묻어두고 지낸
그 세월이 너무 길어요"
비껴간 맹세,361,박우철,"울지 못해 웃어버린
엇 갈린 운명이기에
잡지 못해 후회하는
맹세는 허무하더라
가슴 한 곳이 비어있는
채우지 못한 사랑
비켜가는 인연이라면
세월속에 묻어야 하지만
사랑이 모두다 주는거라면
미련 마저 주어야겠지
울지 못해 웃어버린
엇 갈린 운명이기에
잡지 못해 후회하는
맹세는 허무하더라
가슴 한 곳이 비어있는
채우지 못한 사랑
비켜가는 인연이라면
세월속에 묻어야 하지만
사랑이 모두다 주는거라면
추억 마저 주어야겠지
비켜가는 인연이라면
세월속에 묻어야 하지만
사랑이 모두다 주는거라면
눈물마저 주어야겠지"
만고땡,260,허민영,"오늘도 술 한 잔을 걸치셨나요
사랑에 가슴 아파 목메었나요
내 인생만 왜 이런가 싶나요
내게만 힘든 일이 온 것 같나요
고난은 왜 한 번에 찾아올까요
그대여 너무나 슬퍼 말아요
다 만고땡이야
다 만고땡이야
다 만고땡이야
다 만고땡이야
친구가 뒤통수를 때리셨나요
옆집에 아저씨가 건물 샀나요
왜 나만 안되는가 싶나요
이런 일 저런 일 또 겪다 보면은
좋은 날 올 때가 꼭 있을 거예요
그대여 조금만 힘을 내세요
다 만고땡이야
다 만고땡이야
다 만고땡이야
다 만고땡이야
가슴 아픈 날 있겠지만
서러운 날 있겠지만
없는 날이 많을 거야
다 만고땡이야
다 만고땡이야
다 만고땡이야"
지나야,189,진성,"한때는 사랑했던 사람
한때는 죽고 못 살던 사람
지금은 남이 되어 곁에 없지만
그래도 나는 아직도 나는 사랑은
나를 두고 멀리 떠났지만
사랑을 남기고 간 것들은
수많은 별이 되어 밤을 설치네
그저께 밤도 어저께 밤도
어디서 무얼 하고 있을까
나를 아주 잊었을까
어쩌다가 우연이라도 좋아
다시 한 번 만나고 싶어
지나야 지나야 지나야
내가 더 널 사랑했나 봐
한때는 사랑했던 사람
한때는 죽고 못 살던 사람
지금은 남이 되어 곁에 없지만
그래도 나는 아직도 나는 사랑은
나를 두고 멀리 떠났지만
사랑을 남기고 간 것들은
수많은 별이 되어 밤을 설치네
그저께 밤도 어저께 밤도
어디서 무얼 하고 있을까
나를 아주 잊었을까
어쩌다가 우연이라도 좋아
다시 한 번 만나고 싶어
지나야 지나야 지나야
내가 더 널 사랑했나 봐"
첫차,"22,053",임영웅,"새벽안개 헤치며 달려가는
첫차에 몸을 싣고 꿈도 싣고
내 마음 모두 싣고 떠나갑니다
당신을 멀리멀리
이루지 못할 사랑이라면
내가 먼저 떠나가야지
꿈같은 세월 짧았던 행복
생각이 나겠지만
아쉬운 정도 아쉬운 미련도
모두 다 잊겠어요
새벽안개 헤치며 달려가는
첫차에 몸을 싣고 꿈도 싣고
내 마음 모두 싣고 떠나갑니다
당신을 멀리멀리
멀어지는 당신을 생각하면
가슴을 적셔오는 지난 추억
어차피 잊어야 할 사람인 것을
이토록 슬퍼질까
이루지 못할 사랑이라면
내가 먼저 떠나가야지
꿈같은 세월 짧았던 행복
생각이 나겠지만
아쉬운 정도 아쉬운 미련도
모두 다 잊겠어요
새벽안개 헤치며 달려가는
첫차에 몸을 싣고 꿈도 싣고
내 마음 모두 싣고 떠나갑니다
당신을 멀리멀리
당신을 멀리멀리"
왔구나 왔어,890,강혜연,"왔구나 왔어요
왔구나 왔어요
왔어 왔어요 사랑이 왔어요
매일같이 오는 사람 아니에요
여기 왔어요 내 앞에 왔어요 오
정말 잡고 싶어요
왔어 왔어요 드디어 왔어요
내일이면 떠날지도 모르는 걸
오늘이 아니면 놓칠지 몰라요 오
당장 잡아 볼까요
사랑은 늘 예고 없이 찾아 온대요
첫눈에 난 반해버렸죠
어떡하면 내 사람 만들까 오오
왔구나 오 니가 왔어
오래 기다렸던 나의 사랑이다 오오
왔구나 오 니가 왔어
나의 이 마음을 훔쳐 버렸구나 오오
어허허어야 왔구나 왔어요 아아
어허허어야 왔구나 왔어요 아아
이 사랑을 놓친다면 후회할 걸요
이리저리 둘러보아도
이런 남자 찾을 수 없어요 오오
왔구나 오 니가 왔어
오래 기다렸던 나의 사랑이다 오오
왔구나 오 니가 왔어
나의 이 마음을 훔쳐 버렸구나 오오
어허허어야 왔구나 왔어요 오오
어허허어야 왔구나 왔어요 오오
왔구나 내 안에 왔어
내게 빠졌구나 나의 사랑이다 오오
왔구나 내 안에 왔어
완전 빠졌구나 나의 남자로다 오오
어허허어야 왔구나 왔어요 오오
어허허어야 왔구나 왔어요 오오"
당신은 내 사랑 (김양),21,김양,"(랄라랄라 차차차 랄라랄라 차차차)
(이리보고 저리봐도 내 사랑)
(오늘 보고 내일 봐도 좋아요)

하늘에서 맺어준 인연
나는 당신 짝이 되어
이 세상이 변한다 해도
난 오직 당신 뿐이야 (난 오직 당신 뿐이야)
두 마음 하나 되어 영원토록
애지중지 사랑합니다
이리보고 저리봐도 내 사랑
오늘 보고 내일 봐도 좋아요
아~ 아~ 비가오나 눈이오나
당신만을 사랑할거야

(랄라랄라 차차차 랄라랄라 차차차)
(이리보고 저리봐도 내 사랑)
(오늘 보고 내일 봐도 좋아요)

그대 향기 가슴에 차면
나는 당신 짝이 되어
외로울 땐 손잡아주고
아프면 감싸 줄께요 (아프면 감싸 줄께요)
두 마음 하나 되어 영원토록
애지중지 사랑합니다
이리보고 저리봐도 내 사랑
오늘 보고 내일 봐도 좋아요
아~ 아~ 비가오나 눈이오나
당신만을 사랑할거야

이리보고 저리봐도 내 사랑
오늘보고 내일봐도 좋아요
아~ 아~ 비가오나 눈이오나
당신만을 사랑할거야
애지중지 사랑합니다
(당신은 당신은 내사랑)"
한량가,273,조주한,"지덩기당징 울려라
거문고 소리
이 한밤을 멋으로 채워라
달빛이 좋구나 예서 놀아보자
오늘은 네가 내 각시로구나
더덩지덩
거문고 가락에 취하고
어스름 달빛에 취한다
대장부 인생 무엇이 더 필요하랴
그 누가 세월을 붙잡아
천년을 살까
어찌 이 밤 놀지 않으랴
한량아
부귀와 영화가 덧없고
흐르는 강물이 덧없다
대장부 인생 무엇이 더 아쉬우랴
그 누가 세월을 붙잡아
천년을 살까
어찌 이 밤 놀지 않으랴
거문고 가락에 취하고
어스름 달빛에 취한다
대장부 인생 무엇이 더 필요하랴
그 누가 세월을 붙잡아
천년을 살까
어찌 이 밤 놀지 않으랴
한량아"
채석강,170,고정우,"서해 바다 수평선아
너는 왜 말이 없느냐
떠난 님 그리워서 망부석 되어버린
채석강 운명
기폭에 꿈을 싣고 온다던 사람
피고 지고 피고 지고 꽃은 피었건만
파도 소리 갈매기만 슬피 울고 있네요
방파제 여인의 설움 그 누가 알까
채석강아 말 좀 해다오
방파제 여인의 설움 그 누가 알까
채석강아 말 좀 해다오
채석강아 말 좀 해다오"
연하의 남자,655,안성훈,"나는 나는 연하의 남자
부를 때는 누나라고 누나라고 말하지만
내 마음은 설레이고 있어요
처음 본 순간부터 내 마음을 뺏겼어요
내 영혼을 흔들었어요
이제부턴 동생 아닌 남자로 봐주세요
당신을 사랑합니다
내 사랑을 받아주세요
조건 없이 다 드릴게요
당신에게 빠져버린 당신에게 빠져버린
나는 나는 연하의 남자
당신에게 빠져버린 당신에게 빠져버린
나는 나는 연하의 남자
연하의 남자"
청춘을 돌려다오,461,현철,"청춘을 돌려다오 젊음을 다오
흐르는 내 인생에 애원이란다
못다한 그 사랑도 태산 같은데
가는 세월 막을 수는 없지 않느냐
청춘아 내 청춘아 어딜가느냐
청춘을 돌려다오 젊음을 다오
흐르는 내 인생에 애원이란다
지나간 그 옛날이 어제 같은데
가는 세월 잡을 수는 없지 않느냐
청춘아 내 청춘아 어딜가느냐"
미워말아요,282,마아성,"미워말아요 슬퍼 말아요
나는 당신을 잊을 수 없어요
당신이 준 사랑 당신이 준 마음
무엇보다 소중합니다
비가 오나 눈이 오나 보고싶음에
가슴이 이 가슴이 아려오네요
당신이 싫어 당신이 미워
상처를 주고 떠난 게 아니기에
미워말아요 슬퍼 말아요
당신의 아픔 안고 갈 테니
미워말아요 슬퍼 말아요
나는 당신을 잊을 수 없어요
당신이 준 사랑 당신이 준 마음
무엇보다 소중합니다
비가 오나 눈이 오나 보고싶음에
가슴이 이 가슴이 아려오네요
당신이 싫어 당신이 미워
상처를 주고 떠난 게 아니기에
미워말아요 슬퍼 말아요
당신의 아픔 안고 갈 테니
비가 오나 눈이 오나 보고싶음에
가슴이 이 가슴이 아려오네요
당신이 싫어 당신이 미워
상처를 주고 떠난 게 아니기에
미워말아요 슬퍼 말아요
당신의 아픔 안고 갈 테니
당신의 아픔 안고 갈 테니"
돌고 돌아가는 길,119,박혜신,"산 넘어 넘어
돌고 돌아
그 뫼에
오르려니
그 뫼는
어드메뇨
내 발만
돌고 도네
강 건너 건너
흘러 흘러
그 물에
적시려니
그 물은
어드메뇨
내 몸만
흘러 흘러
발만 돌아
발밑에는
동그라미
수북하고
몸 흘러도
이내 몸은
그 안에서
흘렀네
동그라미
돌더라도
아니 가면
어이해
그 물 좋고
그 뫼 좋아
어이해도
가야겠네
산 넘어
넘어 넘어
돌고 돌아가는
길에
뱅글뱅글
돌더라도
어이 아니
돌을 소냐
흘러 흘러
세월 가듯
내 푸름도
한때인 걸
돌더라도
가야겠네
내 꿈 찾아
가야겠네
산 넘어
넘어 넘어
돌고 돌아가는
길에
뱅글뱅글
돌더라도
어이 아니
돌을 소냐
흘러 흘러
세월 가듯
내 푸름도
한때인 걸
돌더라도
가야겠네
내 꿈 찾아
가야겠네
발만 돌아
발밑에는
동그라미
수북하고
몸 흘러도
이내 몸은
그 안에서
흘렀네
동그라미
돌더라도
아니 가면
어이해
그 물 좋고
그 뫼 좋아
어이해도
가야겠네
산 넘어
넘어 넘어
돌고 돌아가는
길에
뱅글뱅글
돌더라도
어이 아니
돌을 소냐
흘러 흘러
세월 가듯
내 푸름도
한때인 걸
돌더라도
가야겠네
내 꿈
찾아
흘러 흘러
세월 가듯
내 푸름도
한때인 걸
돌더라도
가야겠네
내 꿈 찾아
내 꿈 찾아
가야겠네"
가시리,"1,415",숙행,"가시리
추억만 남겨 두고서 가시리
희미해져만 가네요
기억조차 없어진 아픔도
나의 사랑도 연기처럼
그대 사라지네
이제는 예전으로
되돌아올 생각도
얼마나 더 참아야 하는지
바람에 흐르는 내 눈물이
비가 되어서 내리는구나
간절했던 사랑들도
이대로 보내려 하는가요
감추려 감추려 감춰 봐도
찢긴 가슴은 감출 수 없어
먼지처럼 사라져간 내 사랑
가시리 나 혼자 남겨두고서
가시리 희미해져만 가네요
기억조차 없어진 아픔도
나의 사랑도 연기처럼
그대 사라지네
이제는 예전으로
되돌아올 생각도
얼마나 더 울어야 하는지
바람에 흐르는 내 눈물이
비가 되어서 내리는구나
간절했던 사랑들도
이대로 보내려 하는가요
감추려 감추려 감춰 봐도
찢긴 가슴은 감출 수 없어
먼지처럼 사라져간 내 사랑
불러봐도 소리쳐 불러봐도
그대 볼 수 없단 걸 알아요
영원할 것 같던 그대와의 사랑
내 안에 남아 있어요
가시리 가시리 가시리라
비가 되어서 가시리라
간절했던 사랑들도
이대로 보내려 하는가요
감추려 감추려 감춰 봐도
찢긴 가슴은 감출 수 없어
먼지처럼 사라져간 내 사랑
먼지처럼 사라져라 내 사랑"
멋진 여자,939,진해성,"당신은 내여자
당신은 정말 멋진 여자야
최고로 멋진 여자야
외로울 때도 괴로울 때도
변함없이 나와 함께한 사람
당신은 정말 멋진 여자야
누구도 바꿀 수 없어
비가 올 때도 눈이 올 때도
나와 함께할 사람
아픔도 함께 나누며
사랑으로 감싸준 사람
그런 당신이 멋진 여자야
당신을 사랑해
멋진 여자 멋진 남자
따로 있더냐
맘 하나면 되는 거지
고마워요 사랑해요
당신은 내 여자
당신은 내 여자
당신은 정말 멋진 여자야
최고로 멋진 여자야
외로울 때도 괴로울 때도
변함없이 나와 함께한 사람
당신은 정말 멋진 여자야
누구도 바꿀 수 없어
비가 올 때도 눈이 올 때도
나와 함께할 사람
아픔도 함께 나누며
사랑으로 감싸준 사람
그런 당신이 멋진 여자야
당신을 사랑해
멋진 여자 멋진 남자
따로 있더냐
맘 하나면 되는 거지
고마워요 사랑해요
당신은 내 여자
멋진 여자 멋진 남자
따로 있더냐
맘 하나면 되는 거지
고마워요 사랑해요
당신은 내 여자
당신은 내 여자"
새벽비 / 후회 / 제3한강교,249,요요미,"새벽비가 주룩주룩
철길을 적시네
새벽비가 주룩주룩
지붕을 적시네
삑삑삑삑 기적이 울리면
이제 정말 나는 갑니다
새벽비가 주룩주룩
창문을 적시네
새벽비가 주룩주룩
얼굴을 적시네
삑삑삑삑 여음을 남기고
새벽차는 떠나갑니다
아 사랑하고 있는데
아 내 마음 어디로 가나
비를 뚫고
칙칙칙칙 기차는 달려가네
정을 두고
칙칙칙칙 한없이 달려가네
삑삑삑삑 메아리를 남기고
이제 정말 나는 갑니다
강가에 서서 강가에 서서
정다웠던 그 날을 생각해봤어
외로워져서 외로워져서
네 이름을 불러보았어
흘러내리는 흘러내리는
뜨거운 눈물을 너는 모르겠지만
단 하루라도 단 하루라도
너를 잊을 수는 없었어
불러본다고 불러본다고
네가 돌아올 수 있을까
후회스러워 후회스러워
정말 너를 사랑했는데
생각해 봐 줘 생각해 봐 줘
지금도 나를 잊지 않고 있는지
그러길 바래 그렇다면은
내 품으로 돌아와 줘요
강물은 흘러 갑니다
제 3 한강교 밑을
당신과 나의 꿈을 싣고서
마음을 싣고서
젊음은 피어나는 꽃처럼
이 밤을 맴돌다가
새처럼 바람처럼 물처럼
흘러만 갑니다
어제 다시 만나서 다짐을 하고
우리 둘은 맹세를 하였습니다
이 밤이 새면은 첫차를 타고
행복어린 거리로 떠나갈 거예요
강물은 흘러갑니다
제 3 한강교 밑을
바다로 쉬지 않고 바다로
흘러만 갑니다
흘러만 갑니다
흘러만 갑니다"
몇 미터 앞에 두고,359,재하,"사랑했던 그 사람을
몇 미터 앞에다 두고
나는 나는 말 한마디
끝내 붙일 수 없었다
마주 앉은 사람이 누구인지 몰라도
행복해하는 모습을 보고
나는 그냥 돌아설 수밖에 없었다
그 사람을 바로
몇 미터 앞에다 두고
그리웠던 그 사람을
몇 미터 앞에다 두고
하고 싶은 말 한마디
끝내 붙일 수 없었다
마주 앉은 사람이 누구인지 몰라도
행복해하는 웃음소리에
나는 그냥 돌아설 수밖에 없었다
그 사람을 바로
몇 미터 앞에다 두고
그 사람을 바로
몇 미터 앞에다 두고"
희나리 (MR),"7,753",임영웅,"사랑함에 세심했던 나의 마음이
그렇게도 그대에겐 구속이었소
믿지 못해 그런 것이 아니었는데
어쩌다가 헤어지는 이유가 됐소
내게 무슨 마음의 병 있는 것처럼
느낄 만큼 알 수 없는 사람이 되어
그대 외려 나를 점점 믿지 못하고
왠지 나를 그런 쪽에 가깝게 했소
나의 잘못이라면 그대를 위한
내 마음의 전부를 준 것뿐인데
죄인처럼 그대 곁에 가지 못하고
남이 아닌 남이 되어 버린 지금에
기다릴 수밖에 없는 나의 마음은
퇴색하기 싫어하는 희나리 같소
내게 무슨 마음의 병 있는 것처럼
느낄 만큼 알 수 없는 사람이 되어
그대 외려 나를 점점 믿지 못하고
왠지 나를 그런 쪽에 가깝게 했소
나의 잘못이라면 그대를 위한
내 마음의 전부를 준 것뿐인데
죄인처럼 그대 곁에 가지 못하고
남이 아닌 남이 되어 버린 지금에
기다릴 수밖에 없는 나의 마음은
퇴색하기 싫어하는 희나리 같소
퇴색하기 싫어하는 희나리 같소"
도라도라,72,미스터 찬찬,"오른쪽으로 돌아요 차차차
왼쪽으로 돌아요 차차차
세상 시름 모두 지울 때 까지
돌고 돌고 돌아요
즐겁게 춤을 추면서 오늘 하루 잊어버리자
박자가 틀리고 스텝이 엉켜도
신나게 흔들어 보자
소리쳐 노래 부르며 빈 가슴 털어 버리자
음정이 틀리고 감정이 없어도
그게 무슨 상관이더냐
살면 백년을 살겠니
가져갈게 뭐가 있다고
남들 보다 못 난게 뭐냐
소중한 내 인생인데
오른쪽으로 돌아요 차차차
왼쪽으로 돌아요 차차차
세상 시름 모두 지울 때 까지
돌고 돌고 돌아요
소리쳐 노래 부르며 빈 가슴 털어 버리자
음정이 틀리고 감정이 없어도
그게 무슨 상관이더냐
살면 백년을 살겠니
가져갈게 뭐가 있다고
남들 보다 못 난게 뭐냐
소중한 내 인생인데
오른쪽으로 돌아요 차차차
왼쪽으로 돌아요 차차차
세상 시름 모두 지울 때 까지
돌고 돌고 돌아요
돌고 돌고 돌아요"
한량가,278,민수현,"지덩기당징 울려라 거문고 소리
이 한밤을 멋으로 채워라
달빛이 좋구나 예서 놀아보자
오늘은 네가 내 각시로구나
더덩지덩 거문고 가락에 취하고
어스름 달빛에 취한다
대장부 인생 무엇이 더 필요하랴
그 누가 세월을 붙잡아 천년을 살까
어찌 이 밤 놀지 않으랴
한량아

지덩기당징 울려라 거문고 소리
이 한밤을 흥으로 채워라
꽃잎이 곱구나 예서 취해보자
세월의 곤함을 풀어나 보자
더덩지덩 부귀와 영화가 덧없고
흐르는 강물이 덧없다
대장부 인생 무엇이 더 아쉬우랴
그 누가 세월을 붙잡아 천년을 살까
어찌 이 밤 놀지 않으랴

거문고 가락에 취하고
어스름 달빛에 취한다
대장부 인생 무엇이 더 필요하랴
그 누가 세월을 붙잡아 천년을 살까
어찌 이 밤 놀지 않으랴
한량아"
엉터리 대학생,39,신미래,"우리 옆집 대학생
호떡 주사 대학생은
십년이 넘어도 졸업장은 캄캄해
아서라, 이 사람아 참말 딱하군
밤마다 잠꼬대가 걸작이지요
연애냐 졸업장이냐
연애냐 졸업장이냐
아서라, 이 사람아 정신 좀 채려라 응
우리 옆집 대학생
향수장사 대학생은
공부는 다섯끗 다마쯔낀 오백끗
아서라, 이 사람아 참말 섭섭해
밤마다 잠꼬대가 걸작이지요
공부냐 다마쯔끼냐
공부냐 다마쯔끼냐
아서라, 이 사람아 정신 좀 채려라 응
우리 옆집 대학생
붕어 새끼 대학생은
학교는 못 가도 혼부라는 한몫 봐
아서라, 이 사람아 참말 기맥혀
밤마다 잠꼬대가 걸작이지요
홍차냐 소다수이냐
고히냐 포드랩푸냐
아서라, 이 사람아 지각 좀 들어라 응
아서라, 이 사람아
아서라, 이 사람아
서둘러 눌러라 응"
이별의 차표,815,진해성,"아 이별의 차표
이미 끊어 놓은 사람
가랑가랑 맺힌 눈물
사랑장난 다 쳐놓고
울기는 니가 왜 울어
다시 올 사람이면 언젠가는 오겠지
아니 올 사람이면 어차피 안 올거야
눈물도 없이 인사도 없이
그냥 갔다가
운명이 다시 내곁으로 가라 하면은
모른 척 와다오 모든것 털어 버리고
털털 털어버리고
아 이별의 차표
이미 끊어 놓은 사람
사뿐사뿐 가벼운 걸음
돌아온다 말해놓고
가기도 잘도 가는데
다시 올 사람이면 언젠가는 오겠지
아니 올 사람이면 어차피 안 올거야
눈물도 없이 인사도 없이
그냥 갔다가
운명이 다시 내 곁으로 가라 하며는
모른척 와다오 모든 것 털어버리고
털털 털어버리고
털털 털어버리고"
타타타,9,권윤경,"내가 나를 모르는데
난들 너를 알겠느냐
한치 앞도 모두 몰라
다 안다면 재미없지
바람이 부는 날엔 바람으로
비오면 비에 젖어 사는거지
그런거지 음
산다는 건 좋은거지
수지 맞는 장사잖소
알몸으로 태어나서
옷 한 벌은 건졌잖소
우리네 헛짚는 인생살이
한 세상 걱정조차 없이 살면
무슨 재미
그런게 덤이잖소
내가 나를 모르는데
난들 너를 알겠느냐
한치 앞도 모두 몰라
다 안다면 재미없지
바람이 부는 날엔 바람으로
비오면 비에 젖어 사는거지
그런거지 음
산다는 건 좋은거지
수지 맞는 장사잖소
알몸으로 태어나서
옷 한 벌은 건졌잖소
우리네 헛짚는 인생살이
한 세상 걱정조차 없이 살면
무슨 재미
그런게 덤이잖소"
만남,"1,303",노사연,"우리 만남은 우연이 아니야
그것은 우리의 바람이었어
잊기엔 너무한 나의 운명이었기에
바랄수는 없지만 영원을 태우리
돌아보지 말아 후회하지 말아
아 바보같은 눈물 보이지 말아
사랑해 사랑해 너를 너를 사랑해
돌아보지 말아 후회하지 말아
아 바보같은 눈물 보이지 말아
사랑해 사랑해 너를 너를 사랑해
사랑해 사랑해 너를 너를 사랑해"
그놈에 사랑,"1,220",조항조,"넓고 넓은 이 세상에
말도 많고 탈도 많지만
결국 하나 원하는 것
함부로 가질 수 있나
누구나 그 놈의 사랑 때문에
사랑 때문에 울고 웃는다
그래도 오늘 나는 행복하다
너와 이렇게 춤을 춘다
근심 걱정 쌓인 날들
언제나 다시 찾아오지만
욕심 하나 벗고 나니
기쁨의 꽃이 핀다
누구나 그놈의 사랑 때문에
사랑 때문에 울고 웃는다
그래도 오늘 나는 행복하다
너와 이렇게 춤을 춘다
영희네도 철수네도 부럽지 않다
난 너만 있으면 된다
슬픔도 미움도 모두 던졌다
흔한 미련도 없다
누구나 그놈의 사랑 때문에
사랑 때문에 울고 웃는다
그래도 오늘 나는 행복하다
너와 이렇게 춤을 춘다
너와 이렇게 춤을 춘다"
미운사랑,379,진미령,"남몰래 기다리다가
가슴만 태우는 사랑
어제는 기다림에 오늘은 외로움
그리움에 적셔진 긴세월
이렇게 살라고 인연을 맺었나
차라리 저 멀리 둘 걸
미워졌다고 갈수 있나요
행여나 찾아올까봐
가슴이 사랑을 잊지 못해
이별로 끝난다 해도
그 끈을 놓을 수 없어
너와 나 운명인 거야
이렇게 살라고 인연을 맺었나
차라리 저 멀리 둘 걸
미워졌다고 갈수 있나요
행여나 찾아올까봐
가슴이 사랑을 잊지 못해
이별로 끝난다 해도
그 끈을 놓을 수 없어
너와 나 운명인 거야
그 끈을 놓을 수 없어
너와 나 운명인 거야"
연정,"1,380",진해성,"이슬비가 내리네
눈물처럼 하염없이 내리네
못 다한 사랑의 눈물이더냐
아쉬움이더냐
아 사랑하던 사람아
내 눈물을 아는가
이슬비에 젖어 봄비에 젖어
사랑을 잃은 눈물에 젖어
사나이는 사나이는
말없이 떠나간다
이슬비가 내리네
눈물처럼 하염없이 내리네
떠나간 사랑의 눈물이더냐
그리움이더냐
아 떠나버린 사람아
내 눈물을 아는가
이슬비에 젖어 봄비에 젖어
이별에 맺힌 한숨에 젖어
사나이는 사나이는
말없이 떠나간다
이슬비에 젖어 봄비에 젖어
사랑을 잃은 눈물에 젖어
사나이는 사나이는
말없이 떠나간다"
누나가 딱이야,"1,665",이대원,"남자답게 책임질게
내겐 딱 딱 누나가 딱이야
풋내 나는 풋사과보다
새빨간 사과가 더 좋아
지독한 사랑에 아파본
누나라서 난 좋아
어디까지 헤메이다가
얼마만큼 울다 왔는지
과건 묻지 않을 테니까
내 품에 편히 쉬어
누나가 딱이야
내 품에 딱이야
오늘부터 우린 자기야
남자답게 책임질게
나만 믿고 따라와
누나가 딱이야
내 눈에 딱이야
오늘부터 우린 짝이야
못이긴 척 안겨줄래
내겐 딱 딱 누나가 딱이야
남자답게 책임질게
내겐 딱 딱 누나가 딱이야
내겐 딱 딱
넌 내가 딱이야"
사랑아,265,장윤정,"안돼요 안돼 날 두고 떠나면 안돼
그렇게 못해 난 절대 보낼 순 없어
갈테면 가봐 모든 걸 잊고 떠나봐
그땐 뒤돌아서 후회를 할 거야
희미한 기억속에 너의 이름 불러도
다신 볼 수 없던 사랑한 사람
사랑아 나를 두고 떠나 가지마
나만 두고 가려거든
다신 나를 찾지 마
언젠가 그대 나를 찾는다 해도
그땐 내가 먼저 뒤돌아서
그댈 볼 수 없으니
안돼요 안돼 날 두고 떠나면 안돼
그렇게 못해 난 절대 보낼 순 없어
갈테면 가봐 모든 걸 잊고 떠나봐
그땐 뒤돌아서 후회를 할 거야
희미한 기억속에 너의 이름 불러도
다신 볼 수 없던 사랑한 사람
사랑아 나를 두고 떠나 가지마
나만 두고 가려거든
다신 나를 찾지 마
언젠가 그대 나를 찾는다 해도
그땐 내가 먼저 뒤돌아서
그댈 볼 수 없으니"
내 마음 당신 곁으로,"7,490",영탁,"당신의 빛나던 눈동자위에
흐르는 한줄기 눈물때문에
이마음 차가운 바람불어와
떨어진 낙엽이 되었네
잊으려 잊으려 애를 써봐도
당신의 따듯한 미소때문에
이마음 영원히 함께 타오를
사랑의 촛불이 되었네
바람불어와 내 몸이 날려도
당신때문에 외로운 내마음
모든것이다 지나가 버려도
내마음은 당신 곁으로
당신을 너무나 사랑했기에
수 많은 미련이 나를 잡지만
이제는 영원히 잡을수없는
지나간 추억이 되었네
바람불어와 내 몸이 날려도
당신때문에 외로운 내마음
모든것이다 지나가 버려도
내마음은 당신 곁으로
바람불어와 내 몸이 날려도
당신때문에 외로운 내마음
모든것이다 지나가 버려도
내마음은 당신 곁으로
바람불어와 내 몸이 날려도
당신때문에 외로운 내마음
모든것이다 지나가 버려도
내마음은 당신 곁으로"
돼지토끼,"6,474",정동원,"넌 돼끼돼끼해 또 말랑말랑해
니 냄새까지 너무나 사랑스러워
눈이 안보이게 웃으면
심장이 아프잖아
넌 토끼시끼해 또 뽀실뽀실해
니 뱃살까지 너무나 사랑스러워
젤리 같은 너 마냥 소중해
영원히 안아줄게
비 맞지마 두피 멍들라
내가 구름도 가려줄게
제발 밤에는 집에만 있어
번쩍번쩍 빛이 나니까
바람 불면 나가지도 마
날아갈 일은 없지만은
혹시나 고운 피부
바람에 아파할까 봐
넌 돼끼돼끼해 또 말랑말랑해
니 냄새까지 너무나 사랑스러워
눈이 안보이게 웃으면
심장이 아프잖아
넌 토끼시끼해 또 뽀실뽀실해
니 뱃살까지 너무나 사랑스러워
젤리 같은 너 마냥 소중해
영원히 안아줄게
늙어지면 지리산 가자
때론 많이 외롭겠지만
흑염소 키우면서
우리 둘이서 살까 봐
넌 돼끼돼끼해 또 말랑말랑해
니 냄새까지 너무나 사랑스러워
눈이 안보이게 웃으면
심장이 아프잖아
넌 토끼시끼해 또 뽀실뽀실해
니 뱃살까지 너무나 사랑스러워
젤리 같은 너 마냥 소중해
영원히 안아줄게
넌 그대로면 돼 또 있어주면 돼
내 목숨까지 다해서 사랑해 줄게
너를 만난 건 신의 한수야
하늘에 감사할게"
아마도 그건(Crush&로꼬 Ver.),"14,989",임영웅,"아마도 그건 사랑이었을 거야
희미하게 떠오르는 기억이
이제야 그 마음을 알아 버렸네
그대 눈에 비친 나의 모습을
차가운 내 맘에 남은 너의 뒷모습
열린 문틈으로 넌
내게 다가올 것 같아
한참을 멍하니 바라보다
아침 햇살에 눈을 뜨고 말았네
사랑 그것은
엇갈린 너와 나의 시간들
스산한 바람처럼 지나쳐갔네
사랑 그것은
알 수 없는 너의 그리움
남아 있는 나의 깊은 미련들
사실 그때도 알고 있었던
그 터질 듯한 감정
난 아직까지도 이 손가락 끝이
찌릿할 만큼 못 잊었어
결국엔 입을 떼지 못했지
단 한 마디도
니가 오는 길을 알고 있기에
일부러 엇갈린 길을 따라서
걷던 발 넌 아마 몰랐겠지
다행이야 내가 본 게
뒷모습이어서
그게 기억되는 너의
마지막 모습이어서
차가운 내 맘에 남은 너의 뒷모습
열린 문틈으로 넌
내게 다가올 것 같아
한참을 멍하니 바라보다
아침 햇살에 눈을 뜨고 말았네
사랑 그것은
엇갈린 너와 나의 시간들
스산한 바람처럼 지나쳐갔네
사랑 그것은
알 수 없는 너의 그리움
남아 있는 나의 깊은 미련들
다시 올 수 없는 시간들"
울산 아리랑,688,김다현,"운무를 품에 안고
사랑 찾는 무룡산아
산딸기 머루 다래
따다주던 그 손길
앵두같은 내 입술에
그 이름 새겨 놓고
꿈을 찾아
떠난 사람아
둘이서 거닐던
태화 강변엔
대나무 숲들은
그대로인데
어느 곳에 정을 두고
나를 잊었나
나를 나를 잊었나
돌아온단 그 약속에
내 청춘이 시든다
아 까치들이 울어주니
님 오시려나
아아아아
울산 아리랑
석양을 품에 안고
사랑 찾는 문수산아
산딸기 머루 다래
따다주던 그 손길
배꽃 같은 내 가슴에
그리움 물들이고
꿈을 찾아
떠난 사람아
둘이서 거닐던
정자 바닷가
하얀 파도는
그대로인데
어느 곳에 정을 두고
나를 잊었나
나를 나를 잊었나
돌아온다 그 약속에
내 청춘이 시든다
아 까치들이 울어주니
님 오시려나
아아아아
울산 아리랑"
우리 동네,"6,374",정동원,"우리 동네에는
작은 쉼터가 있죠
그 속에 도란도란 모여
세월을 나눴었죠
우리 동네에는
돌담이 하나 있죠
그 길을 따라 걷다 보면
당신이 보고파
그리워 그리워
당신이 쉬던 작은 쉼터
주름진 따스한 손길로
늘 토닥여준 당신
그리워 그리워
당신이 있던 우리 동네
거기는 평안하신가요
참 사랑했어요
저기 짙어지는
저녁 하늘을 보며
찾고픈 나의 옛 생각들
하늘에 그려요
그리워 그리워
당신이 쉬던 작은 쉼터
주름진 따스한 손길로
늘 토닥여준 당신
그리워 그리워
당신이 있던 우리 동네
거기는 평안하신가요
참 사랑했어요
그리워 그리워
당신이 있던 우리 동네
언젠가 우리 꼭 만나요
참 사랑했어요
그리운 내 동네"
나비소녀,137,윤서령,"교복을 입고 버스를 타고서
창밖을 바라보다가
나도 모르게 마주치는 그 눈빛
가슴이 콩닥거려요
내 맘을 꽃향기로 채우는 오빠
날아가 앉고 싶지만
수줍어 말 못 해 애만 태우는
난 몰래 그대만 보네요
오빠가 좋아 어쩌면 좋아
두근거리는 내 맘을
오빠는 몰라 어쩌나 몰라
콩닥거리는 사랑을
교복을 입고 버스를 타고서
창밖을 바라보다가
나도 모르게 마주치는 그 눈빛
가슴이 콩닥거려요
내 맘을 꽃향기로 채우는 오빠
날아가 앉고 싶지만
수줍어 말 못 해 애만 태우는
난 몰래 그대만 보네요
오빠가 좋아 어쩌면 좋아
두근거리는 내 맘을
오빠는 몰라 어쩌나 몰라
콩닥거리는 사랑을
오빠가 좋아 어쩌면 좋아
두근거리는 내 맘을
오빠는 알까 사랑을 알까
살랑거리는 내 맘을
콩닥거리는 사랑을"
바보같은 사람,470,남승민,"가라 해도 떠나라 해도
가지도 못하면서
준다 해도 내 맘 준대도
받지도 못하면서
가든 말든 있든 말든 니 맘대로 해
이제는 지쳐버렸어
가든 말든 있든 말든 니 맘대로 해
바보 같은 사람아
가지 말아요 떠나지 마요
이 마음 달래고 가요
이대로 가면 여자 마음은
무너져 버린답니다
가라 해도 떠나라 해도
가지도 못하면서
준다 해도 내 맘 준대도
받지도 못하면서
가든 말든 있든 말든 니 맘대로 해
이제는 지쳐버렸어
가든 말든 있든 말든 니 맘대로 해
바보 같은 사람아
가지 말아요 떠나지 마요
이 마음 달래고 가요
이대로 가면 여자 마음은
무너져 버린답니다
가든 말든 있든 말든 니 맘대로 해
이제는 지쳐버렸어
가든 말든 있든 말든 니 맘대로 해
바보 같은 사람아
가지 말아요 떠나지 마요
이 마음 달래고 가요
이대로 가면 남자 마음도
무너져 버린답니다
무너져 버린답니다"
수고했어요 오늘도,511,김태연,"꽃 중의 꽃 제일 예쁜 꽃
사람 꽃을 아시나요?
웃을 땐 피었다가 눈물에 지고 마는
각양각색 향기 사람꽃
힘들다 지친단 말은
잠시만 내려놓고
잘될 거야 다 잘 될 거야
어깨를 활짝 펴고
하하하호호호 (힘을 내!)
하하하호호호 (힘을 내!)
큰 소리로 웃어 봅시다.
웃으면 복이 와요
좋은 날 온답니다
수고했어요 오늘도
꽃 중의 꽃 제일 예쁜 꽃
사람 꽃을 아시나요?
웃을 땐 피었다가 눈물에 지고 마는
각양각색 향기 사람꽃
힘들다 지친단 말은
잠시만 내려놓고
잘될 거야 다 잘 될 거야
어깨를 활짝 펴고
하하하호호호 (힘을 내!)
하하하호호호 (힘을 내!)
큰 소리로 웃어 봅시다.
웃으면 복이 와요
좋은 날 온답니다
수고했어요 오늘도
수고했어요 오늘도"
미워야 연인이라 했나요,"3,000",장민호,"미워야 연인이라 했나요
나 아님 안 된다던 그대여
내 삶은 아파도 좋아요
그대여 제발 잘 살아요
인연은 있어서 만나져
사랑은 했네요
마치 써놓은 일기처럼
그저 좋았던
우리 지난날 그렇게
내 것인 줄만 알았어
가질 수 없는 건 사랑뿐 아니라
추억 버릴 수도 없는
영원할 것만 같았던
그날의 뜨거운 다짐들
미워야 연인이라 했나요
나 아님 안 된다던 그대여
내 삶은 찢겨도 좋아요
거기선 제발 잘 살아요
인연은 있어서
만나긴 했지만 아파요
마치 써놓은 일기처럼
그저 좋았던
우리 지난날 언제나
내 것인 줄만 알았어
가질 수 없는 건 사랑뿐 아니라
추억 버릴 수도 없는
영원할 것만 같았던
그날의 뜨거운 다짐들
가질 수 없는 건 사랑뿐 아니라
추억 버릴 수도 없는
영원할 것만 같았던
그날의 뜨거운 다짐들
영원할 것만 같았던
그날의 뜨거운 다짐들"
만약에,447,조항조,"만약에 당신이 그 누구와 사랑에 빠지면
그 사람을 위해서 무얼 할 수 있나
텅빈 세상에 살아가는 이유가
만약에 너라면 어떡하겠니
사는 동안 단 한번의 사랑이
만약에 너라면 허락하겠니
얼마나 더 많이 외로워 해야
널 끌어안고서 울어볼까
이제는 더 이상 지칠 몸조차
비워둘 마음 조차 없는데
또 다른 이유로 널 못본다면
나 살아가는 의미도 없지
만약에 널 위해 나 죽을 수 있다면 날 받아주겠니

텅빈 세상 살아가는 이유가
만약에 너라면 어떡하겠니
사는 동안 단 한번의 사랑이
만약에 너라면 허락하겠니
얼마나 더 많이 외로워 해야
널 끌어안고서 울어볼까
이제는 더 이상 지칠 몸조차
비워둘 마음 조차 없는데
또 다른 이유로 널 못본다면
나 살아가는 의미도 없지
만약에 널 위해 나 죽을 수 있다면 날 받아주겠니
만약에 널 위해 나 죽을 수 있다면 날 받아주겠니
만약에 당신이 그 누구와 사랑에 빠지면
그 사람을 위해서 다 해줄수 있나"
제비처럼,453,윤승희,"꽃피는 봄이오면
내 곁으로 온다고 말했지
노래하는 제비처럼
언덕에 올라보면
지저귀는 즐거운 노래 소리
꽃이 피는 봄을 알리네
그러나 당신은 소식이 없고
오늘도 언덕에 혼자 서있네
푸르른 하늘 보면 당신이 생각나서
한 마리 제비처럼 마음만 날아가네
당신은 제비처럼
반짝이는 날개를 가졌나
다시 오지 않는 님이여
그러나 당신은 소식이 없고
오늘도 언덕에 혼자 서있네
푸르른 하늘 보면 당신이 생각나서
한 마리 제비처럼 마음만 날아가네
당신은 제비처럼
반짝이는 날개를 가졌나
다시 오지 않는 님이여
당신은 제비처럼
반짝이는 날개를 가졌나
다시 오지 않는 님이여
당신은 제비처럼
반짝이는 날개를 가졌나
다시 오지 않는 님이여"
내사랑 연가,395,강민주,"내사랑 그대 보고싶은 님아
지금은 그 어디서 그 무엇을 할까
오늘도 보고싶은 그대님아
당신이 떠난후 사랑인줄 알았네
사랑을 알고부터 당신을 알았네
오늘도 보고싶은 그대님아
아리아리 쓰리쓰리 아라리요
아리랑 고개로 넘어간다
아리아리 아려와요
당신을 생각하니 아려와요
오늘도 보고싶은 그대님아
쓰리쓰리 쓰려와요
당신을 생각하니 쓰려와요
오늘도 보고싶은 그대님아
사랑사랑 못 잊을 사랑
지난날 함께헸던 행복한추억
오늘도 보고싶은 그대님아
세월은 흘러 변하였어도
그대향한 내마음은
지울수가 없네
오늘도 보고싶은 그대님아
아리아리 쓰리쓰리 아라리요
아리랑 고개로 넘어간다
아리아리 아려와요
당신을 생각하니 아려와요
오늘도 보고싶은 그대님아
쓰리쓰리 쓰려와요
당신을 생각하니 쓰려와요
오늘도 보고싶은 그대님아
오늘도 보고싶은 그대님아
오늘도 보고싶은 그대님아"
잃어버린 30년,"13,988",임영웅,"비가오나 눈이오나
바람이 부나
그리웠던 삼십년 세월
의지할 곳 없는
이 몸 서러워하며
그 얼마나 울었던가요
우리 형제 이제라도
다시 만나서
못다한 정 나누는데
어머님 아버님
그 어디에 계십니까
목메이게 불러 봅니다
내일일까 모레일까
기다린 것이
눈물 맺힌 삼십년 세월
고향 잃은
이 신세를 서러워하며
그 얼마나 울었던가요
우리 남매 이제라도
다시 만나서
못다한 정 나누는데
어머님 아버님
그 어디에 계십니까
목메이게 불러 봅니다"
잊혀진 사랑,467,조용필,"가지말라고 가지말라고
애원하며 잡았었는데
돌아섰던 그 사람은
무정했던 당신이지요
가지말라고 가지말라고
잊을수는 없다했는데
지금의 내 마음은
차라리 모든것을
잊고 싶어요
가지말라고 가지말라고
애원하며 잡았었는데
잃어버린 그 사람은
야속했던 당신이지요
가지말라고 가지말라고
잊을수는 없다했는데
지금의 내 마음은
차라리 모든것을
잊고 싶어요"
어제같은 이별,259,주현미,"사랑이 아닌줄 알면서도
돌아서지 못한 내가 내가 바보야
철없이 그러는게 아니였는데
그렇게는 못한다 할걸
하나둘씩 부서지는 꿈같은 사연
정을 주고 눈물주고 떠나간 당신
아 미워 미워 당신이 미워라
처음만난 그때 나에게
무슨말을 하셨던가요
아니야 아니야 당신이 아니야
내가 내가 바보야

진실이 아닌줄 알면서도
냉정하지 못한 내가 내가 바보야
섣불리 그러는게 아니였는데
그렇게는 못한다 할걸
한아둘씩 부서지는 꿈같은 사연
정을 주고 눈물주고 떠나간 당신
아 미워 미워 당신이 미워라
사랑한다 말했잖아요
어제처럼 말했잖아요
아니야 아니야 당신이 아니야
내가 내가 바보야"
해운대 엘레지,355,이미자,"언제까지나 언제까지나 헤어지지
말자고 맹세를 하고 다짐을 하던
너와 내가 아니냐 세월은 가고 너도
또가고 나만 혼자 외로이 그때 그 시절
그리운 시절 못잊어 내가 운다

울던 물새도 어데로 가고 조각달도
흐르고 바다마저도 잠이들었나
밤이 깊은 해운대 나는가련다
떠나가련다 아픈마음 안고서
정든 백사장 정든 동백섬
안녕히 잘있거라"
알수가 없네,917,진해성,"사랑한다고 사랑한다고
내 마음 고백했을땐
본체만체 하던 사람이
오늘따라 왜 이러시나
어제 보았던 그 사람이
누구냐고 꼬치꼬치 캐묻네요
알 수 없네 알 수가 없어
여자 마음 알 수가 없어
그래도 나는 좋아
이래도 나는 좋아
알 수 없어도
사랑하자고 사랑하자고
내 마음 고백했을땐
본체만체 하던 사람이
오늘따라 왜 이러시나
어제 보았던 그 사람이
누구냐고 꼬치꼬치 캐묻네요
알 수 없네 알 수가 없어
여자 마음 알 수가 없어
그래도 나는 좋아
이래도 나는 좋아
알 수 없어도 알 수 없어도"
내 연인,931,진해성,"그대가 내 연인
내 연인 인 것은
이 세상 다른 사람 보다 더
예쁘기 때문은 아냐
그대가 내 연인
내 연인 인 것은
이 세상 다른 사람 보다 더
가진 게 많아서도 아냐
당신의 뜨거운 뜨거운 사랑으로
그대와 끝없는 하나의 사랑되고파
그대는 내 연인 그대는 내 운명
한평생 변치 않고 사랑하는
연인이 되고 싶어요
그대가 내 연인
내 연인 인 것은
이 세상 다른 사람 보다 더
가진 게 많아서도 아냐
당신의 뜨거운 뜨거운 사랑으로
그대와 끝없는 행복한 꿈을 꾸고파
그대는 내 연인 그대는 내 운명
이 생명 다하도록 사랑하는
연인이 되고 싶어요
그대는 내 연인 그대는 내 운명
이 생명 다하도록 사랑하는
연인이 되고 싶어요"
사랑은 다 이러니,"1,832",홍진영,"머리로는 아는데
잊어야 하는 걸
가슴으론 그게 안 돼
하루에도 수천 번
전화기만 들여다봐
혹시 네가 연락할까 봐
잘 있는지 넌
내 걱정도 안 되는 거니
한 번쯤 물어봐 주지
원래 사랑은 다 이러니
사랑이 뭐 이러니
결국 이별뿐인 걸
바보같이 다 줬나 봐
너를 잊는 중이야 죽을 힘 다해
매일 널 잊고 매일 또 지워도 생각나
어쩌란 말야
가끔씩은 너도 내 생각날 때 있겠지
어쩌다 취한 밤이면
원래 사랑은 다 이러니
사랑이 뭐 이러니
결국 이별뿐인 걸
바보 같이 다 줬나 봐
너를 잊는 중이야 죽을힘 다해
매일 널 잊고 매일 또 지워도 생각나
항상 이별이 다 이러니
나에게만 힘드니
내가 너를 너무나
사랑한 게 다였잖아
미워하는 중이야 널 잊기 위해
어떻게 이래 어떻게 나에게
어떻게 사랑이 이래"
길,256,우연이,"때로는 힘들었지요
당신과 함께 하는 게
아무리 내 모든 걸 다 주어 봐도
당신은 냉정했지요
가슴 조이며 살아온 날이
엊그제 같은데 벌써 우리는
황혼길 이란 세월 앞에서
너무나 작아진 당신
바라보는 내 마음이
너무나 슬퍼지는 나
여보 이젠 모든 아픔도
세월에 묻고 갑시다
때로는 힘들었지요
당신과 함께 하는 게
아무리 내 모든 걸 다 주어 봐도
당신은 냉정했지요
가슴 조이며 살아온 날이
엊그제 같은데 벌써 우리는
황혼길 이란 세월 앞에서
너무나 작아진 당신
바라보는 내 마음이
너무나 슬퍼지는 나
여보 이젠 모든 아픔도
세월에 묻고 갑시다
여보 이제 두 손 꼭 잡고
행복하게 살아갑시다"
밀어 밀어,"2,822",박서진,"밀어 밀어 사랑으로
가슴의 멍든 때를
당신 가슴의 멍든 때까지
사랑으로 밀어 줄게요
힘없으면 무시하고
백 있으면 사랑 받고
참새마저 무시하는
허수아비 같은 세상
머리에서 발끝까지
사랑으로 밀어 밀어
넌 위에서 난 아래서
사랑으로 밀어 밀어
밀어 밀어 사랑으로
마음의 때를 밀어
구석구석 찌든 때까지
내가 당신 밀어 줄게요
밀어 밀어 사랑으로
가슴의 멍든 때를
당신 가슴의 멍든 때까지
사랑으로 밀어 줄게요
힘없으면 무시하고
백 있으면 사랑 받고
참새마저 무시하는
허수아비 같은 세상
머리에서 발끝까지
사랑으로 밀어 밀어
넌 위에서 난 아래서
사랑으로 밀어 밀어
밀어 밀어 사랑으로
마음의 때를 밀어
구석구석 찌든 때까지
내가 당신 밀어 줄게요
밀어 밀어 사랑으로
가슴의 멍든 때를
당신 가슴의 멍든 때까지
사랑으로 밀어 줄게요
밀어 밀어 사랑으로
마음의 때를 밀어
구석구석 찌든 때까지
내가 당신 밀어 줄게요
밀어 밀어 사랑으로
가슴의 멍든 때를
당신 가슴의 멍든 때까지
사랑으로 밀어 줄게요"
안되나용,909,주미,"안되나용 왜 나는 안되나용
그 놈은 되고 왜 나는 안되나용
안되나용
안되나용
사랑 때문에 너무 아프다
너무 아파서 술 한잔 때렸다
모질게 나를 버리고 가면
남겨진 나는 어떡하라고
사느냐 죽느냐
그것이 문제로다
안되나용 왜 나는 안되나용
그 놈은 되고 왜 나는 안되나용
얼굴이니 아니면 입방정이니
그러면 나는 누구를 만나나용
안되나용
그 놈 때문에 뚜껑 열렸다
뚜껑 열려서 술 한 잔 때렸다
그렇게 그녈 데리고 가면
남겨진 나는 어떡하라고
진 한번 못 하고
이렇게 끝나나용
안되나용 왜 나는 안되나용
그 놈은 되고 왜 나는 안되나용
얼굴이니 아니면 그냥 아니니
그러면 나는 영원히 안되나용"
세월아,233,진달래,"가려거든
먼저 가거라
쉬엄쉬엄 쉬었다 가게
세월아 가지 말어라
가려거든 혼자서 가지
애꿎은 이 내 몸은 어이하라구
세월아 야속도 하구나
찬바람도 비바람도
견뎌온 내 청춘아
그 누가 알아주나
그 누가 알아주나
속절없이 살아온 세월
가려거든 먼저 가거라
쉬엄쉬엄 쉬었다 가게
찬바람도 비바람도
견뎌온 내 청춘아
그 누가 알아주나
그 누가 알아주나
속절없이 살아온 세월
가려거든 먼저 가거라
쉬엄쉬엄 쉬었다 가게
쉬엄쉬엄 쉬었다 가게"
별과 당신,"2,345",손태진,"별 보러 갑시다
나와 두 손을 맞잡고
반변천 강길을 따라
산들바람을 맞으며
별 보러 갑시다
사랑의 노랠 부르며
일월산 풀 냄새 가득
별빛이 반짝이는 곳
별 하나에 추억을 쌓고
별을 보며 사랑도 하고
우릴 비춰주는 하늘을 보며
고요한 이 밤 떨리는 내 맘
그대에게 전해본다
오늘 우리
별이 쏟아지는 영양으로
별 보러 갑시다
사랑의 노랠 부르며
밤하늘 반딧불이도
우리를 반겨주네요
오~ 별 하나에 추억을 쌓고
별을 보며 사랑도 하고
우릴 (우릴) 비춰주는 하늘을 보며~
고요한 이 밤 (아~)
떨리는 내 맘
그대에게 전해본다
오늘 우리
별이 쏟아지는 영양으로
별 보러 갑시다
사랑의 노랠 부르며
밤하늘 반딧불이도
우리를 반겨주네요
사랑 가득 영양으로
나랑 별 보러 갑시다"
옹이,108,나상도,"사랑에 불씨 하나
가슴에 불 질러놓고
냉정히 등을 돌린
그 사랑 지우러 간다
얼마나 달려가야
이 사랑 내려놓을까
어디쯤 달려가야
그리움도 놓을까
너무 깊어 옹이가 된
사랑 때문에 내가 운다

뜨거웠던 그 사랑도
모두가 거짓이었나
냉정히 등을 돌린
그 사랑 지우러 간다
얼마나 달려가야
이 사랑 내려놓을까
어디쯤 달려가야 그리움도 놓을까
빼지 못할 옹이가 된
사랑 때문에 내가 운다"
제비,617,조영남,"정답던 얘기 가슴에 가득하고 푸르른 저별볓도 외로워어라
사랑했기에 멀리 떠난 님은 언제나 모습 꿈속에 있네
먹구름 울고 찬서리 친다 해도 바람따라 제비 돌아 오는날
고운 눈망울 깊이 간직 한채 당신의 마음 품으려 합니다
아아 그리워라 잊지못할 내님이여 나지금 어디 방황하고
있나 어둠뚤고 흘러내린 눈물도 기다림 속에 잠들어 있네
바람따라 제비 돌아오는날 당신의 마음 품으렵니다
어둠뚫고 흘러내린 눈물로 비바람속에 잠들어 있네
바람따라 제비 돌아오는날 당신의 마음 품으렵니다"
아버지,229,조항조,"잊지마오 잊지마오
나를 잊지마오
아버지 아버지
뜨거운 그 이름
눈물의 흔적을
청춘의 그 길을
하염없이 눈물로
부르는 아리랑
돌아가리 돌아가리
내 고향 땅으로
마중 나온 홀 어머니
울고 가는 성황당길
진달래 살구꽃
피고 또 지건만
저 하늘에 새가 되어
날아 가련다
아 그 이름
우리 아버지
돌아가리 돌아가리
내 고향 땅으로
마중 나온 홀 어머니
울고가는 성황당길
진달래 살구꽃
피고 또 지건만
저 하늘에 새가 되어
날아 가련다
아 그 이름
우리 아버지
아버지 아버지
우리 아버지"
살아가누나,334,설하윤,"힘들 텐데 외로울 텐데
환하게 웃고 있구나
너와 나의 작은 기다림
위로하며 살아가누나
어항 속 작은 물고기야
너는 알까 나의 마음을
세상 끝 짝을 찾아
오늘도 몸부림 치네
너는 아는지
이 넓은 세상에 갇혀 있다는 것을
가고 또 가고 어디를 가도
나 또한 너를 찾누나
힘들 텐데 외로울 텐데
환하게 웃고 있구나
너와 나의 작은 기다림
위로하며 살아가누나
위로하며 살아가누나
종달새 훨훨 하늘높이
날아 올라 먹이를 찾고
제 아이 배고플까
날개짓 바쁘구나
너는 아는지
이 넓은 세상에 갇혀 있다는 것을
가고 또 가고 어디를 가도
나 또한 너를 찾누나
힘들 텐데 외로울 텐데
환하게 웃고 있구나
너와 나의 작은 기다림
위로하며 살아가누나
너와 나의 작은 기다림
위로하며 살아가누나"
애인,339,안성훈,"사랑해선 안 되나요
정이 들면 안 되나요
주고 싶은 사랑도 받고 싶은 그 정도
우리들은 안 되나요
이미 엎질러진 물인걸
이미 깨진 유리 잔인 걸
이제 와서 어떡해요
이미 사랑해버린 걸
알아요 나도 알아요
맺지 못한다는 걸
조금만 시간을 줘요
내가 돌아설 수 있게

이미 엎질러진 물인걸
이미 깨진 유리 잔인 걸
이제 와서 어떡해요
이미 사랑해 버린 걸
알아요 나도 알아요
맺지 못한다는 걸
조금만 시간을 줘요
내가 돌아설 수 있게
조금만 시간을 줘요
내가 돌아설 수 있게"
쓰리랑,348,유지나,"아리 아리 아리랑
아리 아리 아리랑
쓰리 쓰리 쓰리랑
쓰리 쓰리 쓰리랑
아리 아리 쓰리 쓰리 넘어간다
아리랑 고개를
쓰리랑 고개를 넘어간다
노래하세 노래하세 모두모여
꾀꼬리 같은 노래
한곡좀 불러보세
독양새 서쪽새
원앙새 봉황새 소리로다
닐니리 노래하세
얼쑤 좋다
놀아보세 놀아보세 흥겨웁게
한잔술에 물탄듯이 놀아보세
어재도 오늘도
내일도 모래도 같은새월
둥글둥글 놀아보세
아리 아리 아리랑
아리 아리 아리랑
쓰리 쓰리 쓰리랑
쓰리 쓰리 쓰리랑
아리 아리 쓰리 쓰리 넘어간다
아리랑 고개를
쓰리랑 고개를 넘어간다

여보시오 여보시오 날좀보소
나를두고 떠나가면 아니되오
이사람 저사람
요사람 그사람 찾아봐도
내님이 최고로다
얼쑤 좋다
안아주소 안아주소 안아줘요
동지섯달 처달래미 무심하오
재성이면 감천이라 꽃이 피네
찰떡궁합 우리 로다
아리 아리 아리랑
아리 아리 아리랑
쓰리 쓰리 쓰리랑
쓰리 쓰리 쓰리랑
아리 아리 쓰리 쓰리 넘어간다
아리랑 고개를
쓰리랑 고개를 넘어간다
아리아리 내 새랑
아리아리 내 새랑
쓰리쓰리 내 사랑
쓰리쓰리 내 사랑
날두고 떠나면
십리도 못가서 돌아와요
내사랑 아리 쓰리
아리 아리 아리랑
아리 아리 아리랑
쓰리 쓰리 쓰리랑
쓰리 쓰리 쓰리랑
아리 아리 쓰리 쓰리 넘어간다
아리랑 고개를
쓰리랑 고개를 못넘어간다"
고로해서 (그래서),71,현진우,"가슴을 툭 터놓고
어디한번 말해봐요
나에게 뭐를 원하는지
때로는 부딪치며
눈물도 흘리지만
사랑이란
그런거 아닌가요
그 누가 말했던가
산다는 것이
끝없는 방황이라고
그래서
인생은 연극이요
그래서
사랑은 예술이요
고로해서
사는거야

가슴을 툭 터놓고
어디한번 말해봐요
나에게 뭐를 원하는지
때로는 부딪치며
눈물도 흘리지만
사랑이란
그런거 아닌가요
그 누가 말했던가
산다는 것이
끝없는 방황이라고
그래서
인생은 연극이요
그래서
사랑은 예술이요
고로해서 사는거야
그 누가 말했던가
산다는 것이
끝없는 방황이라고
그래서
인생은 연극이요
그래서
사랑은 예술이요
고로해서
사는거야"
그대 없이는 못살아 (With 이문세),889,패티김,"좋아해 좋아해 당신을 좋아해
저하늘에 태양이 들고있는 한
당신을 좋아해
좋아해 좋아해 당신을 좋아해
밤하늘에 별들이 반짝이는 한
당신을 좋아해
그대없이는 못살아
나 혼자서는 못살아
헤어져서는 못살아
떠나가면 못살아
사모해 사모해 당신을 사모해
강물이 바다로 흘러가듯이
당신을 사모해
사모해 사모해 패티를 사모해
장미꽃이 비오기를 기다리듯이
당신을 사모해
그대없이는 못살아
나 혼자서는 못살아
헤어져서는 못살아
떠나가면 못살아

사랑해 사랑해 당신을 사랑해
이생명 이마음을 다바치고
당신을 사랑해
사랑해 사랑해 당신을 사랑해
영원히 영원히 변함이없이
당신을 사랑해
그대없이는 못살아
나 혼자서는 못살아
헤어져서는 못살아
떠나가면 못살아
그대없이는 못살아
나 혼자서는 못살아
헤어져서는 못살아
떠나가면 못살아
나 혼자선 못살아"
백치아다다,481,문주란,"초여름 산들바람 고운볼에스칠때
검은머리 금비녀에 다홍치마 어여뻐라
꽃가마에 미소짓는 말 못하는 아다다여
차라리 모를것을 짧은날의 그행복
가슴에 못박고서 떠나버린 님그리워
별아래 울며새는 검은눈의 아아다다여
얄구진 운명아래 맑은순정 보람없이
비둘기의 깨어진 꿈 풀잎뽑아 입에물고
보금자리 쫓겨가는 애처러운 아다다여
산 넘어 바다 건너 행복찾아 어데갔나
말하라 바닷물결 보았는가 갈매기떼
간곳이 어디메뇨 대답 없는 아아다다여"
실버들,432,희자매,"실버들을 천만사 늘여놓고도
가는 봄을 잡지도 못한단 말인가
이 내 몸이 아무리 아쉽다기로
돌아서는 님이야 어히 잡으랴
한갓되이 실버들 바람에 늙고
이내 몸은 시름에 혼자 여위네
가을 바람에 풀벌레 슬피울 때에
외로운 맘에 그대도 잠 못 이루리
한갓되이 실버들 바람에 늙고
이내 몸은 시름에 혼자 여위네
가을 바람에 풀벌레 슬피울 때에
외로운 맘에 그대도 잠 못 이루리"
한방에 훅,339,이수진,"청춘이 무어냐고 물으신다면
한방에 훅 가는게 청춘 이더라
사랑이 무어냐고 물으신다면
한방에 훅 가는게 사랑 이더라
청춘 청춘
언제나 내곁에 머물지 않아
사랑 사랑 있을때 잘해라
청춘도 사랑도 한방에 훅 간다
한방에 훅 간다
돈이 무어냐고 물으신다면
한방에 훅 가는게 돈 이더라
명예가 무어냐고 물으신다면
한방에 훅 가는게 명예더라
돈돈 돈돈
언제나 내곁에 머물지않아
명예 명예 잘나갈때 잘해라
돈도 명예도 한방에 훅 간다
청춘이 무어냐고 물으신다면
한방에 훅 가는게 청춘이더라
사랑이 무어냐고 물으신다면
한방에 훅 가는게 사랑이더라
청춘 청춘
언제나 내곁에 머물지않아
사랑 사랑 있을때 잘해라
청춘도 사랑도 한방에 훅 간다
훅 훅 훅 훅 훅 훅 훅
한방에 훅 간다
한방에 훅간다"
사랑의 불꽃,997,진해성,"첫 눈에 빠지게 하고
그렇게 딴청만 피우나요
이 가슴에 뜨겁게 타는
이 사랑은 어찌하라고
줄 듯이 줄 듯이
마음 줄 듯이
그래 놓고 이러긴가요
사랑의 불꽃을
재워줄 한 사람
오직 하나 그대뿐인걸
사랑 사랑이 이런 건가요
애가 타고 속이 끓나요
첫 눈에 빠졌으면서
그렇게 아닌 척 하나요
그 가슴에 뜨겁게 타는
그 사랑은 어찌하려고
줄 듯이 줄 듯이
마음 줄 듯이
그래 놓고 이러긴가요
사랑의 불꽃을
재워줄 한 사람
오직 하나 그대뿐인걸
사랑 사랑이 이런 건가요
애가 타고 속이 끓나요
애가 타고 속이 끓나요"
한방에 훅,572,별사랑,"청춘이 무어냐고 물으신다면
한방에 훅 가는 게 청춘이더라
사랑이 무어냐고 물으신다면
한방에 훅 가는 게 사랑이더라
청춘 청춘
언제나 내 곁에 머물지 않아
사랑 사랑
있을 때 잘해라
청춘도 사랑도
한방에 훅 간다
한방에 훅 간다
돈이 무어냐고 물으신다면
한방에 훅 가는 게 돈 이더라
명예가 무어냐고 물으신다면
한방에 훅 가는 게 명예더라
돈돈 돈돈
언제나 내 곁에 머물지 않아
명예 명예 잘 나갈 때 잘해라
돈도 명예도 한방에 훅 간다
청춘 청춘
언제나 내 곁에 머물지 않아
사랑 사랑
있을 때 잘해라
청춘도 사랑도
한방에 훅 간다
훅 훅 훅 훅 훅 훅 훅
한방에 훅 간다
한방에 훅 간다
훅 간다"
사랑의 포인트,247,강예슬,"여기도 아니고 저기도 아니고
끝까지 찾아봐야지
이 곳에 없어요 찾는 님 없어요
그 님은 어디에 있나
아무때나 못 만나요 시간 맞춰 오세요
비 바람이 부는 날은 피해서 오세요
(내게 오세요)
포인트 제대로 찍어서
사랑의 낚시를 던지면
못보던 님 그리운 님
사랑 걸려 나와요
여기도 궁금해 저기도 궁금해
뭐라도 찾아봐야지
꽃 같은 그 님은 별 같은 그 님은
도대체 어디에 있나
아무때나 못 만나요 시간 맞춰 오세요
비 바람이 부는 날은 피해서 오세요
(내게 오세요)
포인트 제대로 찍어서
사랑의 낚시를 던지면
못보던 님 그리운 님
사랑 걸려 나와요
아무때나 못 만나요 시간 맞춰 오세요
비 바람이 부는 날은 피해서 오세요
(내게 오세요)
포인트 제대로 찍어서
사랑의 낚시를 던지면
못보던 님 그리운 님
사랑 걸려 나와요 사랑 걸려 나와요
(사랑의 포인트)"
누나가 딱이야,310,황민호,"남자답게 책임질게
내겐 딱 딱 누나가 딱이야
풋내 나는 풋사과보다
새빨간 사과가 더 좋아
지독한 사랑에 아파본
누나라서 난 좋아
어디까지 헤메이다가
얼마만큼 울다 왔는지
과건 묻지 않을 테니까
내 품에 편히 쉬어
누나가 딱이야
내 품에 딱이야
오늘부터 우린 자기야
남자답게 책임질게
나만 믿고 따라와
누나가 딱이야
내 눈에 딱이야
오늘부터 우린 짝이야
못 이긴 척 안겨줄래
내겐 딱 딱
누나가 딱이야
내겐 딱 딱
넌 내가 딱이야"
가지마,368,양지은,"세월아 세월아 세월아 가지 말어라
아까운 청춘들이 다 늙는다
무정세월은 덧없이 흘러가고
이내 청춘도 아차 한번 죽어 지면
북망산천의 흙이로구나
가지 마 가지 마
동아줄로도 못 잡는 청춘
미련만 한숨만
제발 남지 않는 삶이 되길
눈물방울 빗물로 여기면서 살아왔던 날들이
후회 한 점 없다면 그건 거짓말
그저 오로지 사랑 하나만을 위해
나 살리라 오늘 내일도
가지 마 가지 마
동아줄로도 못 잡는 청춘
미련만 한숨만
제발 남지 않는 삶이 되길
눈물방울 빗물로 여기면서 살아왔던 날들이
후회 한 점 없다면 그건 거짓말
그저 오로지 사랑 하나만을 위해
나 살리라 오늘 내일도
휘영청 밝은 달아 가는 세월 비춰주오
휘영청 밝은 달아 가는 청춘 비춰주오
휘영청 밝은 달아 우리 인생 비춰주오
미련 남지 않는 삶이 되길
후회 남지 않는 삶이 되길"
이름 없는 새,55,손현희,"나는 한마리 이름없는 새
새가 되어 살고 싶어라

아무도 살지 않는 곳
그곳에서 살고 싶어라
날 부르지 않는 곳
바로 그곳에서
나는 한마리
이름없는 새로 살리라
길고 기나긴 어둠 뚫고서
날아가리라 하늘끝까지
나는 한마리 이름없는 새
새가 되어 살고 싶어라

아무도 살지 않는 곳
그곳에서 살고 싶어라
날 부르지 않는 곳
바로 그곳에서
나는 한마리
이름없는 새로 살리라
길고 기나긴 어둠 뚫고서
날아가리라 하늘끝까지
나는 한마리 이름없는 새
새가 되어 살고 싶어라
나는 한마리 이름없는 새
새가 되어 살고 싶어라"
新사랑고개,193,금잔디,"미아리 눈물 고개
님이 넘던 이별 고개
아주 오래전에 미아리 고개
울며 불며 매달리던 눈물고개
오늘날에 현재 미아리 고개
갈테면 가라지 냅두는 고개
내가 뭐 잡을줄 아니
천만의 만만의 콩떡
여자답게 상냥하게 보내는거야
미아리 눈물고개 니가 떠난 이별고개
니가 없어도 남자는 많아
갈테면 어서 가라지
행여 나에게 돌아올 생각
꿈에도 하지 말아줘
아주 오래전에 미아리 고개
울며 불며 헤어지던 눈물고개
오늘날에 현재 미아리 고개
갈테면 가라지 냅두는 고개
내가 뭐 잡을줄 아니
천만의 만만의 콩떡
여자답게 깔끔하게 보내는거야
미아리 눈물고개 니가 떠난 이별고개
니가 없어도 남자는 많아
갈테면 어서 가라지
행여 나에게 연락할 생각
꿈에도 하지 말아줘
행여 나에게 돌아올 생각
꿈에도 하지 말아줘
닐리리 닐리리 닐니리"
사랑은 아름다운 슬픈 색이네요,57,요요미,"어깨가 쓸쓸해 눈물비가 무거워
미련 가득한 기억 멈추질 않아
고향 친구도 도시에 와서
정답던 사투리도 꿈도 희미해 졌네
우리 사랑의 막이 내려가네
웃는 이야기 속에 눈물가득
슬플만큼 사랑한 너
슬플만큼 아름다운 나의 꿈
바다는 아름다운 슬픈색이네요
아픈 사랑은 모두 바다에 버리니까
도시는 아름다운 슬픈색이네
꿈을 모두 도시 구석에 버리니까
사랑은 아름다운 슬픈색이네
이별을 모두 꾸겨 버리니까
바다는 아름다운 슬픈색이네요
아픈 사랑은 모두 바다에 버리니까
도시는 아름다운 슬픈색이네
꿈을 모두 도시 구석에 버리니까
사랑은 아름다운 슬픈색이네
꿈을 모두 꾸겨 버리니까
이별을 모두 꾸겨 버리니까"
어찌합니까,265,최헌,"잊기 위해서 미워한다지만
밉지 않은걸 어찌합니까
세월이 흐르면 잊혀진다지만
잊혀지지 않는걸 어찌합니까
미움이 사랑으로 변할 때에는
당신은 떠나가고 없겠지만
잊기 위해서 미워한다지만
밉지는 않은걸 어찌합니까

미움이 사랑으로 변할 때에는
당신은 떠나가고 없겠지만
잊기 위해서 미워한다지만
밉지 않은걸 어찌합니까"
이태원 연가,300,주현미,"밤깊은 이태원 불빛 속에서
젖어버린 두 가슴
떠나갈 사람도 울고 있나요
보내는 나도 우는데
새벽 찬 바람은 가슴 때리고
쌓인정을 지워 버려도
아 못다한 사랑에
외로운 이 거리
잊지는 말아요
이태원 밤 부르스

밤깊은 이태원 안개속에서
말이없던 두사람
어디서 들리는 사랑노래는
슬픔만 더해 주네요
새벽 찬 바람이 등을 밀어도
고개돌려 뒤돌아보던
아 아 마지막 그 모습
남겨진 이거리
잊지는 못해요
이태원 밤 부르스"
봄날은 간다,816,백설희,"연분홍 치마가 봄바람에 휘날리더라
오늘도 옷고름 씹어가며
산제비 넘나드는 성황당 길에
꽃이 피면 같이 웃고 꽃이 지면 같이 울던
알뜰한 그 맹세에 봄날은 간다
새파란 풀잎이 물에 떠서 흘러가더라
오늘도 꽃편지 내던지며
청노새 짤랑대는 역마차 길에
별이 뜨면 서로 웃고 별이 지면 서로 울던
실없는 그 기약에 봄날은 간다"
내 진정 당신을,959,진해성,"내 진정 당신을
잊었다고 생각했는데
잊은게 아니었어 지운게 아니었어
그렇게 쉬운게 아니였나봐
이른 새벽녘에 잠도 자지못하고
그 사람을 그리워하네
그 사람이 생각이나네
너무나 가슴이 시려오네요
진정 당신은 나를 잊었나요
얘기라도 한번 듣고 싶네요
내 진정 당신을
잊었다고 생각했는데
잊은게 아니었어 지운게 아니었어
그렇게 쉬운게 아니였나봐
이른 새벽녘에 잠도 자지못하고
그 사람을 그리워하네
그 사람이 생각이나네
너무나 가슴이 시려오네요
진정 당신은 나를 잊었나요
얘기라도 한번 듣고 싶네요
얘기라도 한번 듣고 싶네요"
간대요 글쎄,110,이태호,"가야한대요 가야한대요
이 한잔 커피를 마시고나면
처음으로 돌아가야한데요
자기밖에 모르도록 모르도록 만들어놓고
남에 사람되려고 간대요 글쎄
남에 사람되려고 간대요 글쎄
싸늘한 커피잔에 이별을 남기고
돌아가야한대요.
글쎄 간대요 글쎄 간대요
이 한 잔 커피를 마시고 나면
타인으로 돌아가야한대요
자기밖에 모르도록 모르도록 만들어놓고
남에 사람되려고 간대요 글쎄
남에 사람되려고 간대요 글쎄
텅빈 커피잔에 눈물을 남기고
글쎄 가야 한대요."
그여자의 마스카라,224,임현정,"알고십년 속아십년 인생은 그런거라고
속절없이 웃고마는 강건너 외로운 여자
세상에 과거없는 사람있냐며 마지막 술잔속에 눈물을감추고
그여자의 마스카라 그여자의 젖은입술 나를 나를 울리려하네

사랑몇번 이별몇번 인생은 그런거라고
흔들리듯 춤을 추는 강건너 쓸쓸한여자
세상에 과거없는 사람있냐며 마지막 술잔속에 눈물을감추고
그여자의 마스카라 그여자의 젖은입술 나를 나를 울리려하네

(후렴)세상에 과거없는 사람있냐며 마지막 술잔속에 눈물을감추고
그여자의 마스카라 그여자의 젖은입술 나를 나를 울리려하네"
울고넘는 박달재,"2,435",박서진,"천둥산 박달재를
울고 넘는 우리 님아
물항라 저고리가
궂은 비에 젖는구려
왕 거미 집을 짓는
고개 마다 구비 마다
울었소 소리첬소
이 가슴이 터지도록
부엉이 우는 산골
나를 두고 가는 님아
돌아올 기약이나
성황님께 빌고 가소
도토리 묵을 싸서
허리춤에 달아주며
한사코 우는구나
박달재에 금봉이야"
흥보가 기가 막혀,"2,200",핫해하태 하태수,"얼쑤
헤야 헤야 헤야
하 헤야라 흥봐라 흥봐라 흥봐라 헤야
하 헤야라 흥봐라 흥봐라 흥봐라 헤야
하 헤야라 흥봐라 흥봐라 흥봐라 헤야
하
흥보가 기가막혀
흥보가 기가막혀
흥보가 기가막혀
흥보가 기가막혀
흥보가 기가막혀
흥보가 기가막혀
흥보가 기가막혀
아이고 성님
동상을 나가라고 하니
어느곳으로 가오리오
이 엄동설한에
어느곳으로 가면 산단 말이요
갈곳이나 일러주오
지리산으로 가오리까
백이숙제 주려죽던
수양산으로 가오리까
아따 이놈아 내가 니
갈곳까지 일러주냐
잔소리말고 썩 꺼져라
해지는 겨울들녘
스며드는 바람에
초라한 내몸 하나 둘곳 어데요
어디로 아 이제 난 어디로 가나
이제 떠나가는 지금 허이여
굳게다문 입술사이로
쉬어진 눈물이 머금어 진다
무거워진 가슴을 어루만져
멀어진 기억속에 담는다
어슴프래져가는 노을 넘어로
소리내어 비워본다
어디서부터 잘못 됐나
이제 나는 어디로 가나
갈곳없는 나를 떠밀면
이제 난 어디로 가나
안으로 들어가며
아이고 여보 마누라
형님이 나가라고 하니
어느명이라고 안 가겄소
자식들을 챙겨보오 큰자식아
어디갔냐 둘째놈아 이리오너라
이사짐을 짊어지고
놀부앞에다 늘어놓고
형님 나 갈라요
해지는 겨울들녘
스며드는 바람에
초라한 내몸 하나 둘곳 어데요
어디로 아 이제 난 어디로 가나
이제 떠나가는 지금 허이여
흥보가 기가막혀
흥보가 기가막혀
흥보가 기가막혀
흥보가 기가막혀
흥보가 기가막혀
흥보가 기가막혀
흥보가 기가막혀
흥보가 기가막혀
흥보가 기가막혀
흥보가 기가막혀
흥보가 기가막혀
흥보가 기가막혀
흥보가 기가막혀
흥보가 기가막혀"
십분내로,"20,373",임영웅,"십분 십분내로 십분내로
그래요 믿어줄게요
나만 사랑한다면
딱한가지만 약속해줘요
내가 전화할땐
늦어도 십분내로
내게로 달려와요
꾸물대지 말고
핑계대지 말고
옆길로 세지도 말고
여자는 꽃이랍니다
혼자두지 말아요
당신 가슴에 영원히 지지 않는
꽃이 될래요
십분내로
그래요 믿어줄게요
나만 사랑한다면
딱 한가지만 약속해줘요
내가 전화할땐
늦어도 십분내로
내게로 달려와요
꾸물대지 말고
핑계대지 말고
옆길로 세지도 말고
당신은 나만에 여자
나는 당신에 남자
언제나 멋진 당신 가슴에 안겨
꽃이 될래요
십분내로
남자는 꽃이랍니다
혼자두지 말아요
당신 가슴에 영원히 지지 않는
꽃이 될래요
십분내로
꽃이 될래요
십분내로"
빵빵,897,"녹용 씨스터즈(김다현,김의영,류원정,진달래,홍지윤)","덜컹 덜컹 달려간다
시골버스야
힘차게 달려간다
빵빵빵빵 기적을 울리며
신나게 달려간다
추억이 살아 숨 쉬는 이곳
내 고향 정든 시골길
옆집 뒷집 시골 아줌마
옆집 아저씨 언니 오빠들
다 태우고 달려간다
빵 빵 빵 빵
동쪽으로 가면 동해바다
서쪽엔 서해바다
남쪽에는 한라산 북쪽엔 백두산
달리고 달리고 달리고 달려라
내 꿈도 싣고 달려라
빵빵빵빵 기적을 울리며
시골버스 달려간다
빵빵빵빵 기적을 울리며
시골버스 달려간다
동쪽으로 가면 동해바다
서쪽엔 서해바다
남쪽에는 한라산 북쪽엔 백두산
달리고 달리고 달리고 달려라
내 꿈도 싣고 달려라
빵빵빵빵 기적을 울리며
시골버스 달려간다
빵빵빵빵 기적을 울리며
시골버스 달려간다"
놀아나보세,330,별사랑,"인생은 인생은
사는 것이 아니라
죽을 힘 다해 살아내는 것
나도 예전엔 아가씨였다
아주 예쁜 아가씨였다
그런데 세월이 잡아주질 않았다
얄밉게 나를 버렸다
세월엔 장사없단 그말이 맞더라
나를 보니 딱 맞더라
인생은 인생은 사는것이 아니라
죽을 힘 다해 살아내는 것
그래서 내 인생 쉬지도 못하였구나
지금이라도 놀아나보세
나도 예전엔 사나이였다
아주 멋진 사나이였다
그런데 세월이 잡아주질 않았다
얄밉게 나를 버렸다
세월엔 장사없단 그말이 맞더라
나를 보니 딱 맞더라
인생은 인생은 사는것이 아니라
죽을 힘 다해 살아내는 것
그래서 내 인생 쉬지도 못하였구나
지금이라도 놀아나보세
지금이라도 놀아나보세"
너무합니다,"2,049",박서진,"마지막 한마디 그 말은
나를 사랑한다고
돌아올 당신은 아니지만
진실을 말해줘요
떠날 땐 말없이 떠나가세요
날 울리지 말아요
너무합니다 너무합니다
당신은 너무합니다

조용히 두 눈을 감고서
당신을 그려봅니다
너무나 많았던
추억들을 잊을 수가 없어요
떠나간 당신은 야속하지만
후회하지 않아요
너무합니다 너무합니다
당신은 너무합니다"
흔들지마요,121,김나희,"흔들흔들지마요
흔들흔들지마요
이렇게 야심한 밤에
왜 자꾸 문자 보내요
곤하게 자는 날 깨워
이 무슨 질문질이야
혼자서 취해 놓고선
왜 자꾸 내 핑계를 대요
술 한잔 권한 적도 없는데
덩달아 울렁거려요
하루종일
당신이 나를 불러 내
당신 땜에
내가 뭘 하는지 정말 난 어지러워워
흔들 흔들지마요
건들 건들지마요
당신 생각처럼 난
쉬운 여자가 아냐
찔러 찌르지마요
자꾸만 혼란스러워져요
하지만 왜 난 당신 따라가
흔들 흔들지마요
흔들흔들지마요
흔들흔들지마요
또 새벽 댓바람부터
이 무슨 전화질이야
한 숨도 못 자게 하곤
굿모닝 인사는 뭐야
온 종일 당신 연락에
자꾸만 환청이 들려
이제는 세상 모든 남자가
당신의 얼굴로 보여
하루종일
당신이 나를 불러 내
당신 땜에
내가 뭘 하는지 정말 난 어지러워워
흔들 흔들지마요
건들 건들지마요
당신 생각처럼 난
쉬운 여자가 아냐
찔러 찌르지마요
자꾸만 혼란스러워져요
하지만 왜 난 당신 따라가
흔들 흔들지마요
건들 건들지마요
당신 생각처럼 난
쉬운 여자가 아냐
찔러 찌르지마요
자꾸만 혼란스러워져요
하지만 왜 난 당신 따라가
흔들흔들지마요
흔들흔들지마요"
꿈이야,759,홍자,"세상을 살다 보면은
아픈 날이 더 많아
사랑도 잡으려면 도망 가는 세상
챙길게 뭐가 있나요
무릎꿇고 구걸하지마
웃음한번 웃으면 되
알고보면 인생이란
모두가 꿈이야
가질 것도 없고 줄것도 없는
내것은 없는 거야
가슴 훨훨 털고 가는 거지
인생은 모두 꿈이야
인생을 살다 보면은
슬픈 날이 더 많아
세상사 잡으려면 도망 가는 세상
챙길게 뭐가 있나요
무릎꿇고 사정하지마
사는게 다 그런거야
알고보면 인생이란
모두가 꿈이야
잡을 것도 없고 숨길것 없는
내것은 없는 거야
가슴 훨훨 털고 가는거지
인생은 모두 꿈이야
인생은 모두 꿈이야"
어차피 떠난 사람,352,정재은,"눈물을 보였나요
내가 울고 말았나요
아니야 아니야
소리없이 내리는
빗물에 젖었을 뿐이야
싫다고 갔는데
밉다고 갔는데
울기는 내가 왜 울어
잊어야지 잊어야지
어차피 떠난 사람
생각이 나던가요
그립기도 하던가요
아니야 아니야
소리없이 내리는
빗물에 젖었을 뿐이야
싫다고 갔는데
밉다고 갔는데
울기는 내가 왜 울어
잊어야지 잊어야지
어차피 떠난 사람"
백세시대,170,이자연,"이래도 한세상
저래도 한세상
우리가 살면 천년을 사나
사랑 행복 꿈꾸며 백세를 향하여
멋지게 멋지게 살아갑시다
사랑하는 친구들 어깨를 부딪치며
앗싸 앗싸
춤을 추어요
노래에 맞춰 쿵짝짝
박수를 치며 쿵짝짝
신나게 신나게 노래를 불러요
구구팔팔 팔팔팔
백세를 향하여
우리 모두 백세를 향하여
노래에 맞추어 쿵짝짝
박수를 치며 쿵짝짝
우리 모두 백세를 향하여
이래도 한 세상 저래도 한 세상
우리가 살면 천년을 사나
무병장수 꿈꾸며 백세를 향하여
멋지게 멋지게 살아 갑시다
사랑하는 친구들 술잔을 부딪치며
아싸 아싸 춤을 추어요
노래에 맞추어 쿵짝짝
박수를 치며 쿵짝짝
신나게 신나게 노래를 불러요
구구팔팔 팔팔팔
백세를 향하여
우리 모두 백세를 향하여
노래에 맞추어 쿵짝짝
박수를 치며 쿵짝짝
신나게 신나게 노래를 불러요
구구팔팔 팔팔팔
백세를 향하여
우리 모두 백세를 향하여"
초혼2 (송인),"1,731",장윤정,"바람에 날리는 저 꽃잎 보며
동그라미 그려 보다가
오늘 밤 꿈속에 나를 찾을까
시린 가슴만 애 태우죠
바람아 바람아 닿을 수 없는
그 길 따라가다
고달픈 걸음에 눈물 고이면
몰래 나대신 훔쳐 다오
옷깃에 가려진 저 달빛처럼
기약 없이 기다리다가
밤 새워 흐르는 눈물조차
행여 짐 될까 감추었죠
바람아 바람아 닿을 수 없는
그 길 따라가다
고달픈 걸음에 눈물 고이면
몰래 나대신 훔쳐 다오
라라라라라 라라라라라
라라 라라
바람아 바람아 닿을 수 없는
그 길 따라가다
바람아 바람아 닿을 수 없는
그 길 따라가다
고달픈 걸음에 눈물 고이면
몰래 나대신 훔쳐 다오
몰래 나대신 훔쳐 다오
이 마음 전해다오"
부탁,348,유지나,"바람이 창문을 흔드는 것은
내 맘을 흔드는 것은
내 님에 부탁을 받고
쌩하니 달려온건가
그리워 보고싶어 잠 못 이루다
애타는 그 마음을 전하랍니까
바람아 바람아 또 다시 돌아가서
내 님에게 전해다오
나도 사랑한다고
바람이 창문을 흔드는 것은
내 맘을 흔드는 것은
내 님에 부탁을 받고
쌩하니 달려온건가
그리워 보고싶어 잠 못 이루다
애타는 그 마음을 전하랍니까
바람아 바람아 또 다시 돌아가서
내 님에게 전해다오
나도 사랑한다고
내 님에게 전해다오
나도 사랑한다고"
떠나는 임아,"6,461",이찬원,"가려거든 울지 말아요
울려거든 가지 말아요
그리워 못 보내는 님
못 잊어 못 보내는 님
당신이 떠나고 나면
미움이 그치겠지만
당신을 보내고 나면
사랑도 끝이 난다오
님아 못 잊을 님아
님아 떠나는 님아
두 눈에 가득 이슬이 맺혀
떠나는 나의 님아
가려거든 울지 말아요
울려거든 가지 말아요
그리워 못 보내는 님
못 잊어 못 보내는 님
님아 못 잊을 님아
님아 떠나는 님아
두 눈에 가득 이슬이 맺혀
떠나는 나의 님아
가려거든 울지 말아요
울려거든 가지 말아요
그리워 못 보내는 님
못 잊어 못 보내는 님"
수은등,925,양지은,"어스름 저녁 길에 하나 둘
수은등 꽃이 피면은
그대와 단둘이서 거닐던
이 길을 서성입니다
수은등 은은한 빛 변함은 없어도
당신은 변했구려
보이지 않네 아아아아
수은등 불빛 아래
이 발길은 떠날 줄 몰라
어두운 밤 거리에 하나 둘
오색 불 깜빡거리면
그대의 웃음소리 들려올 듯
내 가슴은 설레이네
바람 부는 이 거리는 변함이 없건만
당신은 변했구려
보이지 않네 아아아아
오색등 깜빡이는
이 거리를 잊으셨구려"
내 영혼의 히로인,380,민수현,"헝클어진 운명의 끈을 바로 잡지 못하고
사랑했던 그 사람을 잃어버린 채
돌이킬 수 없는 남이 되어
원점에 난 서 있네
이제는 그리워해도 안 되겠지
아 이제는 만나서도 안 되겠지
가슴 속에 묻어둔 가슴 속에 묻어둔
내 영혼의 히로인
헝클어진 운명의 끈을 바로 잡지 못하고
사랑했던 그 사람을 잃어버린 채
돌이킬 수 없는 남이 되어
원점에 난 서 있네
다시는 그리워해도 안 되겠지
아 다시는 만나서도 안 되겠지
가슴 깊이 묻어둔 가슴 깊이 묻어둔
내 영혼의 히로인
다시는 그리워해도 안 되겠지
아 다시는 만나서도 안 되겠지
가슴 깊이 묻어둔 가슴 깊이 묻어둔
내 영혼의 히로인
내 영혼의 히로인"
앗! 뜨거,"2,420",손태진,"앗 뜨거 뜨거 앗 뜨거 뜨거
너 때문에 내 가슴 불난다 불나
앗 뜨거 뜨거 앗 뜨거 뜨거
사랑 앞에 내가 아주 녹는다 녹아
너의 눈웃음은 백만 불짜리
한방에 쓰러져
이 세상에 제일 맛있는 술은
달콤한 니 입술
너를 위해 뜨는 붉은 저 해는
너만을 사랑해
이글이글 타는 나를 바라봐
내 안에 너 있다
섹시한 니가 좋아 내숭기 없는
니가 너무 화끈해서 좋아
솔직하게 또 후끈하게
날 만드는 니가 좋아
앗 뜨거 뜨거 앗 뜨거 뜨거
너 때문에 내 가슴 불난다 불나
앗 뜨거 뜨거 앗 뜨거 뜨거
사랑 앞에 내가 아주 녹는다 녹아
너의 눈웃음은 백만 불짜리
한방에 쓰러져
이 세상에 제일 맛있는 술은
달콤한 니 입술
너를 위해 뜨는 붉은 저 해는
너만을 사랑해
이글 이글 타는 나를 바라봐
내 안에 너 있다
섹시한 니가 좋아 내숭기 없는
니가 너무 화끈해서 좋아
솔직하게 또 후끈하게
날 만드는 니가 좋아
앗 뜨거 뜨거 앗 뜨거 뜨거
너 때문에 내 가슴 불난다 불나
앗 뜨거 뜨거 앗 뜨거 뜨거
사랑 앞에 내가 아주 녹는다 녹아
불나도 좋아 녹아도 좋아
너만 곁에 영원히 있어준다면
사나이 가슴 다 타도 좋아
뜨거운 게 좋아 그게 사랑이니까
그게 진짜 후회 없이 사는 거니까"
사랑은 무죄다,503,안성훈,"너무나 보고 싶어서
도무지 잊지 못해서
한동안 힘이 들었어
내내 가슴을 앓았어
내 모습 불쌍했는지
하늘이 동정했는지
그녀를 다시 만났어
파티가 열린 그 밤에
하지만 우리는 서로
가까이 갈 수 없는 이유로
운명의 장난 앞에서
말없이 바라볼 뿐
살아서 한 번이라도
현실에 옷을 벗어 버리고
죽어도 후회 없이
사랑에 빠지고 싶다

가슴이 터질 것 같아
이러다 미칠 것 같아
마음이 가는 곳으로
왜 난 갈 수가 없는지
이 기분 이 느낌대로
가슴이 차오르는 이대로
들뜨는 나의 마음을
너에게 주고 싶다
영화에 한 장면처럼
당당히 그녀에게 다가가
이젠 말하고 싶다
사랑은 무죄라는 걸
이젠 말하고 싶다
사랑은 무죄라는 걸"
여자의일생,54,이미자,"참을수가 없도록 이가슴이 아파도
여자이기 때문에 말한마디 못하고
헤아릴수 없는설움 혼자 지닌채
고달픈 인생길을 허덕이면서
아 참아야 한다기에
눈물로 보냅니다 여자의일생
견딜수가 없도록 외로워도 슬퍼도
여자이기 때문에 참아야만 한다고
내스스로 내마음을 달래어가며
비탈진 인생길을 허덕이면서
아 참아야 한다기에
눈물로 보냅니다 여자의 일생"
소백산,500,주현미,"영화봉 천문대에
별들이 속삭인다
무슨 사연 그리많아
서쪽새는 슬피우나
나는나는 어쪄라고
어떻하라고
애간장을 녹이느냐
야생초 곱게피면
맑은 물 계곡을 따라
님과함께 어화 둥 둥
사랑을 노래 하리
내 사랑 소백산 아
안개꽃이 비로봉에
힌구름 흘러간다
천년주목 전설않고
말이없는 소백산아
바보온달 평강공주
사연을 않고
단양강은 흐르는데
철죽꽃 곱게피면
단양 팔경 귀경을 따라
임과 함께 어화 둥 둥
사랑을 노래하리
내 사랑 소백산 아
내 사랑 소백산 아"
모래시계,"1,964",박지현,"채깍채깍 자동시계는
어김없이 가지만
내깔겨둔 모래시계는
세월 멈추고 있네
세월아 가는 저 세월아
사정없이 가는 세월아
뚜벅뚜벅 나는 걷는데
뛰어 가네 세월은
힘도 좋아 세월은
반짝반짝 눈부신 아침
저녁으로 가는데
내팽겨둔 모래시계는
세월 붙들고 있네
청춘아 가는 내 청춘아
싸가지도 없는 청춘아
꾸벅꾸벅 나는 조는데
잠도 없네 세월은
힘도 좋아 세월은
짜잔짜잔 길을 비켜라
잘난 세월 가신다
너는 가라 모래시계는
대꾸조차도 없네
인생아 아픈 내 인생아
돌아갈 수 없는 인생아
꼬불꼬불 힘든 인생길
잘도 가네 세월은
힘도 좋아 세월은"
어디쯤 가고 있을까,166,전영,"꽃잎은 바람결에 떨어져
강물을 따라 흘러가는데
떠나간 그 사람은 지금은
어디쯤 가고 있을까
그렇게 쉽사리 떠날줄은
떠날줄 몰랐는데
한마디 말없이 말도 없이 보내긴 싫었는데
그 사람은 그 사람은
어디쯤 가고 있을까

그렇게 쉽사리 떠날줄은
떠날줄 몰랐는데
한마디 말없이 말도 없이 보내긴 싫었는데
그 사람은 그 사람은
어디쯤 가고 있을까
어디쯤 가고 있을까"
내사랑 지금 어디,791,신유,"내 사랑 지금 어디
나를 버리고 갔지만
미워할수록 그리움만
낙엽처럼 쌓여만 가네
그 어느땐가 다정하게
사랑을 주고 받고
행복했지만 마음 변해서
가버린 지금
초라한 내 가슴 속에는
그대만을 못잊어
내 사랑 지금 어디
철새따라 갔지만
생각할 수록 서러움만
강물처럼 흘러만 가네
그 어느땐가 영원토록
맹세를 다짐하며
사랑했지만 마음 변해서
가버린 지금 외로운
내 가슴 속에는
그대만을 못잊어
그대만을 못잊어
그대만을 못잊어"
잊으리,500,이승연,"그토록 사랑한 그 님을 보내고
어이해 나홀로 외로워 하는가
생각하면 무얼해 만날수 없는님
차라리 손모아 행복을 빌리라
이젠 모두 잊으리
그대와 나의 순간들
이젠모두 잊으리
그날의 행복 꿈이라고
생각하면 무얼해 만날 수 없는님
차라리 손모아 행복을 빌리라
이젠 모두 잊으리
그대와 나의 순간들
이젠모두 잊으리
그날의 행복 꿈이라고
생각하면 무얼해 만날 수 없는님
차라리 손모아 행복을 빌리라"
멋진 사람,877,진해성,"모든 것을 내게 주네요
당신의 모든걸 다 주네요
너무나 착한 사람
너무나 고마운 사람
당신은 너무나 멋져요
세상에 태어나서 당신을 만난건
너무나 큰 행운이야
당신은 너무나 멋진
당신은 너무나 멋진
미소가 아름다운 사람
당신과 함께 있으면
마음이 편안해져요
당신은 멋진 사람
모든 것을 내게 주네요
당신의 모든걸 다 주네요
너무나 착한 사람
너무나 고마운 사람
당신은 너무나 멋져요
세상에 태어나서 당신을 만난건
너무나 큰 행운이야
당신은 너무나 멋진
당신은 너무나 멋진
미소가 아름다운 사람
당신과 함께 있으면
마음이 편안해져요
당신은 멋진 사람
당신은 멋진 사람"
고마워요,914,진해성,"당신에게 하고 싶었던
고맙던 그 한 마디가
왜 이다지 힘이든가요
흔하고도 흔한 말인데
세상살이 힘들어도
묵묵히 참고 살아온
당신은 언제나 당신은
언제나 보석같은 사람이예요
고마워요 고마워요
당신이 정말 고마워
당신에게 하고 싶었던
고맙단 그 한 마디가
왜 이다지 힘이든가요
흔하고도 흔한 말인데
인생살이 고달퍼도
나만을 믿고 살아온
당신은 나에게 당신은
나에게 등불같은 사람이예요
고마워요 고마워요
당신이 정말 고마워
고마워요 고마워요
당신이 정말 고마워"
인생,753,진미령,"근심없는 사람 누군가
출세하기 싫은사람 누군가
가난하다 서러워말고
더 이상 기죽지말아라
잠시 잠깐 구경온 세상
없음 말고 편가르지 말어라
잘났다고 콧날세우고 살다가
똑같이 돌아 갈 것을
만남의 기쁨이건
이별의 슬픔이건
다 한순간 꿈인것을
사랑은 산들바람
오해는 천둥바람
모두 다 버리고
그리고 놔두고 갈것을
내것처럼 갖지를 말고
나눠야지 많으면 뭐해 쓰나
머물다가 가버릴 세월속에서
내삶도 내것이 아니죠
인생 계급 어깨에 붙이고
힘있다고 사랑을 탐을내나
해가뜨면 나를 감추고 살다가
밤되면 똑같은것을
만남의 기쁨이건
이별의 슬픔이건
다 한순간 꿈인것을
사랑은 산들바람
오해는 천둥바람
모두 다 버리고
그리고 놔두고 갈것을
살다보면 기쁨도 있고
슬픈표정 지으며 살겠지만
우리인생 별거랍니까
오늘도 그렇게 사는게 삶이죠
내삶도 내것이 아니죠"
목마른 사슴,637,장윤정,"당신이 앞에 있으면
왜 나는 울고 싶은지
한마디 듣고 싶은 그 한마디에
가슴은 까맣게 타네요
목마른 사슴처럼 서러운 마음
사랑한다고 사랑한다고
왜 말을 못해요 왜 말을 못해요
이렇게 가슴은 타들어 가는데
당신만 앞에 있으면
왜 나는 바보가 되는지
맴돌다 맴돌다가 발길 돌리는
내 자신 내가 미워요
미칠듯 그리움에 죽을것 같아
사랑한다고 사랑한다고
왜 말을 못해요 왜 말을 못해요
이렇게 가슴은 까맣게 타는데
목마른 사슴처럼 서러운 마음
사랑한다고 사랑한다고
왜 말을 못해요 왜 말을 못해요
이렇게 가슴은 타들어 가는데"
오늘 밤에,"1,317",노지훈,"오늘 밤에 아무도 모르게
너랑 둘이서 둘이서 사랑을 할거야
오늘 밤에 아무도 모르게
둘이서 하는 불장난
이 밤이 무서워 난 네가 없으면
내 곁에 좀 더 머물러요
리듬 속 너와 내가 춤을 출 때면
그 순간이 행복할거야
Baby 너랑 나랑 우리 둘이
영원하도록
사랑의 맹세를 난 약속할거야
오늘 밤에 아무도 모르게
너랑 둘이서 둘이서 사랑을 할거야
오늘 밤에 아무도 모르게
뚜뚜 뚜루 뚜뚜 뚜두르
꿈이라면 깨지 않게 해줘
떠나가지마 가지마 가지마 가지마
오늘 밤에 아무도 모르게
둘이서 하는 불장난
뚜뚜 뚜루 뚜뚜 뚜두르"
미운 사랑,"1,293",진해성,"남몰래 기다리다가
가슴만 태우는 사랑
어제는 기다림에
오늘은 외로움
그리움에 적셔진 긴 세월
이렇게 살라고 인연을 맺었나
차라리 저 멀리 둘 걸
미워졌다고 갈 수 있나요
행여나 찾아올까 봐
가슴이 사랑을 잊지 못해
이별로 끝난다 해도
그 끈을 놓을 순 없어
너와 난 운명인 거야
이렇게 살라고 인연을 맺었나
차라리 저 멀리 둘 걸
미워졌다고 갈 수 있나요
행여나 찾아올까 봐
가슴이 사랑을 잊지 못해
이별로 끝난다 해도
그 끈을 놓을 순 없어
너와 난 운명인 거야
그 끈을 놓을 순 없어
너와 난 운명인 거야"
소나기,184,금잔디,"내 가슴에 한 남자가
비오는 거리에 서서
젖은 눈을 감추려고
빗속에서 울고 있네
쏟아지는 이 비는
소나기라고
잠시 왔다가는 비라고
비우고 또 비워도
채워지는건
빈 술잔에 눈물뿐인데
그 누가 이 비를
멈출수 있나
이 눈물을 내가 마신다
쏟아지는 이 비는
소나기라고
잠시 왔다 가는 비라고
비우고 또 비워도 채워지는건
빈 술잔에 눈물뿐인데
그 누가 이 비를
멈출수 있나
이 눈물을 내가 마신다
그 누가 이 비를
멈출수 있나
이 눈물을 내가 마신다
이 눈물을 내가 마신다"
와인 한잔해요,"3,164",장민호,"와인 한잔해요
기분이 좋아요 오늘
그대가 곁에 있어
와인 한잔해요
지난 아픔 모두 잊고
이 밤의 선물을 마셔요
내 사랑 그대 내 편인 그대
우리 참 많이 힘들었었죠
지금 이 순간 난 꿈을 꿔
내 마음 그대 곁에 영원히
우릴 축복해요
밤이 속삭여요 그대
내 품 속에 안겨 와요
내 사랑 그대 내 편인 그대
하늘이 정해준 나의 운명
지금 이 순간 난 꿈을 꿔
내 마음 그대 곁에 영원히
우릴 축복해요
밤이 속삭여요 그대
행복하게 해 줄게요"
나쁜 남자,229,재하,"여기가 끝인가 봐요
추억이 남아있는데
당신과 나 사랑한건
하늘도 땅도 알아요
당신을 다시 한번 안고 싶지만
한 번 더 안아 달라
그 두 눈으로 말하지만
더 이상은 아니란걸
당신도 나도 알잖아
뜨거운 그 눈물 마르거든
잊어요 나쁜 이 남자
당신을 다시 한번 안고 싶지만
한 번더 안아 달라
그 두 눈으로 말하지만
더 이상은 아니란걸
당신도 나도 알잖아
뜨거운 그 눈물 마르거든
잊어요 나쁜 이 남자
잊어요 나쁜 이 남자"
님의 등불,158,무룡,"동쪽에서 부는 바람
님의 옷깃 스칠라
서쪽에서 부는 바람
님의 살갗 스칠라
하나밖에 없는 내 님이여
누가 볼까 두렵소
장독 뒤에 숨길까
이내 등 뒤에 숨길까
세찬 비바람 불어도
거센 눈보라가 닥쳐도
나는 영원한 당신의 등불이 되리라
세월 따라 변하는 게
님의 얼굴이더냐
강물처럼 흘러가는
가는 세월 야속하오
내 영혼을 심어 사랑한 님
누가 볼까 두렵소
장독 뒤에 숨길까
이내 등 뒤에 숨길까
세찬 비바람 불어도
거센 눈보라가 닥쳐도
나는 영원한 당신의 등불이 되리라
나는 영원한 당신의 등불이 되리라"
웬떡이냐,61,연예진,"웬 떡이냐~~~
어디갔다 오셨습니까
왜 이제야 오셨습니까
평생을 기다려온 사람
이제서야 만났습니다
천생연분 내 사랑
오늘만을 기다려왔어요
나에겐 나에겐 과분한 그런 사람이지만
이 목숨 바쳐 사랑할 거야
이제야 이제야 바라던 그날이 왔어요
꿈이라면 깨지 말아라
웬떡이냐 웬떡이냐 복이 굴러왔네
복덩이 같은 내 사랑이야
웬떡이냐 웬떡이냐 아 좋아좋아좋아
검은머리 파뿌리 되도록
파뿌리가 대머리 되도록
백년 만년 잘 살아봅시다
얼씨구~ 좋다~
나에겐 나에겐 과분한 그런 사람이지만
이 목숨 바쳐 사랑할 거야
이제야 이제야 바라던 그날이 왔어요
꿈이라면 깨지 말아라
웬떡이냐 웬떡이냐 복이 굴러왔네
복덩이 같은 내 사랑이야
웬떡이냐 웬떡이냐 아 좋아좋아좋아
검은머리 파뿌리 되도록
파뿌리가 대머리 되도록
백년 만년 잘 살아봅시다
백년 만년 잘 살아봅시다"
낭주골 처녀,62,이미자,"월출산 신령님께 소원 빌었네
천왕봉 바라보며 사랑을 했네
금위로 돌아오마 떠난 그님을
오늘도 기다리는 남주골 처녀
너울지면 오시려나
달이뜨면 오시려나
때가되면 오시겠지
금의 환향 하시겠지
저 소등 범 바위에 이름 새겼네
영원히 변치말자 맹세를 했네
영광리 나룻 배로 오실 손님을
단장하고 기다리는 남주골 처녀
너울지면 오시려나
달이뜨면 오시려나
때가 되면 오시겠지
금의환향 하시겠지"
묻고싶어요,"7,363",송가인,"차라리 만나지나
만나지나 않았더라면
이 가슴에 아픈 상처
눈물로 새기지 않았을 것을
이제 와서 무슨 수로 그 마음 돌릴까
뉘우침만 바보 같더라
아 다시는 울 일도 없지만
그래도 한번만
당신에 마음에
누가 있나 묻고 싶어요
차라리 만나지나
만나지나 않았더라면
이 가슴에 아픈 상처
눈물로 새기지 않았을 것을
이제 와서 무슨 수로 그 마음 돌릴까
뉘우침만 바보 같더라
아 다시는 울 일도 없지만
그래도 한번만
당신에 마음에
누가 있나 묻고 싶어요
그래도 한번만
당신에 마음에
누가 있나 묻고 싶어요"
시집 장가,345,마이진,"이 친구 저 친구 매달리고 부탁해도
모두가 모두가 모른척하네
내 나이 더 이상 기다리긴 꽉 찬 나이
정 붙일 남자 시집갈 남자가 없네
아 도와줘요
마음 따뜻한 예쁜 여자에요
아 또 부탁해요
시집 갈수 있는 그날 그날까지
이 사람 저 사람 여기저기 부탁해도
모두가 모두가 모른척하네
내 나이 더 이상 기다리긴 힘든 나이
정 붙일 여자 장가갈 여자가 없네
아 도와줘요
가슴 뜨거운 착한 남잡니다
아 또 부탁해요
장가 갈수 있는 그날 그날까지
아 도와줘요
가슴 뜨거운 사랑을 원합니다
아 또 부탁해요
시집 갈수 있는 그날 그날까지
장가 갈수 있는 그날 그날까지"
제비처럼,"1,027",진해성,"꽃 피는 봄이 오면
내 곁으로 온다고 말했지
노래하는 제비처럼
언덕에 올라보면
지저귀는 즐거운 노랫소리
꽃이 피는 봄을 알리네
그러나 당신은 소식이 없고
오늘도 언덕에 혼자 서 있네
푸르른 하늘 보면
당신이 생각나서
한 마리 제비처럼
마음만 날아가네
당신은 제비처럼
반짝이는 날개를 가졌나
다시 오지 않는 님이여
그러나 당신은 소식이 없고
오늘도 언덕에 혼자 서 있네
푸르른 하늘 보면
당신이 생각나서
한 마리 제비처럼
마음만 날아가네
당신은 제비처럼
반짝이는 날개를 가졌나
다시 오지 않는 님이여
당신은 제비처럼
반짝이는 날개를 가졌나
다시 오지 않는 님이여"
울산아리랑,465,오은정,"운무를 품에 안고

사랑 찾는 무룡산아

산딸기 머루 다래

따다주던 그 손길

앵두같은 내 입술에

그 이름 새겨놓고

꿈을 찾아

떠난 사~람아

둘이서 거닐던~

태화 강변엔

대나무 숲들은~

그대로인데

어느곳에 정을 두고

나를 잊었나

나를 나를 잊~었나

돌아온단 그 약속에

내 청춘이 시든~~다~

아~~~

까치들이 울어주니

님 오시려나

아아아아

울산 아~~리랑~



석양을 품에 안고

사랑 찾는 문수산아

산딸기 머루 다래

따다주던 그 손길

배꽃같은 내 가슴에

그리움 물들이고

꿈을 찾아

떠난 사~람아

둘이서 거닐던~

정자 바닷가

하얀 파도는~

그대로인데

어느곳에 정을 두고

나를 잊었나

나를 나를 잊~었나

돌아온다 그 약속에

내 청춘이 시든~~다~

아~~~

까치들이 울어주니

님 오시려나

아아아아

울산 아~~리랑~"
간데요 글쎄,269,이태호,"가야 한데요
가야 한데요
이 한잔 커피를 마시고 나면
처음으로 돌아가야 한데요
자기밖에 모르도록
모르도록 만들어 놓고
남의사람 되려고 간데요 글쎄
남의사람 되려고 간데요 글쎄
싸늘한 커피 잔에 이별을 남기고
돌아가야 한데요

글쎄 간데요
글쎄 간데요
이 한잔 커피를 마시고 나면
타인으로 돌아가야 한데요
자기밖에 모르도록
모르도록 만들어 놓고
남의사람 되려고 간데요 글쎄
남의사람 되려고 간데요 글쎄
텅빈 커피잔에 눈물을 남기고
글쎄 가야 한데요"
요즘여자 요즘남자,248,현숙,"착한 여자 나쁜 여자
따로있나
남자하기 나름이지
요즘 여잔
행복한 가정
변함없이 지켜주는
바로 내가
요즘 여자
밥만 하는 여-자가
어디있나
꿈이 없는 여자가
어디있나
당신의 사랑
먹고 사는 그런 여자
바로 내가
요즘 여자
여자라는 이유
하나만으로
모든것을 참고
살아가지만
그게 여자의
일생이라면
무엇으로 보상 받나
당신이 내게 무심코
던져버린 그 한마디에
웃고 우는 여자
웃고 우는 여자
요즘 여자랍니다

착한 남자 나쁜 남자
따로있나
여자하기 나름이지
요즘 남잔
행복한 가정
변함없이 지켜주는
바로 내가
요즘 남자
일만 하는
남-자가 어디있나
꿈이 없는
남자가 어디있나
당신의 사랑
먹고 사는 그런 남자
바로 내가
요즘 남자
남자라는 이유
하나만으로
세상 일에 쫓겨
살아가지만
그게 남자의
일생이라면
무엇으로 보상 받나
당신이 내게 무심코
던져버린 그 한마디에
용기 얻는 남자
용기 얻는 남자
요즘 남자랍니다
당신이 내게 무심코
던져버린 그 한마디에
웃고 우는 여자
웃고 우는 여자
요즘 여자랍니다
요즘 여자랍니다"
아! 사루비아,271,방실이,"아 사루비아 사루비아 비아
사루비아 꽃을 든 사람
아 사루비아 사루비아 비아
사루비아 꽃을 단 여자
저 멀리 불빛속에
걸어가는 사람
무척이나 낯익은 뒷모습
가슴에 내 가슴에 눈물을 주고
떠난 바로 그 사람
너무나도 사랑한
그대모습 잊기엔
너무나도 아파
내 가슴이 아파서
지금도 나를 부르며
올 것만 같은 사람
아 사루비아 사루비아 비아
사루비아 꽃을 든 사람
아 사루비아 사루비아 비아
사루비아 꽃을 단 여자

저 멀리 불빛속에
걸어가는 사람
무척이나 낯익은 뒷모습
가슴에 내 가슴에 사랑을 주고
떠난 바로 그 사람
너무나도 사랑한
그대모습 잊기엔
너무나도 아파
내 가슴이 아파서
지금도 나를 부르며
올 것만 같은 사람
아 사루비아 사루비아 비아
사루비아 꽃을 든 사람
아 사루비아 사루비아 비아
사루비아 꽃을 단 여자
아 사루비아 사루비아 비아
사루비아 꽃을 든 사람
아 사루비아 사루비아 비아
사루비아 꽃을 단 여자
아 사루비아"
천생연분,523,장윤정,"천생연분 내 사랑
천년만년 내 사랑
천생연분 내 사랑
하늘이 맺어준 사람
천년만년 내 사랑
영원히 지켜주세요
꽃비가 내리던 날
당신을 만났어요
스치는 손길에 나는 알았죠
당신은 내 사람이죠
사랑이 스며들죠
수줍은 내 가슴에
떨리는 내 볼에 입 맞추었죠
내 맘은 녹아버렸죠
사랑인가요
이런게 사랑이라면
그대와 난 이 세상에서
인연인가요
천생연분 내 사랑
하늘이 맺어준 사람
천년만년 내 사랑
영원히 지켜주세요

천생연분 내 사랑
천년만년 내 사랑
천생연분 내 사랑
하늘이 맺어준 사람
천년만년 내 사랑
영원히 지켜주세요
쓸쓸한 달빛 아래
사랑을 맹세했죠
빨개진 귓가에 속삭여주며
내 맘을 사로잡았죠
꿈속을 헤맸어요
당신을 기다리며
나에게 다가올 인연이라면
머물러 주길 바랬죠
사랑인가요
이런게 사랑이라면
그대와 난 이 세상에서
인연인가요
천생연분 내 사랑
하늘이 맺어준 사람
천년만년 내 사랑
영원히 지켜주세요
영원히 지켜주세요
그대와 난 천생연분"
짜라자짜 (Feat. 서현 Of 소녀시대),"1,118",주현미,"사람이 좋아보여서 그대가 좋아보여서

그렇게 시작한 이제는 끝이난 눈물만 남은 내사랑



좋은 사람 편한 사람 나만을 사랑해준 그 사람

아니죠 이제는 아니죠 모질게 변한 그 사람

사랑해서 정말 미안합니다 못잊어서 정말 죄송합니다

이제 그대 흔적을 지우렵니다 한때 나의 전부를



사랑이 정말 싫어서 그런 거 이젠 안해요

이렇게 말해도 다시 또 찾겠죠 그대와 닮은 사람을



좋은 사람 좋은 여자 되려면 아직 부족 했나요

그래요 내가 좀 그래요 그래서 그댈 보냈죠

사랑해서 정말 미안합니다 못잊어서 정말 죄송합니다

이제 그대 흔적을 지우렵니다 한때 나의 전부를



사랑만 남겨놓고 이별만 남겨놓고

그럼 난 어떡하나요



속절없이 사랑했나봅니다 나란여자 미련했나봅니다

이제 그대 뒤에서 바라봅니다 눈물로 바라봅니다

사랑해서 정말 미안합니다 못잊어서 정말 죄송합니다

이제 그대 흔적을 지우렵니다 한때 나의 전부를



모두 다 지우렵니다 깨끗히 잊겠습니다"
인생은 물레방아,451,진성,"이른 아침에
둥근 해를 바라보면은
왠지 나도 모르게 기분이 좋아
앞산 새 한마리
가사없는 노래를 하고
너도나도 일어나 큰 북을 울려라
잠에서 깨어나라
깨어나서 뛰어 보아라
인생은 물레방아
돌고 도는게 인생살이지
살다보면 너나나나
좋은 날이 찾아 올거야
어제 밤에는
비 바람이 몰아 치더니
오늘 아침에 무지개가 떴네
세상 사람들아
젖은 옷을 벗어 버리고
둥기 둥기 두둥둥
큰 북을 울려라
희망찬 아침해가
덩실 더덩실 춤을 추더라
나에게 광명이
광명의 빛이 찾아오려나
살다보면 너나나나
좋은 날이 찾아 올거야
좋은 날이 찾아 올거야"
팡팡 샤르르르륵,"1,057",ㅋㅋ밴드,"팡팡 샤르르르륵
팡팡 샤르르르륵
팡팡 샤르르르륵
팡팡팡팡 샤르르르륵
바쁘게 출근하는 아저씨
아침부터 전쟁하는 아줌마
새벽 일찍 일어나신
할머니까지도
이리저리 뛰다니는 아이들
밥 달라고 졸라대는 아기들
공부하러 학교가는 학생들까지
스트레스 있다면
날 따라 해봐요
리듬에 몸을 맡겨
버리고 신나게
팡팡 샤르르르륵
신나게 춤을 춤을 춰요
두 팔을 좌우로 흔들흔들
다 같이 춤을 춰봐요
엉덩이는 느낌대로
놔두고 놔두고
정신까지 놔 버리고
우리 모두 비벼대고
흔들어 대고
신나게 춤을 춰봐요
팡팡 샤르르르륵
팡팡 샤르르르륵
팡팡 샤르르르륵
팡팡팡팡 샤르르르륵
배가 나와 뱃살 빼는 아저씨
살이 처져 걱정하는 아줌마
용돈 안 줘 화가나신
할머니까지도
다이어트 실패한 아가씨
고백하다 차여버린 아저씨
상사에게 혼이
나는 회사원까지
스트레스 있다면
날 따라 해봐요
리듬에 몸을 맡겨
버리고 신나게
팡팡 샤르르르륵
신나게 춤을 춤을 춰요
두 팔을 좌우로 흔들흔들
다 같이 춤을 춰봐요
엉덩이는 느낌대로
놔두고 놔두고
정신까지 놔 버리고
우리 모두 비벼대고
흔들어 대고
신나게 춤을 춰봐요
우리 모두 비벼대고
흔들어 대고
신나게 춤을 춰봐요
팡팡 샤르르르륵
팡팡팡팡 샤르르르륵"
나야 나,"1,218",숙행,"바람이 분다 길가에 목롯집
그냥 가긴 서운하잖아
바람이 분다 길가에 목롯집
그냥 가긴 서운하잖아
나 한 잔 자네 한 잔 권커니
한 번은 내 세상도 오겠지
아자 내가 뭐 어때서
나야 나야 나
나야 나야 나
밤늦은 골목길 외쳐보아도
젖은 그림자 바람에 밀리고
거리엔 흔들리는 발자국
어둠은 내리고 바람찬데
아자 괜찮아 나 정도면
나 건들지 마 운명아 비켜라
이 몸께서 행차하신다
때로는 깃털처럼 휘날리며
때로는 먼지처럼 밟히며
아자 하루를 살아냈네
나야 나야 나
나야 나야 나
밤늦은 골목길 외쳐보아도
젖은 그림자 바람에 밀리고
거리엔 흔들리는 발자국
어둠은 내리고 바람찬데
아자 괜찮아 나 정도면
아자 괜찮아 나 정도면
아자 괜찮아 나 정도면
아자"
고향역,"5,210",이찬원,"코스모스 피어있는
정든 고향역
이쁜이 곱쁜이
모두 나와 반겨주겠지
달려라 고향 열차
설레는 가슴안고
눈감아도 떠오르는
그리운 나의 고향역
코스모스 반겨주는
정든 고향역
다정히 손잡고
고개 마루 넘어서 갈때
흰머리 날리면서
달려온 어머님을
얼싸 안고 바라보았네
멀어진 나의 고향역"
울엄마,278,최향,"먼 고향 울 엄마 고향
괜스레 눈물이 나요
살아생전 불효한 자식
못난 자식 걱정에
정안수 떠 놓고 잘되라고 빌던
울 엄마 그 품속 그리워라
해 뜨고 까치가 울면
싸리문 바라보며
살아생전 불효한 자식
못난 자식 걱정에
정안수 떠 놓고 잘되라고 빌던
울 엄마 그 품속 그리워라
먼 고향 울 엄마 고향
괜스레 눈물이 나요
살아생전 불효한 자식
못난 자식 걱정에
정안수 떠 놓고 잘되라고 빌던
울 엄마 그 품속 그리워라"
검정 고무신,271,민수현,"어머님 따라 고무신 사러 가면
멍멍개가 해를 쫓던 날
길가에 민들레 머리 풀어 흔들면
내 마음도 따라 나간다
잃어버릴라 닳아질세라
애가 타던 우리 어머니
꿈에서 깨어보니 아무도 없구나
세월만 휭휭
검정 고무신 우리 어머니
보리쌀 한말 이고 장에 가면
사 오려나 검정 고무신
밤이면 밤마다 머리맡에 두고
고이 포개서 잠이 들었네
잃어버릴라 닳아질세라
애가 타던 우리 어머니
꿈에서 깨어보니 아무도 없구나
가슴만 휭휭
검정 고무신 우리 어머니
잃어 버릴라 닳아질세라
애가 타던 우리 어머니
꿈에서 깨어보니 아무도 없구나
가슴만 휭휭
검정 고무신 우리 어머니"
붉은 입술,977,진해성,"밤을 세워 지는 달도
별을 두고 가는데
배 떠난 부둣가에는
검은 연기만 남아
맺지 못할 사연두고
떠난 사람을
이렇게 밤을 세워
울어야 하나
잊지 못할 붉을 입술
나를 두고 가는 사람
원망도 했다만은
헤어질 운명이기에
웃으며 보냈지
단 하나의 사랑만을
믿어 주세요
사랑의 노래를 들려주는
잊지 못할 붉은 입술"
오빠 (OPPA),280,황민우,"(날 불러봐 오빠~ 사랑해 오빠~
날 불러봐 오빠~ 오빠~ 오빠~)
저 그대가 나를 바라보고있지만
내게 다가와서 귀에다 속삭이네
“오빠 이름이 뭐에요”
너 뭐라고 했어?
오빠면 해서 다른 건 됐어
너 뭐라고 했어?
오빠라 했어? 그거면 됐어
날 불러봐 오빠
멀리보자 더 far
사랑해 오빠
듣기좋아 오늘 밤엔
너만 안아줄게 더 꽉
돌아서기엔 보고픈 오빠
나나나 기분좋아 나나나나
나나나 기분좋아 나나나나
오빠 이름이 뭐에요
저 그대가 나를 바라보고있지만
내게 다가와서 귀에다 속삭이네
“오빠 이름이뭐에요”
너 뭐라고 했어?
오빠면 해서 다른 건 됐어
너 뭐라고 했어?
오빠라 했어? 그거면 됐어
날 불러봐 오빠
멀리보자 더 far
사랑해 오빠
듣기좋아 오늘 밤엔
너만 안아줄게 더 꽉
돌아서기엔 보고픈 오빠
나나나 기분좋아 나나나나
나나나 기분좋아 나나나나
낮에는 따사롭게 안아주는 남자
커피 한 잔을 화끈하게 사다주는 남자
더 이상은 리틀이 아닌 남자
날 당장 불러 오빠(오빠 오빠 오빠 오빠)
날 불러봐 오빠
멀리보자 더 far
사랑해 오빠
듣기좋아 오늘 밤엔
너만 안아줄게 더 꽉
돌아서기엔 보고픈 오빠
오빠 오빠 오빠 오늘 밤엔
너만 너만 돌아 서기엔 보고픈 오빠
오빠 이름이 뭐에요"
레디큐,48,조정민,"사는 게 의미가 없어 왜 자꾸 힘 빠지는 건지
나나나 지금 뭔가 반전이 필요해
한 컷 두 컷 나만의 액션 만드는 거야

가끔 뒤를 돌아보면 누군가 속닥거리지만
나나나 지금 뭔가 용기가 필요해
여기 저기 떠도는 참견 신경쓰지마

내 인생 내 삶은 누가 뭐라던 내가 주인공 (액션)
My my 드라마 이제 시작해 쉿 레디 큐
내 인생 내 삶은 누가 뭐라던 내가 주인공 (액션)
My my 드라마 이제 시작해 쉿 레디 큐

쉿 레디 큐

넘어져도 다시 일어나
생각대로 꿈꾸는 대로
해피엔딩 내 인생 드라마
쉿 레디 큐

쉿 레디 큐
쉿 레디 큐"
열아홉 순정,336,이미자,"보기만 하여도 울렁

생각만 하여도 울렁

수줍은 열아홉살 움트는
첫사랑을 몰라주세요

세상에 그 누구도 다 모르게
내 가슴속에만 숨어있는

응 내가슴에 응 숨어있는

장미꽃보다 더붉은 열아홉 순정이래요

바람이 스쳐도 울렁
버들이 피어도 울렁

수줍은 열아홉살 움트는
첫사랑을 몰라주세요

그대의 속삭임을 내가슴에

가만히 남모래 담아보는

응 내가슴에
응 담아보는

진주빛보다 더 고운
열아홉 순정이래요"
세월 베고 길게 누운 구름 한조각,220,오승근,"늙은 산 노을 업고 힘들어 하네
벌겋게 힘들어 하네
세월 베고 길게 누운 구름 한 조각
하얀 구름 한 조각
여보게 우리 쉬었다 가세
남은 잔은 비우고 가세
가면 어때 저 세월
가면 어때 이 청춘
저녁 걸린 뒷마당에 쉬었다 가세
여보게 쉬었다 가세
늙은 소 긴 하루를 힘들어하네
음메 하며 힘들어 하네
삐딱하게 날아가는 저 산 비둘기
가지 끝에 하루를 접네
여보게 우리 쉬었다 가세
남은 얘기 다 하고 가세
가면 어때 저 세월
가면 어때 이 청춘
저녁 걸린 뒷마당에 쉬었다 가세
여보게 쉬었다 가세
가면 어때 저 세월
가면 어때 이 청춘
저녁 걸린 뒷마당에 쉬었다 가세
여보게 쉬었다 가세
여보게 쉬었다 가세
여보게 쉬었다 가세"
눈썹달,26,유지나,"달아 달아 눈썹달아 더 높이 떠서

내 맘 좀 전해주렴

초저녁의 동동주는 외로워 마시는 술

깊은 밤의 두견주는 님생각 부르는 술

먼 산 저 뻐꾸기 어이해 구슬피 우나


그리워 님 그리워 애간장이 다 녹는다 녹는다 녹아

달아 달아 눈썹달아 더 높이 척 떠올라서

상사병에 걸린 내 맘 전해 주려마

내 순정 몰라 주시면 끝까지 몰라 주시면

내가 지금 쳐들어 간다고

초저녁의 동동주는 외로워 마시는 술

깊은 밤의 두견주는 님생각 부르는 술

먼 산 저 뻐꾸기 어이해 구슬피 우나

그리워 님 그리워 애간장이 다 녹는다 녹는다 녹아

달아 달아 눈썹달아 더 높이 척 떠올라서

상사병에 걸린 내 맘 전해 주려마

내 순정 몰라 주시면 끝까지 몰라 주시면

내가 지금 쳐들어 간다고

내가 지금 쳐들어 간다고"
소녀의 기도,252,김연숙,"바람 불면 흩어지는
쓸쓸한 낙엽이
모두 잠에 취한 이슬처럼
아른 거려요
그 목소리 귓전으로 담고 덧없이
걷는 텅빈 마음이
떠난 사랑을 그리워 하는
서글픈 마음뿐인데
혼자 남아서 지켜야 하는
외로움이 나를 울리네
나는 나는 붙잡지도
못한 아쉬움에
낙엽되어 계절속에 나를 묻으며
봄이 다시 찾아 오길
나는 빌어요
이 밤 지새고 나면

떠난 사랑을 그리워 하는
서글픈 마음뿐인데
혼자 남아서 지켜야 하는
외로움이 나를 울리네
나는 나는 붙잡지도
못한 아쉬움에
낙엽되어 계절속에 나를 묻으며
봄이 다시 찾아 오길
나는 빌어요
이 밤 지새고 나면
이 밤 지새고 나면"
카페와 여인,336,김범룡,"어느 날 우연히 갔던
조그만 카페에서
말없이 눈웃음 짓던
그 사람 생각하네
어디로 갔나 여인
어디로 갔나
그 사람 어디로 갔나 여인
나를 보며 살며시
웃음 짓던 사람
말없이 전등불만
바라보던 사람 아하
지금은 아무도 없는
조그만 카페에는
노란 전등불만이
홀로 깜박거리네

어디로 갔나 여인
어디로 갔나
그 사람 어디로 갔나 여인
나를 보며 살며시
웃음 짓던 사람
말없이 전등불만
바라보던 사람 아하
지금은 아무도 없는
조그만 카페에는
노란 전등불만이
홀로 깜박거리네
어디로 갔나 여인
어디로 갔나 그사람
어디로 갔나 여인
어디로 갔나 그사람
어디로 갔나 여인
어디로 갔나 그사람
어디로 갔나 여인"
춘향아,"1,505",박현빈,"도련님 너무 보고 싶어요
도련님 소녀 울고 있어요
눈물은 뚝 눈물은 뚝
얼싸 안고 춤을 춰보자
춘향아 춘향아 눈물을 거둬라
낭군님이 돌아왔단다
청풍명월 그 좋은 밤에 맺은
그 언약 대장부 어찌 잊었겠느냐
눈물은 뚝 눈물은 뚝
백년가약 지키러 왔다
청운의 꿈 가슴에 안고 한양 가던
날 천둥비도 밤새 울었다
도련님 너무 보고 싶어요
도련님 소녀 울고 있어요
눈물은 뚝 눈물은 뚝
얼싸 안고 춤을 춰보자
춘향아 춘향아 고개를 들어라
낭군님이 여기있단다
청풍명월 그 좋은 밤에 맺은
그 언약 대장부 어찌 잊었겠느냐
눈물은 뚝 눈물은 뚝
백년가약 지키러 왔다
암행어사 마패를 차고 내가 왔단다
일편단심 나의 춘향아
얼싸 안고 춤을 춰보자 춘향아"
살만합니다,"1,137",장윤정,"세상 사는 일 내 마음처럼
내 뜻대로 돌아가진 않죠
언젠가는 쥐구멍에도
분명 태양은 뜹니다
눈물 나도록 힘든 현실에
외롭게 사는 신세이지만
그래도 살만합니다
나는 행복합니다
빈손으로 시작했던 인생살이에
사랑하는 내 님 만나
내 삶이 고맙습니다
인생은 놀다가는 것
재미나게 삽시다
세상이란 한번뿐인 놀이터라죠
힘들어도 우리네 인생은
늘 반짝반짝 살만합니다
머리 아프고 마음 아픈 일
끝도 없이 내게로 오지만
언젠가는 나의 길에도
분명 태양은 뜹니다
눈물 나도록 힘든 현실에
외롭게 사는 신세이지만
그래도 살만합니다
나는 행복합니다
빈손으로 시작했던 인생살이에
사랑하는 내 님 만나
내 삶이 고맙습니다
인생은 놀다가는 것
재미나게 삽시다
세상이란 한번뿐인 놀이터라죠
힘들어도 우리네 인생은
늘 반짝반짝 살만합니다
더 반짝반짝 살만합니다"
걱정말아요 그대,"22,000",임영웅,"그대여 아무 걱정 하지 말아요
우리 함께 노래 합시다
그대 아픈 기억들 모두 그대여
그대 가슴 깊이 묻어 버리고
지나간 것은 지나간 대로
그런 의미가 있죠
떠난 이에게 노래하세요
후회없이 사랑했노라 말해요
그댄 너무 힘든 일이 많았죠
새로움을 잃어버렸죠
그대 슬픈 얘기들 모두 그대여
그대 탓으로 훌훌 털어 버리고
지나간 것은 지나간 대로
그런 의미가 있죠
우리 다 함께 노래합시다
후회없이 꿈을 꾸었다 말해요
지나간 것은 지나간 대로
그런 의미가 있죠
우리 다 함께 노래합시다
후회없이 꿈을 꾸었다 말해요
지나간 것은 지나간대로
그런 의미가 있죠
우리 다 함께 노래합시다
후회없이 꿈을 꾸었다 말해요
새로운 꿈을 꾸겠다 말해요"
신 사랑고개,"1,223",홍지윤,"미아리 눈물고개
님이 넘던 이별고개
아주 오래전에 미아리고개
울며불며 매달리던 눈물고개
오늘날에 현재 미아리고개
갈 테면 가라지 냅두는 고개
내가 뭐 잡을 줄 아니
천만의 만만의 콩떡
여자답게 상냥하게 보내는 거야
미아리 눈물고개
니가 떠난 이별고개
니가 없어도 남자는 많아
갈테면 어서 가라지
행여 나에게 돌아올 생각
꿈에도 하지 말아줘
아주 오래전에 미아리고개
울며불며 헤어지던 눈물고개
오늘날에 현재 미아리고개
갈 테면 가라지 냅두는 고개
내가 뭐 잡을 줄 아니
천만의 만만의 콩떡
여자답게 깔끔하게 보내는 거야
미아리 눈물고개
니가 떠난 이별고개
니가 없어도 남자는 많아
갈테면 어서 가라지
행여 나에게 연락할 생각
꿈에도 하지 말아줘
행여 나에게 돌아올 생각
꿈에도 하지 말아줘
닐리리 닐리리 닐니리"
혼자가 아닌 나,"2,857",김희재,"이제 다시 울지 않겠어
더는 슬퍼하지 않아
다신 외로움에 슬픔에
난 흔들리지 않겠어
더는 약해지지 않을게
많이 아파도 웃을거야
그런 내가 더 슬퍼보여도
날 위로하지마
가끔 나 욕심이 많아서
울어야 했는지 몰라
행복은 늘 멀리 있을 때
커보이는 걸
힘이 들 땐 하늘을 봐
나는 항상 혼자가 아니야
비가 와도 모진 바람 불어도
다시 햇살은 비추니까
눈물나게 아픈 날엔
크게 한번만 소리를 질러봐
내게 오려던 연약한 슬픔이
또 달아날 수 있게
가끔 어제가 후회돼도
나 지금 사는 오늘이
내일 보면 어제가 되는 하루일테니
힘이 들 땐 하늘을 봐
나는 항상 혼자가 아니야
비가 와도 모진 바람 불어도
다시 햇살은 비추니까
눈물나게 아픈 날엔
크게 한번만 소리를 질러봐
내게 오려던 연약한 슬픔이
또 달아날 수 있게
앞만 보고 걸어갈게
때론 혼자서 뛰어라도 갈께
내게 멈추던 조그만 슬픔도
날 따라오지 않게"
찍고 찍고 찍고,"1,148",윤태화,"서울 대전 대구 부산 찍고 찍고 찍고
서울 대전 대구 부산 찍고 찍고 찍고
보고싶어서 찾아 헤맸지
서울 대전 대구 부산을 그리워서
이제서야 만났네
내가 찾아 헤맨 그사람
돌아온다 믿었어요
그대를 믿었어요
봄이가고 여름가고
가을지나 겨울이 와도
사랑하는 마음하난 변치 않았죠
이제 이제 다시는
떨어지지 않을꺼예요
아무리 힘들어도
놓아주지 않을꺼예요
아팠던 지난세월
이제 모두 다 잊고
그대의 품 안에서 영원히 살꺼예요
서울 전주 광주 목포 찍고 찍고 찍고
서울 전주 광주 목포 찍고 찍고 찍고
보고싶어서 찾아 헤맸지
서울 전주 광주 목포를 그리워서
이제서야 만났네
내가 찾아 헤맨 그 사람
돌아온다 믿었어요 그대를 믿었어요
봄이가고 여름가고
가을지나 겨울이 와도
사랑하는 마음하난 변치 않았죠
이제 이제 다시는
떨어지지 않을꺼예요
아무리 힘들어도
놓아주지 않을꺼예요
아팠던 지난세월
이제 모두 다 잊고
그대의 품 안에서 영원히 살꺼예요
그대의 품 안에서 영원히 살꺼예요
꼭 붙어 살꺼예요"
님이여,471,최수호,"님이여 님이시여
기어이 가시나요
뒷산에 접동새가
여태도록 우는데
가시면 떠나시면
어쩌라 어쩌라고
아니 되오 못 가오
나를 두고 못 가오
이 사랑 다 주기 전에
살아가는 오늘 또 내일이
님의 향기뿐인데
님이여 님이시어
차라리 죽으려오
님이 없는 세상은
온통 암흑천지요
내 사모하는 님이여
아 내 님이여
아 내 님이여"
약장수,30,김성환,"(애들은 가라 날이면 날마다 오는 게 아니야 일단 한번 잡솨봐 약장수)

아이들은 집으로 빨리 들어가라고
여기 앉아 있으면 안 된다고 허시던
약장수 그 약장수 어딨을까
날이면 또 날마다 오는 것이 아니야
장날에 자리 깔고 약을 놓고 파시던
약장수 그 약장수 어딨을까
뱜 잡솨봐 뱜 뱜 뱜 잡솨봐 뱜 뱜
오늘 밤 요강이 깨진다고 허풍 떨던 얘기
뱜 잡솨봐 뱜 뱜 뱜 잡솨봐 뱜 뱜
그때는 몰랐지 생각하니 우습구나

아이들은 집으로 빨리 들어가라고
집에 가서 아버지 모셔오라 하시던
약장수 그 약장수 어딨을까
날이면 또 날마다 오는 것이 아니야
장날에 자리깔고 약을 놓고 파시던
약장수 그 약장수 어딨을까
뱜 잡솨봐 뱜 뱜 뱜 잡솨봐 뱜 뱜
오늘 밤 요강이 깨진다고 허풍 떨던 얘기
뱜 잡솨봐 뱜 뱜 뱜 잡솨봐 뱜 뱜
그때는 몰랐지 생각하니 우습구나
뱜 잡솨봐 뱜 뱜 뱜 잡솨봐 뱜 뱜
그때는 몰랐지 생각하니 우습구나"
사우나 (Radio ver.),53,신빠람 이박사,"좋은 차 탄다고 뽐내고
좋은 집에 산다고 으시대고
높은 자리 않았다고 우쭐대고
낮은 자리 않은 사람 깔보지만
사우나 안에서 마주보면 모두가 어리숙한 벌거숭이
그 누가 더 가진 것 하나없는 모두가 다 똑같은 빈털터리
벗으면 다 마찬가지

아무개는 가진것이 너무 많아
놓칠까 두려워서 잠못들고
아무개는 주머니가 텅텅비어
꿈길에도 돈을 쫓아 헤메지만
사우나 안에서 마주보면 모두가 어리숙한 벌거숭이
그 누가 더 가진 것 하나없는 모두가 다 똑같은 빈털터리
벗으면 다 마찬가지

누구는 억척스레 돈을 모아
삼대까지 먹을 재산 쌓아놓고
누구는 월급날을 기다리며
머릿속에 계산기만 굴리지만
사우나 안에서 마주보면 모두가 어리숙한 벌거숭이
그 누가 더 가진 것 하나없는 모두가 다 똑같은 빈털터리
벗으면 다 마찬가지

어머니 뱃속에 나올적에
작정하고 나온 사람 어디있나
떠밀려 이 세상에 나와보니
나도 몰래 이런 신세 되었지만
사우나 안에서 마주보면 모두가 어리숙한 벌거숭이
그 누가 더 가진 것 하나없는 모두가 다 똑같은 빈털터리
벗으면 다 마찬가지"
파란나라,"1,334",혜은이,"파란 나라를 보았니 꿈과 사랑이 가득한
파란 나라를 보았니 천사들이 사는 나라
파란 나라를 보았니 맑은 강물이 흐르는
파란 나라를 보았니 울타리가 없는 나라
난 찌루 찌루의 파랑새를 알아요
난 안델센도 알고요 저 무지개 넘어
파란 나라 있나요 저 파란 하늘 끝에 거기 있나요
동화책 속에 있고 텔레비젼에 있고
아빠의 꿈에 엄마의 눈속에 언제나 있는 나라
아무리 봐도 없고 아는 사람도 없어
누구나 한번 가보고 싶어서 생각만 하는 나라
우리가 한번 해봐요 온세상 모두 손잡고
새파란 마음 한마음 새파란 나라 지어요

난 찌루 찌루의 파랑새를 알아요
난 안델센도 알고요 저 무지개 넘어
파란 나라 있나요 저 파란 하늘 끝에 거기 있나요
동화책 속에 있고 텔레비젼에 있고
아빠의 꿈에 엄마의 눈속에 언제나 있는 나라
아무리 봐도 없고 아는 사람도 없어
누구나 한번 가보고 싶어서 생각만 하는 나라
우리가 한번 해봐요 온세상 모두 손잡고
새파란 마음 한마음 새파란 나라 지어요
우리가 한번 해봐요 온세상 모두 손잡고
새파란 마음 한마음 새파란 나라 지어요
우리가 한번 해봐요 온세상 모두 손잡고
새파란 마음 한마음 새파란 나라
우리 손으로 지어요 어린이 손에 주세요 손!"
소풍 같은 인생,243,금잔디,"너도 한번 나도 한번
누구나 한 번 왔다가는 인생
바람 같은 시간이야
멈추지 않는 세월
하루하루 소중하지
미련이야 많겠지만
후회도 많겠지만
어차피 한 번 왔다가는 길
붙잡을 수 없다면
소풍가듯 소풍가듯
웃으며 행복하게 살아야지
너도 한번 나도 한번
누구나 한 번 왔다가는 인생
바람 같은 시간이야
멈추지 않는 세월
하루하루 소중하지
미련이야 많겠지만
후회도 많겠지만
어차피 한 번 왔다가는 길
붙잡을 수 없다면
소풍가듯 소풍가듯
웃으며 행복하게 살아야지"
천년 지기,"1,883",안성훈,"내가 지쳐 있을 때
내가 울고 있을 때
위로가 되어준 친구
너는 나의 힘이야
너는 나의 보배야
천년 지기 나의 벗이야
친구야 우리 우정의 잔을
높이 들어 건배를 하자
같은 배를 함께 타고
떠나는 인생길
니가 있어 외롭지 않아
넌 정말 좋은 친구야
내가 외로워할 때
내가 방황을 할 때
위로가 되어준 친구
너는 나의 힘이야
너는 나의 보배야
천년 지기 나의 벗이야
친구야 우리 우정의 잔을
높이 들어 건배를 하자
같은 배를 함께 타고
떠나는 인생길
니가 있어 외롭지 않아
넌 정말 좋은 친구야
친구야 우리 우정의 잔을
높이 들어 건배를 하자
같은 배를 함께 타고
떠나는 인생길
니가 있어 외롭지 않아
넌 정말 좋은 친구야
넌 정말 멋진 친구야"
사나이 청춘 (Inst.),"2,872",이찬원,"나는 나는 사나이 경상도 사나이
표현은 잘 못해도 맘은 뜨거운
경상도 사나이
나는 나는 사나이 전라도 사나이
끼쟁이 남자지만 맘은 순정남
전라도 사나이
어디라도 달려간다 휘파람 불며
꿈 찾아 사랑을 찾아
돈도 좋지만 명예도 좋지만
그것보다 당신이 먼저
세월아 멈춰라 내가 간다
불타는 정열로
사랑을 찾아가는 이내 마음은
언제나 사나이 청춘
나는 나는 사나이 충청도 사나이
느리게 보이지만 언제나 일등
충청도 사나이
나는 나는 사나이 강원도 사나이
수줍음은 많지만 열정 넘치는
강원도 사나이
어디라도 달려간다 휘파람 불며
꿈 찾아 사랑을 찾아
돈도 좋지만 명예도 좋지만
그것보다 당신이 먼저
세월아 멈춰라 내가 간다
불타는 정열로
사랑을 찾아가는 이내 마음은
언제나 사나이 청춘
사랑을 찾아가는 이내 마음은
언제나 사나이 청춘
사나이 청춘"
미스고,247,이태호,"미스고 미스고
나는 너를 사랑했었다
짧은 순간 내 가슴에 머물다간
그 흔적 너무 크더라
시인처럼 사랑하고
시인처럼 스쳐간 너
계곡처럼 깊이 패인
그리움만 남긴 너
미스고 미스고
나는 나는 사랑에 삐에로

미스고 미스고
나는 너를 잊지 못했다
짧은 순간 내 가슴에 머물다간
그 흔적 너무 깊더라
시인처럼 사랑하고
시인처럼 가버린 너
계곡처럼 깊이 패인
그리움만 남긴 너
미스고 미스고
나는 나는 사랑에 삐에로"
목로주점,239,김연숙,"멋들어진 친구 내오랜 친구야
언제라도 그곳에서 껄껄껄 웃던
멋들어진 친구 내오랜 친구야
언제라도 그곳으로 찾아오라던
이왕이면 더큰잔에 술을 따르고
이왕이면 마주앉아 마시자 그랬지
그래 그렇게 마주 앉아서
그래 그렇게 부딪혀 보자
가장 멋진 목소리로 기원하려마
가장멋진 웃음으로 화답해줄께
오늘도 목로주점 흙바람 벽엔
삼십촉 백열등이 그네를 탄다

월말이면 월급타서 로프를 타고
년말이면 적금타서 낙타를 사자
그래 그렇게 산에 오르고
그래 그렇게 사막에 가자
가장 멋진 내친구야 빠뜨리지마
한다스의 연필과 노트 한권도
오늘도 목로주점 흙바람 벽엔
삼십촉 백열등이 그네를 탄다
그네를 탄다 그네를 탄다"
그 겨울의 찻집,754,심수봉,"바람 속으로 걸어 갔어요
이른 아침의 그 찻집
마른 꽃 걸린 창가에 앉아
외로움을 마셔요
아름다운 죄 사랑 때문에
홀로 지샌 긴 밤이여
뜨거운 이름 가슴에 두면
왜 한숨이 나는 걸까
아 웃고 있어도 눈물이 난다
그대 나의 사랑아

아름다운 죄 사랑 때문에
홀로 지샌 긴 밤이여
뜨거운 이름 가슴에 두면
왜 한숨이 나는 걸까
아 웃고 있어도 눈물이 난다
그대 나의 사랑아"
나를 잊지 말아요,399,전영록,"나를 잊지 말아요
나 떠난 지금도 나를 잊지 말아요
다시 돌아 올꺼야 날이 갈수록 달이 갈수록
해가 다시 바뀌어도 나 이제 떠나면
언제 다시 오나 안녕은 정말 싫은데 oh ho
나를 잊지 말아요 세월이 흘러도
나를 잊지 말아요 다시 돌아 올꺼야
다시 돌아 올꺼야 uhe"
내가 바보야,"1,075",진해성,"눈시울을 적시면서
그 님에게 안녕하며
작별의 인사하고 이제와서
후회하며 눈물짓네
가지말라 잡아볼걸
사랑한다 말해볼걸
이제와서 무슨 소용이야
내가 바보야 내가 바보야
잡지못한 내가 바보야
눈시울을 적시면서
떠나가는 당신에게
작별의 인사하고 이제와서
후회하며 울줄이야
뒤돌아 가는 당신을
가지말라 잡아볼걸
이제와서 후회 할줄이야
내가 바보야 내가 바보야
잡지못한 내가 바보야"
바람의 소원,247,채희,"바람이 또 붑니다
사랑이 또 떠나네요
다시는 보지 못할까봐
안녕이란 말을 못했죠
이렇게 또 보내네요
눈앞이 희미 하네요
참으려고 애를 써봐도
하염없이 눈물이 나요
보고프면 어떡 하나요
눈물나면 어떡 하나요
지금은 참으렵니다
보고픈 날이 많을테니까
뜨거운 눈물 흘러내려요
미치도록 보고픈걸요
어느순간 또 바람이 붑니다
그대정말 보고싶어요
보고프면 어떻 하나요
눈물나면 어떻 하나요
지금은 참으렵니다
보고픈 날이 많을테니까
뜨거운 눈물 흘러내려요
미치도록 보고픈걸요
어느순간 또 바람이 붑니다
그대정말 보고싶어요
그대정말 사랑합니다"
백년의 길,"1,031",이애란,"어느 누가 인생을
꺼져가는 등불이라 했나
아직도 내 청춘은
그대로 인데
백 년 가는 이 길에
무정한 세월에
내 청춘 모두 다 쓰고
인생은 그렇게 흘러
황혼에 기우는데
인생은 그렇게 흘러
세월에 밀리는데
잃어버린 내 청춘은
석양에 노을만 붉게 타 누나
어느 누가 인생을
꺼져가는 등불이라 했나
아직도 내 청춘은
그대로 인데
백 년 가는 이 길에
무정한 세월에
내 청춘 모두 다 쓰고
인생은 그렇게 흘러
황혼에 기우는데
인생은 그렇게 흘러
세월에 밀리는데
잃어버린 내 청춘은
석양에 노을만 붉게 타 누나"
애향 (愛香),76,박혜신,"눈감으면 떠오르는
당신의 고운 얼굴
달빛처럼 아름답던 모습이 그리워
돌아서면 들려오는
당신의 고운 음성
꽃잎처럼 향기롭던 입술 다시 한번
기다리는 내게로 돌아 올수 없다면
차라리 내가 가면 될 것을
아득히 먼곳에 있어도
당신은 내사랑
다시는 그시절 못 온다 하여도
그대만을 사랑해
기다리는 내게로 돌아 올수 없다면
차라리 내가 가면 될 것을
아득히 먼곳에 있어도
당신은 내사랑
다시는 그시절 못 온다 하여도
그대만을 사랑해
다시는 그시절 못 온다 하여도
그대만을 사랑해
그대만을 사랑해"
그대 오는 날,"1,757",홍진영,"마음이 아려와요
눈물이 나를 적시고
온기가 맴돌아 보고싶어지면
멀리서 그댈 보곤 해
내 모든 걸 준대도
아깝지 않은 그대여
힘겨워말아요 내 손 잡아요
그대 오는 날을 기다릴게요
가슴이 저려 오네요
보고싶은데 어디에
내 어깨 기대 늘 곁에 있을게
내 손을 잡아요 그대
오늘 그대 생각에
나 홀로 밤을 지새고
힘겨워말아요 내 손 잡아요
그대 오는 날을 기다릴게요
내 맘의 그대 향기가
지금도 남아 흐르죠
내 어깨 기대 늘 곁에 있을게요
사랑을 내게 준 사람
가슴이 저려 오네요
보고싶은데 어디에
내 어깨 기대 늘 곁에 있을게
내 손을 잡아요 그대
사랑을 내게 준 사람"
사랑의 불시착,829,최정훈,"마주보며 서로가
아무런 말없이
똑딱 똑딱 흐르는 시간
나 이제는 알아요
그대의 마음을
돌리기엔 늦다는걸
마지막 인사없이 보내긴 싫어
웃음을 보였지만 보내긴 싫어
조각 조각 부서진 작은 꿈들이
하늘멀리 저멀리 흩어져 가고
젖은 눈물 감추며 되돌아 서는
사랑의 불시착
조각 조각 부서진
조각 조각 부서진
작은 꿈들이
하늘멀리 저멀리 흩어져 가고
젖은 눈물 감추며 되돌아 서는
사랑의 불시착
사랑의 불시착"
얄미운 사람,284,윤서령,"사랑만 남겨놓고 떠나가느냐
얄미운 사람
슬픈 음악처럼 이 마음 울려놓고
저 멀리 떠나간 사람
미련만 남겨놓고 돌아가느냐
얄미운 사람
미련 때문인가 멍들은 이내가슴
아픔만 주고 간 사람
정주고 마음 주고 사랑도 줬지만
지금은 남이 되어 떠나가느냐
이별의 아픔일랑 가져가다오
아 얄미운 사람
정주고 마음 주고 사랑도 줬지만
지금은 남이 되어 떠나가느냐
이별의 아픔일랑 가져가다오
아 얄미운 사람
미련만 남겨놓고 돌아가느냐
얄미운 사람
미련 때문인가 멍들은 이 내가슴
아픔만 주고 간 사람
미련 때문인가 멍들은 이 내가슴
아픔만 주고 간 사람"
난 정말 몰랐었네,"12,967",임영웅,"발길을 돌리려고
바람 부는 대로 걸어도
돌아서지 않는 것은
미련인가 아쉬움인가
가슴에 이 가슴에
심어준 그 사랑이
이다지도 깊은 줄은
난 정말 몰랐었네
아아아 아아아
진정 난 몰랐었네
발길을 돌리려고
바람 부는 대로 걸어도
돌아서지 않는 것은
미련인가 아쉬움인가
가슴에 이 가슴에
심어준 그 사랑이
이다지도 깊은 줄은
난 정말 몰랐었네
아아아 아아아
진정 난 몰랐었네
진정 난 몰랐었네"
상사화,948,김태연,"사랑이 왜 이리 고된가요
이게 맞는가요 나만 이런가요
고운 얼굴 한 번 못 보고서
이리 보낼 수 없는데
사랑이 왜 이리 아픈가요
이게 맞는가요 나만 이런가요
하얀 손 한 번을 못 잡고서
이리 보낼 순 없는데
다시 돌아올 수 없는
그 험한 길 위에
어찌하다 오르셨소
내가 가야만 했었던
그 험한 길 위에
그대가 왜 오르셨소
기다리던 봄이 오고 있는데
이리 나를 떠나오
긴긴 겨울이 모두 지났는데
왜 나를 떠나가오
다시 돌아올 수 없는
그 험한 길 위에
어찌하다 오르셨소
내가 가야만 했었던
그 험한 길 위에
그대가 왜 오르셨소
기다리던 봄이 오고 있는데
이리 나를 떠나오
긴긴 겨울이 모두 지났는데
왜 나를 떠나가오
기다리던 봄이 오고 있는데
이리 나를 떠나오
긴긴 겨울이 모두 지났는데
왜 나를 떠나가오"
잠깐만,252,오유진,"잠깐만 잠깐만
그 발길을 다시 멈춰요
이제는 내가 미워
이제는 내가 싫어
간다 간다 아주 가
만날 때 아름다운
사랑보다는
돌아설 때 아름다운
사랑이 되자
잠깐만 잠깐만 그대 나를
이리저리 스쳐 가지 마
불러도 대답은 깜깜
잠깐만 잠깐만
그 마음을 다시 돌려요
이제는 내가 미워
이제는 내가 싫어
간다 간다 아주 가
만날 때 아름다운
사랑보다는
헤어질 때 아름다운
사랑이 되자
잠깐만 잠깐만 쏟아지는
그 추억을 밟고 가지 마
불러도 소식은 깜깜
만날 때 아름다운
사랑보다는
돌아설 때 아름다운 사랑이 되자
잠깐만 잠깐만 그대 나를
이리저리 스쳐 가지 마
불러도 대답은 깜깜"
나를 살게하는 사랑,119,금잔디,"바라보는 것도 사랑
기다리는 것도 사랑
그리움에 가슴이 저린것도
내겐 사랑입니다
계절이 오듯이 그래
매일 숨 쉬듯이 그래
이유 없이 시작한 이 마음은
그래 사랑입니다
나를 살게하는 사랑
아무 이유 없는 사랑
거기에 있어요
멀어지지 마요
내가 아파할게요
계절이 오듯이 그래
매일 숨 쉬듯이 그래
이유 없이 시작한 이 마음은
그래 사랑입니다
나를 살게하는 사랑
아무 이유없는 사랑
거기에 있어요
멀어지지 마요
내가 아파할게요
나를 살게하는 사랑
때론 눈물같은 사랑
가슴 다 헤져도
놓을순 없어요
그래 사랑입니다
그래 사랑입니다"
젊은미소,34,건아들,"나의 꿈 나의 모든 것 어여뿐 꽃 한 송이
모진 바람 불어와서 내 꿈을 데려갔네
별들은 내 마음 알려나 외로운 내 마음을
달님은 내 마음 알겠지 허전한 이 마음을

너와 나의 두 마음 영원한 약속인데
나만을 홀로 두고서 저 멀리 떠나 갔나
젊음아 퍼져라 내 꿈 다시 피어나면
너와 나의 영원한 젊은 미소 밝은 내일 약속 하리라

너와 나의 두 마음 영원한 약속인데
나만을 홀로 두고서 저 멀리 떠나갔나
젊음아 퍼져라 내 꿈 다시 피어나면
너와 나의 영원한 젊은 미소 밝은 내일 약속 하리라"
대왕의 길,181,무룡,"화산 가는 길은
걸음마다 눈물이더냐
기다려도 오지 않는
정든님 찾아가는 길
해가 뜨면 꽃이 피고
달이 뜨면 꽃 지듯이
사랑도 한때더라
미움도 한때더라
부귀도 소용없고
영화도 간 곳 없네
아 인생은 이슬 같이
바람같이 사라지는가
살아온 날 돌아보니
이다지도 짧은 것을
사랑도 한때더라
행복도 한때더라
명예도 소용없고
청춘도 간 곳 없네
아 인생은 이슬같이
바람같이 살아지는가
바람같이 살아지는가"
눈물비,431,에녹,"눈물비 주루루 내리면
내겐 우산 같던 한 사람
세상 아픔들을 대신 맞아주고
나를 지켜주던 한 사람
미안해요 미안해요
사랑해요 사랑해요
비 개인 하늘은 저리 맑은데
마음에 빗물은 그치지 않아
미안한 마음은 먹물이 되어
가슴에 번져가네요
오오 못 해준 기억이 많아
너무 멀리 가버린 사람
눈물비 주루루 내리면
내겐 우산 같던 한 사람
세상 아픔들을 대신 맞아주고
나를 지켜주던 한 사람
미안해요 미안해요
사랑해요 사랑해요
못 해준 기억이 많아
너무 멀리 가버린 사람
눈물비 주루루 내리면
내겐 우산 같던 한 사람
세상 아픔들을 대신 맞아주고
나를 지켜주던 한 사람
미안해요 미안해요
사랑해요 사랑해요"
열두줄,574,최수호,"가슴을 뜯는 가야금 소리
달빛 실은 가야금 소리
한 줄을 퉁기면
옛님이 생각나고
또 한 줄을 퉁기면
술 맛이 절로난다
둥기당기 둥기당기당
둥기당기 둥기당기당
사랑 사랑 내 사랑아
어화둥둥 내 사랑아
열두줄 가야금에 실은 그 사연
어느 누가 달래 주리오
가슴을 뜯는 가야금 소리
구곡간장 애타는 소리
한 줄을 퉁기면
옛님이 생각나고
또 한 줄을 퉁기면
술맛이 절로난다
둥기당기 둥기당기당
둥기당기 둥기당기당
사랑 사랑 내 사랑아
어화둥둥 내 사랑아
열두줄 가야금에 실은 그 사연
어느 누가 달래 주리오"
거문고야,756,송가인,"오동잎 떨어진 달 밝은 밤에
너하고 나하고
이 밤이 가지 못하게 붙잡아보자
뚱따리뚱땅 뚱따리뚱땅 거문고야
내 청춘이 못 가게 여섯 줄을 퉁겨라
새파란 청춘 내 청춘을 어이 보내놓고
내가 너를 붙잡고 있으니
님이 생각난다 보고픈 내 님이
거문고야 여섯 줄을 퉁겨라
달아나는 밤을 붙잡고 너를 붙잡고
뚱따리뚱땅 뚱따리뚱땅땅
오동잎 떨어진 달 밝은 밤에
너하고 나하고
이 밤이 못 가게 붙잡아보자
오동잎 떨어진 달 밝은 밤에
너하고 나하고
이 밤이 가지 못하게 붙잡아보자
뚱따리뚱땅 뚱따리뚱땅 거문고야
내 청춘이 못 가게 여섯 줄을 퉁겨라
새파란 청춘 내 청춘을 어이 보내놓고
내가 너를 붙잡고 있으니
님이 생각난다 보고픈 내 님이
거문고야 여섯 줄을 퉁겨라
달아나는 밤을 붙잡고 너를 붙잡고
뚱따리뚱땅 뚱따리뚱땅땅
오동잎 떨어진 달 밝은 밤에
너하고 나하고
이 밤이 못 가게 붙잡아보자
내 청춘이 못 가게 붙잡아보자
거문고야"
사랑아 가자,437,진욱,"이 넓은 세상 저 하늘 아래
하나뿐인 그대여
내 사랑 그대 그대 그대 그대
그대가 원한다면
땅 끝이라도 하늘 끝이라도
나는 나는 나는 따라갈 거야
남쪽도 좋아 서쪽도 좋아
동서남북 어디라도 좋아
당신이 원하면 당신이 원하면
나는 나는 따라갈 거야
사랑아 가자 내 사랑아 가자
너 가고 싶은 데로
사랑아 가자 내 사랑아 가자
발길 가는 데로
당신이 가는 곳 그 어디라도
나는 나는 나는 따라갈 거야

이 넓은 세상 저 하늘 아래
하나뿐인 그대여
내 사랑 그대 그대 그대 그대
그대가 원한다면
땅 끝이라도 하늘 끝이라도
나는 나는 나는 따라갈 거야
오늘도 좋아 내일도 좋아
지금 바로 떠나도 좋아
당신이 원하면 당신이 원하면
나는 나는 따라갈 거야
사랑아 가자 내 사랑아 가자
너 가고 싶은 데로
사랑아 가자 내 사랑아 가자
발길 가는 데로
당신이 가는 곳 그 어디라도
나는 나는 나는 따라갈 거야
물어보지 않고 따라갈 거야"
얄미운 사람,"6,703",이찬원,"사랑만 남겨놓고 떠나가느냐
얄미운 사람 슬픈 음악처럼
이마음 울려놓고
저 멀리 떠나간 사람
미련만 남겨놓고 떠나가느냐
얄미운 사람 미련때문인가
멍들은 이 내가슴
아픔만 주고 간 사람
정주고 마음주고 사랑도 줬지만
지금은 남이 되어 떠나가느냐
이별의 아픔일랑 가져가다오
얄미운 사람
사랑만 남겨놓고 떠나가느냐
얄미운 사람 슬픈 음악처럼
이마음 울려놓고
저 멀리 떠나간 사람
정주고 마음주고 사랑도 줬지만
지금은 남이 되어 떠나가느냐
이별의 아픔일랑 가져가다오
얄미운 사람
미련만 남겨놓고 돌아가느냐
얄미운 사람 미련때문인가
멍들은 이 내가슴
아픔만 주고 간 사람
미련때문인가 멍들은 이 내가슴
아픔만 주고 간 사람"
친구야,"7,957",정동원,"친구야 내 친구야
같이 놀자 내 사랑아
인생살이 머 그런 거지
부질없는 내 인생이야
흙수저라 탓하지 마라
결승점은 다 똑같단다
아 웃는 거야
아 웃으며 사는 거야
아옹다옹 살지 말자
인생 뭐 별거 있더냐
청춘아 내 청춘아
신나게 사는 거야
친구야 내 친구야
같이 놀자 내 사랑아
친구야 내 친구야
같이 놀자 내 사랑아
인생살이 머 그런 거지
부질없는 내 인생이야
흙수저라 탓하지 마라
결승점은 다 똑같단다
아 웃는 거야
아 웃으며 사는 거야
아옹다옹 살지 말자
인생 뭐 별거 있더냐
청춘아 내 청춘아
신나게 사는 거야
친구야 내 친구야
같이 놀자 내 사랑아
청춘아 내 청춘아
신나게 사는 거야
친구야 내 친구야
같이 놀자 내 사랑아
같이 놀자 내 친구야"
여백,302,금잔디,"처음 만났던 그 순간부터
우린 서로 마음이 끌려
하얀 가슴에 오색 무지개
곱게 곱게 그렸었지
우리는 진정 사랑했기에
그려야 할 그림도 많아
여백도 없이 빼곡빼곡
가슴 가득 채워놓았지
언제부터인가 우리 사이에
바람처럼 스며든 공간
가슴앓이 속의 이 순간이
사랑의 여백인가요
바람 부는데 구름 가는데
내 마음도 흘러 가는데
언제쯤일까 어디쯤일까
우리 사랑 여백의 끝은
언제부터인가 우리 사이에
바람처럼 스며든 공간
가슴앓이 속의 이 순간이
사랑의 여백인가요
바람 부는데 구름 가는데
내 마음도 흘러 가는데
언제쯤일까 어디쯤일까
우리 사랑 여백의 끝은"
꽃바람 여인,"14,439",김호중,"가슴이 터질 듯한
당신의 그 몸짓은
날 위한 사랑인가
섹시한 그대 모습
한 모금 담배연기
사랑을 그리며
한 잔의 샴페인에
영혼을 팔리라
세월에 향기인가
다가선 당신은
꽃바람 여인인가
나만의 사랑
사랑의 노예가
되어 버렸어
어쩔 수 없었네
꽃바람 여인
영혼의 사랑인가
숨이 막혀 오네요
망가진 내 모습은
어쩔 수 없는 사랑
한 모금 담배연기
사랑을 그리며
한 잔의 샴페인에
영혼을 팔리라
세월에 향기인가
다가선 당신은
꽃바람 여인인가
나만의 사랑
사랑의 노예가
되어 버렸어
어쩔 수 없었네
우 꽃바람 여인
사랑의 노예가
되어 버렸어
어쩔 수 없었네
꽃바람 여인"
여수행,207,추가열,"그리운 친구 만나러 간다
주거니 받거니
술 한잔 하러
세상이 힘드니
생각나는 건
그 친구의 웃음 소리뿐
세월은 가는데
주름은 지는데
살아온 인생
뒤돌아보니
먼 곳에 있어도
마음은 가까운
그대가 있어
행복하구나
그리운 친구 만나러 간다
니꺼니 내꺼니
안 해서 좋은
만나면 정겨운
그 친구 만나러
오늘도 간다
여수행 열차
시간은 가는데
내 나이 먹는데
살아온 인생
뒤돌아보니
먼 곳에 있어도
마음은 가까운
그대가 있어
행복하구나
그리운 친구 만나러 간다
니꺼니 내꺼니
안 해서 좋은
만나면 정겨운
그 친구 만나러
오늘도 간다
여수행 열차
밤 새워 웃다가 울어 줄 그 친구
만나러 간다 여수행 열차
오늘도 간다
여수행 열차"
늑대와 함께 춤을,"18,723",임창정,"너를 처음 본 순간 난 숨이
멎어 버렸었지
하늘은 노랗고 머릿속엔 시계
종소리만 울려
하지만 침착해야지
정신차리지 않으면
안되는 순간이야
서두르면 망쳐버릴테니까
하나둘씩 작전을 실행해 볼까
세상엔 둘도 없는
괜찮은 남자로 보여야 할텐데
dance dance dance
all right
나의 손을 잡아봐
넌 이미 내 손을 잡았으니
나를 벗어날 순 없어
사랑 사랑할거야 너만
좋아할거야
나도 이렇게 만나지다니
사랑에 빠져 버렸어
자석에 끌리듯 어느새
니앞에 멈춰 서 버린 나
내게 눈길조차 안주던
그런 니가 손을 내밀다니
오 이것 참 너는 나란 남자
있는지 없는지 모르는 듯이
관심조차 안주고 있었는데
이 순간을 너무 기다려왔어
내게 틈을 보이면
너를 향해 뛰어갈 이순간만을
dance dance dance all right
나의 손을잡아봐
넌 이미 내 손을 잡았으니
나를 벗어날 순 없어
사랑 사랑할거야 너만
좋아할거야
나도 이렇게 만나지다니
사랑에 빠져 버렸어
dance dance dance all right
나의 손을 잡아봐
넌 이미 내 손을 잡았으니
나를 벗어날 순 없어
사랑 사랑할거야 너만
좋아할거야
나도 이렇게 만나지다니
사랑에 빠져 버렸어"
보라빛 엽서,415,송민준,"보라빛 엽서에
실려온 향기는
당신의 눈물인가
이별의 마음인가
한숨 속에 묻힌
사연 지워 보려 해도
떠나 버린 당신 마음
붙잡을 수 없네
오늘도 가버린
당신의 생각에
눈물로 써내려간
얼룩진 일기장엔
다시 못 올 그대 모습
기다리는 사연
오늘도 가버린
당신의 생각에
눈물로 써내려간
얼룩진 일기장엔
다시 못 올 그대 모습
기다리는 사연
다시 못 올 그대 모습
기다리는 사연"
상사화,"2,271",손태진,"사랑이 왜 이리 고된가요
이게 맞는가요 나만 이런가요
고운 얼굴 한번 못 보고서
이리 보낼 순 없는데
사랑이 왜 이리 아픈가요
이게 맞는가요 나만 이런가요
하얀 손 한번을 못 잡고서
이리 보낼 순 없는데
다시 돌아올 수 없는 그 험한 길 위에
어찌하다 오르셨소
내가 가야만 했었던 그 험한 길 위에
그대가 왜 오르셨소
기다리다 봄이 오고 있는데
이리 나를 떠나오
긴긴 겨울이 모두 지났는데
왜 나를 떠나가오
기다리다 봄이 오고 있는데
이리 나를 떠나오
긴긴 겨울이 모두 지났는데
왜 나를 떠나가오
기다리다 봄이 오고 있는데
이리 나를 떠나오
긴긴 겨울이 모두 지났는데
왜 나를 떠나가오"
니가 말해봐,175,황인선,"자꾸 멀어져가는
우리 둘만의 약속
지켜줄 거라 믿어왔던
바보 같은 내 모습

아니야 이게 아닌데
좋았던 우리 둘 사이
도대체 뭐가 문제야 문제 니가 말해봐

니 얼굴 니 성격 니 모습
싹 잡아 다 문제야
죽도록 너만을 사랑한
내가 내가 바보 같아

니 얼굴 니 성격 니 모습
싹 잡아 다 문제야
죽도록 너만을 사랑한
내가 내가 바보 같아

점점 희미해지는
나를 향한 네 사랑
변치 않는다 말했었던
새빨간 거짓말

아니야 이게 아닌데
좋았던 우리 둘 사이
도대체 뭐가 문제야 문제 니가 말해봐

니 얼굴 니 성격 니 모습
싹 잡아 다 문제야
죽도록 너만을 사랑한
내가 내가 바보 같아

내 맘은 이게 아닌데
좋았던 우리 둘 사이
도대체 뭐가 문제야 문제 니가 말해봐

니 얼굴 니 성격 니 모습
싹 잡아 다 문제야
죽도록 너만을 사랑한
내가 내가 바보 같아

니 얼굴 니 성격 니 모습
싹 잡아 다 문제야
죽도록 너만을 사랑한
내가 내가 바보 같아"
다시는 사랑하지 않으리,303,이은하,"어차피 떠난다면
미련을 두지말고
어차피 잊는다면
눈물도 흘리지 마오
이렇게 우리 서로가
아픈가슴 달래지만
세월이 흘러가면
아픔도 사라지겠지
이제는 떠도는
한조각 구름이 되도
뒤돌아 돌아보고
후회는 하지않으리
이렇게 아픈 사랑이라면
다시는 하지않으리

이제는 떠도는
한조각 구름이되도
뒤돌아 돌아보고
후회는하지 않으리
이렇게 아픈 사랑이라면
다시는 하지않으리
다시는 하지않으리
다시는 하지않으리"
그냥 웃자,919,김다현,"사는 게 뭐냐고 묻지를 마라
대답마저 기대를 마라
어찌 세상이 호락호락 하더냐
허허 허허 그냥 웃자
힘들게 산다고 아프게 산다고
외롭게 산다고 억울하게 산다고
그 어디에 내편하나 있더냐
넓은 바다 위 난파선처럼
헤쳐 가는 게 인생이더라
그 누구에게 기대지 마라
허허 허허 그냥 웃자
사는 게 뭐냐고 묻지를 마라
대답마저 기대를 마라
어찌 세상이 호락호락 하더냐
허허 허허 그냥 웃자
힘들게 산다고 아프게 산다고
외롭게 산다고 억울하게 산다고
그 어디에 내편하나 있더냐
넓은 바다 위 난파선처럼
헤쳐 가는 게 인생이더라
그 누구에게 기대지 마라
허허 허허 그냥 웃자
그 누구에게 기대지 마라
허허 허허 그냥 웃자
허허 허허 그냥 웃자"
그때 그사람,485,신성,"비가 오면 생각나는 그 사람
언제나 말이 없던 그 사람
사랑의 괴로움을 몰래 감추고
떠난 사람 못 잊어서 울던 그 사람
그 어느 날 차 안에서 내게 물었지
세상에서 제일 슬픈 게 뭐냐고
사랑보다 더 슬픈 건 정이라며
고개를 떨구던 그때 그 사람
외로운 병실에서 기타를 쳐주고
위로하며 다정했던 사랑한 사람
안녕이란 단 한마디 말도 없이
지금은 어디에서 행복할까
어쩌다 한 번쯤은 생각해 줄까
지금도 보고 싶은 그때 그 사람
외로운 병실에서 기타를 쳐주고
언제라도 감싸주던 다정했던 사람
그러니까 미워하면은 안되겠지
다시는 생각해서도 안되겠지
철없이 사랑인 줄 알았었네
이제는 잊어야 할 그때 그 사람
비가 오면 생각나는 그 사람
언제나 말이 없던 그 사람
사랑의 괴로움을 몰래 감추고
떠난 사람 못 잊어서 울던 그 사람
이제는 잊어야 할 그때 그 사람
이제는 잊어야 할
그때 그 사람"
남행열차,496,태진아,"비내리는 호남선 남행열차에
흔들리는 차창너머로
빗물이 흐르고 내눈물도 흐르고
잃어버린 첫사랑도 흐르네

깜박 깜박이는 희미한 기억속에
그때 만난 그사람 말이 없던 그사람
자꾸만 멀어지는데
만날순 없어도 잊지는 말아요
당신을 사랑했어요

비내리는 호남선 남행열차에
흔들리는 차창너머로
빗물이 흐르고 내눈물도 흐르고
잃어버린 첫사랑도 흐르네

깜박 깜박이는 희미한 기억속에
그때 만난 그사람 말이 없던 그사람
자꾸만 멀어지는데
만날순 없어도 잊지는 말아요
당신을 사랑했어요"
아직도 그대는 내사랑,376,이은하,"아직도 그대는 내사랑
수많은 세월이 흘러도
사랑은 영원한 것
아직도 그대는 내사랑
희미한 기억속에서도
그리움은 남는것
나는 너를 사랑하네
아직도 너 하나 만을
나는 너를 기다리네
아직도 잊지를 못하고
언제 언제까지
아직도 그대는 내사랑
수많은 세월이 흘러도
사랑은 영원한 것

나는 너를 사랑하네
아직도 너 하나 만을
나는 너를 기다리네
아직도 잊지를 못하고
언제 언제까지
아직도 그대는 내사랑
수많은 세월이 흘러도
사랑은 영원한 것"
있을때 잘해,862,오승근,"있을 때 잘해 후회하지 말고
있을 때 잘해 후회하지 말고
있을 때 잘해 흔들리지 말고
있을 때 잘해 흔들리지 말고
가까이 있을 때 붙잡지 그랬어
있을 때 잘해 그러니까 잘해
있을 때 잘해 그러니까 잘해
이번이 마지막 마지막 기회야
이제는 마음에 그 문을 열어줘
아무도 모르게 보고파질 때
그럴 때마다 너를 찾는거야
바라보고 있잖아 있잖아
사랑하고 있잖아 있잖아
더 이상 내게 무얼 바라나
있을 때 잘해 있을 때 잘해
있을 때 잘해 후회하지 말고
있을 때 잘해 후회하지 말고
있을 때 잘해 흔들리지 말고
있을 때 잘해 흔들리지 말고
가까이 있을 때 붙잡지 그랬어
있을 때 잘해 그러니까 잘해
있을 때 잘해 그러니까 잘해
이번이 마지막 마지막 기회야
이제는 마음에 그 문을 열어줘
아무도 모르게 보고파질 때
그럴 때마다 너를 찾는거야
바라보고 있잖아 있잖아
사랑하고 있잖아 있잖아
더 이상 내게 무얼 바라나
있을 때 잘해 있을 때 잘해"
조선 통신사의 사랑,913,진해성,"그리운 그대여 잘 있었나요
오늘도 변함없이 잘 있었나요
그리운 사람아 나를 기억하나요
흐르는 물처럼 세월이 흘러가요
강물이 흘러가면 잊혀질까
정말로 좋았던 사랑의 기억이
바람이 불어오면 사라질까요
참으로 소중한 사랑의 추억들이
즐거운 우리 사랑은
저 밝은 별빛 속에
소중한 추억은 파도 위에
투명한 공기처럼
숨쉬고 있을 거예요
영원히 영원히
그리운 그대여 잘 지냈나요
오늘도 변함없이 잘 지냈나요
보고픈 사람아 나를 불러 주세요
흐르는 물처럼 세월이 흘러가요
구름이 흘러가면 잊혀질까
정말로 좋았던 사랑의 열정이
바람이 불어오면 사라질까요
진실로 귀중한 사랑의 추억들이
행복한 우리 사랑은
저 밝은 별빛 속에
귀중한 추억은 꽃잎 속에
보랏빛 향기 되어
빛나고 있을 거예요
영원히 영원히
영원히 영원히"
녹슬은 기찻길,84,나훈아,"휴전선 달빛아래 녹슬은 기찻길
어이해서 피 빛인가 말 좀 하렴아
전해다오 전해다오
고향 잃은 서러움을
녹슬은 기찻길아
어버이 정 그리워 우는 이 마음
대동강 한강 물은 서해에서 만나
남과 북의 이야기를 주고받는데
전해다오 전해다오
고향 잃은 서러움을
녹슬은 기찻길아
너처럼 내 마음도 울고 있단다"
김천로맨스,148,보나 (샤크라),"헤어지면 또 보고 싶은
경부선 김천역 로맨스
햇살이 눈부시네요
상쾌한 바람이 불어오네요
첫눈에 반한 나의 첫사랑
살며시 다가왔죠
그대가 내게 오네요
부끄러운 내 맘이 떨려오네요
둘이 단둘이 벚꽃 길에서
함께 걸어요
달콤한 벚꽃향기 스치는 거리
사랑으로 물들고
두 번 다시 못 올 내 사랑
짜릿한 로맨스여
자기 자기 자기 그댄 나만의 자기
허니 허니 허니 그댄 달콤한 허니
사랑의 향기를 뿌려줘요
손 흔들며 내게 와줘요
몰래 몰래 몰래 새긴 그대란 이름
오래 오래 오래 내 맘 지켜주세요
헤어지면 또 보고 싶은
경부선 김천역 로맨스
헤어지면 또 보고 싶은
경부선 김천역 로맨스
솔향기 깊은 내사랑
내 영혼이 다 주어도 아깝지 않아
속이 참 깊고 배려심 많은
그대가 최고인걸
한번 더 내게 와줘요
영원히 변치말자 말해주세요
내사랑 그대 그대가 좋아
다시 만나요
흐르는 별빛들이 내리는 거리
사랑으로 물들고
두 번 다시 못 올 내 사랑
김천역 로맨스여
자기 자기 자기 그댄 나만의 자기
허니 허니 허니 그댄 달콤한 허니
사랑의 향기를 뿌려줘요
손 흔들며 내게 와줘요
몰래 몰래 몰래 새긴 그대란 이름
오래 오래 오래 내 맘 지켜주세요
헤어지면 또 보고 싶은
경부선 김천역 로맨스
헤어지면 또 보고 싶은
경부선 김천역 로맨스"
시져시져 (Feat. 양세형),"2,427",유세윤,"이젠 모두 잘라버릴 거야
너와의 기억들
사진과 추억 내 머리 까지도
이쪽도 싹둑 저쪽도 싹둑
모두 잘라내고서
왔던 길을 돌아 갈꺼야
두손에 들린 가위로 이별을 선물해
니가 편히 떠날 수 있게
너의 그 말투 scissors
표정 scissors 눈빛
scissors scissors
모두 다 scissors
이제는 나도 엿장수처럼
내 멋대로 살꺼야
당신이 너무 scissors
겁나 scissors 레알
scissors scissors
너무 나 scissors
우리의 기억을 엿 바꿔먹어
원투더 체키더 롸키더퐁
애블바리숑 리숑나이
푸쳐푸쳐 핸서미헤이
을마베이베 콜마베이베
쒝떠부레 귀때기날려
왓쳐네임 맥아더장군
느니나니 누네노
백투더퓨쳐 박자에맞춰
이젠 모두 잘라버릴 거야
너와의 인연들
원투더 체키더 롸키더퐁
니 엄마 아빠 친구들 까지도
워켄스탑핏 언더쳐블
데블데블 암쏘쏘리
번호도 싹둑 맞팔도 싹둑
모두 잘라내고서
언틸포유 섹시베이베
왔던 길을 돌아 갈꺼야
와썹베이베 콜마베이비
닭다리 잡고 삐약삐약
두손에 들린 가위로
이별을 선물해
플로우 피플 썬더블로와이츠
니가 편히 떠날 수 있게
텐션 지누션
브라운스톤 테이크아웃
너의 그 말투 scissors
표정 scissors 눈빛
scissors scissors
모두 다 scissors
이제는 나도 엿장수처럼
내 멋대로 살꺼야
당신이 너무 scissors
겁나 scissors 레알
scissors scissors
너무 나 scissors
우리의 기억을 엿 바꿔먹어
너의 그 말투
scissors scissors sci scissors
scissors scissors
scissors scissors
당신이 너무
scissors scissors sci scissors
scissors scissors
scissors scissors
너의 그 말투 scissors
표정 scissors 눈빛
scissors scissors
모두 다 scissors
이제는 나도 엿장수처럼
내 멋대로 살꺼야
사실은 내가 scissors
정말 scissors 못난
내가 내가
너무 나 scissors
못난 내 기억을 엿 바꿔먹어
내가준 반지도 엿 바꿔먹어"
한오백년,"1,465",강태관,"한 많은 이 세상 야속한 님아
정을 두고 몸만 가니 눈물이 나네
아무렴 그렇지 그렇구 말고
한 오백년 사자는데 웬 성화요
백사장 세모래밭에 칠성단을 보고
임 생겨 달라고 비나이다"
연인,"15,889",김호중,"다시 만날 수 있을까 이 밤 지나면
나의 가슴에 이별을 두고
떠나버린 사람아
이젠 부르지 않으리 애써 다짐해 놓고
밤이 새도록 그대 생각에 눈을 젖는다
미운 사람아 정든 사람아
어디서 무얼 하는지
보고 싶어서 몸부림쳐도
만날 수 없는 사람아
내가 세상에 태어나 너를 사랑한 것이
지금 나에겐 전부야 다시 돌아와
미운 사람아 정든 사람아
어디서 무얼 하는지
보고 싶어서 몸부림쳐도
만날 수 없는 사람아
내가 세상에 태어나
너를 만나 사랑한 것이
지금 나에겐 전부야 다시 돌아와
다시 나에게 돌아와 그 언제라도"
태화강,283,윤태화,"태화강 대숲 소리
십리길 바람에 울면
보고싶은 우리 엄마
작약꽃 닮은 우리 엄마
세월아 비켜서 가라
울 엄마 가시지 못하게
아하 아하 태화강아
내 마음 너는 아느냐
내 삶의 한 자락을 뚝 끊어내어
울 엄마 드리고 싶어
태화강비친 저 달
한 가득 길어 올려서
고생하신 우리엄마
가슴에 안겨주고파
세월아 비켜서 가라
울 엄마 가시지 못하게
아하 아하 태화강아
내 마음 너는 아느냐
내 삶의 한 자락을 뚝 끊어내어
울 엄마 드리고 싶어
울 엄마 드리고 싶어"
토닥토닥,99,신유,"당신이 있는 곳에도
봄날은 찾아옵니까
봄날에 떨어진 꽃잎은
나의 작은 안부입니다
여름날에 아무 예고 없이
소나기 내리는 것은
저세상에 못다 한 사랑
서러운 이유겠지요
그리워 그리워라
서러워 서러워라
단 한 번 보신다면
맘 놓고 울고 싶어라
토닥토닥 토닥토닥
나를 안고 울어주세요
두 번 다시 놓지 마세요
당신이 있는 곳에도
가을은 찾아옵니까
가을에 떨어진 낙엽은
메마른 내 눈물입니다
겨울날에 그저 하염없이
흰 눈이 내리는 것은
저세상에 못다 한 꿈이
부서진 이유겠지요
그리워 그리워라
서러워 서러워라
단 한 번 보신다면
맘 놓고 울고 싶어라
토닥토닥 토닥토닥
나를 안고 울어주세요
두 번 다시 놓지 마세요"
가슴은 알죠 (MR),"7,900",임영웅,"우리 이제 정말 끝인가요 정말
그대와 나 우리 서로 남이 되나요
되돌릴 순 없죠 그럴 수는 없는 거죠
무너지는 나의 가슴이
이별이 맞다 하네요
그대는 괜찮은가 봐요
이대로도 괜찮은가요
그대의 두 눈에 비친 내 모습
눈물로 젖어 드는데
사랑이 이토록 아픈데도 그댈 찾아요
이 아픔 조차 그대를
모질게 떠난 그댈 잊었다해도
가슴은 기다립니다
그대는 괜찮은가 봐요
이대로도 괜찮은가요
그대의 두 눈에 비친 내 모습
눈물로 젖어 드는데
사랑이 이토록 아픈데도 그댈 찾아요
이 아픔 조차 그대를
모질게 떠난 그댈 잊었다 해도
가슴은 기다립니다
사랑이 이토록 아픈데도 그댈 찾아요
이 아픔 조차 그대를
모질게 떠난 그댈 잊었다 해도
가슴은 기다립니다
가슴은 기다립니다"
바다의 왕자 (Cover Ver.),44,미스터 팡,"다시 돌아온 바닷가
왠지 그녀도 왔을까
여기 저기 둘러 보아도
부서지는 파도 소리만
뚱보 아이스크림 아저씨
혹시 그녈 보셨나요
쭉쭉 빵빵 날씬한 다리
그녈 찾아주세요
새까만 선글라스에
하늘색 물들인 머리
널 따라 내 머리도 노랑 브릿지
이름도 성도 몰라요
용기로 훔친 첫 키스
수줍었던 그녀 얼굴 떠오르네요
혹시 그녀가 왔을까
고래 고래 불러 봤지만
빤짝 대머리 아저씨
자길 불렀냐고 되묻고
세겹 뱃살 접힌 아줌마
여긴 목욕탕이 아녜요
제발 때 좀 밀지 마세요
그녀가 달아나요
새까만 선글라스에
하늘색 물들인 머리
널 따라 내 머리도 노랑 브릿지
이 여름 그녀 없으면
물 없는 사막이에요
앵두같은 그녀 입술 보고 싶어요
나는야 바다에 왕자
당신은 해변에 여자
하지만 너없이 난 해변의 환자
기적이 일어난거죠
그녀가 찾아 왔어요
만세삼창 올 여름은 감동에 바다"
남자들은 날 가만 안나둬,169,윤수현,"도도한 게 죄라면은 죄겠지
그렇다고 너무 그리 쫄지말어
산전수전 다 겪고 훈장 단
연애 대학 박사님을
자존심 상하도록
싱겁게 가지려고 하면 되니
(왜들 이래)
남자들은 날 가만히 안나둬
남자들은 날 가만히 안나둬
내 정신을 혼미하게 만들려면
새벽까지 줄기차게 달려야지
산전수전 다 겪고 훈장 단
연애 대학 박사님을
자존심 상하도록
싱겁게 가지려고 하면 되니
(왜들 이래)
남자들은 날 가만히 안나둬
남자들은 날 가만히 안나둬
잘생긴 게 죄니
섹시한 게 죄니
쭉쭉 빠진 게 죄니
성형미인도 죄니
산으로 갈까 강으로 갈까
너 한번 당해보라고
바다 깊숙히 잠수 타고
소라 미역 전복 따며
살아버릴까 애 좀 먹여줄까
기특한 선물하나 받아들고
도둑키스 한방에
무너질 아마추언줄 아니?
산전수전 다 겪고 훈장 단
연애 대학 박사님을
자존심 상하도록
싱겁게 가지려고 하면 되니
(왜들 이래)
남자들은 날 가만히 안나둬
남자들은 날 가만히 안나둬
남자들은 날 가만히 안나둬
남자들은 날 가만히 안나둬"
간대요 글쎄,221,춘길,"가야 한대요
가야 한대요
이 한잔 커피를 마시고 나면
처음으로 돌아가야 한대요
자기밖에 모르도록
모르도록 만들어놓고
남에 사람 되려고 간대요 글쎄
남에 사람 되려고 간대요 글쎄
싸늘한 커피잔에 이별을 남기고
돌아가야 한대요
글쎄 간대요
글쎄 간대요
이 한잔 커피를 마시고 나면
타인으로 돌아가야 한대요
자기밖에 모르도록
모르도록 만들어놓고
남에 사람 되려고 간대요 글쎄
남에 사람 되려고 간대요 글쎄
텅 빈 커피 잔에 눈물을 남기고
글쎄 가야 한 대요"
마음이 울적해서,312,설운도,"마음이 울적해서 길을 나섰네
지나간 옛추억이
내 가슴을 울리는데
한잔술에 뜻대로 부르는 노래
임자잃은 나그네 노래
샹데리아 불빛속에
서성이면서
불러봅니다 그대 이름을
바보같은 그대 이름을
이 밤도 내 마음은
이밤도 이 마음은
아 빙글빙글 춤을 춥니다
날마다 생각나는 추억때문에
오늘도 잊으려고
발길따라 나섰네
한잔술에 뜻대로 부르는 노래
임자잃은 나그네 노래
샹데리아 불빛속에 서성이면서
불러봅니다 그대 이름을
바보같은 그대 이름을
이밤도 내마음은
이밤도 이 마음은
아 빙글빙글 춤을 춥니다"
아이미슈,63,윤태화,"아이미슈 아이미슈
이렇게 별 꽃이 피는 밤이면
아이미슈 아이미슈
그 사랑이 그리워진다
어느 달콤한
그런 밤이였어
우연인 듯 내게 다가와
사랑 한 조각 심어 놓고
내 마음을 설레인 사람
아이미슈 아이미슈
내 기억 속 어딘가에
아이미슈 아이미슈
깊게 자리 잡은 그 사람

아이미슈 아이미슈
이렇게 꽃 바람 부는 날이면
아이미슈 아이미슈
그 사람이 보고파진다
어느 싱그런
그런 날이였어
운명처럼 내게 다가와
마음 한 조각 내어놓고
내 마음을 앗아간 사람
아이미슈 아이미슈
내 기억 속 어딘가에
아이미슈 아이미슈
아름다운 추억 그 사람
선물처럼 좋은 그 사람"
여자 여자 여자,239,설운도,"아픔을 달래는 여자
고개숙여 우는 그 여자
이 세상에 약한 것이
여자 여자 여자
당신 내맘 몰라요
내 진정 당신의 사랑이
얼마나 필요한지 몰라요
때로는 당신의 마음을
아프게도 하지만
그래도 오로지
나만의 남자 남자 남자
행복을 꿈꾸는 여자
사랑을 기다리는 여자
그런 여자 여자 여자

고독을 달래는 여자
세월속에 지친 그 여자
이 세상에 약한 것이
여자 여자 여자
당신 내맘 몰라요
내 진정 당신의 사랑이
얼마나 소중한지 몰라요
때로는 당신의 마음을
이해할 순 없지만
그래도 소중한
나만의 남자 남자 남자
행복을 꿈꾸는 여자
사랑을 기다리는 여자
그런 여자 여자 여자
그런 여자 여자 여자"
변심,470,장윤정,"조용한 그 카페에 나란이 앉아
흔들리는 눈동자에 빠져들고 싶던
그대는 아름다웠어
꽃잎은 한입두잎 바람에 날려
누군가를 이렇게 난 사랑한적 없어
하지만 난 늪에 빠지고 난후에~

그래서 너를 내가두고 미워하려고 했지만
아픈 내가슴이 흔들리지 않도록

뒤돌아 가버려 가버려 내곁에서
아픔을 주기전에
난다시 난다시 난다시 난 너에게
기회를 주지 않겠어
차라리 차라리 차라리 내곁에서
없어져 버려
떠날거야 긴머리도 자를꺼야....


캄캄한 너의 창 가에 이슬이 맺혀
밤을 세워 너를 기다리고 있던 그밤
이별을 예감 했었어
우연히 너를 만났지 너무 놀랐어
내눈 앞에 누군가와 속삭이고 있던
나를 향한 너의 변심을 본거야

그후로 나는 시련속에 아픈 상처만 남았고
다신 사랑이란 말은 믿지 않겠어

뒤돌아 가버려 가버려 내곁에서
아픔을 주기전에
난다시 난다시 난다시 난 너에게
기회를 주지 않겠어
차라리 차라리 차라리 내곁에서
없어져 버려
떠날거야 긴머리도 자를꺼야....

차라리 차라리 차라리 내곁에서
없어져 버려
떠날거야 긴머리도 자를꺼야...."
두여인,194,진성,"1.아직도 옛 사랑을 지우지도 못하면서 어쩌다가 바보~호오처럼 사랑속에 빠졌나요 @받을때 하나라면 줄~후울때도 하(나인데)난데 나는 왜 두 여인을 사랑하고 있을까요 어`차피 죄가 되는 사랑이라면 잊을건 잊어야지요 까~하맣게 잊어야지요 모든 것을` 묻어버`리고` ,,,,,,,,2. 받~~~~고`."
바람이었나,403,정수라,"이제는 너를 잊어야 하나
그냥 스쳐가는 바람처럼
파란 미소를 뿌리던
꿈의 계절을 모두 잊어야 하나
바람이 몹시 불던 날
우리는 헤매 다녔지
조금은 외롭고 쓸쓸했지만
그것은 낭만이었지
만나면 할 말을 못하고
가슴을 태우면서도
그렇게 우리의 사랑은
끝없이 깊어 갔는데
이제는 너를 잊어야 하나
그냥 스쳐가는 바람처럼
파란 미소를 뿌리던
꿈의 계절을 모두 잊어야 하나
그 날이 언제였던가
침묵이 흘러 간 뒤에
잊어달라는 그 말 한마디
아직도 나를 울리네
조용히 눈물을 삼키며
뒷모습 바라볼 때는
또 다시 만날 수 있다고
그렇게 생각했는데
이제는 너를 잊어야 하나
그냥 스쳐가는 바람처럼
파란 미소를 뿌리던
꿈의 계절을 모두 잊어야 하나"
바람의 여인,224,남진,"바람이 스쳐가듯 우연히 찾아와서
이렇게 내 마음 가져가 버린 여인
그대여 지금은 그 어느 하늘아래
또 다른 사랑을 꿈꾸며
살아가나 내 영혼 모두를
앗아가 버린여인
바람의 여인
폭풍처럼 스쳐간 정열의 여인
불꽃처럼 타던 밤을 못잊어
운명의 여인이여
내게로 돌아와요 이렇게 그리워
이 밤도 눈물짓네
환상의 여인이여 꿈속의 여인이여
아련한 추억만 남기고 떠난 여인
그대여 지금은
그 어느 품 안에서
또 다른 사랑을 꿈꾸면 속삭이나
내 영혼 모두를 앗아가 버린여인
바람의 여인 폭풍처럼
스쳐간 정열의 여인
불꽃처럼 타던 밤을 못잊어
운명의 여인이여
내게로 돌아와요
이렇게 그리워
이밤도 눈물짓네
바람의 여인 폭풍처럼
스쳐간 정열의 여인
불꽃처럼 타던 밤을 못잊어
운명의 여인이여
내게로 돌아와요 이렇게 그리워
이 밤도 눈물짓네"
님이여 님이시여,119,신유,"님이여 님이시여
사랑하는 님이시여
내 가슴에 그리움만
더하는데 어쩌나
님이여 님이시여
아름다운 님이시여
눈물을 닦아봐도
미궁으로 빠지는데
흩어진 모습으로
바라보지 말아요
가로수 찬바람 못 이겨
흐느껴 울어요
누군가에 따스한 손길을
기다리고 있어요
앙상한 가지를 붙잡고
흐느껴 울어요
혼자서 갈길이 너무나
외롭고 쓸쓸해요
아아 님이여 님이시여
흩어진 모습으로
바라보지 말아요
가로수 찬바람 못 이겨
흐느껴 울어요
누군가에 따스한 손길을
기다리고 있어요
앙상한 가지를 붙잡고
흐느껴 울어요
혼자서 갈길이 너무나
외롭고 쓸쓸해요
아아 님이여 님이시여"
당신을 사랑해요,252,진미령,"사랑해요 당신을
얼마나 사랑하냐면요
하늘이 높다 해도 내 사랑
바다가 깊다 해도 내 사랑
표현 할수 없어요
말로다 할 수 없어요
그렇게 한없이
당신을 사랑해요
곁에있지 않아도
마치 숨소리가 들리는 듯
내손잡지 않아도
마치 꼭 잡아 주듯이
당신이란 이름만 가져도
모두 가진 것처럼
그렇게 끝없이
당신을 사랑해요
떠나가지 말아요
이리와 꼭 안아주세요
부서지는 내가슴을
살며시 안아주세요
곁에있지 않아도
마치 숨소리가 들리는 듯
내손잡지 않아도
마치 꼭잡아 주듯이
당신이란 이름만 가져도
모두 가진것처럼
그렇게 끝없이
당신을 사랑해요
떠나가지 말아요
이리와 꼭 안아주세요
부서지는 내 가슴을
살며시 안아주세요
부서지는 내 가슴을
살며시 안아주세요
부서지는 내 가슴을
당신이 안아주세요"
물안개 블루스,"9,025",영탁,"어두운 물안개 피어진 가을밤
오늘도 같은 자리에
조용하게 빈 잔을 채우는
바닷바람아 어서 오라
언젠가 풍운의 사람아
이 세상 내 것이라고 허세라도
내 길만 가련다
거친 파도야 막지 마라
구석까지 몰아쳐도
무릎은 꿇지 말아라
한 번의 인생아 서러워도
눈물의 잔을 거둬라
사납고 뜨겁게 내리는 빗속에
오늘도 노랠 부른다
부서져도 이 잔을 비우는
바닷바람아 불어오라
마음까지 빼앗겨도
미련은 갖지 말아라
스쳐 간 사랑아 그리워도
추억의 잔을 거둬라
외로운 가로등 불빛은
그날을 기억하겠지
쓸쓸하게 내 맘을 비추는
그리운 이름 불러본다
부서져도 이 잔을 비우는
바닷바람아 불어오라"
해뜰날,"6,514",이찬원,"꿈을 안고 왔단다
내가 왔단다
슬픔도 괴로움도
모두 모두 비켜라
안 되는 일 없단다
노력하면은
쨍하고 해뜰 날
돌아온단다
뛰고뛰고 뛰는 몸이라
괴로웁지만
힘겨운 나의 인생
구름 걷히고
산뜻하게 맑은 날
돌아온단다
쨍하고 해뜰 날
돌아온단다
꿈을 안고 왔단다
내가 왔단다
슬픔도 괴로움도
모두 모두 비켜라
안 되는 일 없단다
노력하면은
쨍하고 해뜰 날
돌아온단다
뛰고뛰고 뛰는 몸이라
괴로웁지만
힘겨운 나의 인생
구름 걷히고
산뜻하게 맑은 날
돌아온단다
쨍하고 해뜰 날
돌아온단다
쨍하고 해뜰 날
돌아온단다
쨍하고 해뜰 날
돌아온단다"
여기서,"2,519",김희재,"사랑이 나를 울리기 전에
눈물이 나를 가두기 전에
떠나야 해 잊어야 해
여기서 돌아서야 해
아직도 못다한 말이 너무나 많은데
이대로 지워야 하나
아 미련 같은 건 이제는 사치인 거야
당신이 날 못 버린다니
내가 먼저 떠날 수밖에
사랑이 나를 울리기 전에
눈물이 나를 가두기 전에
떠나야 해 잊어야 해
여기서 돌아서야 해
아직도 못다한 말이 너무나 많은데
이대로 지워야 하나
아 미련 같은 건 이제는 사치인 거야
당신이 날 못 버린다니
내가 먼저 떠날 수밖에
당신이 날 못 버린다니
내가 먼저 떠날 수밖에"
옥경이,435,은가은,"희미한 불빛 아래
마주 앉은 당신은
언젠가 어디선가 본 듯한 얼굴인데
고향을 물어보고 이름을 물어봐도
잃어버린 이야긴가
대답하지 않네요
바라보는 눈길이
젖어 있구나
너도 나도 모르게
흘러간 세월아
어디서 무엇을 하며
어떻게 살았는지
물어도 대답없이
고개 숙인 옥경이
바라보는 눈길이
젖어 있구나
너도 나도 모르게
흘러간 세월아
어디서 무엇을 하며
어떻게 살았는지
물어도 대답없이
고개 숙인 옥경이
고개 숙인 옥경이"
살다보면,"8,129",영탁,"살다보면
괜시리 외로운 날 너무도 많아
나도 한번 꿈같은 사랑
해봤으면 좋겠네
살다보면
하루 하루 힘든 일이 너무도 많아
가끔 어디 혼자서 훌쩍
떠났으면 좋겠네
수많은 근심걱정 멀리 던져 버리고
언제나 자유롭게 아름답게 그렇게
우-
내일은 오늘보다
나으리란 꿈으로 살지만
오늘도 맘껏 행복했으면
그랬으면 좋겠네
살다보면
괜시리 외로운 날 너무도 많아
나도 한번 꿈같은 사랑
해봤으면 좋겠네
살다보면
하루 하루 힘든 일이 너무도 많아
가끔 어디 혼자서
훌쩍 떠났으면 좋겠네
수많은 근심걱정 멀리 던져버리고
언제나 자유롭게 아름답게 그렇게
우-
내일은 오늘보다
나으리란 꿈으로 살지만
오늘도 맘껏 행복했으면
그랬으면 좋겠네
그랬으면 좋겠네
그랬으면 좋겠네-"
대세남,"9,214",영탁,"저 건물이 내 명의야
지갑도 빵빵한 거 아까 봤잖아
꾸물대면 그냥 놓치는거야
좀처럼 볼 수 없는 대세남을
한 번만 안아주세요 나를
당신 말고 다 가진 늑대를
향기가 날 거예요
불란서 퍼퓸이니까
왜 자꾸 궁금한가요 그게
어디에 혼자 살고 있는지
걸친 내 옷 만으론
설명이 안되던가요
내 차는 먼저 보냈어
당신과 이 밤을 찢으러
택시를 타는 것도 낭만이잖아
버스도 운치 있잖아
저 건물이 내 명의야
그 뒤쪽 커다란 건물도 내거야
의심하면 시작 못하 는거야
좀처럼 볼 수 없는 대세남과
내 곁에 가까이 와요 그대
당신 말고 다 가진 늑대죠
향기가 날 거예요
이태리 명품이니까
왜 자꾸 궁금한가요 그게
통장의 잔고는 잘 몰라요
한도 초과라는 말
그건 뭐 먹는 건가요
내 차는 먼저 보냈어
당신과 둘만 있고 싶어서
걷다가 보면은 사랑이 시작될 거야
새벽 동이 트기 전에
저 건물이 내 명의야
지갑도 빵빵한 거 아까 봤잖아
꾸물대면 그냥 놓치는 거야
좀처럼 볼 수 없는 대세남을
내 차는 먼저 보냈어
당신과 이 밤을 찢으려
택시를 타는 것도 낭만이잖아
버스도 운치 있잖아
저 건물이 내 명의야
그 뒤쪽 커다란 건물도 내거야
의심하면 시작 못 하는 거야
좀처럼 볼 수 없는 대세남과
좀처럼 볼 수 없는 대세남과
좀처럼 볼 수 없는 대세남과"
환희,"1,863",양지은,"어느 날 그대 내 곁으로 다가와
이 마음 설레이게 했어요 어느 날
사랑은 우리 두 가슴에 머물러
끝없이 속삭이고 있어요
그대 손을 잡고
걸어가고 있는 이 순간
세상 모든 것이 아름답게 보여요
이젠 나의 기쁨이 되어주오
이젠 나의 슬픔이 되어주오
우리 서로 아픔을 같이하면
다시 태어날 수 있는 것
이젠 그대 기쁨을 말해주오
이젠 그대 슬픔을 말해주오
우리 서로 아픔을 같이 할 때
행복할 수 있어요
어느 날 그대 눈동자를 보면서
미래를 꿈꾸기도 했어요 어느 날
사랑은 우리들의 삶을 위하여
가슴에 타오르고 있어요
그대 손을 잡고
걸어가고 있는 이 순간
세상 모든 것이 아름답게 보여요
이젠 나의 기쁨이 되어주오
이젠 나의 슬픔이 되어주오
우리 서로 아픔을 같이 하면
다시 태어날 수 있는 것
이젠 그대 기쁨을 말해주오
이젠 그대 슬픔을 말해주오
우리 서로 아픔을 같이할 때
행복할 수 있어요
이젠 나의 기쁨이 되어주오
이젠 나의 슬픔이 되어주오
우리 서로 아픔을 같이 하면
다시 태어날 수 있는 것
이젠 그대 기쁨을 말해주오
이젠 그대 슬픔을 말해주오
우리 서로 아픔을 같이할 때
행복할 수 있어요"
사랑,508,에녹,"이 세상에 하나밖에
둘도 없는 내 여인아
보고 또 보고 또 쳐다봐도
싫지 않은 내 사랑아
비 내리는 여름날에
내 가슴은 우산이 되고
눈 내리는 겨울날엔
내 가슴은 불이 되리라
온 세상을 다 준대도
바꿀 수 없는 내 여인아
잠시라도 떨어져선
못 살 것 같은 내 사랑아
행여 당신 외로울 때
내가 당신 친구가 되고
행여 당신 우울할 때
내가 당신 웃음 주리라
온 세상을 다 준대도
바꿀 수 없는 내 여인아
잠시라도 떨어져선
못 살 것 같은 내 사랑아
이 세상에 하나밖에
둘도 없는 내 여인아"
한량가,104,박성온,"지덩기당징 울려라
거문고 소리
이 한밤을 멋으로 채워라
달빛이 좋구나
예서 놀아보자
오늘은 네가 내 각시로구나
더덩지덩
거문고 가락에 취하고
어스름 달빛에 취한다
대장부 인생 무엇이 더 필요하랴
그 누가 세월을 붙잡아
천년을 살까
어찌 이 밤 놀지 않으랴
한량아

지덩기당징 울려라
거문고 소리
이 한밤을 흥으로 채워라
꽃잎이 곱구나
예서 취해보자
세월의 곤함을 풀어나 보자
더덩지덩
부귀와 영화가 덧없고
흐르는 강물이 덧없다
대장부 인생 무엇이 더 아쉬우랴
그 누가 세월을 붙잡아
천년을 살까
어찌 이 밤 놀지 않으랴
거문고 가락에 취하고
어스름 달빛에 취한다
대장부 인생 무엇이 더 필요하랴
그 누가 세월을 붙잡아
천년을 살까
어찌 이 밤 놀지 않으랴
한량아"
영영,911,진해성,"잊으라 했는데
잊어 달라 했는데
그런데도 아직 난
너를 잊지 못하네
어떻게 잊을까
어찌하면 좋을까
세월 가도 아직 난
너를 못 잊어 하네
아직 나는 너를
사랑하고 있나 봐
아마 나는 너를
잊을 수가 없나 봐
영원히 영원히
내가 사는 날까지
아니 내가 죽어도
영영 못 잊을 거야
아직 나는 너를
사랑하고 있나 봐
아마 나는 너를
잊을 수가 없나 봐
영원히 영원히
내가 사는 날까지
아니 내가 죽어도
영영 못 잊을 거야
아니 내가 죽어도
영영 못 잊을 거야"
나만의 여인,77,설운도,"사랑에 한번 빠지고 싶어요
아주 멋진 여자를 만나
바다가 있는 아름다운 해변을
둘이서 걷고 싶어요
가슴벅차 올라요
눈물마저 핑 도네요
지금까지 살아오면서
나를 위해 무엇을 했나
세월이 다가기 전에
내 모습 변하기 전에
그대와 둘이 밤을 지새며
지난날을 잊고 싶어요

사랑을 한번 해보고 싶어요
매력있는 여자를 만나
아무도 없는 무인도에서
그녀와 함께 있고 싶어요
가슴이 벅차올라요
눈물마저 핑 도네요
지금까지 살아오면서
나를 위해 무엇을 했나
세월이 다가기 전에
내 모습 변하기 전에
사랑하는 그대 그대와 둘이
지난날을 잊고 싶어요"
첫정,216,주현미,"잊어야 하기에 가슴은 아파도
미련없이 잊을래요
사랑도 주고 눈물도 주고
떠나버린 그 사람을
사랑하던 지날시절
받은 첫정 때문에
무거운 발길을 돌리지 못하고
외로이 서서 망설이고 있답니다

지워야 하기에 가슴은 아파도
눈을 감고 지울래요
행복도 주고 슬픔도 주고
떠나버린 그사람을
사랑하던 지날시절
받은 첫정때문에
외로운 마음을 달래지 못하고
나홀로 서서 망설이고 있답니다"
月亮代表我的心,"2,818",홍진영,"니 원 워 아이 니 요우 뚜오 션
워 아이 니 요우 지 펀
워 디 칭 예 쩐 워 디 아이 예 쩐
위에 량 따이 삐아오 워 디 씬
니 원 워 아이 니 요우 뚜오 션
워 아이 니 요우 지 펀
워 디 칭 부 이 워 디 아이 부 삐엔
위에 량 따이 삐아오 워 디 씬
칭 칭 디 이 꺼 원
이 징 따 똥 워 디 씬
션 션 디 이 뚜안 칭
지아오 워 쓰 니엔 따오 루 진
니 원 워 아이 니 요우 뚜오 션
워 아이 니 요우 지 펀
니 취 샹 이 샹 니 취 칸 이 칸
위에 량 따이 삐아오 워 디 씬
칭 칭 디 이 꺼 원
이 징 따 똥 워 디 씬
션 션 디 이 뚜안 칭
지아오 워 쓰 니엔 따오 루 진
니 원 워 아이 니 요우 뚜오 션
워 아이 니 요우 지 펀
니 취 샹 이 샹 니 취 칸 이 칸
위에 량 따이 삐아오 워 디 씬
니 취 샹 이 샹 니 취 칸 이 칸
위에 량 따이 삐아오 워 디 씬"
단 둘이서 (feat.강혜연),181,남진,"날 정말 사랑하나요 믿어도 돼요
아~몰라서 묻는 말이야
너 말고 누가 또 있어
깜박거리는 불빛보다 아름다운
여린 눈을 보며 애써 달래보는 말
여기에 있기에 아까운 여자야
너를 내가 찜했어
좋아 좋아요 나는요 당신뿐인 한 여자
내일은 여객터미널 단둘이서
어디로 가려 하나요 물어도 돼요
아~둘이서 갈 곳을 찾아
첫 배를 타고 떠나갈 거야
깜박거리는 불빛보다
아름다운 여린 눈을 보며
애써 달래보는 말
여기에 있기에 아까운 여자야
너를 내가 찜했어
좋아 좋아요 나는요 당신뿐인 한 여자
내일은 여객터미널 단둘이서
내일은 여객터미널 단둘이서"
짝사랑,"1,975",박지현,"마주치는 눈빛이
무엇을 말하는지
난 아직 몰라
난 정말 몰라
가슴만 두근두근
아 사랑인가 봐
해 질 무렵이면 창가에 앉아
나는요 어느샌가 그대 모습 그려요
사랑한다고 좋아한다고 말해주세요
눈물만큼 고운 별이 될래요
그대 가슴에

속삭이는 눈빛이
무엇을 말하는지
난 아직 몰라
난 정말 몰라
가슴만 두근두근
아 사랑했나 봐
그대 지나치는 시간이 되면
나는요 어느샌가 거울 앞에 있어요
사랑한다고 좋아한다고 말해주세요
그대 가슴속에 꺼지지 않는
별이 될래요

마주치는 눈빛이
무엇을 말하는지
난 아직 몰라
난 정말 몰라
가슴만 두근두근
아 사랑인가 봐
해 질 무렵이면 창가에 앉아
나는요 어느샌가 그대 모습 그려요
사랑한다고 좋아한다고 말해주세요
눈물만큼 고운 별이 될래요
그대 가슴에"
고향 하늘,85,설운도,"낯설고 물설은 이 곳에 와서
얼마나 많은 눈물을 흘렸나
밤이 되면 고향 하늘
바라보면서
옛 생각에 잠 못이뤘지
보고 싶은 친구야
그리운 친구야
오늘도 이 한 잔에 달래며
기다림을 참으며
살아온 지난 날
꿈 같은 세월이였지
나에게 아주 작은
꿈이 하나 있다면
그건 바로 고향으로 가는거야

머나 먼 이 곳에 처음 왔을 때
너무나도 힘들었지만
고향 하늘 푸른 언덕
생각하면서
아픈 마음 달래였었지
보고 싶은 친구야
그리운 친구야
오늘도 이 한 잔에 달래며
기다림을 참으며
살아온 지난 날
꿈 같은 세월이였지
나에게 아주 작은
꿈이 하나 있다면
그건 바로 고향으로 가는거야"
동동구루무,414,방어진,"동 동구루무 한 통만 사면
온동네가 곱던 어머니
지금은 잊 혀진 추억의 이름
어머님의 동동구루무
바람이 문풍지에
울고가는 밤이면
매운손을 호호 불면서
눈시울 적시며 서러웠던 어머니
아 동 동 구루무

동동 구루무 아끼시다가
다못쓰고 가신 어머니
가난한 세월이 너무서럽던
추억의 동동 구루무
달빛이 처마끝에
울고가는 밤이면
내두 뺨을 호호 불면서
눈시울 적시며
울먹이던 어머니
아 동동 구루 무
바람이 문풍지에
울고가는 밤이면
매운손을 호호 불면서
눈시울 적시며 서러웠던 어머니
아 동 동 구루무"
바보,376,태진아,"마음 주고 정을 준게
바보였구나
사랑을 한 내가
바보였구나
거짓말인가
정말인가요
날 두고
가신다는 그 말이
기왕에 가실려거든
내 가슴에 남아있는
정마저 가져가야지
처음엔 왜 몰랐을까
이렇게 끝나는 것을
속다르고 겉다른 당신
마음 주고 정을 준게
바보였구나
사랑을 한
내가 바보였구나

마음 주고 정을 준게
바보였구나
사랑을 한
내가 바보였구나
거짓말인가
정말인가요
날 두고
가신다는 그 말이
기왕에 가실려거든
내 눈속에 남아있는
눈물도 가져가야지
처음엔 왜 몰랐을까
이렇게 끝나는 것을
속다르고 겉다른 당신
마음주고 정을 준게
바보였구나
사랑을 한 내가
바보였구나
처음엔 왜 몰랐을까
이렇게 끝나는 것을
속다르고
겉다른 당신
마음 주고 정을 준게
바보였구나
사랑을 한
내가 바보였구나"
사랑의 배터리 (2014 Ver.),"2,321",홍진영,"나를 사랑으로 채워줘요
사랑의 배터리가 다 됐나봐요
당신 없인 못살아 정말 나는 못살아
당신은 나의 배터리
얼짱이 아니라도 좋아요
몸짱이 아니라도 좋아요
나만을 위해 줄 당신이
바로 내겐 짱이랍니다
한 번 더 나를 안아주세요
가슴이 터지도록 안아주세요
사랑의 약발이 떨어졌나봐
당신이 필요해요
나를 사랑으로 채워줘요
사랑의 배터리가 다 됐나봐요
당신 없인 못살아 정말 나는 못살아
당신은 나의 배터리
내겐 당신만이 전부에요
당신이 너무 좋아 완전 좋아요
하나뿐인 내 사랑 둘도 없는 내 사랑
당신이 짱이랍니다
사랑을 가득 넣어주세요
가슴에 넘치도록 넣어주세요
사랑의 약발이 떨어졌나봐
나 지금 외로워요
나를 사랑으로 채워줘요
사랑의 배터리가 다 됐나봐요
당신 없인 못살아 정말 나는 못살아
당신은 나의 배터리
내겐 당신만이 전부에요
당신이 너무 좋아 완전 좋아요
하나뿐인 내 사랑 둘도 없는 내 사랑
당신이 짱이랍니다
아무리 힘든 날에도 당신만 있다면
힘들지 않아 나는 슬프지 않아
당신 곁이라면
내겐 당신만이 전부에요
당신이 너무 좋아 완전 좋아요
하나뿐인 내 사랑 둘도 없는 내 사랑
당신이 짱이랍니다
당신이 짱이랍니다
당신이 짱이랍니다
사랑의 배터리"
돌려줄 수 없나요,143,조경수,"왜 이렇게 생각날까
떠난 줄을 알면서도
사랑했던 이 마음을
돌려 줄 수 없나요
처음 만난 그날처럼
당신의 고운 얼굴이
날이면 날마다 꽃처럼 피어나서
아 오늘도 눈동자에
이슬이 맺혀지네
왜 이렇게 생각날까
떠난 줄을 알면서도
사랑했던 이 마음을
돌려 줄 수 없나요
처음 만난 그날처럼
당신의 고운 얼굴이
날이면 날마다 꽃처럼 피어나서
아 오늘도 눈동자에
이슬이 맺혀지네"
미스 고,"1,019",양지원 (YangJiwon),"미스 고 미스 고
나는 너를 사랑했었다
짧은순간 내 가슴에 머물다간
그 흔적 너무 크더라
시인처럼 사랑하고
시인처럼 스쳐간 너
계곡처럼 깊이 패인
그리움만 남긴 너
미스 고 미스 고
나는 나는 사랑의 삐에로
시인처럼 사랑하고
시인처럼 가버린 너
계곡처럼 깊이 패인
그리움만 남긴 너
미스 고 미스 고
나는 나는 사랑의 삐에로
나는 나는 사랑의 삐에로"
희망가 (Prod. 이지수),"23,143",김호중,"이 풍진 세상을 만났으니
너의 희망이 무엇이냐
부귀와 영화를 누렸으면
희망이 족할까
푸른 하늘 밝은 달 아래
곰곰이 생각하니
세상만사가 춘몽 중에
또다시 꿈 같도다
이 풍진 세상을 만났으니
너의 희망이 무엇이냐
부귀와 영화를 누렸으면
희망이 족할까
담소화락에 엄벙덤벙
주색잡기에 침몰하랴
세상만사를 잊었으면
희망이 족할까
세상만사를 잊었으면
희망이 족할까"
무슨 사랑,384,장태희,"다 거짓말이야
모두 다 거짓말이야
여린 내 가슴에
속삭이던 말도
모두 다 거짓말이야
내 가슴에 아픈 상처
주고 갈 거면서
저만 혼자 달아날 거면서
사랑은 무슨 사랑
철없던 불장난
사랑한다 했니
영원하자 했니
이 나쁜 거짓쟁이야
다 거짓말이야
모두 다 거짓말이야
손가락 걸었던
그 때 그 맹세도
모두 다 거짓말이야
내 가슴에 깊은
멍을 남겨 놀 거면서
저만 혼자 도망 칠거면서
사랑은 무슨 사랑
엉터리 풋사랑
다신 못 만나니
영영 이별이니
이 몹쓸 거짓쟁이야
내 가슴에 아픈 상처
주고 갈 거면서
저만 혼자 달아날 거면서
사랑은 무슨 사랑
철없던 불장난
사랑한다 했니
영원하자 했니
이 나쁜 거짓쟁이야
사랑한다 했니
영원하자 했니
이 나쁜 거짓쟁이야"
오빠는 몰라,325,강혜연,"사랑 사랑했나봐
정말 정말 사랑했나봐
어젯밤 꿈속에서 그대 가슴에
내 마음이 뛰어 놀았죠
내 마음 내 마음을 당신은 몰라
얼마나 사랑했는지
아 짝사랑 했나봐
이 마음 오빠는 몰라
사랑 사랑했나봐
정말 정말 사랑했나봐
어젯밤 꿈속에서 그대 가슴에
내 마음이 뛰어 놀았죠
내 마음 내 마음을 당신은 몰라
얼마나 사랑했는지
아 짝사랑 했나봐
이 마음 오빠는 몰라
내 마음 내 마음을 당신은 몰라
얼마나 사랑했는지
아 짝사랑 했나봐
이 마음 오빠는 몰라
아 짝사랑 했나봐
이 마음 오빠는 몰라"
섬마을 선생님 (장윤정 Ver.),"1,050",홍지윤,"해당화 피고지는 섬마을에
철새따라 찾아온 총각선생님
열아홉살 섬색시가 순정을 바쳐
사랑한 그이름은 총각선생님
서울엘랑 가지들마오 가지들마오
해당화 피고지는 섬마을에
철새따라 찾아온 총각선생님
그리움이 별처럼 쌓이는 바닷가에
시름을 달래보는 총각선생님
서울엘랑 가지들마오 떠나지마오"
열두줄,205,오유진,"가슴을 뜯는 가야금 소리
달빛 실은 가야금 소리
한 줄을 퉁기면
옛님이 생각나고
또 한 줄을 퉁기면
음 맛이 절로 난다
둥기 당기 둥기 당기당
둥기 당기 둥기 당기당
사랑 사랑 내 사랑아
어화둥둥 내 사랑아
열두 줄 가야금에 실은 그 사연
어느 누가 달래주리오
가슴을 뜯는 가야금 소리
구곡간장 애타는 소리
한 줄을 퉁기면
옛님이 생각나고
또 한 줄을 퉁기면
음 맛이 절로 난다
둥기 당기 둥기 당기당
둥기 당기 둥기 당기당
사랑 사랑 내 사랑아
어화둥둥 내 사랑아
열두 줄 가야금에 실은 그 사연
어느 눈가 달래주리오"
내장산,"1,103",양지은,"동녘바람 불어 오면
곱게 물든 내장산아
저녁 노을 붉게 타면
고운 애기단풍은
어이해 떨어지나
망부석의 사연인가
서리서리 눈물인가
내장산 쇠 북 소리 밤새도
동지를 찾아 날개를 접는다
가을빛 물들면 애기단풍 지면은
찾아올까나 어느 고운임
나를 찾아 올까나 내장산으로
남녘바람 깊어지면
내 마음도 깊어만 간다
법당 앞 댓돌 위에 새하얀 고무신
깊어가는 가을달빛
망부석의 사연인가
서리서리 눈물인가
내장산 쇠 북 소리 밤새도
동지를 찾아 날개를 접는다
가을빛 물들면 애기 단풍지면은
찾아올까나 어느 고운임
나를 찾아 올까나 내장산으로"
대전 부르스,704,안성훈,"잘 있거라 나는 간다
이별의 말도 없이
떠나가는 새벽 열차
대전발 영시오십분
세상은 잠이 들어 고요한 이 밤
나만이 소리치며 울 줄이야
아~아~ 붙잡아도 뿌리치는
목포행 완행 열차
기적소리 슬피우는
눈물의 플랫트홈
무정하게 떠나가는
대전발 영시 오십 분
영원히 변치 말자 맹세했것만
눈물로 헤어지는 쓰라린 심정
아 보슬비에 젖어가는
목포행 완행 열차"
춘몽,626,안성훈,"살다보면 모든 것이
잡힐 듯 다가와도
살다보면 모든 것이
덧없이 떠나 가더이다
무정세월은 한바탕 꿈이로다
타올라버린 청춘이여
머물다 가는 세상
미움은 덮어두고
타는 불꽃이 가는대로 놀아보세
까만 잿더미 사라지거든
그저 공수래공수거 꿈이로다
살다보면 무엇이든
다 알듯 얘기해도
살다보면 무엇이든
놓치고 지나치더이다
무정세월은 한바탕 꿈이로다
타올라버린 청춘이여
머물다 가는 세상
미움은 덮어두고
타는 불꽃이 가는대로 놀아보세
까만 잿더미 사라지거든
그저 공수래공수거 꿈이로다
까만 잿더미 사라지거든
그저 공수래공수거 꿈이로다
그저 공수래공수거 꿈이로다"
내 사랑아,44,조항조,"사랑아 따듯한 사랑아
어둠 밝혀주는
태양보다도 밝은 사랑
보이는게 다 아니야
눈에 비친 모습이
지쳐 힘들어 보이지만
그리 쉽게 쓰러지지 않아
우리 함께 있으니
사랑이란 마법 같아
내게 다시 희망을 주는
커다란 힘이 있어
아낌없이 모두 사랑하자
삶이 끝날 때까지
사랑아 따듯한 사랑아
어둠 밝혀주는
태양보다 더 밝은 사랑
내 사랑아
사랑이란 마법같아
내게 다시 희망을 주는
커다란 힘이있어
아낌없이 모두 사랑하자
삶이 끝날 때까지
사랑아 따듯한 사랑아
어둠 밝혀주는
태양보다 더 밝은 사랑
사랑아 따듯한 사랑아
어둠 밝혀주는
하늘보다 더 넓은 사랑
내 사랑아
감사합니다."
머무는곳 그 어딜지 몰라도,320,박경희,"갈곳도 없이 떠나야 하는가
반겨줄 사람 아무도 없는데
꿈길을 가듯 나홀로 떠나네
미련없이 떠나가네
머무는 곳 그 어딜지 몰라도
나 외롭지 않다네
언젠가는 떠나야 할 그 날이
빨리 왔을 뿐이네
비가 내리면 그 비를 맞으리
눈이 내리면 두 손을 벌리리
그대를 두고 떠나온 마음을
가는 길에 묻어두리
머무는 곳 그 어딜지 몰라도
나 외롭지 않다네
언젠가는 떠나야 할
그날이 빨리 왔을 뿐이네
나나나 니
나나나
나나
나나
비가 내리면 그 비를 맞으리
눈이 내리면 두 손을 벌리리
그대를 두고 떠나온 마음을
가는 길에 묻어두리
머무는 곳 그 어딜지 몰라도
나 외롭지 않다네
언젠가는 떠나야 할 그날이
빨리 왔을 뿐이네
머무는 곳 그 어딜지 몰라도
나 외롭지 않다네
언젠가는 떠나야 할 그날이
빨리 왔을 뿐이네
나나나 나
나나
나나
나나 나"
안 올 거면서,140,강훈,"안 올 거면서 안 올 거면서
온다는 약속은 왜 했나
떠날거면서 떠날거면서
사랑한다 말은 왜 했나
이별 당한 내 마음에
눈물비 흘러내리고
이제 와서 잊으라니요
가슴이 찢어 집니다
안 올 거면서 안 올 거면서
온다는 약속은 왜 했나
바보처럼 속고 또 속고
나혼자 눈물 흘렸네
이제 와서 잊으라니요
가슴이 찢어 집니다
안 올 거면서 안 올 거면서
온다는 약속은 왜 했나
나쁜 사람아 나쁜 사람아
내 모든 걸 가져간 사람아"
오도로,99,김홍남,"tell me what you want 넌 뭐든지
i'm billinair 다른 느낌
한강이 보이는 home sweet
양손엔 bills and 금반지

4Xlarge with my homies
if you 개기면 bust it
check my money 끊임없지
dance for me if you want it

twerk dance
c-walk dance
show me dance
money dance

twerk dance
c-walk dance
show me dance
money dance

dance
I wanna dance
I wanna dance
I wanna dance

dance
I wanna dance
I wanna dance
I wanna dance

엉덩이를 shake
버거처럼 bite that
꽉조이는 tommy jeans
up and down with money rain

어떻게 했냔 질문엔
oh boy this is gatekeep
하나 말해주자면
I have rizz so ATEEE

damn I'm so drippy with my homies
if you 개기면 bust it
check my money 끊임없지
dance for me if you want it

twerk dance
c-walk dance
show me dance
money dance

twerk dance
c-walk dance
show me dance
money dance

dance
I wanna dance
I wanna dance
I wanna dance

dance
I wanna dance
I wanna dance
I wanna dance"
다 내탓이요 (테크노),12,남진,"내탓이요 내탓이요 그모두거 다 내탓이요
한치앞도 못보면서 니탓내탓 하지맙시다
이런들 어떻하리 저런들 어떻하리
이방원의 시한수로 해탈하니
아 아 산은산이요 물은물이여라

니탓이요 니탓이요 그모두가 다 니탓이요
남의탓만 하다보면 지잘못은 알지못하네"
대왕의 길,130,주현미,"화산 가는 길은
걸음마다 눈물이더냐
기다려도 오지 않는
정든 님 찾아가는길
해가 뜨면 꽃이 피고
달이 뜨면 꽃 지듯이
사랑도 한때더라
미움도 한때더라
부귀도 소용없고
영화도 간곳없네
아 인생은 이슬같이
바람같이 살아지는가

님 가신 그 길은
걸음마다 슬픔이더냐
세월보다 앞서가신
정든 님 찾아가는길
살아온날 돌아보니
이다지도 짧은 것을
사랑도 한때더라
행복도 한때더라
명예도 소용없고
청춘도 간곳없네
아 인생은 이슬같이
바람같이 살아지는가"
마음약해서,576,들고양이들,"마음약해서 잡지 못했네
돌아서던 그사람
혼자 남으니 쓸쓸하네요
내 마음 허전하네요
생각하면 그얼마나 정다웠던가
나혼자서 길을가면 눈앞을 가려
뜨거운 눈물이 흘러내리네
마음약해서 마음약해서
나는 너를 잡지 못했네
생각하면 그얼마나 행복했던가
나혼자서 길을가면 눈앞을 가려
뜨거운 눈물이 흘러내리네
마음약해서 마음약해서
가는 너를 잡지 못했네
마음약해서 잡지 못했네
돌아서던 그사람
혼자 남으니 쓸쓸하네요
내 마음 허전하네요
생각하면 그얼마나 정다웠던가
나혼자서 길을가면 눈앞을 가려
뜨거운 눈물이 흘러내리네
마음약해서 마음약해서
나는 너를 잡지 못했네
나는 너를 잡지 못했네"
세월도둑,709,이동하,"세월은 도둑놈이야
아주 나쁜 도둑놈이야
한달 두달 훔쳐 가더니
어느새 흘러간 청춘
세월이 내 시간을 다 훔쳐 가서
조금 밖에 시간이 없다
어젯밤에 살며시 왔다가
오늘 아침 살며시 가버린
이 나쁜 세월 도둑아
돌려내거라 물어내거라
도둑맞은 내 청춘을
세월은 도둑놈이야
아주 몹쓸 도둑놈이야
일년 이년 훔쳐 가더니
어느새 사라진 청춘
세월이 내 시간을 다 훔쳐 가서
조금 밖에 시간이 없다
오늘 밤에 살며시 왔다가
내일 아침 살며시 가버릴
이 몹쓸 세월 도둑아
돌려내거라 물어내거라
도둑맞은 내 청춘을
어젯밤에 살며시 왔다가
오늘 아침 살며시 가버린
이 나쁜 세월 도둑아
돌려내거라 물어내거라
도둑 맞은 내 청춘을
도둑 맞은 내 청춘을"
깜빡이,901,비너스,"멋짐이 폭발하는 그대의 모습은
어쩜 참 이럴까 설명이 안돼요
넓은 어깨 거침없는 말투
볼수록 참 매력덩어리
외로운 내 맘에 불빛이 반짝
그 순간 정했어 그댄 내 단짝
자꾸만 예고도 없이 어떻게
내 맘에 들어왔는지
어느 새 커져버렸죠
아슬아슬 아찔하게
내 안에 빈자리를 채워줘요
오빠 깜빡 깜빡이를 켜주세요
훅 들어오면 놀라요
오빠 깜빡 깜빡 잊어버리지 말고
사랑의 깜빡이를 켜줘요
오빠 참 몰라
밀당을 몰라
그래도 좋아 깜빡 깜빡이를 켜줘요
직진밖에 모르는 그대의 모습은
당황스럽지만 설레기도 해요
너무 좋아 아무도 모르게
그대만 허락해 줄래요
외로운 내 맘에 불빛이 반짝
그 순간 정했어 그댄 내 단짝
자꾸만 예고도 없이 어떻게
내 맘에 들어왔는지
어느 새 커져버렸죠
얼른얼른 빨리빨리
내 사랑 식기 전에 안아줘요
오빠 깜빡 깜빡이를 켜주세요
훅 들어오면 놀라요
오빠 깜빡 깜빡 잊어버리지 말고
사랑의 깜빡이를 켜줘요
깜빡 깜빡
깜빡 깜빡
오빠 깜빡 깜빡이를 켜 주세요
푹 빠질 것만 같아요
오빠 깜빡 깜빡 잊어버리지 말고
신호를 보내 주세요
오빠 깜빡 깜빡이를 켜주세요
훅 들어오면 놀라요
설레여
오빠 깜빡 깜빡 잊어버리지 말고
사랑의 깜빡이를 켜줘요
오빠 참 몰라
밀당을 몰라
그래도 좋아 깜빡 깜빡이를 켜줘요"
어떤이의 꿈,"29,111",임영웅,"어떤 이는 꿈을 간직하고 살고
어떤 이는 꿈을 나눠 주고 살며
다른 이는 꿈을 이루려고 사네
어떤 이는 꿈을 잊은 채로 살고
어떤 이는 남의 꿈을 뺏고 살며
다른 이는 꿈은 없는거라 하네
세상에 이 처럼 많은 사람들과
세상에 이 처럼 많은 개성들
저 마다 자기가 옳다 말을 하고
꿈이란 이런 거라 말 하지만
나는 누굴까 내일을 꿈 꾸는가
나는 누굴까 아무 꿈 없질 않나
나는 누굴까 내일을 꿈 꾸는가
나는 누굴까 혹 아무 꿈
어떤 이는 꿈을 간직하고 살고
어떤 이는 남의 꿈을 뺏고 살며
다른 이는 꿈은 이런 거라 하네
세상에 이 처럼 많은 사람들과
세상에 이 처럼 많은 개성들
저 마다 자기가 옳다 말을 하고
꿈이란 이런 거라 말 하지만
나는 누굴까 내일을 꿈 꾸는가
나는 누굴까 아무 꿈 없질 않나
나는 누굴까 내일을 꿈 꾸는가
나는 누굴까 아무 꿈 없질 않나
나는 누굴까 내일을 꿈 꾸는가
나는 누굴까 아무 꿈 없질 않나
나는 누굴까 내일을 꿈 꾸는가
나는 누굴까 혹 아무 꿈"
My Heart Will Go On,"16,220",임영웅,"Every night in my dreams
I see you I feel you
That is how I know you go on
Far across the distance
and spaces between us
You have come to show you go on
Near far wherever you are
I believe that
the heart does go on
Once more you open the door
And you're here in my heart
And my heart will go on and on
You're here there's nothing I fear
And I know that
my heart will go on
We'll stay forever this way
You are safe in my heart
And my heart will go on and on"
물망초,721,김연지,"밤비에 흠뻑 젖었다
한 떨기 외로운 꽃잎
가로등 불빛 따라 내뿜는 향기
당신은 알까
방배동 이름 모를 그 카페에서
마주 앉은 너와 나
영원하자고
잊지 말자며
내밀던 물망초
고요히 숨도 죽였다
한 순간 꿈이었을까
흩어진 낙엽 위에 젖은 그림자
당신은 알까
방배동 이름 모를 그 카페에서
마주 앉은 너와 나
영원하자고 잊지 말자며
내밀던 물망초
방배동 이름 모를 그 카페에서
마주 앉은 너와 나
영원하자고
잊지 말자며
내밀던 물망초
내밀던 물망초"
살다 보면,"4,612",정동원,"혼자라 슬퍼하진 않아
돌아가신 엄마 말하길
그저 살다 보면 살아진다
그 말 무슨 뜻인지 몰라도
기분이 좋아지는 주문 같아
너도 해봐 눈을 감고 중얼거려
그저 살다 보면
살아진다
그저 살다 보면
살아진다
눈을 감고 바람을 느껴봐
엄마가 쓰다듬던 손길이야
멀리 보고 소리를 질러봐
아픈 내 마음 멀리 날아가네
소리는 함께 놀던 놀이
돌아가신 엄마 소리는
너도 해봐 눈을 감고 소릴 질러
그저 살다 보면
살아진다
그저 살다 보면
살아진다
눈을 감고 바람을 느껴봐
엄마가 쓰다듬던 손길이야
멀리 보고 소리를 질러봐
아픈 내 마음 멀리 날아가네"
알아,"3,154",김희재,"알아 수많은 세월이 흘러도
알아 널 잊지 못할 걸
알아 모든 게 내 잘못이야
알아 때늦은 후회
불러봐도 불러봐도
이젠 대답 없는 내 슬픈 사랑아
난 알아 가슴 아파 그래
난 알아 생각이 나서
난 알아 눈물 나서 그래
보고싶다 보고싶다
알아 운명의 장난인가 봐
알아 이미 늦은 걸
불러봐도 불러봐도
이젠 대답 없는 내 슬픈 사랑아
난 알아 가슴 아파 그래
난 알아 생각이 나서
난 알아 눈물 나서 그래
보고싶다 보고싶다
보고싶다 보고싶다
보고싶다 보고싶다"
시계바늘,523,진욱,"사는게 뭐 별거 있더냐
욕 안먹고 살면 되는거지
술 한 잔에 시름을 털고
너털웃음 한번 웃어보자 세상아
시계바늘처럼 돌고 돌다가
가는 길을 잃은 사람아
미련따위 없는거야
후회도 없는거야 아~ 아~
세상살이 뭐 다 그런거지 뭐
돈이 좋아 여자가 좋아
술이 좋아 여러분이 좋아
싫다하는 사람은 없어
너도 한 번 해보고
나도 한 번 해본다
시계바늘처럼 돌고 돌다가
가는 길을 잃은 사람아
미련따위 없는거야
후회도 없는거야 아~ 아~
세상살이 뭐 다 그런거지 뭐
세상살이 뭐 다 그런거지 뭐"
쓰러집니다,"2,119",손태진,"올 때는 내게 예고 없이 다가왔다가
이제 와서 날 떠나요
말도 안 돼 핑계 어쩌면
잘 갖다 붙여 뻔뻔하게도
차라리 내가 싫어졌다 말을 한다면
잡을 나도 아니겠지만
사랑해서 떠난다는 말
지금 뭐 하자는 겁니까
쓰러집니다 쓰러집니다
그대 말을 듣고 있으면
뭐가 어때서 그런 건가요
사랑이 장난인가요
가던 길 그냥 떠나지 왜 돌려요
이제는 그만 나를 놀려요
가던 길 그냥 떠나지 왜 돌려요
가던 길 그냥 떠나지
쓰러집니다 쓰러집니다
그대 말을 듣고 있으면
뭐가 어때서 그런 건가요
사랑이 장난인가요
가던 길 그냥 떠나지 왜 돌려요
이제는 그만 나를 놀려요
가던 길 그냥 떠나지 왜 돌려요
가던 길 그냥 떠나지
가던 길 그냥 떠나지 왜 돌려요
이제는 그만 나를 놀려요
가던 길 돌려 왔다가 다시 가면
나 정말 쓰러집니다"
거짓말,60,김수찬,"사랑했다던 그 말도 거짓말
돌아온다던 그 말도 거짓말
세상의 모든 거짓말 다 해놓고
행여 나를 찾아 와 있을
너의 그 마음도 다칠까
너의 자리를 난 또 비워본다
“HEY”
사랑했다는 그 말도 거짓말
돌아온다던 그 말도 거짓말
세상의 모든 거짓말 다 해놓고
행여 나를 찾아 와 있을
너의 그 마음도 다칠까
너의 자리를 난 또 비워둔다
이젠 더 이상 속아선 안 되지
이젠 더 이상 믿어선 안 되지
하지만 그게 말처럼 쉽지 않아
다시 한 번만 더
나 너를
다시 한 번만 더
너에게
나를 사랑할 기횔 주어본다
어떤 사랑으로 나의 용서에 답하련지
또 잠시 날 사랑하다 떠날 건지
마치 처음 날 사랑하듯
가슴 뜨겁게 와 있지만
난 왠지 그 사랑이 두려워
오직 나만을 위한 그 약속과
내 곁에서 날 지켜준다는 말
이번만큼은 제발 변치 않길
어떤 사랑으로 나의 용서에 답하련지
또 잠시 날 사랑하다 떠날 건지
마치 처음 날 사랑하듯
가슴 뜨겁게 와있지만
난 왠지 그 사랑이 두려워
오직 나만을 위한 그 약속과
내 곁에서 날 지켜준다는 말
그 말만큼은 절대 변치 않길
오직 나만을 위한 그 약속과
내 곁에서 날 지켜준다는 말
이번만큼은 제발 변치 않길
이번만큼은 제발 변치 않길"
이제는,97,한강,"이 순간을 기다려왔죠
한참을 돌아왔네요
지난날 걱정들 잊고서
이제는 편히 기대도 돼요

세상이 나를 외면하여도
내 옆을 지켜준 사람
당신이 나를 살게 했다오
변함없는 사랑아

이제는 내 손 잡아요
이제는 울지 말아요
내 눈을 바라봐요 나 다짐했다오
평생을 함께 살리라
내 눈을 바라봐요 나 다짐했다오
평생을 사랑하리라

세상이 나를 외면하여도
내 옆을 지켜준 사람
당신이 나를 살게 했다오
변함없는 사랑아

이제는 내 손 잡아요
이제는 울지 말아요
내 눈을 바라봐요 나 다짐했다오
평생을 함께 살리라
내 눈을 바라봐요 나 다짐했다오
평생을 사랑하리라
평생을 사랑하리라"
처녀 뱃사공,379,오승근,"낙동강 강바람이 치마폭을 스치면
군인 간 오라버니 소식이 오네
큰 애기 사공이면 누가 뭐라하나
늙으신 부모님을 내가 모시고
에헤야 데헤야
노를 저어라 삿대를 저어라

낙동강 강바람이 앞 가슴을 헤치면
고요한 처녀가슴 물결이 오네
오라비 제대하면 시집 보내마
어머님 그 말씀에 수줍어 질때
에헤야 데헤야
노를 저어라 삿대를 저어라 -"
달도별도,306,차은성,"사랑한다고 말은 안 했지만
반해버린 걸 어떡해
어느새 어느새 그대 여자가 된 거야
너무 좋다고 표현 안 했지만
하루하루가 행복해
이제는 이제는 그대 여자로 살 거야
말만 하세요 뭐든
달도 별도 다 따줄게
눈물 같은 건 모두 다 내가 닦을게
하늘의 달과 별이 이 세상을 비추듯
나에게 반짝이는
달과 별은 늘 그대야
사랑한다고 말은 안 했지만
반해버린 걸 어떡해
어느새 어느새 그대 여자가 된 거야
너무 좋다고 표현 안 했지만
하루하루가 행복해
이제는 이제는 그대 여자로 살 거야
말만 하세요 뭐든
달도 별도 다 따줄게
눈물 같은 건 모두 다 내가 닦을게
하늘의 달과 별이 이 세상을 비추듯
나에게 반짝이는
달과 별은 늘 그대야
달과 별은 늘 그대야"
곡예사의 첫사랑,95,반가희,"줄을 타며 행복했지
춤을 추면 신이 났지
손풍금을 울리면서
사랑 노래 불렀었지
공 굴리며 좋아했지
노래하면 즐거웠지
흰 분칠에 빨간 코로
사랑 얘기 들려줬지
영원히 사랑하자
맹세했었지
죽어도 변치 말자
언약했었지
울어 봐도 소용없고
후회해도 소용없는
어릿광대의 서글픈 사랑
영원히 사랑하자
맹세했었지
죽어도 변치 말자
언약했었지
울어 봐도 소용없고
후회해도 소용없는
어릿광대의 서글픈 사랑
공 굴리며 좋아했지
노래하면 즐거웠지
흰 분칠에 빨간 코로
사랑 얘기 불러줬지
난나나나 난나나나나
난나나나 난나나나나
난나나나 난나나나나나"
낭만에 대하여,159,최백호,"궂은 비 내리는 날
그야말로 옛날식 다방에 앉아
도라지 위스키 한 잔에다
짙은 색소폰 소릴 들어보렴
새빨간 립스틱에
나름대로 멋을 부린 마담에게
실없이 던지는 농담 사이로
짙은 색소폰 소릴 들어보렴
이제와 새삼 이 나이에
실연의 달콤함이야 있겠냐만은
왠지 한 곳이 비어있는
내 가슴이
잃어버린 것에 대하여
밤 늦은 항구에서
그야말로 연락선 선창가에서
돌아올 사람은 없을지라도
슬픈 뱃고동 소릴 들어보렴
첫사랑 그 소녀는
어디에서 나처럼 늙어갈까
가버린 세월이 서글퍼지는
슬픈 뱃고동 소릴 들어보렴
이제와 새삼 이 나이에
청춘의 미련이야 있겠냐만은
왠지 한 곳이 비어 있는
내 가슴에
다시 못 올 것에 대하여
이제와 새삼 이 나이에
청춘의 미련이야 있겠냐만은
왠지 한 곳이 비어 있는
내 가슴에
다시 못 올 것에 대하여
낭만에 대하여"
카사블랑카 (Casablanca),162,최헌,"그대와 같이 본 영화
카사블랑카
어둠속에 두손을 꼭 잡고
마음을 전하여주던
따스한 그대 손길이
살며시 떨리는 걸 느꼈네
사랑의 아픔을 본
영화 카사블랑카
희미한 불빛 그대얼굴 스칠때
슬픔에 젖은
눈동자 두눈에 맺혀 흐르는
뜨거운 눈물 나는 보았네
오 잊지못할 영화 카사블랑카
아픈 이별의 입맞춤이
얼룩져 있는 카사블랑카
우리들의 마음을 슬프게 하네

사랑을 깨우쳐 준
영화 카사블랑카
서러운 이별이 슬프게 했지만
우리의 사랑만은
변할수는 없어요
상처는 남지않을 거에요
오 잊지 못할 영화 카사블랑카
아픈 이별의 입맞춤이
얼룩져 있는 카사블랑카
우리들의 마음을 슬프게 하네
오 잊지못할 영화 카사블랑카
아픈 이별의 입맞춤이
얼룩져 있는 카사블랑카
우리들의 마음을 슬프게 하네
우리들의 마음을 슬프게 하네"
내생에 못잊을 사람,59,이태호,"카네이션 꺾어 들고
사랑을 고백하던 님
그렇게도 떠나갈 줄을
내 진정 몰랐어요
사랑한다던 그 약속을
냉정히 뿌리치고
한마디 말도없이 떠나갔지만
돌아올 기약없이 떠나갔지만
아 아 아 세월가도
내생에 못 잊을 사람

카네이션 꺾어 들고
사랑을 고백하던 님
그대 떠난 내가슴속에
슬픔의 비만 내린다
변치 말자던 그 약속을
냉정히 뿌리치고
한마디 말도 없이 떠나갔지만
돌아올 기약 없이 떠나갔지만
아 아 아 세월가도
내생에 못 잊을 사람
사랑한다던 그 약속을
냉정히 뿌리치고
한마디 말도 없이 떠나갔지만
돌아올 기약 없이 떠나갔지만
아 아 아 세월가도
내생에 못 잊을 사람"
남자인데,387,우연이,"참을 수 도 있어요
잊을 수 도 있어요
여자 여자이기 때문에
행복도 빌 수 있어요
그러나 당신은 남자다운 남자인데
울기는 왜 우나요
마음약한 마음약한
마음약한 마음약한
여자도 울지 않는데

견딜 수 도 있어요
잊을 수 도 있어요
여자 여자이기 때문에
행복도 빌 수 있어요
그러나 당신은 남자다운 남자인데
울기는 왜 우나요
마음약한 마음약한
마음약한 마음약한
여자도 울지 않는데
그러나 당신은 남자다운 남자인데
울기는 왜 우나요
마음약한 마음약한
마음약한 마음약한
여자도 울지 않는데
여자도 울지 않는데"
떠나는 님아,287,오승근,"가려거든 울지 말아요
울려거든 가지 말아요
그리워 못 보내는 님
못잊어 못 보내는 님
당신이 떠나고나면
미움이 그치겠지만
당신을 보내고나면
사랑도 끝이난다오
님아 못잊을 님아
님아 떠나는 님아
두눈에 가득 이슬이 맺혀
떠나는 나의 님아
가려거든 울지 말아요
울려거든 가지 말아요
그리워 못 보내는 님
못잊어 못 보내는 님

님아 못잊을 님아
님아 떠나는 님아
두눈에 가득 이슬이 맺혀
떠나는 나의 님아
가려거든 울지 말아요
울려거든 가지 말아요
그리워 못 보내는 님
못잊어 못 보내는 님
못잊어 못 보내는 님"
잡초,95,나훈아,"아무도 찾지 않는 바람 부는 언덕에
이름모를 잡초야
한 송이 꽃이라면 향기라도 있을 텐데
이것 저것 아무 것도 없는 잡초라네
발이라도 있으면은 님 찾아갈 텐데
손이라도 있으면은 님 부를 텐데
이것 저것 아무 것도 가진 게 없어
아무 것도 가진 게 없네
아무도 찾지 않는 바람 부는 언덕에
이름모를 잡초야
한 송이 꽃이라면 향기라도 있을 텐데
이것 저것 아무 것도 없는 잡초라네
아무도 찾지 않는 바람 부는 언덕에
이름모를 잡초야
한 송이 꽃이라면 향기라도 있을 텐데
이것 저것 아무 것도 없는 잡초라네
발이라도 있으면은 님 찾아갈 텐데
손이라도 있으면은 님 부를 텐데
이것 저것 아무 것도 가진 게 없어
아무 것도 가진 게 없네
아무도 찾지 않는 바람 부는 언덕에
이름모를 잡초야
한 송이 꽃이라면 향기라도 있을 텐데
이것 저것 아무 것도 없는 잡초라네
이것 저것 아무 것도 없는 잡초라네
이것 저것 아무 것도 없는 잡초라네
이것 저것 아무 것도 없는 잡초라네"
용두산 엘레지,"1,259",진해성,"용두산아 용두산아
너만은 변치말자
한발 올려 맹세하고
두발딛어 언약하던
한계단 두계단
일백구십사계단에
사랑 심어 다져놓은
그 사람은 어디가고
나만혼자 쓸쓸히도
그 시절 못잊어
아 못잊어 운다
용두산아 용두산아
그리운 용두산아
세월따라 변하는게
사람들의 마음이냐
둘이서 거닐던
일백구십사계단에
즐거웠던 그 시절은
그 어디로 가버렸나
잘있거라 나는 간다
꽃피던 용두산
아 용두산 엘레지"
세월아 Dance,710,금잔디,"바람에 흩어지듯이
어느새 지나간 그 세월
버텨내듯이 살다가보니
상처가 나름 많구나
가슴속에 못처럼 박힌
슬픈 사연들을 꺼내면
미련이란 놓을 수 없는
상처가 나를 울리네
세월아 날 버리고 먼저 가거라
가져갈 추억 내가 더 가질 수 있게
아직 난 갖지 못한 추억 있으니
나를 두고 가거라
잊지 못할 그리움으로
남아있는 사연이 있네
미련이란 놓을 수 없는
상처로 남아버렸네
세월아 날 버리고 먼저 가거라
가져갈 추억 내가 더 가질 수 있게
아직 난 갖지 못한 추억 있으니
나를 두고 가거라
나를 두고 가거라"
사랑의 불꽃,833,진해성,"첫 눈에 빠지게 하고
그렇게 딴청만 피우나요
이 가슴에 뜨겁게 타는
이 사랑은 어찌하라고
줄 듯이 줄 듯이
마음 줄 듯이
그래 놓고 이러긴가요
사랑의 불꽃을
재워줄 한 사람
오직 하나 그대 뿐 인걸
사랑 사랑이 이런 건가요
애가 타고 속이 끓나요
첫 눈에 빠졌으면서
그렇게 아닌 척 하나요
그 가슴에 뜨겁게 타는
그 사랑은 어찌하려고
줄 듯이 줄 듯이
마음 줄 듯이
그래 놓고 이러긴가요
사랑의 불꽃을
재워줄 한 사람
오직 하나 그대뿐인걸
사랑 사랑이 이런 건가요
애가 타고 속이 끓나요
애가 타고 속이 끓나요"
멋진 여자,857,진해성,"당신은 내 여자
당신은 정말 멋진 여자야
최고로 멋진 여자야
외로울 때도 괴로울 때도
변함없이 나와 함께한 사람
당신은 정말 멋진 여자야
누구도 바꿀 수 없어
비가 올 때도 눈이 올 때도
나와 함께할 사람
아픔도 함께 나누며
사랑으로 감싸준 사람
그런 당신이 멋진 여자야
당신을 사랑해
멋진 여자 멋진 남자
따로 있더냐
맘 하나면 되는 거지
고마워요 사랑해요
당신은 내 여자
당신은 내 여자
당신은 정말 멋진 여자야
최고로 멋진 여자야
외로울 때도 괴로울 때도
변함없이 나와 함께한 사람
당신은 정말 멋진 여자야
누구도 바꿀 수 없어
비가 올 때도 눈이 올 때도
나와 함께할 사람
아픔도 함께 나누며
사랑으로 감싸준 사람
그런 당신이 멋진 여자야
당신을 사랑해
멋진 여자 멋진 남자
따로 있더냐
맘 하나면 되는 거지
고마워요 사랑해요
당신은 내 여자
멋진 여자 멋진 남자
따로 있더냐
맘 하나면 되는 거지
고마워요 사랑해요
당신은 내 여자
당신은 내 여자"
아리수,298,나훈아,"가시리 가시리 가시리 가시리 잇고
흘러간 강물은 돌아오지 않는다
가시리 가시리 가시리 잇고
한 번 떠난님은 오지 않는다
가시리 가시리 가시리 가시리 잇고
흰구름 두둥실 강물에 흐른다
가시리 가시리 가시리 잇고
소리개가 아리수를 날은다
아리아리아리수 흘러간다 아리수
아리랑 아라리요 아리수 흘러간다
가시리 가시리 가시리 가시리 잇고
흰구름 두둥실 강물에 흐른다
가시리 가시리 가시리 잇고
강물처럼 역사는 흐른다
아리아리아리수 흘러간다 아리수
아리랑 아라리요 아리수 흘러간다
아리랑 아라리요 아리수 흘러간다
아리수 흘러간다 아리수 흘러간다"
돌고 돌아가는길,"1,317",장영우,"산 넘어 넘어 돌고 돌아
그 뫼에 오르려니
그 뫼는 어드메뇨
내 발만 돌고 도네
강 건너 건너 흘러 흘러
그 물에 적시려
그 물은 어드메뇨
내 몸만 흘러 흘러
발만 돌아 발 밑에는
동그라미 수북하고
몸 흘러도 이내
몸은 그 안에서 흘렀네
동그라미 돌더라도
아니가면 어이해
그 물 좋고 그 뫼 좋아
어이해도 가야겠네
산 넘어 넘어넘어
돌고 돌아 가는 길에
뱅글 뱅글 돌더라도
어이 아니 돌을소냐
흘러 흘러 세월가듯
내 푸름도 한 때 인걸
돌더라도 가야겠네
내 꿈 찾아 가야겠네
산 넘어 넘어 돌고 돌아
그 뫼에 오르려니
그 뫼는 어드메뇨
내 발만 돌고 도네
강 건너 건너 흘러 흘러
그 물에 적시려니
그 물은 어드메뇨
내 몸만 흘러 흘러"
어매,"2,970",박서진,"어매 어매
우리 어매
뭣할라고
날 낳았던가
낳을라 거든
잘 낳거나
못 낳으려면
못 낳거나
살자 하니
고생이요
죽자 하니
청춘이라
요놈 신세
말이 아니네
어매 어매
우리 어매
뭣할라고
날 낳았던가
아가
우리 아가 울지 마라
네가 울면
이 애미 눈에 피눈물 난다
가난한 집에 태어난 네가
무슨 죄가 있겠니
이 못난 애미 만나
미안하구나
애미를
용서해다오
님아 님아
우리 님아
소갈머리
없는 님아
겉이 타야
님이 알제
속만 타면
누가 아나
어떤 친구
팔자 좋아
장가 한 번
잘도 가는데
몹쓸 놈의
요 내 팔자
어매 어매
우리 어매
뭣할라고
날 낳았던가
어매 어매
우리 어매
뭣할라고
날 낳았던가
뭣할라고
날 낳았던가
어매
어매"
당신,"1,079",노지훈,"내 품에 안기어
곤히 잠든 그대여
어느덧 그대 눈가에도
주름이 졌네
내 가슴에 묻혀
꿈을 꾸는 그대여
야위어진 그댈 바라보니
눈물이 솟네
고왔던 여자의 순정을
이 못난 내게 다 바치고
한마디 원망도 않은채
긴세월을 보냈지
난 맹세하리라
고생많은 당신께
이 생명 다하는 날까지
그대를
사랑하리
고왔던 여자의 순정을
이 못난 내게 바쳐두고
한마디 원망도 않은채
긴세월을 보냈지
아
순정을
이 못난 내게
아
한마디 원망도 않은채
긴세월을 보냈지
난 맹세하리라
고생많은 당신께
이 생명 다하는 날까지
그대를
사랑하리"
왜 돌아보오,123,조항조,"갈래면 가지 왜 돌아보오
갈래면 가지 왜 돌아보오
떠나갈 당신을 붙잡을 줄 알고
갈래면 가지 왜 돌아보오
찢어지는 아픔을 느껴야 하나요
마음속에 눈물을 보아야 하나요
사랑한다 말을 마오
유행가 가산 줄 아오
갈래면 가지 왜 돌아봅니까
지나간 일들을 잊으라니요
지나간 일들을 잊으라니요
사랑이 무슨 장난인가요
갈래면 가지 왜 돌아보오
찢어지는 아픔을 느껴야 하나요
마음속에 눈물을 보아야 하나요
사랑한다 말을 마오
유행가 가산 줄 아오
갈래면 가지 왜 돌아봅니까
사랑한다 말을 마오
유행가 가산 줄 아오
갈래면 가지 왜 돌아봅니까
왜 왜 돌아봅니까
갈래면 가지 왜
갈래면 가지 왜 돌아봅니까"
오빠 아직 살아있다,379,남진,"오빠 아직 살아있다
나 아직 살아있어
은빛 정열의 사나이
오빠 아직 살아있다
나 아직 살아있어
은빛 정열의 사나이
오빠 아직 살아있다
가슴이 불타는
은빛 정열의 사나이
숨이 차 못 뛰는게 아니야
여유가 있어 그래
세상에 맞서는 법도 알거든
밤거리 찬란한 불빛이 외면한다 해도
내 인생 내 청춘 지금부터 시작이야
그래
오빠 아직 살아있다
나 아직 살아있어
은빛 정열의 사나이
오빠 아직 살아있다
가슴이 불타는
은빛 정열의 사나이
사랑이 식은 것이 아냐
심장은 아직 쿵쾅
영원한 내 사랑 오직 너인 걸
저 하늘 불타는 태양이
꺼져 버린다 해도
내 사랑 내 여인 영원토록 지켜줄게
그래
오빠 아직 살아있다
나 아직 살아있어
은빛 정열의 사나이
널 향한 심장은 아직도 터질 듯 뛰는데
세월을 비켜 간 내 청춘
이제부터 시작이야
그래
오빠 아직 살아있다
나 아직 살아있어
은빛 정열의 사나이
오빠 아직 살아있다
가슴이 불타는
은빛 정열의 사나이
오빠 아직 살아있다
나 아직 살아있어
은빛 정열의 사나이
오빠 아직 살아있다
가슴이 불타는
은빛 정열의 사나이"
너나 나나,159,김민건,"너나 나나 나나 너나
똑같은 인생
나나 너나 너나 나나
똑같은 세상
지지고 볶고
살아보아도
너나 나나
거기서 거기
네 거냐 내 거냐
따져보아도
너나 나나
거기서 거기
바람처럼 살아가다
바람처럼 사라지리라
낮은 곳에 내려놓고
웃으며 살아보자
너나 나나 나나 너나
똑같은 인생
나나 너나 너나 나나
똑같은 세상
너나 나나 나나 너나
수많은 사연
나나 너나 너나 나나
수많은 눈물
지지고 볶고
살아보아도
너나 나나
거기서 거기
네 거냐 내 거냐
따져보아도
너나 나나
거기서 거기
먼지처럼 살아가다
먼지처럼 사라지리라
낮은 곳에 내려놓고
웃으며 살아보자
너나 나나 나나 너나
수많은 사연
나나 너나 너나 나나
수많은 눈물
똑같은 인생
너나 나나 너나 나나
너나 나나 너나 나나
너나 나나 나나 너나
똑같은 인생
나나 너나 너나 나나
똑같은 세상
똑같은 세상"
오늘이 젊은 날,370,한봄,"나이야 가라 나이야 가라
나이가 대수냐
오늘이 가장 젊은 날
내 과거 묻지를 마세요
알아서 무엇 하나요
지난 일은 지난밤에 묻어요
살다 보면 다 그렇지
마음엔 나이가 없는 거란 걸
세월도 비켜가는 걸
잊지는 말아요 오늘 이 순간이
내 인생에 가장 젊은 날
나이야 가라 나이야 가라
나이가 대수냐
오늘이 가장 젊은 날
인생을 돌아보지 마세요
그렇게 흘려보내요
아쉬워도 시간 속에 묻어요
인생이란 다 그렇지
청춘엔 기준이 없는 거란 걸
지금도 한창때란 걸
잊지는 말아요 오늘 이 순간이
내 인생에 가장 젊은 날
나이야 가라 나이야 가라
나이가 대수냐
오늘이 가장 젊은 날
오늘이 가장 젊은 날"
딱 백년만,189,김의영,"딱 백년만 같이 살자
소중한 인연인데
이왕에 만났으니 노래하면서
즐겁게 살아보자

어차피 한번 가면 못 오는 인생
근심일랑 버리고

백 년만 백 년만
꽃 피우고 노래하며
너와 나 단 둘이
딱 백년만 같이 살자

딱 백년만 같이 살자
소중한 인연인데
이왕에 만났으니 노래하면서
즐겁게 살아보자

어차피 한번가면 못 오는 인생
근심일랑 버리고

백 년만 백 년만
꽃 피우고 노래하며
너와 나 단 둘이
딱 백년만 같이 살자

백 년만 백 년만
꽃 피우고 노래하며
너와 나 단 둘이
딱 백년만 같이 살자

딱 백년만 딱 백년만"
영일만 친구,252,황민우,"바닷가에서 오두막집을 짓고
사는 어릴 적 내 친구
푸른 파도 마시며
넓은 바다의 아침을 맞는다
누가 뭐래도 나의 친구는
바다가 고향이란다
갈매기 나래 위에
시를 적어 띄우는
젊은 날
뛰는 가슴 안고
수평선까지 달려 나가는
돛을 높이 올리자
거친 바다를 달려라
영일만 친구야
갈매기 나래 위에
시를 적어 띄우는
젊은 날
뛰는 가슴 안고
수평선까지 달려 나가는
돛을 높이 올리자
거친 바다를 달려라
영일만 친구야
영일만 친구야"
모르는데 어떻게 가요,641,최수호,"나는 몰라요 어디로 가야할지
당신의 마음으로 가는 길
물어 보아도 애원해봐도
당신은 웃음만 짓네
설레이는 이 내 가슴 갈 곳을 잃어
이리저리 둘러보아도
당신만한 사람이 이 세상엔 없는데
어디로 가야 될까요
모르는데 어찌가오
내게 말해주면 뛰어갈텐데
누구없소 말해 줄 이
그대 마음속으로 가는 길
모르는데 어떻게 가요
말해 주세요 어디로 가야할지
당신의 마음으로 가는 길
보물을 찾듯 찾으려해도
님 길은 보이지 않네
설레이는 이 내 가슴 갈 곳을 잃어
이리저리 둘러보아도
당신만한 사람이 이 세상엔 없는데
어디로 가야 될까요
모르는데 어찌가오
내게 말해주면 뛰어갈텐데
누구없소 말해 줄 이
그대 마음속으로 가는 길
모르는데(모르는데) 어찌가오(어찌가오)
내게 말해주면 뛰어갈텐데
누구없소(누구없소)
말해 줄 이(말해 줄 이)
그대 마음속으로 가는 길
모르는데 어떻게 가요"
남자라는 이유로,493,안성훈,"누구나 웃으면서 세상을 살면서도
말 못 할 사연 숨기고 살아도
나 역시 그런저런 슬픔을 간직하고
당신 앞에 멍하니 서있네
언제 한번 가슴을 열고 소리 내어
소리 내어 울어 볼 날이
남자라는 이유로 묻어두고 지낸
그 세월이 너무 길었어

저마다 처음인 듯 사랑을 하면서도
쓰라린 이별 숨기고 있어도
당신도 그런저런 과거가 있겠지만
내 앞에 선 미소를 짓네
언제 한번 가슴을 열고 소리 내어
소리 내어 울어 볼 날이
남자라는 이유로 묻어두고 지낸
그 세월이 너무 길었어
언제 한번 그런 날 올까요 가슴을 열고
소리 내어 울어 울어 볼 날이
남자라는 이유로 묻어두고 지낸
그 세월이 너무 길어요"
당신이 최고야,562,이창용,"당신이 최고야
당신이 최고야
나에겐
당신이 최고야
당신을 처음 만난
그 순간
나는 나는 알았어
당신이 내 반쪽이 란 걸
행복하게 행복하게
해줄거야
머리에서 발끝까지
세상에서 가장 멋있게
당신을 위해서라면
아낌없이 줄거야
내 모든걸 다 줄거야
기대해도 좋아
믿어도 좋아
변함없을 테니까
당신이 최고
당신이 최고야

당신이 최고야
당신이 최고야
나에겐
당신이 최고야
당신을 처음 만난
그 순간
나는 나는 알았어
당신이 내 반쪽이 란 걸
행복하게 행복하게
해줄거야
머리에서 발끝까지
세상에서 가장 멋있게
당신을 위해서라면
아낌없이 줄거야
내 모든걸
다 줄거야
기대해도 좋아
믿어도 좋아
변함없을 테니까
당신이 최고
당신이 최고야
기대해도 좋아
믿어도 좋아
변함없을 테니까
당신이 최고
당신이 최고야
당신이 최고
당신이 최고야"
사랑은 돈보다 좋다,673,태진아,"사랑에 미쳐는 봤니
사랑에 올인해 봤니
사랑에 울어는 봤니
사랑에 웃어는 봤니
세상 다 준다 해도
사랑과 바꿀 순 없어
아무리 돈이 좋아도
사랑과 바꿀 순 없어
사랑은 사랑은 사랑은 사랑은
사랑은 돈보다 좋다
사랑에 미쳐는 봤니
사랑에 올인해 봤니
사랑에 울어는 봤니
사랑에 웃어는 봤니
세상 다 준다 해도
사랑과 바꿀 순 없어
아무리 돈이 좋아도
사랑과 바꿀 순 없어
사랑은 사랑은 사랑은 사랑은
사랑은 돈보다 좋다

사랑에 미쳐도 보고
사랑에 올인해 봤다
사랑에 울어도 보고
사랑에 웃어도 봤다
세상 다 준다 해도
사랑과 바꿀 순 없어
아무리 돈이 좋아도
사랑과 바꿀 순 없어
사랑은 사랑은 사랑은 사랑은
사랑은 돈보다 좋다
사랑은 사랑은 사랑은 사랑은
사랑은 돈보다 좋다"
날 찾지 말아요,506,장덕,"날 찾지 말아요
날 그냥 내버려 둬요
아무리 애써도
당신께 돌아 가긴 싫어요
처음부터 우리 둘은
만나지 말아야 했어요
철 없던 소녀가
사랑을 했던 거예요
난 사랑을 몰라요
사랑을 할 줄 몰라요
이제 다시는 다시는
사랑에 빠지지 않을래
혼자 있고 싶어요
밤 하늘 벗을 삼아서
날 잊어주세요
저를 그냥 그냥 내버려 둬요

난 사랑을 몰라요
사랑을 할 줄 몰라요
이제 다시는 다시는
사랑에 빠지지 않을래
혼자있고 싶어요
밤 하늘 벗을 삼아서
날 잊어주세요
저를 그냥 그냥 내버려 둬요
저를 그냥 그냥 내버려 둬요"
도로남,184,김용임,"남이라는 글자에 점하나를 지우고

님이되어 만난 사람도

님이라는 글자에 점하나만 찍으면

도로남이 되는 장난 같은 인생사



가슴아픈 사연에 울고 있는 사람도

복에 겨워 웃는 사람도

점하나에 울고 웃는다 점하나에 울고 웃는다

아~아~~~~인생



돈이라는 글자에 밭침하나 바꾸면

돌이되어 버리는 인생사



정을 주던 사람도 그 마음이 변해서

멍을 주고 가는 장난같은 인생사



가슴아픈 사연에 울고 있는 사람도

복에 겨워 웃는 사람도

정 때문에 울고 웃는다 멍 때문에 울고 웃는다

아~아~~~~인생"
따따블,738,오로라,"따따블로 따따블로
따따블로 따따블로

왜 나를 모르니 여잘 모르니
손톱 붙이고 눈썹 붙여도
너는 알지 못하지
왜 항상 그러니 남잔 그러니
머릴 볶아도 머릴 묶어도
너는 관심조차 없어
여자는 그래
작은것에 고마워 하면서 또 감동해
미련 곰탱이 미련 팅팅이
하지만 너를 사랑해
따따블로 따따블로 사랑해줘
따따블로 따따블로 안아줄게
사랑하는 너를 위해
전부 다 줄거야
ye ye ye
따따블로 따따블로 사랑해줘
따따부따 따따부따 하지말고
아름다운 오늘밤에
따따블로 사랑하고 싶어

왜 항상 그럴까 남잔 그럴까
머릴 올려도 머릴 풀어도
너는 관심조차 없어
여자는 그래
작은것에 고마워 하면서 또 감동해
미련 곰탱이 미련 팅팅이
하지만 너를 사랑해
따따블로 따따블로 사랑해줘
따따블로 따따블로 안아줄게
사랑하는 너를 위해
키스 해 줄거야
ye ye ye
따따블로 따따블로 사랑해줘
가타부타 가타부타 하지말고
아름다운 오늘밤에
따따블로 사랑하고 싶어
따따블로 따따블로 사랑해줘
따따블로 따따블로 안아줄게
사랑하는 너를 위해
전부 다 줄거야
ye ye ye
따따블로 따따블로 사랑해줘
따따부따 따따부따 하지말고
아름다운 오늘밤에
따따블로 사랑하고 싶어
따따블로 사랑하고 싶어
따따블"
얼쑤 (윙크),808,장윤정,"얼쑤 얼쑤 얼쑤

울고 불고 했던 지난날은 잊고
지지고 볶고 했던 그 남자는 잊고
다른 사람
만나요 요요 요요 요요요요요
어떤 옷을 입고 갈까 고민고민
큰 거울 앞에 이런 저런 포즈포즈
지금 만나러 가요
요요 요요 요요요요요
굽이굽이 이 높은 구두 신고 사뿐이
걸어 가면 저기 당신 보여요
달아달아 밝은 달아 나 좀 예쁘게
잘 좀 비춰라
이 사람 내게 혹 가버리게
해야해야 밝은 해야 나 좀 예쁘게
잘 좀 비춰라
이 사람 내게 혹 가버리게

얼쑤 얼쑤 얼쑤
울고 불고 했던 지난 날은 잊고
지지고 볶고 했던 그 남자는 잊고
다른 사람
만나요 요요 요요 요요요요요
어떤 옷을 입고 갈까 고민고민
큰 거울 앞에 이런 저런 포즈포즈
지금 만나러 가요
요요 요요 요요요요요
굽이굽이 이 높은 구두 신고 사뿐히
걸어 가면 저기 당신 보여요
달아달아 밝은 달아 나 좀 예쁘게
잘 좀 비춰라
이 사람 내게 혹 가버리게
해야해야 밝은 해야 나 좀 예쁘게
잘 좀 비춰라
이 사람 내게 혹 가버리게
달아달아 밝은 달아 나 좀 예쁘게
잘 좀 비춰라
이 사람 내게 혹 가버리게
해야해야 밝은 해야 나 좀 예쁘게
잘 좀 비춰라
이 사람 내게 혹 가버리게

얼쑤 얼쑤 얼쑤"
나침반,508,설운도,"종로로 갈까요 영동으로 갈까요
차라리 청량리로 떠날까요
많은 사람 오고가는 을지로에서
떠나버린 그 사람을 찾고 있어요
아 이쪽저쪽 사방팔방 둘러보아도
어쩌다 닮은 사람
한두명씩 오고갈 뿐
아 내가 찾는 그 사람은 어디있나요
아무리 찾아봐도
그 사람은 간곳이 없네
미아리로 갈까요 영등포로 갈까요
을지로 길모퉁이에 나는 서있네
아 이쪽저쪽 사방팔방 둘러보아도
어쩌다 닮은 사람
한두명씩 오고갈 뿐
어 내가 찾는 그 사람은 어디있나요
아무리 찾아봐도
그 사람은 간곳이 없네
미아리로 갈까요 영등포로 갈까요
을지로 길모퉁이에 나는 서있네
을지로 길모통이에 나는 서있네"
사랑의 영도다리,831,진해성,"내 노래를 들어 주겠니
세상 가장 따뜻한 그 노래를
오직 너만을 위한 노래
오직 너만의 사랑노래
처음 부르는 그 노래
너가 외롭고 힘이 들 때
너가 아프고 눈물이 날 때
사랑을 가득 담아
진심을 가득 담아
너에게 전하고 싶어
사랑의 영도다리 위에서
니 노래를 불러주겠니
세상 가장 달콤한 그 노래를
오직 나만을 위한 노래
오직 나만의 사랑 노래
처음 불러줄 그 노래
내가 외롭고 막막할 때
내가 슬프고 눈물이 날 때
사랑을 가득 담아
열정을 가득 담아
나에게 전해주렴
사랑의 영도다리 위에서"
처녀 뱃사공,161,마이진,"에헤야 데헤야
노를 저어라
삿대를
저어라
나나나나
나 나나
나나나나
나 나나나
아아아
낙동강
강바람이
치마폭을
스치면
군인 간
오라버니
소식이
오네
큰 애기 사공이면
누가 뭐라나
늙으신 부모님을
내가 모시고
에헤야 데헤야
노를 저어라
삿대를
저어라
짠짠 짠짜라
짜짜자라
짠짠 짠짜라
짜짜자라
삿대를 저어라
처녀 뱃사공
낙동강
강바람이
앙가슴을
헤치면
고요한
처녀 가슴
물결이
이네
오라비 제대하면
시집보내마 시집 보내주오
어머님 그 말씀에
수줍어질 때
에헤야 데헤야
노를 저어라
삿대를
저어라
에헤야 데헤야
노를 저어라
삿대를
저어라
삿대를
저어라"
사랑의 밧줄,"6,491",이찬원,"밧줄로 꽁꽁 밧줄로 꽁꽁
단단히 묶어라
내 사람이 떠날 수 없게
사랑의 밧줄로 꽁꽁 묶어라
내 사랑이 떠날 수 없게
당신없는 세상은 단 하루도
나 혼자서 살 수가 없네
바보같이 떠난다니
바보같이 떠난다니
나는 나는 어떡하라고
밧줄로 꽁꽁 밧줄로 꽁꽁
단단히 묶어라
내사랑이 떠날 수 없게
밧줄로 꽁꽁 밧줄로 꽁꽁
단단히 묶어라
내사랑이 떠날 수 없게
사랑의 밧줄로 꽁꽁 묶어라
그사람이 떠날 수 없게
당신없는 세상은 나 혼자서
아무것도 할 수가 없네
나를 두고 떠난다니
나를 두고 떠난다니
정말 정말 믿을 수 없어
밧줄로 꽁꽁 밧줄로 꽁꽁
단단히 묶어라
그사람이 떠날 수 없게
밧줄로 꽁꽁 밧줄로 꽁꽁
단단히 묶어라
내사랑이 떠날 수 없게"
사랑할 나이,"2,641",박서진,"꺾어진 나이라고
무시하지 말아요
인생의 계급장은 늘어만 가고
온몸이 쑤시고 아파와도
마음은 이팔청춘입니다
아 불꽃같은 사랑을 할래요
나는 아직 뜨겁답니다
나이야 가거라 숫자야 가거라
야속한 세월아 너 먼저 가거라
나 이제 사랑할 나이
꺾어진 나이라고
무시하지 말아요
인생의 계급장은 늘어만 가고
온몸이 쑤시고 아파와도
마음은 이팔청춘입니다
아 불꽃같은 사랑을 할래요
나는 아직 뜨겁답니다
나이야 가거라 숫자야 가거라
야속한 세월아 너 먼저 가거라
나 이제 사랑할 나이
아 불꽃같은 사랑을 할래요
나는 아직 뜨겁답니다
나이야 가거라 숫자야 가거라
야속한 세월아 너 먼저 가거라
나 이제 사랑할 나이
내 나이 사랑할 나이"
"그 여자, 그 남자",170,주현미,"사랑 흔한 그 한 마디가
왜 나를 두드리나
눈 감아 보아도 떠오르는 그 얼굴
안부 인사에 기뻐 한잔
쓸쓸한 표정에 슬퍼 한잔
이런 게 사랑일까 쉽지는 않을 거야
내 맘 나도 몰라요
조심스레 말을 건네볼까
살며시 손을 잡아볼까
아 떨리는 마음 가슴에 두고
아닌 척 모르는 척
눈뜬장님 여자
꿀 먹은 벙어리 남자
무정한 사랑아
사랑 알 수 없는 이야기
설레는 마음이야
가슴은 콩콩콩 감출 수가 없어요
아침 햇살에 윙크하고
달님이 오기 전에 보러 와요
님 따라 어디라도 천국이 따로 있나
어화둥둥 내 사랑
꽃이 피고 새가 노래하면
그리움 곱게 접어두고
아 떨리는 마음 바람에 실어
님 계신 곳 찾으렴
사랑에 빠진 여자
잠 못 이루는 남자
그 여자 그 남자
꽃이 피고 새가 노래하면
그리움 곱게 접어두고
아 설레는 마음 바람에 실어
님 계신 곳 찾으렴
사랑에 빠진 여자
잠 못 이루는 남자
그 여자 그 남자
그 여자 그 남자"
상사화,828,완이화,"사랑이 왜 이리 고된가요
이게 맞는가요 나만 이런가요
고운 얼굴 한 번 못 보고서
이리 보낼 수 없는데
사랑이 왜 이리 아픈가요
이게 맞는가요 나만 이런가요
하얀 손 한 번을 못 잡고서
이리 보낼 순 없는데
다시 돌아올 수 없는
그 험한 길 위에 어찌하다 오르셨소
내가 가야만 했었던
그 험한 길 위에 그대가 왜 오르셨소
기다리던 봄이 오고 있는데
이리 나를 떠나오
긴긴 겨울이 모두 지났는데
왜 나를 떠나가오
아 아 우우우우우우
긴긴 겨울이 모두 지났는데
왜 나를 떠나가오"
고장난 벽시계,382,김수빈,"세월아 너는 어찌
돌아도 보지 않느냐
나를 속인 사람보다
네가 더욱 야속하더라
한두 번 사랑 땜에
울고 났더니
저만큼 가버린 세월
고장 난 벽시계는 멈추었는데
저 세월은 고장도 없네
청춘아 너는 어찌
모른 척하고 있느냐
나를 버린 사람 보다
네가 더욱 무정하더라
뜬구름 쫓아가다 돌아봤더니
어느새 흘러간 청춘
고장 난 벽시계는 멈추었는데
저 세월은 고장도 없네
고장 난 벽시계는 멈추었는데
저 세월은 고장도 없네"
배 띄어라,"1,209",양지은,"배 띄워라
배 띄워라
아이야 벗님네야
배 띄워서 어서가자
배 띄워라
배 띄워라
아이야 벗님네야
배 띄워서 어서가자
동서남북 바람 불제
언제나 기다리나
술 익고 달이 뜨니
이때가 아니 드냐
배 띄워라
배 띄워라
아이야 벗님네야
배 띄워서 어서 가자
서럽다고 울지를 마랴
바람이 없으면
노를 젓고
바람이 불면
돛을 올려라
강 건너 벗님네들
앉아서 기다리랴 그리워
서럽다고 울지를 마랴
배 띄워라
배 띄워라
아이야 벗님네야
배 띄워서 어서가자
배 띄워라 배 띄워라"
고별주,183,이수호,"빗소리만 주룩주룩
아무 말없는 두 사람
숨소리조차 두려워
입가에서 맴도는 침묵
긴 세월이 흐른 지금
다시 마주한 두 사람
타인인 줄 알면서도
어느샌가 한 줄기 눈물
아주 오랜 그 옛날
내가 사랑한 당신
아주 오랜 그 옛날
내가 버렸던 당신
행복하냐 그 물음에
울컥 쏟아지는 눈물
대답 대신 웃음으로
쓸쓸하게 고하는 이별
아주 오랜 그 옛날
내가 사랑한 당신
아주 오랜 그 옛날
내가 버렸던 당신
행복하냐 그 물음에
울컥 쏟아지는 눈물
대답 대신 웃음으로
쓸쓸하게 돌아선 이별
대답 대신 웃음으로
쓸쓸하게 돌아선 이별"
잃어버린 정,381,안성훈,"당신의 고운 눈매에
할 말을 잊었지만은
냉정히 돌아선 무정한 사람은
눈물을 모르겠지요
말문이 막혀서인지
할 말을 잊었지만은
다정한 그날의 뜨거운 추억을
어떻게 잊을 수 있나
미소가 머물다 간 시간도 없이
떠나는 사람이면
아쉬운 미련도 아쉬운 마음도
남기지 말아요
잃어버린 정이 그리워지면
그때는 어찌하나요

미소가 머물다 간 시간도 없이
떠나는 사람이면
아쉬운 미련도 아쉬운 마음도
남기지 말아요
잃어버린 정이 그리워지면
그때는 어찌하나요"
존재의 이유 Ⅱ,182,김종환,"힘이 들 때면 너를 생각해
하루 중에 바쁜 시간도
널 위해 참는 거야
정말 미안해
현실에 매달린 내가
오늘 밤도 지친 몸으로
널 향해 걸어가는데
불이 켜진 너의 창문 앞
초라한 골목길에서
오늘과 미래의 내 모습을
지금은 알 수 없지만
너 없이 백 년을 혼자 사느니
너와 함께 하루를 살겠어
널 사랑해 기다려줘
네 앞에 서는 날까지
불이 켜진 너의 창문 앞
초라한 골목길에서
오늘과 미래의 내 모습을
지금은 알 수 없지만
너 없이 백 년을 혼자 사느니
너와 함께 하루를 살겠어
널 사랑해 기다려줘
네 앞에 서는 날까지"
정 하나 준 것이,56,현당,"가슴이 답답해서
창문을 열고
새벽 찬바람
마셔봐도
님인지 남인지
올 건지 말 건지
이 밤도 다 가고
새벽 달 기우네
내 너를 잊으리라
입술 깨물어도
애꿎은 가슴만
타네
정 하나 준 것이
이렇게 아플 줄
몰랐네
아--몰랐네

가슴이 답답해서
창문을 열고
새벽 찬바람
마셔봐도
님인지 남인지
올 건지 말 건지
이 밤도 다 가고
새벽 달 기우네
내 너를 잊으리라
입술 깨물어도
애꿎은 가슴만
타네
정 하나 준 것이
이렇게 아플 줄 몰랐네
아--몰랐네
정 하나 준 것이
이렇게 아플 줄 몰랐네
아--몰랐네"
무정부르스,194,진시몬,"이제는 애원해도 소용 없겠지

변해버린 당신이기에

내 곁에 있어 달라 말도 못하고

떠나야 할 이 마음

추억 같은 불빛들이

흐느껴 우는 이 밤에

상처만 남겨두고 떠나갈 길을

무엇 하러 왔던가



자꾸만 바라보면 미워지겠지

믿어 왔던 당신이기에

쏟아져 흐른 눈물 가슴에 안고

돌아서는 이 발길

사랑했던 기억들이

갈 길을 막아 서지만

추억이 아름답게 남아 있을 땐

미련없이 가야지"
울어라 열풍아,107,배호,"못견디게 괴로워도 울지 못하고
가는님을 웃음으로 보내는 마음
그 누구가 알아주나
기맥힌 내 사랑을
울어라 열풍아 밤이 새도록

님을 보낸 아쉬움에 흐느끼면서
하염없이 헤매도는 서러운 발길
내 가슴의 이 상처를
그 누가 달래주리
울어라 열풍아 밤이 새도록"
바다가 육지라면,468,조미미,"얼마나 멀고 먼지
그리운 서울은
파도가 길을 막아
가고파도 못갑니다
바다가 육지라면
바다가 육지라면
배 떠난 부두에서
울고 있지 않을 것을
아아 바다가 육지라면
눈물은 없었을 것을

어제온 연락선은
육지로 가는데
할 말이 하도 많아
목이 메어 못합니다
이몸이 철새라면
이몸이 철새라면
뱃길에 훨훨 날아
어데론지 가련만은
아아 바다가 육지라면
이별은 없었을 것을"
물방울 넥타이,243,현숙,"(물방울 넥타이를 맨 그남자)

내 남자는 애창곡 몇곡은 술술 나오고

속 보이지만 사랑한다고 말해주던 남자

뭘 입어도 폼이나고 버릴게 없더라

그런 당신께 콜을 보냈다

물방울 넥타이가 잘 어울리던 남자

사랑을 낙인처럼 내 가슴에 찍어주고



사랑하면 좋더라

사랑해서 행복하다

물방울 넥타이를 맨 그 남자



내 남자는 애창곡 몇곡은 술술 나오고

속 보이지만 사랑한다고 말해주던 남자

뭘 입어도 폼이나고 버릴게 없더라

그런 당신꼐 콜을 보냈다

물방울 넥타이가 잘 어울리던 남자

사랑을 낙인처럼 내 가슴에 찍어주고

사랑하면 좋더라

사랑해서 행복하다

물방울 넥타이를 맨 그 남자



사랑하면 좋더라 사랑해서 행복하다

물방울 넥타이를 맨 그 남자"
살랑살랑,920,조정민,"어쩜 좋아 나도 몰래 끌리는 그대
안 그런 척 모르는 척 새침 떨지만
다 알아요 다 보여요 그대 마음도
나에게 점점 더 흔들리는걸
자석처럼 그대 맘을 끌어당길래
찰싹찰싹 그대 옆에 붙어있을래
오늘부터 이 자리는 내 자리예요
아무도 탐내지 마요
내 남자죠 이 남자죠
지금껏 기다려 온 그 사람
내 맘을 떨리게 한
첫 남자 그대뿐이야
어디 있다 이제 왔나요
오 살랑살랑 살랑 사랑이 다가와
살랑살랑 살랑 설레는 이 가슴
살랑살랑 살랑 바람도 불어와
사랑하기 딱 좋은 날
살랑살랑 살랑 살랑살랑
살랑 살랑살랑 사랑해
살랑살랑 살랑 살랑살랑
살랑 살랑살랑 사랑해
어쩜 좋아 내 마음을 흔드는 그대
하루에도 열두 번씩 들었다 놨다
어딜 봐요 나만 봐요 그댄 내 남자
이제는 나만을 예뻐해 줘요
자석처럼 그대 맘을 끌어당길래
찰싹찰싹 그대 옆에 붙어 있을래
오늘부터 이 자리는 내 자리에요
아무도 탐내지 마요
내 남자죠 이 남자죠
지금껏 기다려 온 그 사람
내 맘을 떨리게 한
첫 남자 그대뿐이야
어디 있다 이제 왔나요
오 살랑살랑 살랑 사랑이 다가와
살랑살랑 살랑 설레는 이 가슴
살랑살랑 살랑 바람도 불어와
사랑하기 딱 좋은 날
오 살랑살랑 살랑 사랑이 다가와
살랑살랑 살랑 설레는 이 가슴
살랑살랑 살랑 바람도 불어와
사랑하기 딱 좋은 날
살랑살랑 살랑 살랑살랑
살랑 살랑살랑 사랑해
살랑살랑 살랑 살랑살랑
살랑 살랑살랑 사랑해"
순천만 갈대숲에,802,진해성,"매달리지 않으련다
잡지도 않으련다
싫다고 밉다고 가는 사람을
당신이 나빠서도
내가 나빠서도
아니었어 인연이 다 했을 뿐
느닷없이 찾아온 이별
참을 수 없는 슬픔
그러나 원망은 안 할 거야
하늘이 맺어준 소중한 인연
그 인연 그 끝을 다 했을 뿐
바람 부는 순천만 갈대숲에서
매달리지 않으련다
막지도 않으련다
싫다고 밉다고 가는 당신을
당신이 나빠서도
내가 나빠서도
아니었어 인연이 다 했을 뿐
예고 없이 찾아온 이별
참을 수 없는 슬픔
그러나 미련은 없을 거야
하늘이 맺어준 소중한 인연
그 인연 그 끝을 다 했을 뿐
노을 지는 순천만 갈대 숲에서"
콕콕콕,443,설하윤,"콕콕콕 콕콕콕 콕콕콕
콕콕콕 찍어주세요
내 마음을 찍어주세요
당신의 찐한 사랑을
콕 찍어주세요
콕콕콕
이 세상 어디를 가도
어느 곳에 내가 있어도
당신의 사랑만 먹고
내가 내가 살아갈 수 있도록
내가 내가 살아갈 수 있도록
천길 만길 낭떠러지 길을 만나도
태산을 넘어가는 길을 만나도
당신 하나만 생각하면
넘어갈 수 있도록
내 마음을 콕 찍어주세요
그리고 당신과 함께
행복할 수 있도록
내 마음을 꼭 안아 주세요
콕콕콕
내 행복을 콕 찍어주세요
콕콕콕
콕콕콕
콕콕콕 찍어주세요
내 마음을 찍어주세요
당신의 찐한 사랑을
콕 찍어주세요
콕콕콕
이 세상 어디를 가도
어느 곳에 내가 있어도
당신의 사랑만 먹고
내가 내가 살아갈 수 있도록
내가 내가 살아갈 수 있도록
천길 만길 낭떠러지 길을 만나도
태산을 넘어가는 길을 만나도
당신 하나만 생각하면
넘어갈 수 있도록
내 마음을 콕 찍어주세요
그리고 당신과 함께
행복할 수 있도록
내 마음을 꼭 안아 주세요
콕콕콕
내 행복을 콕 찍어주세요
콕콕콕
하루 종일 콕콕 찍어 주세요
콕콕콕
콕 찍어주세요 콕"
뒤늦은 후회,466,윤수현,"창밖에 내리는 빗물소리에 마음이 외로워~져요
지금 내 곁에는 아~무~도 아무도 없으니까요
거리에 스치는 바람소리에 슬픔이 밀려~와요
눈물이 흐를 것만 같아서 살며시 눈감았지요
계절은소리없이 가구요 사랑도 떠나갔어요~ ~
외로운 나에겐 아무 것도 남은게없~구~요
순간에잊혀져갈 사랑이라면 생각하지 않겠어요
이렇게 살아온 나에게도 잘못이 있으니까요
계절은소리없이 가구요 사랑도 떠나갔어요~ ~
외로운 나에겐 아무 것도 남은게없~구~요
순간에잊혀져갈 사랑이라면 생각하지 않겠어요
이렇게 살아온 나에게도 잘못이 있으니까요
이렇게 살아온 나에게도 잘못이 있으니까요"
흔들흔들,142,한여름,"흔들어 흔들어 흔들어 흔들어 주세요
세상사 모든 일 잘 풀릴 거야
괴로운 일 있나요 안 되는 일 있나요
웃으면서 살아도 짧은 인생
찡그리지 말아요 화내지 말아요
예쁜 얼굴 미워 미워 집니다
잘난 것도 잠깐 못난 것도
잠깐 스쳐가는 인생입니다
모든 걸 잊고 리듬에 맞춰
신나게 춤을 춰요
흔들어 흔들어
흔들어 흔들어 주세요
옆 사람 추던 말던 신경 쓰지 말고
흔들어 흔들어
흔들 흔들 흔들 흔들어 주세요
세상사 모든 일 잘 풀일 거야
트위스트 좋아요 디스코도 좋아요
람바다에 막춤이면 어때요
부끄러워 말아요 튕기지 말아요
스트레스 날아 날아 갑니다
잘난 것도 잠깐 못난 것도
잠깐 스쳐가는 인생입니다
모든 걸 잊고 리듬에 맞춰
신나게 춤을 춰요
흔들어 흔들어
흔들어 흔들어 주세요
옆 사람 추던 말던 신경 쓰지 말고
흔들어 흔들어
흔들 흔들 흔들 흔들어 주세요
세상사 모든 일 잘 풀일 거야
세상사 모든 일 잘 풀일 거야"
댁이나 잘하세요,617,강남,"내 걱정하지 말고 댁이나 잘하세요
내 걱정하지 말고 댁이나 잘하세요
세상을 살다 보니 별꼴을 다 보네요
별일이 다 있네요 나한테 왜 그래요
내 일에 참견 말고 잔소리 하지 마요
내 갈길 내가 알고 알아서 내가가요
내 걱정하지 말고 댁이나 잘하세요
내 갈길 내가 알고 알아서 내가가요
내 걱정하지 말고 댁이나 잘하세요
내 걱정 하지 말고 댁이나 잘하세요
내 걱정하지 말고 댁이나 잘하세요
세상을 살다 보니 별꼴을 다 보네요
별일이 다 있네요 나한테 왜 그래요
내 일에 참견 말고 잔소리 하지 마요
내갈길 내가 알고 알아서 내가가요
내 걱정하지 말고 댁이나 잘하세요
내 갈길 내가 알고 알아서 내가가요
내 걱정하지 말고 댁이나 잘하세요"
사랑합니다,"10,480",이찬원,"나빠요 참 그대란 사람
허락도 없이 왜 내 맘 가져요
그대 때문에
난 힘겹게 살고만 있는데
그댄 모르잖아요
알아요 나는 아니란 걸
눈길 줄 만큼 보잘 것 없단걸
다만 가끔씩
그저 그 미소 여기 내게도
나눠줄 순 없나요
비록 사랑은 아니라도
언젠간 한번쯤은 돌아봐 주겠죠
한없이 뒤에서 기다리면
오늘도 차마 못한 가슴속 한마디
그댈 사랑합니다
어제도 책상에 엎드려
그댈 그리다 잠들었나봐요
눈을 떠보니
눈물에 녹아 흩어져 있던
시린 그대 이름과
헛된 바램뿐인 낙서만
언젠간 한번쯤은 돌아봐 주겠죠
한없이 뒤에서 기다리면
오늘도 차마 못한 가슴속 한마디
그댈 사랑합니다
이젠 너무 나도 내겐 익숙한
그대 뒷모습을 바라보며
흐르는 눈물처럼 소리없는 그말
그댈 사랑합니다"
여우야,156,두리 (DooRi),"여우야 여우야
여우야 여우야
여우 여우
오늘도 널 기다리는 오후
나 한번도 이런 적 없는데 U hoo
까칠하고 도도한 내 모습
널 본 순간 난 양이 돼버렸어
날 따라온 남자들의 시선
이리저리 날 재보는 게 보여 U hoo
한평생 날 사랑해 줄 남자
그런 남자만 사랑하는데
여우야 여우야 나는 빨간 여우야
네 앞에 서면 빨간 여우 여우
여우야 여우야 나는 빨간 여우야
네 앞에 서면 빨간 여우 여우
여우야 여우야
여우 여우
여우처럼 남자를 좀 아는
알고 보면 난 순정파에요 U hoo
자꾸만 도망가지 말아요
어서 빨리 날 사랑해줘요
여우야 여우야 나는 빨간 여우야
네 앞에 서면 빨간 여우 여우
여우야 여우야 나는 빨간 여우야
네 앞에 서면 빨간 여우 여우
여우야 야 야이야이 야하
네 앞에 서면 왜 빨개지는데 여우
여우야 야 야이야이 야하
애타게 하지 말아요 난 여우 여우
사랑땜에 웃어봤고
사랑 때문에 나 아파도 봤어
오직 나만 사랑해 줄
그런 남자 오 너라는 남자
여우야 여우야 나는 빨간 여우야
네 앞에 서면 빨간 여우 여우
여우야 여우야 나는 빨간 여우야
네 앞에 서면 빨간 여우 여우
여우야 야 야이야이 야하
네 앞에 서면 왜 빨개지는데 여우
여우야 야 야이야이 야하
애타게 하지 말아요 난 여우 여우
오늘도 널 기다리는 여우 여우 여우야 야"
진정인가요,"16,388",임영웅,"미련없다 그 말이 진정인가요
냉정했던 그 마음이 진정인가요
바닷가를 거닐며 수놓았던 그 추억
잊을 수가 있을까요
돌아설 때 눈물짓던 당신이라면
영원토록 영원토록 죽어도
못 잊을 겁니다
잊어달라 그 말이 진정인가요
돌아서던 그 마음이 진정인가요
오솔길을 거닐며 주고받던 그 사랑
잊을 수가 있을까요
돌아설 때 울음 참던 당신이라면
잊으려도 잊으려도 죽어도
못 잊을 겁니다
죽어도 못 잊을 겁니다"
밤열차,292,별사랑,"밤 열차는 미련없이 떠나갑니다
뜨거운 눈물 흘려야하는 사랑
빈 가슴 부여잡고 차창에 기대어
밤 이슬 내리는 창 밖을 보며
아쉬움에 자꾸만 뒤돌아보는데
기적소리 울음소리
나를 나를 나를 울리네
이제 가면 못 볼 사랑 보고플 사랑
다시 오면 안 됩니까 말을 해 줘요
밤 열차는 미련없이 떠나가는데
밤 열차는 미련없이 떠나갑니다
뜨거운 눈물 흘려야하는 사랑
빈 가슴 부여잡고 차창에 기대어
밤 이슬 내리는 창 밖을 보며
아쉬움에 자꾸만 뒤돌아보는데
기적소리 울음소리
나를 나를 나를 울리네
이제 가면 못 볼 사랑 보고플 사랑
다시 오면 안 됩니까 말을 해 줘요
밤 열차는 미련없이 떠나가는데
다시 오면 안 됩니까 말을 해 줘요
밤 열차는 미련없이 떠나가는데"
자갈치 아지매,144,김정민,"흥남 부두 돌아 돌아
국제시장 돌고 돌아
소리 내어 울었네
소리 내어 불렀네
당신을 찾아 헤맸네
반짝반짝 반짝이는
항구의 작은 별들아
우리 엄마 계신 곳까지
나를 나를 데려가다오
영도다리 난간 위에서
남포동 뒷골목에서
자갈치 아지매가
목놓아 부르는 이름
엄마 엄마 엄마를 찾는
자갈치 아지매
흥남 부두 돌아 돌아
국제시장 돌고 돌아
소리 내어 울었네
소리 내어 불렀네
당신을 찾아 헤맸네
반짝반짝 반짝이는
항구의 작은 별들아
우리 엄마 계신 곳까지
나를 나를 데려가다오
영도다리 난간 위에서
남포동 뒷골목에서
자갈치 아지매가
목놓아 부르는 이름
엄마 엄마 엄마를 찾는
자갈치 아지매
영도다리 난간 위에서
남포동 뒷골목에서
자갈치 아지매가
목놓아 부르는 이름
엄마 엄마 엄마를 찾는
자갈치 아지매
자갈치 아지매"
그물,118,임찬,"당신이 던져 놓은 그물에
산채로 잡혀 버렸다
그물이 촘촘 하진 않아도
빠져 나갈 맘이 애초에 없었다
어기야 디여차 그물을 올려
사랑에 그물을 당겨 당겨라
놔주지도 마라 놔주지도 마
어차피 잡힌거 그냥 살란다
당신이 던져 놓은 그물에
너도 걸려 나도 걸려
모두 다 걸렸네
너도 걸려 나도 걸려
모두 다 걸렸네
당신이 던져 놓은 그물에
산채로 잡혀 버렸다
그물이 촘촘 하진 않아도
빠져 나갈 맘이 애초에 없었다
어기야 디여차 그물을 올려
사랑에 그물을 당겨 당겨라
놔주지도 마라 놔주지도 마
어차피 잡힌거 그냥 살란다
당신이 던져 놓은 그물에
너도 걸려 나도 걸려
모두 다 걸렸네
너도 걸려 나도 걸려
모두 다 걸렸네
너도 걸려 나도 걸려
모두 다 걸렸네"
쌍쌍,876,최수호,"저 남자 저 여자는 쌍쌍
죽어도 행복해요 쌍쌍
당신도 쌍쌍
당신도 쌍쌍
쌍쌍연인들이야
그 남자 그 여자도 쌍쌍
아무도 모를거야 쌍쌍
당신도 쌍쌍
당신도 쌍쌍
쌍쌍연인들이야
사랑해 사랑해
정말정말 그대 정말 사랑해
아침먹고 점심먹고 저녁먹고 사랑먹고
밤새도록 사랑해
사랑해 사랑해
정말정말 그대 정말 사랑해
아침먹고 점심먹고 저녁먹고 사랑먹고
밤새도록 사랑해
뜨거운 사랑이여 쌍쌍
불타는 사랑이여 쌍쌍
당신은 당신은
찰찰찰 철거머리야"
황성옛터,50,마스크걸,"황성 옛터에 밤이 되니
월색만 고요해

폐허에 설운 회포를
말하여 주노라

아- 가엾다 이내 몸은
그 무엇 찾으려고

끝없는 꿈의 거리를
헤메어 있노라

성은 허물어져 빈 터인데
방초만 푸르러

세상이 허무한 것을
말하여 주노라

아- 외로운 저 나그네
홀로 잠 못 이루어

구슬픈 벌레 소리에
말없이 눈물 져요

아- 괴로운 이 심사를
가슴 깊이 묻고

이 몸은 흘러서 가노니
옛터야 잘 있거라"
즐거운 인생,435,오승근,"난 오늘도 이렇게 청춘 이란다
세월도 나를 비켜 가는구나
겸손한듯 하지만
사랑도 하고 싶어
아직도 난 청춘이니까
예전처럼 친구들과 수다도 떨도
노래하고 춤도 추면서
나를 떠난 첫 사랑에
뒷 이야기도 하고
영화처럼 즐거운 인생
이렇게 오늘도 하루가 또 가지만
내일은 다시 태양이 뜬다
난 오늘도 이렇게 청춘 이란다
세월도 나를 비켜 가는구나
겸손한듯 하지만
사랑도 하고 싶어
아직도 난 청춘이니까
예전처럼 친구들과 술 한잔 하고
노래하고 춤도 추면서
나를 떠난 첫 사랑의
뒷 이야기도 하고
영화처럼 즐거운 인생
이렇게 오늘도 하루가 또 가지만
내일은 다시 태양이 뜬다
내일은 다시 태양이 뜬다"
한방이 터질 거야,67,슬리피,"터질 거야 터질 거야 한방이 터질 거야
대기만성 내 인생 이날만 기다렸어
별 볼일 없던 내게 세상을 모른 내게
해 뜰 날 이제 올 거야
하늘에 하소연 팔자타령 허어
부모 탓 조상 탓 집안 타령
가난 속에 인생을 배우고
희망의 씨를 뿌렸네
내 인생 바람이 분다
터질 거야 터질 거야 한방이 터질 거야
희망바람 불어오네 사랑 바람 손짓하네
터질 거야 내 인생에 한방이 뻥뻥
터질 거야 내 인생에 한방이 뻥뻥
아이고 사람이 죽으라는 법은
없나 봅니다 옛말이 거름
칠전팔기 오뚝이 일어나
우리도 한번 걸어보자 꽃길 좋다
별 볼일 없던 내게 세상을 모른 내게
해 뜰 날 이제 올 거야
하늘에 하소연 팔자타령 허어
부모 탓 조상 탓 집안 타령
가난 속에 인생을 배우고
희망의 씨를 뿌렸네
내 인생 바람이 분다
터질 거야 터질 거야 한방이 터질 거야
희망바람 불어오네 사랑 바람 손짓하네
터질 거야 터질 거야 한방이 터질 거야
희망바람 불어오네 사랑 바람 손짓하네
터질 거야 내 인생에 한방이 뻥뻥
터질 거야 내 인생에 한방이 뻥뻥"
아미새,163,현철,"아름답고 미운새 아미새 당신
남자의 애간장만 태우는 여자
안 보면 보고 싶고 보면 미워라
다가서면 멀어지는
아름다운 미운새
아미새 아미새 아미새가
나를 울린다
신기루 사랑인가
아미새야 아미새야

미워할수 없는 새 아미새 당신
남자의 약한 마음 흔드는 여자
간다고 말만하면 눈물 흘리네
떠나려면 정을 주는
아름다운 미운새
아미새 아미새 아미새가
나를 울린다
신기루 사랑인가
아미새야 아미새야
아미새 아미새 아미새가
나를 울린다
신기루 사랑인가
아미새야 아미새야"
파란 낙엽,104,배호,"외로운 가슴에 파란 낙엽이 스쳐갈때
울고 싶도록 그리운 당신 물결도 잠든
어느날의 호숫가에서 맺은 사랑의 역사
허무해도 못잊어 애태우는 낙엽지는 내마음

허전한 가슴에 파란 낙엽이 휘날릴때
죽고 싶도록 보고픈 당신 별들이 고운
밤하늘을 바라보면서 맺은 사랑의 역사
흘러가니 슬픔만 쌓여가는 낙엽지는 내마음"
해바라기 꽃,314,전미경,"내 사랑은 해바라기꽃
당신만을 바라보면서
까만밤 하얀밤
달빛속을 지새며
순정을 먹고 사는 꽃
아침해가 뜰때까지
당신을 그리며
이슬맞고 피어나는 꽃
이밤을 새면
태양을 바라보면
일편단심 님 그리는 꽃
해바라기꽃을 아시나요

내 사랑은 해바라기꽃
당신만을 바라보면서
까만밤 하얀밤
고독으로 지새며
순정을 먹고 사는 꽃
한 없는 열정으로
당신을 그리며
이슬맞고 피어나는 꽃
이밤을 새면
태양을 바라보며
일편단심 님 그리는 꽃
해바라기꽃을 아시나요"
사의 찬미,318,이미자,"광막한 광야를 달리는 인생아
너는 무엇을 찾으려 왔느냐
이래도 한 세상 저래도 한 평생
돈도 명예도 사랑도 다 싫다

눈물로 된 이 세상에
나 죽으면 그만일까
행복 찾는 인생들아
너 찾는 것 설움

녹수 청산은 변함이 없건만
우리 인생은 나날이 변했다
이래도 한 세상 저래도 한 평생
돈도 명예도 사랑도 다 싫다

눈물로 된 이 세상에
나 죽으면 그만일까
행복 찾는 인생들아
너 찾는 것 설움"
잊게 해주오,249,장계현,"때로는 생각이야 나겠지만은
자꾸만 떠오르는 잊어야 하는 여인
잊게 해주오 잊게 해주오
그대를 모르게 잊게 해주오
잊게 해주오 잊게 해주오
과거를 모르게 잊게 해 주오
우연히 우연히 나도 몰래 나도 몰래
생각이야 나겠지만
때로는 생각이야 나겠지만은
자꾸만 떠오르는 잊어야 하는 여인
잊게 해주오 잊게 해주오
그대를 모르게 잊게 해주오
잊게 해주오 잊게 해주오
과거를 모르게 잊게 해주오
우연히 우연히 나도 몰래 나도 몰래
생각이야 나겠지만."
소양강 처녀,803,김태희,"해 저문 소양강에 황혼이 지면
외로운 갈대 밭에 슬피우는 두견새야
열여덟 딸기 같은 어린 내 순정
너마저 몰라주면 나는 나는 어쩌나
아 그리워서 애만 태우는 소양강 처녀
동백꽃 피고 지는 계절이 오면
돌아와 주신다고 맹세하고 떠나셨죠
이렇게 기다리다 멍든 가슴에
떠나고 안오시면 나는 나는 어쩌나
아 그리워서 애만 태우는 소양강 처녀"
님아 님아 님아,923,진해성,"사랑이 떠나가네
내사랑이 떠나가네
정만은 남겨두고
나만홀로 남겨두고
그무슨 사연 있었길래
말도못하고 가야하나
눈물 흘리며 매달려도
바람따라 떠나가네
님아 님아 님아
님아 님아 님아
바람불면 옷깃을
여미어 주던 님아
님아 님아 님아
님아 님아 님아
정녕 날두고
누구를 찾아서 떠나갔나
목놓아 불러봐도
내사랑이떠나가네
그리움 남겨두고
나만홀로 남겨두고
그무슨 사연 있었길래
말도못하고 가야하나
눈물 흘리며 매달려도
바람따라 떠나가네
님아 님아 님아
님아 님아 님아
바람불면 옷깃을
여미어 주던 님아
님아 님아 님아
님아 님아 님아
정녕 날두고
누구를 찾아서 떠나갔나
정녕 날두고
누구를 찾아서 떠나갔나"
반갑다 친구야 (With 김강),833,진해성,"반갑다 내 친구야
손 한번 잡아보자
친구야 내 친구야
우리 한번 안아보자
세월 많이 흘렀구나
낯설은 너의 얼굴
하지만 난 너무 행복해
친구야 때때때때 때로는
때때때때 술 한 잔
때때때때 하면서
바람이 때때때때 불어도
때때때때 괜찮아
우리 서로 함께 있다면
반갑다 내 친구야
손 한번 잡아보자
친구야 내 친구야
얼굴 한번 비벼보자
세월 많이 흘렀구나
주름진 너의 얼굴
하지만 난 너무 행복해
친구야 때때때때 때로는
때때때때 술 한 잔
때때때때 하면서
바람이 때때때때 불어도
때때때때 괜찮아
우리 서로 함께 있다면
친구야 때때때때 때로는
때때때때 술 한 잔
때때때때 하면서
눈비가 때때때때 내려도
때때때때 괜찮아
우리 서로 함께 있다면
우리 서로 같이 살 수 있다면
내 친구야
내 친구야"
청풍명월,129,금잔디,"남한강 구비 구비
그림 같은 청풍호
물 안개 핀 강물에는
억새가 춤을 추네
대나무 옥순봉아
거북이 구담봉아
붉게 물든 저녁노을
호수에 띄워놓고
아름다운 꽃봉오리
청풍호에 빠져있네
수륙 길 백삼십리
그림 같은 청풍호
은빛 파도 황금 물결
여기가 청풍 일세
단풍 옷 갈아입고
님 맞을 청풍 아가씨
석류 같이 빨간 사랑
가슴에 물들이고
월악산에 걸린 달빛
그대 품에 안겨주리
아름다운 꽃봉오리
청풍호에 빠져있네"
연정(戀情),663,나훈아,"이슬비가 내리네
보슬비가 소리 없이 내리네
못다한 사랑의 눈물이더냐
아쉬움이더냐
아아아아 사랑하던 사람아
내 마음을 아는가
이슬비에 젖어 봄비에 젖어
사랑을 잃은 눈물에 젖어
사나이는 사나이는
말없이 떠나간다
이슬비가 내리네
보슬비가 소리없이 내리네
떠나간 그 사람의 눈물이더냐
그리움이더냐
아아아아 떠나버린 사람아
내 마음을 아는가
이슬비에 젖어 봄비에 젖어
이별의 맺힌 한숨에 젖어
사나이는 사나이는
말없이 떠나간다"
십분내로,940,김연자,"그래요 믿어줄께요
나만 사랑한다면
딱 한가지만 약속해 줘요
내가 전화할 때
늦어도 십분내로 내게로 달려와요
꾸물대지말고 핑계대지말고
옆길로 새지도 말고
여자는 꽃이랍니다 혼자 두지 말아요
당신 가슴에 영원히 지지않는
꽃이 될래요 십분내로
그래요 믿어줄께요
나만 사랑한다면
딱 한가지만 약속해 줘요
세상 끝나도록
바람이 분다해도 눈보라 친다해도
나만 사랑한다 나만 생각한다
그렇게 약속해줘요
당신은 나만의 남자 나는 당신의 여자
언제나 멋진 당신 가슴에 안겨
꽃이 될래요 십분내로
여자는 꽃이랍니다 혼자두지 말아요
당신 가슴에 영원히 지지않는
꽃이 될래요 십분내로
꽃이 될래요 십분내로"
까르보나라,"2,075",김나희,"내가 맡겨놓은 소금도 아닌데
종일 짠지 싱거운지
왜 간만 보는지
어디 감히 줄자를 꺼내요
내 맘 긴지 짧은지
굳이 대봐야 아나요
난 누구보다 멋진 여자
사랑에 척하면 척인 여자
함부로 넘볼 생각 마요
신사답게 고급지게
까르보나라
까르보나라
까르보나라
아직도 날 몰라
까르보나라
이것봐요 그댄 포크도 아닌데
자꾸 자꾸 요리조리
찔러만 보는지
깜빡이는 켜고 들어와요
내 맘 놀래지 않게
남자답게 말이에요
어쩌다가 그댈 만나서
당당한 모습 온데간데 없고
아껴뒀던 내 맘을 뺏어간 그대
자나깨나 그대만 보여
까르보나라
까르보나라
까르보나라
아직도 날 몰라
까르보나라
나를 다 가진듯 행동하지 마요
자꾸 그럴거라면 떠나주세요
간만보다 이리저리 재다
상처 줄거라면 내 몸에 손대지마
어쩌다가 그댈 만나서
당당한 모습 온데간데 없고
아껴뒀던 내 맘을 뺏어간 그대
자나깨나 그대만 보여
까르보나라
까르보나라
까르보나라
아직도 날 몰라
까르보나라
까르보나라
까르보나라
아직도 날 몰라
까르보나라"
천년 바위,"1,636",정미애,"동녘 저편에
먼동이 트면
철새처럼 떠나리라
세상 어딘가 마음 줄 곳을
집시 되어 찾으리라
생은 무엇인가요
삶은 무엇인가요
부질없는 욕심으로
살아야만 하나
서산 저 너머
해가 기울면
접으리라 날개를
내가 숨 쉬고 내가 있는 곳
기쁨으로 밝히리라
생은 무엇인가요
삶은 무엇인가요
부질없는 욕심으로
살아야만 하나
이제는 아무것도 그리워 말자
생각을 하지 말자
세월이 오가는 길목에 서서
천년 바위 되리라
천년 바위 되리라"
버스 한대,"13,247",임영웅,"버스 한 대 사가지고
버스 한 대 사가지고 전국팔도를
좋은 사람 불러 모아 돌아다녀보자
꽃놀이 단풍놀이 띵까리 띵까띵까
세월이야 가든 말든
너와 나는 버스 안에 있다
문을 닫아라
저 세월이 못 들어오게
길을 비켜라 버스가 간다
나의 애마 버스가 간다
이 세상이 너무 좁구나
하루가 너무 짧구나
띵까띵까 달려라 나의 버스야
저 세월이 못 쫓아오게
버스 한 대 사가지고 전국팔도를
좋은 사람 불러 모아 돌아다녀보자
꽃놀이 단풍놀이 띵까리 띵까띵까
세월이야 가든 말든
너와 나는 버스 안에 있다
문을 닫아라
저 세월이 못 들어오게
길을 비켜라 버스가 간다
나의 애마 버스가 간다
이 세상이 너무 좁구나
하루가 너무 짧구나
띵까띵까 달려라 나의 버스야
저 세월이 못 쫓아오게
저 세월이 못 쫓아오게"
내게 오세요,180,김의영,"날 위해 떠난다는 그런 말은
모두 모두 다 거짓말이야
싫어서 가면서도 말로는
사랑해서 간다고 하지

예전엔 그 사람도 사랑이라며
눈만 뜨면 말해놓고선
말도 안 되는 그런 이유로
이별을 하던데요

당신을 믿어 볼게요
잽싸게 내게 오세요

날 위해 떠난다는 그런 말은
모두 모두 다 거짓말이야
싫어서 가면서도 말로는
사랑해서 간다고 하지

예전에 그 사람도 사랑이라며
눈만 뜨면 말해놓고선
말도 안 되는 그런 이유로
이별을 하던데요

당신을 믿어 볼게요
잽싸게 내게 오세요

당신을 믿어 볼게요
잽싸게 내게 오세요"
차표 한 장,262,박민수,"차표 한 장 손에 들고 떠나야 하네
예정된 시간표대로 떠나야 하네
너는 상행선 나는 하행선
열차에 몸을 실었다
사랑했지만 갈 길이 달랐다
이별의 시간표대로 떠나야 했다
달리는 차창에 비가 내리네
그리움이 가슴을 적시네
너는 상행선 나는 하행선
추억이 나를 울리네
차표 한 장 손에 들고 떠나야 하네
예정된 시간표대로 떠나야 하네
너는 상행선 나는 하행선
열차에 몸을 실었다
사랑했지만 갈 길이 달랐다
이별의 시간표대로 떠나야 했다
달리는 차창에 비가 내리네
그리움이 가슴을 때리네
너는 상행선 나는 하행선
추억이 나를 울리네
사랑했지만 갈 길이 달랐다
이별의 시간표대로 떠나야 했다
달리는 차창에 비가 내리네
그리움이 가슴을 때리네
너는 상행선 나는 하행선
추억이 나를 울리네"
앉으나 서나 당신 생각,208,공훈,"앉으나 서나 당신 생각
앉으나 서나 당신 생각
떠오르는 당신 모습
피할 길이 없어라
가지 말라고 애원했건만
못 본 채 떠나버린 너
소리쳐 불러도
아무 소용이 없어라
앉으나 서나 당신 생각
앉으나 서나 당신 생각
떠오르는 당신 모습
피할 길 없는 내 마음
가지 말라고 애원했건만
못 본 채 떠나버린 너
소리쳐 불러도
아무 소용이 없어라
앉으나 서나 당신 생각
앉으나 서나 당신 생각
떠오르는 당신 모습
피할 길 없는 내 마음
피할 길 없는 내 마음
피할 길 없는 내 마음"
님의 등불,133,황민우,"동쪽에서 부는 바람
님의 옷깃 스칠라
서쪽에서 부는 바람
님의 살갗 스칠라
하나밖에 없는 내 님이여
누가 볼까 두렵소
장독 뒤에 숨길까
이내 등 뒤에 숨길까
새 찬 비바람 불어도
거센 눈보라가 닥쳐도
나는 영원한 당신의 등불이 되리라
세월 따라 변하는 게
님의 얼굴이더냐
강물처럼 흘러가는
가는 세월 야속하오
내 영혼을 심어 사랑한 님
누가 볼까 두렵소
장독 뒤에 숨길까
이내 등 뒤에 숨길까
새 찬 비바람 불어도
(새 찬 비바람 불어도)
거센 눈보라가 닥쳐도
(거센 눈보라가 닥쳐도)
나는 영원한 당신의 등불이 되리라
장독 뒤에 숨길까
이내 등 뒤에 숨길까
새 찬 비바람 불어도
거센 눈보라가 닥쳐도
나는 영원한 당신의 등불이 되리라
나는 영원한 당신의 등불이 되리라"
잘 살아봅시다,77,박상철,"당신을 만나고 사랑을 알고
나는 행복도 알았네
오래오래 같이 살아요
운명처럼 사랑한 당신
나는 당신 사랑하고
당신은 날 의지하고
아껴주고 보듬어주며
우리 함께 같이 살아요
천년만년 같이 살아요
우리 함께 잘 살아봅시다
당신을 만나고 사랑을 알고
나는 행복도 알았네
오래오래 같이 살아요
운명처럼 사랑한 당신
나는 당신 사랑하고
당신은 날 의지하고
아껴주고 보듬어주며
우리 함께 같이 살아요
천년만년 같이 살아요
우리 함께 잘 살아봅시다
나는 당신 사랑하고
당신은 날 의지하고
아껴주고 보듬어주며
우리 함께 같이 살아요
천년만년 같이 살아요
우리 함께 잘 살아봅시다"
목마와 숙녀,208,박인희,"한 잔의 술을 마시고
우리는 버지니아 울프의 생애와
목마를 타고 떠난
숙녀의 옷자락을 이야기 한다
목마는 주인을 버리고
그저 방울소리만 울리며
가을 속으로 떠났다
술병에서 별이 떨어진다
상심한 별은 내 가슴에
가볍게 부숴진다
그러한 잠시 내가 알던 소녀는
정원의 초목 옆에서 자라고
문학이 죽고 인생이 죽고
사랑의 진리마저
애증의 그림자를 버릴 때
목마를 탄 사랑의 사람은
보이지 않는다
세월은 가고 오는 것
한때는 고립을 피하여 시들어가고
이제 우리는 작별하여야 한다
술병이 바람에 쓰러지는
소리를 들으며 늙은 여류작가의
눈을 바라다보아야 한다
등대 불이 보이지 않아도
그저 간직한 페시미즘의
미래를 위하여
우리는 처량한 목마 소리를
기억하여야 한다
모든것이 떠나든 죽든
그저 가슴에 남은
희미한 의식을 붙잡고
우리는 버지니아 울프의
서러운 이야기를 들어야 한다
두개의 바위 틈을 지나
청춘을 찾는 뱀과 같이
눈을 뜨고 한 잔의 술을 마셔야 한다
인생은 외롭지도 않고
그저 낡은 잡지의 표지처럼
통속하거늘 한탄할
그 무엇이 무서워서
우리는 떠나는 것일까
목마는 하늘에 있고
방울 소리는 귓전에 철렁거리는데
가을 바람소리는
내 쓰러진 술병 속에서
목메어 우는데"
돌아와요 부산항에,"4,992",정동원,"꽃피는 동백섬에
봄이 왔건만
형제 떠난 부산항에
갈매기만 슬피 우네
오륙도 돌아가는
연락선 마다
목메어 불러봐도
대답 없는 내 형제여
돌아와요 부산항에
그리운 내 형제여
가고파 목이 메어
부르던 이거리는
그리워서 헤매이던
긴긴날의 꿈이었지
언제나 말이 없는
저 물결들도
부딪쳐 슬퍼하며
가는 길을 막았었지
돌아왔다 부산항에
그리운 내 형제여"
잊혀진 여인,76,김태정,"푸르던 잎 가지 끝에
어느덧 계절은 깊어
오래 전에 떠난 사람
불현듯 생각이 나오
얼룩진 일기장에 맹세는 새로워도
우리들의 옛사랑은
덧없는 꿈이 되였소
마른 잎에 바람소리
우수수 계절은 깊어
빈 하늘에 노을 빛은
내 가슴 타는 그리움
아니올 줄 알면서도
맹세를 믿는 마음
어리석은 기다림에
내 청춘 흘러만 가오"
돌아가는 삼각지,172,신성,"삼각지 로타리에 궂은비는 오는데
잃어버린 그 사랑을 아쉬워하며
비에 젖어 한숨 짖는 외로운 사나이가
서글피 찾아왔다 울고가는 삼각지

삼각지 로타리를 헤매 도는 이 발길
떠나버린 그 사랑을 그리워하며
눈물 젖어 불러보는 외로운 사나이가
남 몰래 찾아왔다 돌아가는 삼각지"
님이여,184,조용필,"당신 생각에 잠못 이룰때

그리운 이마음은 길을 떠난다
어디선가 들려오는 노래가 있어
이마음은 길을 떠난다
저하늘 아득한곳에
작은별 하나가
나를 나를 부르네
어디선가 들려오는 노래가 있어
이마음은 길을 떠난다

님이여 님이여
다시 만날 그날위해
기다린 그리운 이마음
어디선가 들려오는 노래가 있어
이마음은 길을 떠난다

이마음은 먼길을 떠난다"
여자의 일생,88,이미자,"참을 수가 없도록
이 가슴이 아파도
여자이기 때문에
말 한마디 못하고
헤아릴 수 없는 설움 혼자 지닌 채
고달픈 인생길을 허덕이면서
아아 참아야 한다기에
눈물로 보냅니다
여자의 일생

견딜 수가 없도록
외로워도 슬퍼도
여자이기 때문에
참아야만 한다고
내 스스로 내 마음을 달래어 가며
비탈진 인생길을 허덕이면서
아아 참아야 한다기에
눈물로 보냅니다
여자의 일생"
인생유정,112,주현미,"저 강물 흘러흘러 어디로 가나
정처없이 굽이굽이 휘몰아 가네
세월따라 가다 보면 다시 못 올 길
어이도 미련만은 그리 많아서
사랑도 미움도 저 강물에 실어
나도야 따라가네 흘러흘러 가려하네

한 자락 사랑을 담고 굽이쳐 가도
한서린 설움담아 휘몰아 가네
세월따라 가다 보면 다시 못 올 길
어이도 미련만은 그리 많아서
사랑도 미움도 저 강물에 비워
나도야 따라가네 흘러흘러 가려네"
고로해서,287,현진우,"가슴을 툭 터놓고 어디 한번 말해봐요
나에게 뭐를 원하는지
때로는 부딪치며 눈물도 흘리지만
사랑이란 그런거 아닌가요
그 누가 말했던가 산다는 것이
끝없는 방황이라고
그래서 인생은 연극이요
그래서 사랑은 예술이요
고로해서 사는 거야

가슴을 툭 터놓고 어디 한번 말해봐요
나에게 뭐를 원하는지
때로는 부딪치며 눈물도 흘리지만
사랑이란 그런거 아닌가요
그 누가 말했던가 산다는 것이
끝없는 방황이라고
그래서 인생은 연극이요
그래서 사랑은 예술이요
고로해서 사는 거야
그 누가 말했던가 산다는 것이
끝없는 방황이라고
그래서 인생은 연극이요
그래서 사랑은 예술이요
고로해서 사는 거야"
내 마음 당신 곁으로,315,김정수,"당신의 빛나던 눈동자위에
흐르는 한줄기 눈물때문에
이마음 차가운 바람불어와
떨어진 낙엽이 되었네
잊으려 잊으려 애를 써봐도
당신의 따듯한 미소때문에
이마음 영원히 함께 타오를
사랑의 촛불이 되었네
바람불어와 내 몸이 날려도
당신때문에 외로운 내마음
모든것이다 지나가 버려도
내마음은 당신 곁으로

당신을 너무나 사랑했기에
수 많은 미련이 나를 잡지만
이제는 영원히 잡을수없는
지나간 추억이 되었네
바람불어와 내 몸이 날려도
당신때문에 외로운 내마음
모든것이다 지나가 버려도
내마음은 당신 곁으로
바람불어와 내 몸이 날려도
당신때문에 외로운 내마음
모든것이다 지나가 버려도
내마음은 당신 곁으로
바람불어와 내 몸이 날려도
당신때문에 외로운 내마음
모든것이다 지나가 버려도
내마음은 당신 곁으로"
성은 김이요,327,문희옥,"성은 김이요 이름은 디에스
알파벳 약자로 디에스지요
지금쯤 그누구를 사랑하는 사람이
되어 있을까봐
차마 그이름을 밝힐수가 없어요
내 영혼까지 사랑하고 간 사람
내 전부를 사랑하고 간 사람
잊을수가 없어요 잊을수가 없어요
찾을수도 없었어요
그러나 꼭 한번은 만나야 할 사람
성은 김 이름은 디에스
성은 김이요 이름은 디에스
알파벳 약자로 디에스지요
지금쯤 그사람을 사랑하는 사람이
곁에 있을까봐
차마 그이름을 밝힐수가 없어요
내 모든것을 사랑하고 간 사람
내 전부를 사랑하고 간 사람
잊을수가 없어요 잊을수가 없어요
지울수도 없었어요
그러나 꼭 한번은 만나야 할 사람
성은 김 이름은 디에스"
지지지,273,이지민,"깔끔하게 지워 버렸지
네가 남긴 모든 메시지
휴지통으로 다 던져 버렸지
사랑했던 기억까지
한 동안은 일만 했었지
바쁜 하루하루였었지
속일 순 없지 서랍 속의 반지
거기 새겨진 네 이니셜 G
왜 이렇게 까닭 없이 슬픈지
왠지 하루 종일
모든 일들이 NG 였지
거리는 한없이 길지
발길은 무거워 졌지
지독한 감기에 콜록이지
생각하지 말아야지 다짐만 하지
어느 샌가 너의 집앞에 다가섰지
뒤돌아서면서 울지
억지로 웃기도 했지
이니셜 G 때문이지
깔끔하게 지워 버렸지
네가 남긴 모든 메시지
휴지통으로 다 던져 버렸지
사랑했던 기억까지
한 동안은 일만 했었지
바쁜 하루하루였었지
속일 순 없지 서랍 속의 반지
거기 새겨진 네 이니셜 G
왜 이렇게 까닭 없이 슬픈지
왠지 하루 종일
모든 일들이 NG 였지
거리는 한없이 길지
발길은 무거워졌지
지독한 감기에 콜록이지
생각하지 말아야지 다짐만 하지
어느 샌가 너의 집앞에 다가섰지
뒤돌아서면서 울지
억지로 웃기도 했지
이니셜 G 때문이지
왜 이렇게 까닭 없이 슬픈지
왠지 하루 종일
모든 일들이 NG 였지
거리는 한없이 길지
발길은 무거워졌지
이니셜 G 때문이지
이니셜 G 때문이지"
우연히 정 들었네,253,박우철,"낯설은 타향에서
의지할 곳 없던 몸이
우연히 너를 만나 정이 들었다
가진 건 없다만은
마음 하나 믿고 살자
다짐한 너와 나
이 세상 다하도록 변치 말자
우연히 정든 사람아
낯설은 타향이라
그 누가 말했던가
정든 사람 만나 살면
내 고향 되는 것을
가진 건 없다만은
마음 하나 서로 믿고
맺은 너와 나
이 세상 다하도록 변치 말자
우연히 정든 사람아"
당신만,201,우연이,"당신만 당신만
아아아 당신만이
나의 맘이 맘이 맘이
흔들흔들흔들
사랑하고 있어요
그대 나만의 사랑
난 몰라 몰라 몰라
아무것도 몰라
나를 안아주세요
그대 내 사랑아
당신만 보면 당신만 보면
울다가 웃다가 아이가 되고
당신 못보면 전화 안되면
걱정에 슬픔에 잠못들어요
어쩌면 내 생에 운명일지 모르는
그 사람 다시는 놓치지 않아요
아무도 모르게 나만 사랑할래요
이 세상 다하도록 당신만 사랑해요
나의 맘이맘이맘이 흔들흔들흔들
사랑하고있어요 그대나만의사랑
난 몰라몰라몰라 아무것도몰라
나를 안아주세요 그대 내 사랑아
당신만 당신만
아아아 당신만이
어쩌면 내 생에 운명일지 모르는
이 사랑 다시는 놓치지 않아요
아무도 모르게 나만 사랑할래요
이 세상 다하도록 당신만 사랑해요
나의 맘이맘이맘이 흔들흔들흔들
사랑하고 있어요 그대 나만의 사랑
난 몰라몰라몰라 아무것도 몰라
나를 안아주세요
그대 내가 맘이맘이맘이
아주많이많이많이 사랑하고있어요
그대 나만의사랑 난 좋아좋아좋아
당신너무나좋아 나를 안아주세요
그대 사랑해요"
우에노 벚꽃과 해운대 동백꽃,793,진해성,"우에노 공원은 순백색 꽃향기로
정신이 아득한데
해운대 동백꽃은 초록색 언덕 위에
여전히 붉게 피나요
동백꽃 붉은 향기 새파란 파도타고
이곳까지 밀려오는데
사랑하는 내 님은 왜 안 오시나
그리워 그리워서
사무치게 그리워서
우에노공원 벚꽃 나무옆에서
당신 향기 맡아봅니다
해운대 동백섬 새하얀 갈매기는
바다를 날고있는데
눈부신 우에노 공원 그 푸른
하늘 위엔 비둘기 날고 있나요
짙은 벚꽃 향기 싱그런 바람 타고
내 마음을 뒤 흔드는데
사랑하는 내 님은 왜 안오시나
보고파 보고파서 미치도록
보고파서
동백꽃 붉게 피는 바닷가에서
당신 향기 맡아봅니다
당신 향기 맡아봅니다"
사무치는 그리움,283,채희,"세월이 흘러가듯 가슴속에 그리움
얼마나 세월이 가야
이내 맘을 그댄 알까요
얼마나 애를 태워야
운명처럼 다가 설까요
행여나 스치는 바람
내 마음 전해 주려나
그리움만큼 나를 울리고 추억속에
울고 웃던 생각이 나네
사랑보다 더 아픈게
그리움이라 햇던가
그동안 흘러간 시간을 모아
널 다시 만들고 싶어
그리움만큼 나를 울리고 추억속에
웃고 울던 생각이 나네
사랑보다 더 아픈 게
그리움이라 햇던가
그동안 흘러간 시간을 모아
널 다시 만들고 싶어
사랑보다 더 아픈 게
그리움이라 햇던가
그동안 흘러간 시간을 모아
널 다시 만들고 싶어
널 다시 만들고 싶어"
최고최고,446,춘향이,"최고야 최고 니가최고
나에게는 언제나 니가최고
최고야 최고 니가 최고
그댄 내게 최고 최고
최고 최고 최고 최고
걱정마요 다잘되요
당신은 최고 최고
지금 돈 없다고 기죽지마요
당장 힘들어도 포기 마세요
언제나 툭툭 털고 일어날 사람
비바람아 불어 싱글벙글해
눈보라야 불어 싱글벙글해
당신은 최고 멋쟁이
최고야 최고 니가 최고
나에게는 언제나 니가 최고
최고야 최고 니가 최고
그댄 내게 최고 최고
최고 최고 최고 최고
걱정마요 다잘되요
당신은 최고 최고
혼자 고민하지 마세요
내일 걱정 내일하세요
당신은 다시한번 일어날사람
세상이 무너져도 싱글벙글해
태풍이 몰아쳐도 싱글벙글해
당신은 최고 멋쟁이
최고야 최고 니가최고
나에게는 언제나 니가최고
최고야 최고 니가 최고
그댄 내게 최고 최고
최고 최고 최고 최고
걱정마요 다잘되요
당신은 최고 최고
최고 최고 최고 최고
걱정마요 다잘되요
당신은 최고 최고
울지마요 괜찮아요
당신은 최고 최고"
돌아가는 삼각지,"2,266",박서진,"삼각지 로타리에 궂은비는 오는데
잃어버린 그 사랑을 아쉬워 하며
비에 젖어 한숨 짖는 외로운 사나이가
서글피 찾아왔다 울고가는 삼각지
삼각지 로타리를 헤매 도는 이 발길
떠나버린 그 사랑을 그리워 하며
눈물 젖어 불러보는 외로운 사나이가
남 몰래 찾아왔다 돌아가는 삼각지"
환희,"16,623",임영웅,"어느 날 그대 내곁으로 다가와
이 마음 설레이게 했어요 어느날
사랑은 우리 두 가슴에 머물러
끝없이 속삭이고 있어요
그대 손을 잡고
걸어가고 있는 이 순간
세상 모든것이 아름답게 보여요
이젠 나의 기쁨이 되어주오
이젠 나의 슬픔이 되어주오
우리 서로 아픔을 같이하면
다시 태어날 수 있는 것
이젠 나의 기쁨이 되어주오
이젠 그대 슬픔을 말해주오
우리 서로 아픔을 같이 할때
행복할 수 있어요
어느 날 그대 눈동자를 보면서
미래를 꿈꾸기도 했어요 어느 날
사랑은 우리들의 삶을 위하여
가슴에 타오르고 있어요
그대 손을 잡고
걸어가고 있는 이 순간
세상 모든 것이 아름답게 보여요
이젠 나의 기쁨이 되어주오
이젠 나의 슬픔이 되어주오
우리 서로 아픔을 같이하면
다시 태어날 수 있는것
이젠 그대 기쁨을 말해주오
이젠 그대 슬픔을 말해주오
우리 서로 아픔을 같이할 때
행복할 수 있어요
이젠 나의 기쁨이 되어주오
이젠 나의 슬픔이 되어주오
우리 서로 아픔을 같이하면
다시 태어날 수 있는것
이젠 그대 기쁨을 말해주오
이젠 그대 슬픔을 말해주오
우리 서로 아픔을 같이할 때
행복할 수 있어요
이젠 그대 기쁨을 말해주오
이젠 그대 슬픔을 말해주오
우리 서로 아픔을 같이할 때
행복할 수 있어요"
인연의 끈,52,황진영,"사랑보다 더 무서운게
정인줄 알면서도
세월이 약이라고
말하던 그 사람
눈물은 왜 흘려
운명이 같았다면
추억도 같을텐데
그리움이 쌓이면서
타인으로 점점 멀어져
어찌 내가 더 아픈걸까
우는 건 당신인데
함께했던 시간들이
가슴에 남아
인연의 끈 놓지 못하네

사랑보다 더 무서운게
정인줄 알면서도
세월이 약이라고
말하던 그 사람
눈물은 왜 흘려
운명이 같았다면
추억도 같을텐데
그리움이 쌓이면서
타인으로 점점 멀어져
어찌 내가 더 아픈걸까
우는 건 당신인데
함께했던 시간들이
가슴에 남아
인연의 끈 놓지 못하네
인연의 끈 놓지 못하네"
어매,431,김중연,"어매 어매 우리 어매
뭣 할라고 날 낳았던가
낳을라거든 잘 낳거나
못 낳을라면 못 낳거나
살자하니 고생이요
죽자하니 청춘이라
요놈 신세 말이 아니네
어매 어매 우리 어매
뭣 할라고 날 낳았던가
님아 님아 우리 님아
속알머리 없는 님아
겉이 타야 님이 알제
속만 타면 누가 아나
어떤 놈은 팔자 좋아
장가 한 번 잘도 가는데
몹쓸 놈의 요 내 팔자
어매 어매 우리 어매
뭣 할라고 날 낳았던가
어매 어매 어매 어매
우리 어매
뭣 할라고 날 낳았던가
뭣 할라고 날 낳았던가"
자기야,590,안성훈,"자기야 사랑인걸 정말 몰랐니
자기야 행복인걸 이젠 알겠니
자기를 만나서 사랑을 알았고
사랑을 하면서 철이 들었죠
나만의 사랑을 나만의 행복을
말로는 설명 할 수가 없잖아요
어쩜 좋아 (어쩜 좋아) 자기가 좋아
멋진 그대 (멋진 그대) 자기가 좋아
자기야 사랑인걸 정말 몰랐니
자기야 행복인걸 이젠 알겠니
자기야 사랑인걸 정말 몰랐니
자기야 행복인걸 이젠 알겠니
자기를 만나서 사랑을 알았고
사랑을 하면서 철이 들었죠
나만의 사랑을 나만의 행복을
말로는 설명 할 수가 없잖아요
어쩜 좋아 (어쩜 좋아) 자기가 좋아
멋진 그대 (멋진 그대) 자기가 좋아
자기야 사랑인걸 정말 몰랐니
자기야 행복인걸 이젠 알겠니
자기야 사랑인걸 정말 몰랐니
자기야 행복인걸 이젠 알겠니"
부모,"1,978",손태진,"낙엽이 우수수 떨어질 때
겨울의 기나긴 밤
어머님하고 둘이 앉아

옛이야기 들어라
나는 어쩌면 생겨 나와
이 이야기 듣는가

묻지도 말아라 내일 날에
내가 부모 되어서 알아보리라

낙엽이 우수수 떨어질 때
겨울의 기나긴 밤
어머님하고 둘이 앉아

옛이야기 들어라
나는 어쩌면 생겨 나와
이 이야기 듣는가

묻지도 말아라 내일 날에
내가 부모 되어서 알아보리라

루루루~

옛이야기 들어라 (옛이야기를 들어라)

나는 어쩌면
생겨 나와
이 이야기 듣는가

묻지도 말아라 내일 날에
내가 부모 되어서

알아보리라
알아보리라"
꼬마인형,433,안성훈,"그날 밤 황홀한 시간을
난 잊을 수가 없어요
세상에 태어나서 맨 처음
당신을 알고 말았죠
말없이 흐르던 눈물을
난 감출 수가 없었네
창문에 부딪치는 빗방울을
하나 둘 세고 있었죠
늦어도 그날까지
약속만을 남겨둔 채로
밤이 지나고 새벽 먼 길을
떠나갈 사람이여
부서지는 모래성을 쌓으며 또 쌓으며
꼬마 인형을 가슴에 안고
나는 기다릴래요

늦어도 그날까지
약속만을 남겨둔 채로
밤이 지나고 새벽 먼 길을
떠나갈 사람이여
부서지는 모래성을 쌓으며 또 쌓으며
꼬마 인형을 가슴에 안고
나는 기다릴래요
꼬마 인형을 가슴에 안고
나는 기다릴래요"
애인,120,태진아,"사랑해선 안되나요
정이 들면 안되나요
주고 싶은 사랑도
받고 싶은 그 정도
우리들은 안되나요
이미 엎질러진 물인걸
이미 깨진 유리잔인걸
이제와서 어떡해요
이미 사랑해 버린걸
알아요 나도 알아요
맺지 못한다는걸
조금만 시간을 줘요
내가 돌아설 수 있게

이미 엎질러진 물인걸
이미 깨진 유리잔인걸
이제와서 어떡해요
이미 사랑해 버린걸
알아요 나도 알아요
맺지 못한다는걸
조금만 시간을 줘요
내가 돌아설 수 있게
조금만 시간을 줘요
내가 돌아설 수 있게"
고장난 벽시계,738,현철,"세월아 너는 어찌
돌아도 보지 않느냐
나를 속인 사람보다
네가 더욱 야속하더라
한 두 번 사랑 땜에
울고 났더니
저만큼 가버린 세월
고장난 벽시계는
멈추었는데
저 세월은
고장도 없네
청춘아 너는
어찌 모른척
하고 있느냐
나를 버린 사람보다
네가 더욱 무정하더라
뜬구름 쫓아가다
돌아봤더니 어느새
흘러간 청춘
고장난 벽시계는
멈추었는데
저 세월은 고장도 없네
고장난 벽시계는
멈추었는데
저 세월은 고장도 없네"
수평선 너머,51,박혜신,"수평선 너머로 떠오르는 그 얼굴
행복했던 지난날 미소짓던 그 모습
나홀로 외로이 걷고있는 이 해변
잊지못할 추억들 파도따라 밀려와
갈매기떼 우릴 반기어
노래불러주던 이 해변
우린 멀리 수평선위에
오색꿈을 곱게 그렸었지
파도는 끝없이 나를 찾아 오는데
떠나버린 내 사랑 그 언제쯤 오려나
갈매기떼 우릴 반기어
노래불러주던 이 해변
우린 멀리 수평선위에
오색꿈을 곱게 그렸었지
파도는 끝없이 나를 찾아 오는데
떠나버린 내 사랑 그 언제쯤 오려나
떠나버린 내 사랑 그 언제쯤 오려나
그 언제쯤 오려나"
삼백원,582,뚜띠,"죽도록 당신만을 사랑합니다
돈이 없어도 (좋아) 집이 없어도 (좋아)
당신의 빈 지갑에 동전 뿐이면
삼백원 커피라도 맛있습니다

향기가 없는 꽃처럼 반주가 빠진 노래처럼
당신이 없으면 아무의미도 없어요
내곁에 있어줘요

사랑은 흘러흘러 내 가슴에 강물처럼
쿵짜라라 내 인생의 애창곡처럼
팔랑팔랑 불어오는 바람처럼
가만히 다가와 주세요

난 정말 당신만을 좋아합니다
누가 뭐라해도 좋아 바보라해도 좋아
이 세상 절반이 다 남자라해도
언제나 언제나 당신이 좋아

향기가 없는 꽃처럼
반주가 빠진 노래처럼
당신이 없으면 아무 의미도 없어요
내곁에 있어줘요

사랑은 흘러흘러 내가슴에 강물처럼
쿵짜라라 내인생의 애창곡처럼
팔랑팔랑 불어오는 바람처럼
가만히 다가와 주세요

랄랄랄랄라라라 -
쿵짜라라 내인생의 애창곡처럼
랄랄랄랄라라라 -
가만히 다가와 주세요

가만히 다가와 주세요 -"
내일은 해가 뜬다,141,장철웅,"내 과거를 말하지마라
바람처럼 살았다
언젠가는 너도 나처럼
괴로울 때가 있을거다
산다는 것이 무엇이더냐
그 누구도 말하지 않던
내 인생의 괴로움을
술잔속에 버렸다
내일은 해가 뜬다
내 청춘을 말하지마라
한순간에 가버렸다
언젠가는 너도 나처럼
허무할 때가 있을거다
지난 세월에 원망을 말자
돌아서서 후회도 말자
내 인생의 서러움을
술잔속에 버렸다
내일은 해가 뜬다

내 미래를 말하지마라
웃으면서 살거다
언젠가는 맘 먹은대로
달려갈 때가 있을거다
산다는 것이 그런거라고
울다가도 웃는거라고
돌고 돌고 도는 인생
비바람이 불어와도
내일은 해가 뜬다
내일은 해가 뜬다"
슬픔만 주고,292,김범룡,"그대의 작은 입술이
자꾸 떨리우네
그대의 두눈동자엔
이슬 맺혀있네
그대 이제 간다하네
나를 남겨두고
저 멀리 떠난다하네
나는 울고 있네
저멀리 돌아선
당신 뒷모습이
아득히 사라져갈때
나는 울고 있었네
그대 내게 내게
슬픔만 주고 가나요
그대 내게 상처만
주고 가나요 쭈빠
나도 이제 가야 하네
그댈 떠나보내고
이제는 잊어야 하네
그대 그 모습

저 멀리 돌아선 당신 뒷모습이
아득히 사라져 갈때
나는 울고 있었네
그대 내게 내게
슬픔만 주고 가나요
그대 내게 상처만 주고 가나요
쭈빠
나도 이제 가야하네
그댈 떠나보내고
이제는 잊어야 하네
그대 그모습
그대 그모습 그대 그모습"
갈색 추억,195,최진희,"희미한 갈색등불 아래

싸늘히 식어가는 커피잔

사람들은 모두다 떠나고

나만 홀로남은 찻집

아무런 약속도 없는데

그 사람 올리도 없는데

나도 몰래 또 다시 찾아온

지난날의 추억속에 찻집



우리는 나란히 커피를 마시며

뜨거운 가슴 나누었는데

음악에 취해서 사랑에 취해서

끝없이 행복했는데



어느날 갑자기 그대는 떠나고

갈색 등 불빛만 남아

외로운 찻잔에 싸늘한 찻잔에

희미한 갈색추억



우리는 나란히 커피를 마시며

뜨거운 가슴 나누었는데

음악에 취해서 사랑에 취해서

끝없이 행복했는데



어느날 갑자기 그대는 떠나고

갈색 등 불빛만 남아

외로운 찻잔에 싸늘한 찻잔에

희미한 갈색추억



희미한 갈색추억"
사람이 좋다,537,이창휘,"(나도 그런 사람이 사람이 좋다)
사람이 좋다 사람이 좋다
좋은 사람과 차한잔 하고 싶다
사람이 좋다 사람이 좋다
좋은 사람과 술한잔 하고 싶다
아무것도 아무말도 필요 없어
눈빛만으로도 충분해
바라보는 것 만으로도 그저 좋은 사람
함께 있는 것 만으로도 행복한 사람
나는 그런 사람이 사람이 좋다

나도 그런 사람이 사람이 좋다
아무것도 아무말도 필요 없어
눈빛만으로도 충분해
바라보는 것만으로도 그저 좋은 사람
함께있는 것 만으로도 행복한 사람
나는 그런 사람이 사람이 좋다
나도 그런 사람이 사람이 좋다
나도 그런 사람이 사람이 좋다"
별난사람,226,최유나,"오다 가다 마주칠 때
뭐 그리 바쁜지
눈길 한번 주지 않더니
누가 말해 주지도 않은
내 생일 알고서
꽃다발을 보내준 사람
난 몰라요 몰라
그런 당신 마음
오락가락 알쏭달쏭해
사랑하면 사랑한다고
안아보고 싶다고
쉽게 말해주면 될 것을
오늘도 지나쳐 가시렵니까
내 마음 변하면 어쩌시려고
당신 정말 별난 사람
이리저리 스쳐갈 때
무표정한 얼굴
인사 한번 하지 않더니
내가 먼저 묻지도 않은
전화번호를 은근슬쩍
주고 간 사람
난 몰라요 몰라
그런 당신 마음
오락가락 알쏭달쏭해
사랑하면 사랑한다고
안아보고 싶다고
쉽게 말해주면 될 것을
오늘도 지나쳐 가시렵니까
내 마음 변하면 어쩌시려고
당신 정말 별난 사람"
사랑해 누나,"2,921",장민호,"사랑해 누나 한 번만 안아줘요
아차차차 실수했네
깜빡했었네
와따따따 따따
누난 내게 한 마디 하겠지
알다가도 모르는 게
여자라지 예쁘면 다 그래
변덕스런 누나의 마음
모르겠어 백 번을 잘해주고
한 번을 못 해줬다고 진짜 진짜
굿바이더냐 누나 누나
사랑해 누나 한 번만 안아줘요
누나를 떠나라는 말 빼곤
다 해줄게요 나만 믿어요
약속할게요 누나의
영원한 기사 될게요
사랑해 누나
한 번만 안아줘요
아차차차 실수했네
깜빡했었네
와따따따 따따
누난 내게 한 마디 하겠지
알다가도 모르는 게 여자라지
예쁘면 다 그래
변덕스런 누나의 마음
모르겠어 백 번을 잘해주고
한 번을 못 해줬다고 진짜 진짜
굿바이더냐 누나 누나
사랑해 누나 한 번만 안아줘요
누나를 떠나라는 말 빼곤
다 해줄게요 나만 믿어요
잘해줄게요 누나의
영원한 기사 될게요
사랑해 누나 한 번만
안아줘요 사랑해 누나
한 번 더 안아줘요
누나 누나"
안동역에서,"1,038",진해성,"바람에 날려버린
허무한 맹세였나
첫 눈이 내리는 날 안동역 앞에서
만나자고 약속한 사람
새벽부터 오는 눈이
무릎까지 덮는데
안 오는 건지 못 오는 건지
오지 않는 사람아
안타까운 내 마음만 녹고 녹는다
기적소리 끊어진 밤에
어차피 지워야 할
사랑은 꿈이였나
첫 눈이 내리는 날 안동역 앞에서
만나자고 약속한 사람
새벽부터 오는 눈이
무릎까지 덮는데
안 오는 건지 못 오는 건지
대답 없는 사람아
기다리는 내 마음만 녹고 녹는다
밤이 깊은 안동역에서
기다리는 내 마음만 녹고 녹는다
밤이 깊은 안동역에서"
사랑의 불꽃,814,진해성,"첫 눈에 빠지게 하고
그렇게 딴청만 피우나요
이 가슴에 뜨겁게 타는
이 사랑은 어찌하라고
줄 듯이 줄 듯이
마음 줄 듯이
그래놓고 이러긴가요
사랑의 불꽃을
재워줄 한 사람
오직 하나 그대 뿐 인걸
사랑 사랑이 이런 건가요
애가 타고 속이 끓나요
첫 눈에 빠졌으면서
그렇게 아닌 척 하나요
그 가슴에 뜨겁게 타는
그 사랑은 어찌하려고
줄 듯이 줄 듯이
마음 줄 듯이
그래놓고 이러긴가요
사랑의 불꽃을
재워줄 한 사람
오직 하나 그대뿐인걸
사랑 사랑이 이런 건가요
애가 타고 속이 끓나요
애가 타고 속이 끓나요"
인생 뭐 있나,432,이병철,"인생 뭐 있나 있어
즐겁게 사는거야
인생 뭐 있나 있어
신나게 사는거야
골치아픈 사연 전쟁같은 인생
모두 다 던져버려 나를 위해 쓰고
멋부리고 살면 최고인거지
인생 뭐 있나 있어
말로만 하지말고
지금부터 쨍하고 뜨는거야
하루하루 나를 위해 살다보면
어둠은 사라지고 살랑 살랑 살랑
꽃바람이 불어 웃음 꽃핀다
인생 뭐 있나 있어
즐겁게 사는거야
인생 뭐 있나 있어
신나게 사는거야
인생 뭐 있나 있어
즐겁게 사는거야
인생 뭐 있나 있어
신나게 사는거야
골치아픈 사연 전쟁같은 인생
모두다 던져버려 나를 위해 쓰고
멋부리고 살면 최고인거지
인생 뭐 있나 있어
말로만 하지말고
지금부터 쨍하고 뜨는거야
하루하루 나를 위해 살다보면
어둠은 사라지고 살랑 살랑 살랑
꽃바람이 불어 웃음 꽃핀다
인생 뭐 있나 있어
즐겁게 사는거야
인생 뭐 있나 있어
신나게 사는거야
인생 뭐 있나 있어
즐겁게 사는거야
인생 뭐 있나 있어
신나게 사는거야"
내 마음 당신 곁으로,55,조항조,"당신의 빛나던
눈동자 위에
흐르는 한줄기
눈물 때문에
이 마음 차가운
바람 불어와
떨어진
낙엽이 되었네
잊으려 잊으려
애를 써봐도
당신의 따뜻한
미소 때문에
이 마음 영원히
함께 타오를
사랑의
촛불이 되었네
바람 불어와
내 몸이 날려도
당신 때문에
외로운 내 마음
모든 것이 다
지나가 버려도
내 마음은
당신 곁으로
당신을 너무나
사랑했기에
수많은 미련이
나를 잡지만
이제는 영원히
잡을 수 없는
지나간
추억이 되었네
바람 불어와
내 몸이 날려도
당신 때문에
외로운 내 마음
모든 것이 다
지나가 버려도
내 마음은
당신 곁으로
바람 불어와
내 몸이 날려도
당신 때문에
외로운 내 마음
모든 것이 다
지나가 버려도
내 마음은
당신 곁으로
바람 불어와
내 몸이 날려도
당신 때문에
외로운 내 마음
모든 것이 다
지나가 버려도
내 마음은
당신 곁으로
바람 불어와
내 몸이 날려도
당신 때문에
외로운 내 마음
모든 것이 다
지나가 버려도
내 마음은
당신 곁으로
내 마음은
당신 곁으로"
준비없는 이별,"2,756",김범룡,"지난시간 내곁에서 머물러
행복했던 시간들이
고맙다고 다시 또 살게되도
당신을 만나겠다고
아 그말해야 할텐데
떠나는 그대라도
편하게 보내줘야 할텐데
눈을 감아 지워질수 있다면
잠이들면 그만인데
보고플땐 어떻게해야 하는지
오는밤이 두려워져
아 그댈 보낼 오늘이
수월할수 있도록
미운기억을 주지 그랬어
하루만 오늘더
하루만 준비할수 있도록
시간을 내게줘 안돼
지금은 이대로 떠나는 걸
그냥 볼수는 없어
차라리 나 기다리다 말을해
아 그댈 보낼 오늘이
수월할수 있도록
미운기억을 주지 그랬어
하루만 오늘더
하루만 준비할수 있도록
시간을 내게줘 안돼
지금은 이대로 떠나는 걸
그냥 볼수는 없어
차라리 나 기다리다 말을 해
영원토록 바라볼수 있도록"
사랑 방정식,"1,145",김소유,"사랑 한 번 이별 한 번
더하고 빼면
무엇이 남더냐
웃음 한 번 눈물 한 번
곱하고 나누어도 답은 없더라
아 그런 사랑 그런 이별에
모두가 빠져 애태우나
사랑이 뭐길래 이별이 뭐길래
정이란 게 무엇이길래
풀 수 없는 방정식인가
사랑 한 번 이별 한 번
더하고 빼면
무엇이 남더냐
웃음 한 번 눈물 한 번
곱하고 나누어도 답은 없더라
아 그런 사랑 그런 이별에
모두가 빠져 애태우나
사랑이 뭐길래 이별이 뭐길래
정이란 게 무엇이길래
풀 수 없는 방정식인가"
사랑은 아무나 하나,180,류원정,"사랑은 아무나 하나
사랑은 아무나 하나
사랑은 아무나 하나
눈이라도 마주쳐야지
만남의 기쁨도 이별의 아픔도
두 사람이 만드는 걸
어느 세월에 너와 내가 만나
점 하나를 찍을까
사랑은 아무나 하나
어느 누가 쉽다고 했나
사랑은 아무나 하나
사랑은 아무나 하나
사랑은 아무나 하나
흔히 하는 얘기가 아니지
만나고 만나도 느끼지 못하면
외로운건 마찬가지야
어느 세월에 너와 내가 만나
점 하나를 찍을까
사랑은 아무나 하나
어느 누가 쉽다고 했나
어느 세월에 너와 내가 만나
점 하나를 찍을까
사랑은 아무나 하나
어느 누가 쉽다고 했나
어느 누가 쉽다고 했나"
야인,"12,385",임영웅,"바람처럼 스쳐가는 정열과 낭만아
아직도 내겐 거친 꿈이 있어
이 세상속에 남았지
기다리지 않는 세월 등뒤로 하면서
달려온 이곳 외로운 도시를
나는 끌어안았지
사랑도 명예도 중요하진 않아
미래와 소망을 위한
세상이 내겐 필요해
나는 야인이 될꺼야
어두운 세상 헤쳐가며
아무도 나를 위로하지 않아
꺼지지 않는 등불이 되려 하네
나는 야인이 되겠어 거친
비 바람 몰아쳐도
두렵지 않은 나의 뜨거운 가슴
그저 난 남자일 뿐이야
진정한 이 시대의 야인
사랑도 명예도 중요하진 않아
미래와 소망을 위한
세상이 내겐 필요해
나는 야인이 될꺼야
어두운 세상 헤쳐가며
아무도 나를 위로 하지 않아
꺼지지 않는 등불이 되려 하네
나는 야인이 되겠어
거친 비바람 몰아쳐도
두렵지 않은 나의 뜨거운 가슴
그저 난 남자일 뿐이야
진정한 이 시대의 야인"
내게 남은 사랑을 드릴께요,"5,664",이찬원,"스치는 바람결에 사랑 노래 들려요
내 곁에서 떠나 버렸던
그립던 사랑의 노래 들려와
내 맘은 떨려요
어둠이 지나가고 내일이 찾아오면
애태웠던 지난 날들이
내게로 살며시 다시 다가와
줄 것만 같아요
이제는 울지 않을래
이별은 너무 아파요
다시 떠난다해도
내게 남은 사랑을 드릴게요
기억하지는 않아도
지워지지가 않아요
슬픔 뒤 밀려드는 그리움
세월이 변한다해도
언제까지나 그대로
내 곁에 머물러줘요
어둠이 지나가고 내일이 찾아오면
애태웠던 지난 날들이
내게로 살며시 다시 다가와
줄 것만 같아요
이제는 울지 않을래
이별은 너무 아파요
다시 떠난다해도
내게 남은 사랑을 드릴게요
기억하지는 않아도
지워지지가 않아요
슬픔 뒤 밀려드는 그리움
세월이 변한다해도
언제까지나 그대로
내 곁에 머물러줘요"
밥한번먹자,122,김성환,"어이 친구 밥 한번 언제 먹자 친구야
말로만 하지 말고 시간 좀 내주게나
어이 친구 말로만 밥 먹자고 한 지가
세월 벌써 몇 년인가 말로 만 말로 만
바쁜 세월 빙글빙글 돌아 아직도 그 자리
세상사가 부질없다네
어이 친구 밥 한번 언제 먹자 친구야
말로만 하지 말고 시간 좀 내주게나
어이 친구 말로만 밥 먹자고 한 지가
세월 벌써 몇 년인가 말로만 한 지가
밥 한번 먹자 친구야
어이 친구 밥 한번 언제 먹자 친구야
말로만 하지 말고 시간 좀 내주게나
어이 친구 말로만 밥 먹자고 한 지가
세월 벌써 몇 년인가 말로 만 말로 만
바쁜 세월 빙글빙글 돌아 아직도 그 자리
세상사가 부질없다네
어이 친구 밥 한번 언제 먹자 친구야
말로만 하지 말고 시간 좀 내주게나
어이 친구 말로만 밥 먹자고 한 지가
세월 벌써 몇 년인가 말로만 한 지가
밥 한번 먹자 친구야"
막가리,679,김영철,"오 가리 가리 가리 막가리
사랑하는 너와 나는 또 가리
사랑아 한 번 더 퀵 퀵
슬로우 슬로우 퀵 퀵 퀵
원 앤 투 앤 마이 러브
쓰리 앤 포 앤 마이 러브
차차차차 차차
차차차차 으랏차
한 번 더 한 번 더
사랑아 퀵 퀵 퀵
이별아 슬로우 슬로우
오 가리 가리
또 가리 가리
너에게 난 가리
사랑아 퀵 퀵 퀵
이별아 슬로우 슬로우
오 가리 가리
또 가리 가리
너에게 막가리
오 가리 가리 가리 막가리
사랑하는 너와 나는 또 가리
사랑아 한 번 더 퀵 퀵
슬로우 슬로우 퀵 퀵 퀵
원 앤 투 앤 마이 러브
쓰리 앤 포 앤 마이 러브
차차차차 차차
차차차차 으랏차
한 번 더 한 번 더
사랑아 퀵 퀵 퀵
이별아 슬로우 슬로우
오 가리 가리
또 가리 가리
너에게 난 가리
사랑아 퀵 퀵 퀵
이별아 슬로우 슬로우
오 가리 가리
또 가리 가리
너에게 막가리
사랑아 퀵 퀵 퀵
이별아 슬로우 슬로우
오 가리 가리
또 가리 가리
너에게 난 가리
사랑아 퀵 퀵 퀵
이별아 슬로우 슬로우
오 가리 가리
또 가리 가리
너에게 막가리
막가!"
물레방아 도는데,486,송민준,"돌담길 돌아서며
또 한번 보고
징검다리 건너갈 때
뒤돌아 보며
서울로 떠나간 사람
천리타향 멀리 가더니
새봄이 오기 전에 잊어버렸나
고향의 물레방아
오늘도 돌아가는데
두 손을 마주잡고 아쉬워하며
골목길을 돌아설 때
손을 흔들며
서울로 떠나간 사람
천리타향 멀리 가더니
가을이 다가도록 소식도 없네
고향의 물레방아
오늘도 돌아가는데
고향의 물레방아
오늘도 돌아가는데"
슬퍼하지마,43,여정인,"아무말도 하지않는 거야
나에게 말을 해줘
너에게 무슨일이 생긴건지
속시원히 말을 해줘
이세상 모두가 변한다고 해도
나는 너를 사랑해
너에게 나를 준걸 후회는 안해
이대로 함께 있을게
사랑할수 있을 때 사랑해야해
서로 후회하지 않도록
너의 곁에는 내가 있잖아
너를 지킬테니까
용서할수 있을 때 용서해야해
가슴이 아프지 않도록
차라리 그것이 속편한 거야
이젠 슬퍼하지마
사랑할수 있을 때 사랑해야해
서로 후회하지 않도록
너의 곁에는 내가 있잖아
너를 지킬 테니까
용서할수 있을 때 용서해야해
가슴이 아프지 않도록
차라리 그것이 속편한 거야
이젠 슬퍼하지마
이세상에 여자는 너하나 뿐인데
슬퍼하면 나는 어떡해
네가 힘이들면 내게로 와
내가 널 책임지겠어"
그대에겐 그대만의 향기가 있어,105,김범룡,"그대에겐 그대만의 향기가 있어
처음 보는 그 순간부터 나는 느꼈지
그대에겐 그대만의 미소가 있어
수줍은 듯 고개 숙인 저 들꽃처럼
처음 만난 그때 그곳엔
수많은 사람들이 있어도
오직 그대 그대 밖에는
아무것도 뵈지 않았지
그대 나를 바라봐
그대 내말 들어봐
이렇게 애타게 널 부르는데
왜 내 맘 모르고 멀리만 가니
그대에겐 그대만의 향기가 있어
처음 만난 그때 그곳엔
수많은 사람들이 있어도
오직 그대 그대 밖에는
아무것도 뵈지 않았지
그대 나를 바라봐
그대 내말 들어봐
이렇게 애타게 널 부르는데
왜 내 맘 모르고 멀리만 가니
그대에겐 그대만의 향기가 있어
그대 나를 바라봐
그대 내말 들어봐
이렇게 애타게 널 부르는데
그대에겐 그대만의 향기가 있어
그대에겐 그대만의 매력이 있어
그대에겐 그대만의 향기가 있어"
또또,214,김소연,"미리 바빠 미리 바빠 또 또 나대네
미리 바빠 미리 바빠 꼬리치며 나대네
미리 바빠 미리 바빠 또 또 나대네
미리 바빠 미리 바빠 신난다고 나대네
나를 좋아한다고 나대네
내가 정말 좋다고 나대네
엉덩이를 살랑
반갑다고 꽁냥
또 또또 또 또또
미리 미리 바빠빠
미리 미리 바빠빠
과자 먹고 맴
껌을 먹고 맴
난 너를 보면 입술이 빵
터지고 터지네
몰라 몰라 몰라
나도 정말 몰라 몰라
꽂히고 꽂힌 내 맘
쏠리고 쏠리고 쏠리네
사르르 녹아버리네
포근히 포근히
살짝이 살짝이
꼬옥 안아주세요
꼬옥 또 또또 또 (댕댕)
미리 바빠 미리 바빠 또 또 나대네
미리 바빠 미리 바빠 설치면서 나대네
미리 바빠 미리 바빠 또 또 나대네
미리 바빠 미리 바빠 막무가내 나대네
나를 좋아한다고 나대네
내가 정말 좋다고 나대네
양말 물고 장난
부비부비 애교
또 또또 또 또또
미리 미리 바빠빠
미리 미리 바빠빠
쿠키 먹고 맴
고기 먹고 맴
난 너를 보면 가슴이 쿵
심장이 나대네
몰라 몰라 몰라
나도 정말 몰라 몰라
꽂히고 꽂힌 내 맘
쏠리고 쏠리고 쏠리네
사르르 녹아버리네
살며시 살며시
눈으로 눈으로
살짝 말해주세요
살짝 또 또또 또 (댕댕)
미리 바빠 미리 바빠 또 또 나대네
미리 바빠 미리 바빠 만져달라 나대네
미리 바빠 미리 바빠 또 또 나대네
미리 바빠 미리 바빠 안아달라 나대네
포근히 포근히
살짝이 살짝이
꼬옥 안아주세요
꼬옥 또또 또 또 (댕댕)"
다시 한번만,88,나상도,"너를 보내고 너를 잊으려
아무리 애를 써 봐도
자꾸만 자꾸만 떠오르는
너와 나의 지난 이야기
나쁜 날보다 좋은 날들이
왜 그리도 많고 많은지
눈물이 난다 눈물이 난다
보고 싶어 눈물이 난다
너보다 좋은 사람 만날 수 없어
나 혼자 살지도 몰라

가지 말라고 가지 말라고
매달리고 애원할 것을
그까짓 자존심에 너를 보내고
가슴 치며 후회를 한다
나쁜 날보다 좋은 날들이
왜 그리도 많고 많은지
눈물이 난다 눈물이 난다
보고 싶어 눈물이 난다
네가 내게 다시 한번 돌아온다면
너를 위해 죽어도 좋아
나쁜 날보다 좋은 날들이
왜 그리도 많고 많은지
눈물이 난다 눈물이 난다
보고 싶어 눈물이 난다
네가 내게 다시 한번 돌아온다면
너를 위해 죽어도 좋아"
아카시아,39,장혜리,"아카시아 향기에 취해보세요
아카시아 사랑에 빠져보세요
꿈이라 생각도 하지 마세요
사랑의 눈빛으로 내게 오세요

아카시아 향기에 취해보세요
아카시아 사랑에 빠져보세요
오로지 그대만을 받아들이는
그런 여자가 돼드릴게요

자그만 꽃잎이 너무 예뻐서
한 아름 그대에게 드리고 싶었죠
나 먼저 말할 수 없는 여자이기에
그대 부를 꽃이 되었죠

내게 손짓을 하세요
내게 윙크도 하세요
내게 입맞춤 하세요
오로지 그대만의 여자랍니다

아카시아 향기에 취해보세요
아카시아 사랑에 빠져보세요
꿈이라 생각도 하지 마세요
사랑의 눈빛으로 내게 오세요

아카시아 향기에 취해보세요
아카시아 사랑에 빠져보세요
오로지 그대만을 받아들이는
그런 여자가 돼드릴게요

그런 여자가 돼드릴게요"
보고싶은 여인,161,현철,"사랑했던 그시절이
주마등 처럼 스쳐가면
생각난다 생각난다
가고 없는 그사람이
어느 하늘 아래 살고있나
보고싶은 내 여인아
꿈속에 라도 꿈속에 라도
보고 싶구나
내 여인아

사랑했던 그 순간이
내가슴속에 젖어오면
그리워라 그리워라
다시못올 그시절이
어느 하늘아래 살고있나
보고싶은 내여인아
꿈속에라도 꿈속에라도
만날수 없을까
내 여인아"
사랑만은 않겠어요,404,윤수일,"이렇게도 사랑이
괴로울 줄 알았다면
차라리 당신만을
만나지나 말 것을
이제와서 후회해도
소용없는 일이지만
그 시절 그 추억이
또 다시 온다 해도
사랑만은 않겠어요
이제와서 후회해도
소용없는 일이지만
그 시절 그 추억이
또 다시 온다 해도
사랑만은 않겠어요"
말하고 삽시다,"2,525",박서진,"말하고 말하고삽시다
좋아하면 좋아한다고
침묵이 금이라고 누가 말했나
이제는 아니랍니다
말하고 말하고삽시다
힘이들면 힘이든다고
힘내요 힘내요
침묵하면 바보됩니다
사랑한다면 사랑한다고
화가나면 화가난다고
당신에 마음을 말해주세요
말하고 말하고삽시다
말하고 말하고삽시다
좋아하면 좋아한다고
침묵이 금이라고 누가 말했나
이제는 아니랍니다
말하고 말하고삽시다
힘이들면 힘이든다고
힘내요 힘내요
침묵하면 바보됩니다
사랑한다면 사랑한다고
화가나면 화가난다고
당신에 마음을 말해주세요
말하고 말하고삽시다
당신에 마음을 말해주세요
말하고 말하고삽시다"
나쁜 사람이야,421,현철,"이봐요 미운사람아
당신정말
나쁜사람이야
잔잔한 가슴
흔들어놓고
모르는체 가는 당신
사랑의 그 미소와
따스하던 그 손길이
가슴에 남아 있는데
마지막 내마음도
자존심도 가져간 당신
신기하게도
고우면서 미운 사람
나 한테는 나쁜 사람이야
이봐요 미운사람아
당신 정말
나쁜 사람이야
잔잔한 가슴 흔들어 놓고
모르는체 가는 당신
사랑의 그미소와
따스하던 그 손길이
가슴에 남아있는데
마지막 내마음도
자존심도 가져간 당신
신기하게도
고우면서 미운 사람
나한테는 나쁜 사람이야
당신 정말 나쁜 사람이야"
안개낀 오사카 바람부는 울산항,754,진해성,"바다를 건너온 수많은 사연
파도되어 밀려오면
귓가에 들리는 당신의 그 음성
안개되어 휘감네
꿈같은 그 파도 노래 되어
내 맘을 적시네
그리움이 안개처럼
밀려오는 내사랑 오사카
바다를 건너온 수많은 사연
바람되어 불어오면
귓가에 들리는 당신의 그 노래
바람되어 흔드네
꿈같은 그 사랑 전설되어
내 맘에 흐르면
서러움이 저 별처럼
쏟아지는 내 사랑 울산항
밀려오는 내 사랑 오사카"
사랑의 파킹맨,"1,043",김광규,"난 사랑에 미치다
내 인생 빨간 불 들어왔어
오늘도 님 생각에 술 한잔
사랑이 뭐 대수냐 외쳐보지만
세상은 여자가 반이라지
하지만 내 님은 너뿐이지
오늘 밤 내 품으로 유턴해주세요
스무 살 어렸을 땐
돈 없어 차였었지
서른 살 젊었을 땐
집 없어 차였었지
난 이제 혼자다
매일 밤마다 위로했는데
어느 날 운명처럼
니가 온 거야
내 인생 빨간 불 들어왔어
오늘도 님 생각에 술 한잔
사랑이 뭐 대수냐 외쳐보지만
세상은 여자가 반이라지
하지만 내 님은 너뿐이지
오늘밤 내 품으로 유턴해주세요
이제는 내 맘으로 직진해주세요
당신의 웃음 한 번
시름이 사르르르르
당신의 윙크 한 번
심근이 그르르르르
난 이제 혼자다
매일 밤마다 위로했는데
어느 날 운명처럼
니가 온 거야
내 인생 직진신호 들어왔어
오늘도 님 생각에 빙그르르
또 한 번 그녀에게 속아보련다
세상은 여자가 반이라지
하지만 내 님은 너뿐이지
오늘밤 내 품으로 유턴해주세요
이제는 내 입술에 파킹해주세요"
찻집의 고독,202,나훈아,"그 다방에 들어설 때에
내 가슴은 뛰고 있었지
기다리는 그 순간만은
꿈결처럼 감미로웠다
약속시간 흘러갔었다
그 사람은 보이지 않고
싸늘하게 식은 찻잔에
슬픔처럼 어리는 고독
아 사랑이란 이렇게도
애가 타도록 괴로운 것이라서
잊으려해도 잊을 수 없어
가슴 조이며 기다려요
아 사랑이란 이렇게도
애가 타도록 괴로운 것이라서
잊으려해도 잊을 수 없어
가슴 조이며 기다려요
루루루 루루루"
내 삶을 눈물로 채워도,316,나훈아,"간간히 너를 그리워 하지만
어쩌다 너를 잊기도 하지
때로는 너를 미워도 하지만
가끔은 눈시울 젖기도 하지
어쩌면 지금 어딘가 혼자서
나처럼 저달을 볼지도 몰라
초저녁 작게 빛나는 저별을
나처럼 보면서 울지도 몰라
루 루 루 루 루
아마난 평생을 못잊을것같아 너를
인연이라는 만남도 있지만
숙명이라는 이별도 있지
우리의 만남이 인연이었다면
그인연 또한번 너였음 좋겠어
어쩌면 우리 언젠가 또다시
우연을 핑계로 만날지 몰라
내삶의 전부 눈물로 채워도
널 기다리면서 살른지 몰라
루 루 루 루 루
아마난 평생을 못잊을것같아 너를
루 루 루 루 루
아마난 평생을 못잊을것같아 너를
루 루 루 루 루
아마난 평생을 못잊을것같아 너를"
사랑아,"14,840",김호중,"안돼요 안돼 날 두고 떠나면 안돼
그렇게 못해 난 절대 보낼 순 없어
갈테면 가라 모든 걸 잊고 떠나봐
그땐 뒤돌아서 후회를 할꺼야
희미한 기억속에 너의 이름 불러도
다신 볼 수 없던 사랑한 사람
사랑아 나를 두고 떠나 가지마
나만 두고 가려거든 다신 나를 찾지마
언젠가 그대 나를 찾는다 해도
그땐 내가 먼저 뒤돌아서
그댈 볼 수 없으니
안돼요 안돼 날 두고 떠나면 안돼
그렇게 못해 난 절대 보낼 순 없어
갈테면 가라 모든 걸 잊고 떠나봐
그땐 뒤돌아서 후회를 할꺼야
희미한 기억속에 너의 이름 불러도
다신 볼 수 없던 사랑한 사람
사랑아 나를 두고 떠나 가지마
나만 두고 가려거든 다신 나를 찾지마
언젠가 그대 나를 찾는다 해도
그땐 내가 먼저 뒤돌아서
그댈 볼 수 없으니"
남쪽 끝섬,"16,904",임영웅,"언젠가 그대와 둘이서
어딘가 남쪽 끝섬에서
쨍쨍한 태양에 불타고
시원한 바람에 춤추고
야자나무 그늘 밑에서
뽀뽀하고 싶소
소나기가 지나갔으면
무지개색 칵테일 건배
달콤한 그 향에 취하고
라디오 소리에 숨쉬고
그대 허벅지에 엎드려
낮잠자고 싶소
얼음장수 아저씨 안녕
핑크색 구름 빙글빙글
빛나는 향기의 그대와
예쁜 포즈로 사진 한컷
시계가 멈춘 낙원에서
눈을 감고 싶소
네온사인들 눈이 부셔
별빛은 보이지도 않네
도대체 당신 어디서 꿈꾸나요
난 빌딩숲 속 허수아비
언젠가 그대와 둘이서
어딘가 남쪽 끝섬에서
쨍쨍한 태양에 불타고
시원한 바람에 춤추고
야자나무 그늘 밑에서
뽀뽀하고 싶소"
잠자는 공주,132,박현호,"세상이 미워졌나요
누군가 잊어야만 하나
날마다 쓰러지고 또다시 일어서지만
달라진 건 없는가요
세상길 걷다가보면
삥 돌아가는 길도 있어
하루를 울었으면 하루는 웃어야 해요
그래야만이 견딜 수 있어
앵두 빛 그 고운 두 볼에
살며시 키스를 해주면
그대는 잠에서 깨어나
나에게 하얀 미소 지을까
그대여 어서 일어나
차가운 가슴을 녹여요
또다시 시작되는 아침을 걸어봐요
그대 곁에 나 있을게
앵두 빛 그 고운 두 볼에
살며시 키스를 해주면
그대는 잠에서 깨어나
나에게 하얀 미소 지을까
그대여 어서 일어나
차가운 가슴을 녹여요
또다시 시작되는 아침을 걸어 봐요
그대 곁에 나 있을게
또다시 시작되는 아침을 걸어봐요
그대 곁에 나 있을게"
사랑밖엔 난 몰라,228,최향,"그대 내 곁에 선 순간
그 눈빛이 너무 좋아
어제는 울었지만 오늘은 당신 땜에
내일은 행복할 거야
얼굴도 아니 멋도 아니 아니
부드러운 사랑만이 필요했어요
지나간 세월 모두 잊어버리게
당신 없인 아무것도 이젠
할 수 없어 사랑밖엔 난 몰라
무심히 버려진 날 위해
울어주던 단 한 사람
커다란 어깨 위에 기대고 싶은 꿈을
당신은 깨지 말아요
이날을 언제나 기다렸어요
서러운 세월만큼 안아주세요
그리운 바람처럼 사라질까 봐
사랑하다 헤어지면 다시
보고 싶고 당신이 너무 좋아
당신 없인 아무것도 이젠
할 수 없어 보고 싶고
사랑밖엔 난 몰라"
오동도 동백꽃처럼,356,최향,"연분홍빛 동백꽃은
세 번 핀다 하지요
한번은 나무에 피고
땅에 져서 두 번
세 번은 그대 가슴에
꽃송이 채 떨구고 마는
사랑 품은 동백꽃
가지마세요 돌아오세요
그날밤의 그 언약 잊었나요
그 품에 잠들고 싶어
붉게 피었어요
오동도 동백꽃처럼
사랑일랑 변치말자
맹세했던 그 사람
정 주고 마음도 주고
원망해서 보낸
그대를 사랑합니다
물결드는 초승달 아래
애달파라 동백꽃
가지마세요 돌아오세요
그날밤의 그 언약 잊었나요
그 품에 잠들고 싶어
붉게 피었어요
오동도 동백꽃처럼
그 품에 잠들고 싶어
붉게 피었어요
오동도 동백꽃처럼
오동도 동백꽃처럼"
그대여 변치마오,"20,898",임영웅,"오 그대여 변치마오
오 그대여 변치마오
불타는 이 마음을 믿어주세요
말 못하는 이 마음을 알아주세요
그 누가 이 세상을 다 준다 해도
당신이 없으면 나는 나는 못살아
수많은 세월이 흐른다 해도
당신만을 당신만을
기다리며 살아갈테야
오 그대여 변치마오
오 그대여 변치마오
불타는 이 마음을 믿어주세요
말 못하는 이 마음을 알아주세요
그 누가 이세상을 다 준다 해도
당신이 없으면 나는 나는 못살아
수많은 세월이 흐른다 해도
당신만을 당신만을 기다리며
살아갈테야 살아갈테야 살아갈테야"
그대먼곳에 cover,16,미스터 팡,"먼 곳에 있지 않아요
내 곁에 가까이 있어요
하지만 가눌 수 없네요
그대 마음은 아주 먼 곳에
그대가 내 곁을 떠나갈때
마치 넋이 빠진 모습으로
난 몹시 담담한 마음으로
그대를 보냈어요
아 그대는 내 곁에 없나요
아 그대는 먼 곳에 있나요
사랑도 생각했어요
영혼도 생각했어요
하지만 잡을 수 없네요
그대 생각은 아주 먼 곳에
그대가 내 곁을 떠나갈때
마치 넋이 빠진 모습으로
난 몹시 담담한 마음으로
그대를 보냈어요
아 그대는 내 곁에 없나요
아 그대는 먼 곳에 있나요
먼 곳에 있나요"
전복 먹으러 갈래,916,김용필,"전복 먹으러 갈래
서해안 고속도로 타고
완도 앞 바다로
나랑 같이 가볼래
슬쩍 기대도 돼
내 팔을 어깨 위에 두르고
저 구름 따라
지금 떠나볼래
어느새 바닷바람
시원하게 불어오잖아
걱정은 마
오늘은 내가 책임진다
너에게 좋은 것만 주고픈 마음 알까
전복 먹으러 갈래
할 일은
내일로 다 미루고
이 기분 따라 훌쩍 떠나볼래
소주도 한 잔 할래
안주가 끝내주잖아
이거 마시면 우리
사귀는 거다"
사랑의 주거침입죄,137,박태원,"언제 들어왔어
이 내 가슴속에 꽉 잠긴 마음속에
당신은 주거 침입죄
아무런 말도 없이 아무런 경고 없이
무작정 들어온 당신
살랑살랑 나비처럼
일렁일렁 파도처럼
내 가슴을 파고들었네
당신이 침입하면 난 좋아 죽어
당신이 침입하면 난 미쳐 죽어
깜짝 놀랐잖아 꼼짝말아라!
죄를 지었으니 벌을받아라!
당신은 주거 침입죄
사랑의 주거 침입죄
주거침입죄
언제 들어왔어
이 내 가슴속에 꽉 잠긴 마음속에
당신은 주거 침입죄
아무런 말도 없이 아무런 경고 없이
무작정 들어온 당신
살랑살랑 나비처럼
일렁일렁 파도처럼
내 가슴을 파고들었네
당신이 침입하면 난 좋아 죽어
당신이 침입하면 난 미쳐 죽어
깜짝 놀랐잖아 꼼짝말아라!
죄를 지었으니 벌을받아라!
당신은 주거 침입죄
사랑의 주거 침입죄
주거침입죄"
싱글 2 벙글,148,두리 (DooRi),"Single이 벙글 Single이 벙글
날 웃게 한 사람
솔로는 그만 사랑은 시작
심쿵 두근 거려요
Single이 벙글 Single이 벙글
당신을 사랑해
어디 못 가요 도망 못 가요
Single이 벙글
가 슴이 콩닥 아이쿠
첫눈에 반해버린 사람
나 는 몰랑 정말 몰랑 내 마음
다 주고 싶어
라 임향처럼 새콤 달콤한
당신의 향기에
마 법처럼 내 맘이 행복해
Single이 벙글 Single이 벙글
날 웃게 한 사람
솔로는 그만 사랑은 시작
심쿵 두근 거려요
Single이 벙글 Single이 벙글
당신을 사랑해
어디 못 가요 도망 못 가요
Single이 벙글
바 라만 봐도 아이쿠
이리도 잘생긴 내 남자
사 람인지 인형인지 나만의
아 드레날린
자 두향처럼 새콤 달콤한
당신의 향기에
차 츰차츰 내 맘이 행복해
Single이 벙글 Single이 벙글
날 웃게 한 사람
솔로는 그만 사랑은 시작
심쿵 두근 거려요
Single이 벙글 Single이 벙글
당신을 사랑해
어디 못 가요 도망 못 가요
Single이 벙글
카 리스마는 기본 매너
타 고 났구요
파 이팅이 넘치는
하 늘 같은 내 사랑
Single이 벙글 Single이 벙글
날 웃게 한 사람
솔로는 그만 사랑은 시작
심쿵 두근 거려요
Single이 벙글 Single이 벙글
당신을 사랑해
어디 못 가요 도망 못 가요
Single이 벙글
어디 못 가요 도망 못 가요
Single이 벙글"
노래하며 춤추며,181,계은숙,"사랑하는 사람들

모두 함께 모여서

흥겨웁게 춥을 춥시다

괴로운 일 슬픈 일

모두 잊어버리고

이 순간을 노래 불러요

오고가는 눈길속에

사랑이 넘치고

그대와 같이 느껴보는

행복한 기분

지난 일은 생각을 말고

춤을 추어요 워

사랑하는 연인들

서로 마주 보면서

흥겨웁게 춥을 춥시다

괴로운 일 슬픈 일

모두 잊어버리고

이 순간을 노래 불러요



오고가는 눈길속에

사랑이 넘치고

그대와 같이 느껴보는

행복한 기분

지난 일은 생각을 말고

춤을 추어요 워

사랑하는 연인들

서로 마주 보면서

흥겨웁게 춤을 춥시다

괴로운 일 슬픈 일

모두 잊어버리고

이 순간을 노래 불러요

이 순간을 노래 불러요

이 순간을 노래 불러요

이 순간을 노래 불러요"
고별주,112,주현미,"빗소리만 주룩주룩
아무 말없는 두 사람
숨소리조차 두려워
입가에서 맴도는 침묵
긴 세월이 흐른 지금
다시 마주한 두 사람
타인인 줄 알면서도
어느샌가 한 줄기 눈물
아주 오랜 그 옛날
내가 사랑한 당신
아주 오랜 그 옛날
내가 버렸던 당신
행복하냐 그 물음에
울컥 쏟아진 눈물
대답 대신 웃음으로
쓸쓸하게 고하는 이별

등을 떠미는 찬바람
흘러 내린 네온 불빛
갈 곳 없는 내 마음에
우두커니 바라본 하늘
아주 오랜 그 옛날
내가 사랑한 당신
아주 오랜 그 옛날
내가 버렸던 당신
행복하냐 그 물음에
울컥 쏟아진 눈물
대답 대신 웃음으로
쓸쓸하게 돌아선 이별"
아내에게 바치는 노래,562,하수영,"젖은 손이 애처로워
살며시 잡아본 순간
거칠어진 손마디가
너무나도 안타까웠소
시린 손끝에 뜨거운 정성
고이 접어 다져온 이 행복
여민 옷깃에 스미는 바람
땀방울로 씻어온 나날들
나는 다시 태어나도
당신만을 사랑하리라

미운 투정 고운 투정
말없이 웃어넘기고
거울처럼 마주보며
살아온 꿈같은 세월
가는 세월에 고운 얼굴은
잔주름이 하나둘 늘어도
내가 아니면 누가 살피랴
나 하나만 믿어 온 당신을
나는 다시 태어나도
당신만을 사랑하리라"
나 어떻해,235,건아들,"나 어떡해
너 갑자기 가버리면
나 어떡해
너를 잃고 살아갈까
나 어떡해
나를 두고 떠나가면
그건 안돼
정말 안돼 가지마라
누구 몰래 다짐했던
비밀이 있었나
다정했던 내가
상냥했던 내가
그럴수 있나
못 믿겠어
떠난다는 그 말을
안 듣겠어
안녕이란 그 말을
나 난 나 난

다정했던 내가
상냥했던 내가
그럴수 있나
못 믿겠어
떠난다는 그 말을
안 듣겠어
안녕이란 그 말을
나 어떡해 나 어떡해
나 어떡해 나 어떡해
나 어떡해 나 어떡해
나 어떡해 나 어떡해"
아파트,424,윤수일,"별빛이 흐르는 다리를 건너
바람 부는 갈대숲을 지나
언제나 나를 언제나 나를
기다리던 너의 아파트
그리운 마음에 전화를 하면
아름다운 너의 목소리
언제나 내게 언제나 내게
속삭이던 너의 목소리
흘러가는 강물처럼
흘러가는 구름처럼
머물지 못해 떠나가버린
너를 못 잊어
오늘도 바보처럼 미련 때문에
다시 또 찾아왔지만
아무도 없는 아무도 없는
쓸쓸한 너의 아파트
흘러가는 강물처럼
흘러가는 구름처럼
머물지 못해 떠나가버린
너를 못 잊어
오늘도 바보처럼 미련 때문에
다시 또 찾아왔지만
아무도 없는 아무도 없는
쓸쓸한 너의 아파트
아무도 없는 아무도 없는
쓸쓸한 너의 아파트
아무도 아무도 없는 아무도 없는
쓸쓸한 너의 아파트"
내 나이가 어때서,870,진해성,"야 야 야 내 나이가 어때서
사랑에 나이가 있나요
마음은 하나요 느낌도 하나요
그대만이 정말 내 사랑인데
눈물이 나네요 내 나이가 어때서
사랑 하기 딱 좋은 나인데
어느 날 우연히 거울 속에 비춰진
내 모습을 바라보면서
세월아 비켜라 내 나이가 어때서
사랑 하기 딱 좋은 나인데
야 야 야 내 나이가 어때서
사랑에 나이가 있나요
마음은 하나요 느낌도 하나요
그대만이 정말 내 사랑인데
눈물이 나네요 내 나이가 어때서
사랑 하기 딱 좋은 나인데
어느 날 우연히 거울 속에 비춰진
내 모습을 바라보면서
세월아 비켜라 내 나이가 어때서
사랑 하기 딱 좋은 나인데
사랑 하기 딱 좋은 나인데"
톡톡 (Tok Tok),62,레드콕,"흔들리는 눈동자
이미 뺏겨버린 내마음
부드러운 눈빛
거친 카리스마
홀딱 반해버렸네
뜨거워진 내가슴
쉽게 무너진 내마음
톡톡튀는 매력
깔끔한 그 입술
빠져버렸어
알잖아 내게 빠져 버린걸
이미 알고 있잖아
눈 먼 내사랑 당신만 보여
평생 함께 할래요
Tok Tok 그의 눈빛과
Talk Talk 말장난에 빠졌네
톡쏜 콜라처럼 상큼 소주처럼
자꾸자꾸 내마음을 유혹해
Hot Hot 그의 손길로
꽁꽁 내마음이 녹았네
따신 커피처럼 순한 이슬처럼
내맘을 사로잡은
너너너너 너너너너
톡톡
알잖아 내게 빠져 버린걸
이미 알고 있잖아
눈 먼 내사랑 당신만 보여
평생 함께 할래요
Tok Tok 그의 눈빛과
Talk Talk 말장난에 빠졌네
톡쏜 콜라처럼 상큼 소주처럼
자꾸자꾸 내마음을 유혹해
Hot Hot 그의 손길로
꽁꽁 내마음이 녹았네
따신 커피처럼 순한 이슬처럼
내맘을 사로잡은
너너너너 너
톡톡 떨어진 빗물 사이로
흐르는 내 눈물
닦아주던 그대 잊을수 없어
Tok Tok 그의 눈빛과
Talk Talk 말장난에 빠졌네
톡쏜 콜라처럼 상큼 소주처럼
자꾸자꾸 내마음을 유혹해
Hot Hot 그의 손길로
꽁꽁 내마음이 녹았네
따신 커피처럼 순한 이슬처럼
내맘을 사로잡은
너너너너 너너너너
톡톡
톡톡"
바램,625,노사연,"내 손에 잡은 것이 많아서
손이 아픕니다
등에 짊어진 삶의 무게가
온몸을 아프게 하고
매일 해결해야 하는 일 땜에
내시간도 없이 살다가
평생 바쁘게 걸어 왔으니
다리도 아픕니다
내가 힘들고 외로워 질 때
내 얘길 조금만 들어 준다면
어느 날 갑자기 세월의 한복판에
덩그러니 혼자 있진 않겠죠
큰 것도 아니고 아주 작은 한마디
지친 나를 안아 주면서
사 랑 한 다 정말 사랑 한다는
그 말을 해 준다면
나는 사막을 걷는다 해도
꽃길이라 생각 할 겁니다
우린 늙어가는 것이 아니라
조금씩 익어가는 겁니다
내가 힘들고 외로워 질 때
내 얘길 조금만 들어 준다면
어느 날 갑자기 세월의 한복판에
덩그러니 혼자 있진 않겠죠
큰 것도 아니고 아주 작은 한마디
지친 나를 안아 주면서
사 랑 한 다 정말 사랑 한다는
그 말을 해 준다면
나는 사막을 걷는다 해도
꽃길이라 생각 할 겁니다
우린 늙어가는 것이 아니라
조금씩 익어가는 겁니다
우린 늙어가는 것이 아니라
조금씩 익어가는 겁니다
저 높은 곳에 함께 가야 할 사람
그대 뿐입니다"
강원도 아가씨,"1,741",조명섭,"머나먼 산골짝에 감자를 심고
밭을 매는 마음씨 고운 아가씨
하늘에는 푸른별이
그대 맘처럼 빛나리라
강원도 아가씨가 강원도 아가씨가
수줍어 속삭이는 시절속으로
웃으면서 전해주는
순정의 꽃봉오리
꽃피는 산골짝에 봄바람 불 때
상냥스런 마음씨 고운 아가씨
살구나무 피는 꽃이
그대 맘처럼 향기로워
강원도 아가씨가 강원도 아가씨가
수줍어 속삭이는 시절속으로
웃으면서 들려주는 사랑의 노래여
옥수수 익어가는 치악산 아래
나물 캐는 마음씨 고운 아가씨
기찻길옆 냇물소리
그대 맘처럼 아름다워
강원도 아가씨가 강원도 아가씨가
수줍어 속삭이는 시절속으로
웃으면서 불러보는 희망의 노래여
희망의 이 노래여"
애가 타,527,신유,"이대로 나를 바라봐
눈으로 나를 안아줘
만날 때마다 자꾸만
가슴이 먼저 하는말
사랑에 빠진 건가요
어떻게 하면 좋아요
이제는 아닌 척 해도
아무런 소용이 없어
그냥 바라만 봐도 애가타
맘이 너무 아파서 애가타
이러는게 아닌데
흘린 눈물 때문에
사랑하는 마음 들켜버렸어요
가까이 내게 와줘요
뭐라고 말 좀 해봐요
이렇게 애가 타도록 사랑하고 있는데
그냥 바라만 봐도 애가타
맘이 너무 아파서 애가타
이러는게 아닌데
흘린 눈물 때문에
사랑하는 마음 들켜버렸어요
가까이 내게 와줘요
뭐라고 말 좀 해봐요
이렇게 애가 타도록 사랑하고 있는데
사랑하고 있는데"
홍연,"3,879",장민호,"세상에 처음 날 때
인연인 사람들은
손과 손에 붉은 실이
이어진 채 온다 했죠
당신이 어디 있든
내가 찾을 수 있게
손과 손에 붉은 실이
이어진 채 왔다 했죠
눈물진 나의 뺨을
쓰담아 주면서도
다른 손은
칼을 거두지 않네
또 다시 사라져
산산이 부서지는
눈부신 우리의 날들이
다시는 오지 못할
어둠으로 가네
아아 아아아 아아아
고운 그대 얼굴에
피를 닦아주오
나의 모든 것들이
손대면 사라질 듯
끝도 없이 겁이 나서
무엇도 할 수 없었다 했죠
아픈 내 목소리에
입맞춰 주면서도
시선 끝엔
내가 있지를 않네
또 다시 사라져
아득히 멀어지는
찬란한 우리의 날들이
다시는 오지 못할
어둠으로 가네
산산이 부서지는
눈부신 우리의 날들이
다시는 오지 못할
어둠으로
당신은 세상에게 죽고
나는 너를 잃었어
돌아올 수가 없네
다시 돌아올 수가 없네
아아 아아아 아아아
고운 그대 얼굴에
피를 닦아주오"
크리스마스니까,"12,478",임영웅,"오늘은 뭔가 좀 다른 기분 Feeling
이젠 때가 된 것 같은 느낌
Love U
하늘에선 마침 눈이 내려
Now It's Falling
뭔가 잘 될 것 같은 예감
하얀 거리마다
행복해 보이는 연인들
니 맘은 어떤지 내 맘과 같은지
우리 시작해볼까
오늘은 괜찮을까요
내 맘이 전해질까요
내리는 하얀 눈처럼
너에게 닿을까요
숨겨왔던 내 맘 전부 고백할게요
바로 오늘 크리스마스
많은 사람들 속에
너만 내 눈에 보여
의상 좋고 머리도 괜찮고
얼굴 상태 나쁘지 않아
오늘만 기다렸단 말야
눈치껏 눈도 내린단 말야
또박또박 연습한 멘트
뚜벅뚜벅 걷는 발걸음이
벌써 네 앞에 도착했어
올해 크리스마스 선물은 나야
귀요미 루돌프 남
오늘이야 메리 크리스마스
조금만 더 용길 낼게
이 순간이 지나버리면
널 놓칠지 몰라
진심이 더 진심처럼 느껴지는 게
바로 오늘 크리스마스이니까
너와 나 영원히
Christmas Love"
속담파티,271,설하윤,"천리길도 한걸음부터
한술 밥에 배 부르랴
이왕이면 다홍치마
님도 보고 뽕도 따고
과부 사정은 홀애비가 알지
아니 땐 굴뚝에 연기가 나랴
보기에 좋은 떡이 먹기도 좋지
달다고 삼키고 쓰다고 뱉냐
처가 말뚝에 절하던 놈이
개구리 올챙이 생각을 못해
간에 붙고 쓸개에 붙고
세살 버릇 여든이 간다
꿩 대신 닭이라고 나를 만났냐
닭 잡아먹고 오리발이냐
지렁이도 밟으면 꿈틀한단다
등잔 밑이 어두웠구나
짚신도 짝이 있다
제 눈에 안경
작은 고추가 맵다더니
빛 좋은 개살구
어른 말을 잘 들으면
자다가도 떡이 생긴다
어른들이 하신 말씀
살아보니 진리로구나
인생은 속담파티로구나
까마귀 날자 배 떨어지니
아닌 밤중에 홍두깨
가는 날마다 장날이니
개밥에 도토리
믿는 도끼에 발등을 찍히니
한 길 사람 속을 알 수가 없네
소문난 잔치에 먹을 것이 없고
빈 수레가 요란해
아니 꿴 구슬은 서말인데
핑계 없는 무덤이 없네
모로 가도 서울로 가니
감놔라 배놔라 하지를 마소
산 넘어 산이라도 넘어가보자
쥐구멍에도 볕들 날 있다
원숭이도 나무에서 떨어진단다
열번 백번 찍어나보자
사공이 많은 배는
산으로 간다
소 귀에 경 읽다 세월 가네
앓느니 죽지
어른 말을 잘 들으면
자다가도 떡이 생긴다
어른들이 하신 말씀
살아보니 진리로구나
인생은 속담파티로구나"
빛바랜 사랑,66,박혜신,"사랑 변하지 않겠다던 약속도
영원 바꿀 수 없었던 마음도
노을도 이제는 저물고
서늘한 밤만이 남아서
내 맘은 차갑게 식어가
누가 영원한 사랑이 있다 했나
그건 소설 속의 이야기였나
꽃잎도 이제는 져버려
가시 덩굴만이 남아서
더 이상 당신을 사랑 안 해
사랑했던 그대는
빛바랜 사진으로 남아
기억 속에 추억은 희미해
익숙함을 견디는 지겨운 나의 삶
이제 당신을 기다리지 않아
누가 영원한 사랑이 있다 했나
그건 소설 속의 이야기였나
꽃잎도 이제는 져버려
가시 덩굴만이 남아서
더 이상 당신을 사랑 안 해
사랑했던 그대는
빛바랜 사진으로 남아
기억 속에 추억은 희미해
익숙함을 견디는 지겨운 나의 삶
이제 당신을 기다리지 않아"
나쁜남자,224,김정민,"여기가 끝인가 봐요
추억이 남아있는데
당신과 나 사랑한 건
하늘도 땅도 알아요
당신을 다시 한번
안고 싶지만
한 번 더 안아 달라
그 눈으로 말하지만
더 이상은 아니란 걸
당신도 나도 알잖아
뜨거운 그 눈물 마르거든
잊어요 나쁜 이 남자
당신을 다시 한번
안고 싶지만
한 번 더 안아 달라
그 눈으로 말하지만
더 이상은 아니란 걸
당신도 나도 알잖아
뜨거운 그 눈물 마르거든
잊어요 나쁜 이 남자
잊어요 나쁜 이 남자"
운명 같은 여인,199,한강,"갈색머리가 너무나 잘 어울리는
그런 여인을 만난 건 행운이였어
밤늦은 카페 달콤한 음악 속에서
사랑을 나눠 마셨다
하늘이 허락한 우리의 사랑이라면
질투 따윈 나는 두렵지 않아
때로는 서로의 양보가 필요한 후에
사랑은 그때 완성되니까
먼 훗날 돌아보며 우리들의
선택을 후회 할 수는 없어
사랑하고 미워하며 깊어가는
그 정에 인생을 건다
누굴 만나 사랑해도 지금처럼
행복할까 운명 같은 여인
사랑을 그대 가슴에
하늘이 허락한 우리의 사랑이라면
질투 따윈 나는 두렵지 않아
때로는 서로의 양보가 필요한 후에
사랑은 그때 완성되니까
먼 훗날 돌아보며 우리들의
선택을 후회할 수는 없어
사랑하고 미워하며 깊어가는
그 정에 인생을 건다
누굴 만나 사랑해도 지금처럼
행복할까 운명 같은 여인
사랑을 그대 가슴에
사랑을 그대 가슴에"
올 가을엔 사랑할거야,408,양지은,"묻지 말아요
내 나이는 묻지 말아요
올가을엔 사랑할 거야
나 홀로 가는 길은 너무 쓸쓸해
너무 쓸쓸해
창밖에 눈물짓는
나를 닮은 단풍잎 하나
가을은 소리 없이 본체만체
흘러만 가는데
울지 말아요
오늘 밤만은 울지 말아요
아무리 슬픈 일이 있어도
그대가 없이 가는 길은 쓸쓸해
너무 쓸쓸해
달빛은 화사하게
가로등 불빛을 받아
(울지 말아요 오늘 밤만은 울지 말아요)
아무리 슬픈 일이 있어도
(그대가 없이 가는 길은 쓸쓸해)
너무 쓸쓸해
애타게 떠오르는
떠나간 그리운 사람
그래도 다시 언젠가는 사랑을 할 거야
사랑할 거야
그대가 없이 가는 길은 쓸쓸해
너무 쓸쓸해"
모르리,557,송민준,"그대 곁에 있으면
허물어지는 마음
그대는 모르리 모르리
그대 곁에 있으면
나그네 되는 마음
그대는 모르리 모르리
너를 사랑하고도
너를 보내야하는
찢어지는 가슴을 달래며
나나나나나 나나나나나
웃음으로 통곡하네
그대는 이 마음 모르리
그대 곁에 있으면
허물어지는 마음
그대는 모르리 모르리
그대 곁에 있으면
나그네 되는 마음
그대는 모르리 모르리
너를 사랑하고도
너를 보내야하는
찢어지는 가슴을 달래며
나나나나나 나나나나나
노래하며 눈물짓네
그대는 이 마음 모르리
그대는 모르리 모르리"
바보 같지만,468,안성훈,"당신
미워할 수 없는 사랑
내 가슴에 간직한 사랑
햇살처럼 너의 기억을 등에 지고
난 살아갈 테야
가슴이 아파도 울지 않아요
눈물이 흘러도 닦지 않아요
내 가는 길엔 언제나
당신이 그림자 되어
남아 있을 테니까
바보 같지만 바보 같지만
그래도 난 널 사랑하는 걸
바보 같지만 바보 같지만
그래도 난 널 사랑하는 걸
비가 오면 오는 대로
눈이 오면 오는 대로
그렇게 그렇게 살아갈 테야
가슴이 아파도 울지 않아요
눈물이 흘러도 닦지 않아요
내 가는 길엔 언제나
당신이 그림자 되어
남아 있을 테니까
바보 같지만 바보 같지만
그래도 난 널 사랑하는 걸
바보 같지만 바보 같지만
그래도 난 널 사랑하는 걸
비가 오면 오는 대로
눈이 오면 오는 대로
그렇게 그렇게 살아갈 테야
그렇게 그렇게 살아갈 테야"
대전의 에너지는 YOYO,21,김의영,"대전에는 대한민국 중심 대전역이 있어요
사랑을 찾아 우리님 찾아 대전역에 왔어요
대전 에너지 중앙시장 먹거리가 최고죠
사랑 필요할땐 에너지 넘치는 대전으로 오세요


봄에는 대청호 벚꽃 보러가요
여름엔 동물원 아기곰 보러가요
가을엔 수목원 단풍 보러가요
겨울엔 수통골 설경을 보러가요
사계절이 아름다운 대전 에너지


대전에는 대한민국 중심 대전역이 있어요
사랑 필요할땐 에너지 넘치는 대전으로 오세요


봄에는 식장산 야경 보러가요
여름엔 보문산 예쁜꽃 보러가요
가을엔 장태산 캠핑하러 가요
겨울엔 계족산 황토길 걸어봐요
사계절이 아름다운 대전 에너지


Ah Ah 우리 대전은 무엇이든 할 수 있어요
Ah Ah 우리 모두 사랑의 별을 찾아 대전으로 가요


Ah Ah 우리 모두 꿈을 찾아 대전으로 가요
대전 에너지 좋아
대전 에너지 좋아"
월하가약,204,박성온,"달래도 달래도
가슴이 우는 밤
뉘 어깨에 기대어
저 달을 보시오
내 님이여 내 님이여
어이하여 못오시요
달빛아래 사랑언약
고이 새겨주오
달이뜨네 달이뜨네
달빛아래 사랑언약
저 달도 아시건만
어이해 당신만 모르시나
내 님이여 내 님이여
어이하여 못오시요
달빛아래 사랑언약
고이 새겨주오
달이뜨네 달이뜨네
달빛아래 사랑언약
저 달도 아시건만
어이해 당신만 모르시나
아 아 아 아아
어이해 당신만 모르시나"
화난 여자,212,김혜연,"사랑한다고 나를 좋아한다고
뜨겁게 맹세해놓고
몇 년됐다고 다른 여자의
꽁무닐 쫓아다녀
진짜 오해야 정말 잘못 본거야
눈뜨면 거짓말이야
믿고 싶지만 참고 싶지만
요번엔 딱 걸렸어
못나갈때 바리바리 거둬서
인간 만들어 놨더니
먹고 살만 하니까 나를 배신해
에라 몹쓸 사람아
앞으론 국물도 없다
싫어지는 인생사가
나를 울려버리네

잘하겠다고 정말 잘하겠다고
죽도록 맹세 해놓고
몇년됐다고 다른 여자의
선물을 사고다녀
한번뿐이야 아니 두번뿐이야
툭하면 거짓말이야
믿고 싶지만 참고 싶지만
내주먹 맛 좀봐요
못나갈때 바리바리 거둬서
인간 만들어 놨더니
먹고 살만 하니까 나를 배신해
에라 몹쓸 사람아
앞으론 국물도 없다
싫어지는 인생사가
나를 울려버리네
못나갈때 바리바리 거둬서
인간 만들어 놨더니
먹고살만 하니까 나를 배신해
에라 못난 사람아
앞으론 국물도 없다
싫어지는 인생사가
나를 울려버리네
나를 울려버리네"
요즘 여자 요즘 남자,137,현숙,"착한 여자 나쁜 여자
따로있나
남자하기 나름이지
요즘 여잔
행복한 가정
변함없이 지켜주는
바로 내가
요즘 여자
밥만 하는 여-자가
어디있나
꿈이 없는 여자가
어디있나
당신의 사랑
먹고 사는 그런 여자
바로 내가
요즘 여자
여자라는 이유
하나만으로
모든것을 참고
살아가지만
그게 여자의
일생이라면
무엇으로 보상 받나
당신이 내게 무심코
던져버린 그 한마디에
웃고 우는 여자
웃고 우는 여자
요즘 여자랍니다

착한 남자 나쁜 남자
따로있나
여자하기 나름이지
요즘 남잔
행복한 가정
변함없이 지켜주는
바로 내가
요즘 남자
일만 하는
남-자가 어디있나
꿈이 없는
남자가 어디있나
당신의 사랑
먹고 사는 그런 남자
바로 내가
요즘 남자
남자라는 이유
하나만으로
세상 일에 쫓겨
살아가지만
그게 남자의
일생이라면
무엇으로 보상 받나
당신이 내게 무심코
던져버린 그 한마디에
용기 얻는 남자
용기 얻는 남자
요즘 남자랍니다
당신이 내게 무심코
던져버린 그 한마디에
웃고 우는 여자
웃고 우는 여자
요즘 여자랍니다
요즘 여자랍니다"
잊으리,96,김란영,"그토록 사랑한 그님을 보내고
어이해 나홀로 외로워 하는가
생각하면 무얼해
만날수 없는 님
차라리 손모아 행복을 빌리라
이제는 모두 잊으리
그대와 나의 순간들
이제는 모두 잊으리
그날의 행복 꿈이라고
생각하면 무얼해
만날수 없는 님
차라리 손모아 행복을 빌리라

이제는 모두 잊으리
그대와 나의 순간들
이제는 모두 잊으리
그날의 행복 꿈이라고
생각하면 무얼해
만날수 없는 님
차라리 손모아 행복을 빌리라"
슬퍼하지마,209,김종환,"아무말도 하지 않는거야
나에게 말을해줘
너에게 무슨일이 생긴건지
속 시원히 말을해줘

이세상 모두가 변한다고 해도
나는 너를 사랑해
너에게 나를 준걸 후회는 안해
이대로 함께 있을께

사랑할수 있을때 사랑해야 해
서로 후회하지 않도록
너의 곁에는 내가 있잖아
너를 지킬테니까

용서할수 있을때 용서해야해
가슴이 아프지 않도록
차라리 그것이 속편한거야
이제 슬퍼하지마

사랑할수있을때 사랑해야해
서로 후회하지 않도록
너의 곁에는 내가 있잖아
너를 지킬테니까

용서할수 있을때 용서해야해
가슴이 아프지 않도록
차라리 그것이 속편한거야
이젠 슬퍼하지마 -

오- 이 세상에 여자는 너 하나뿐인데
슬퍼하는 나는 어떡해
네가 힘이들면 내게로와
내가 널 책임지겠어"
목포의 눈물,129,이미자,"사공의 뱃노래 가물거리면

삼학도 파도 깊이 스며드는데

부두의 새악시 아롱젖은 옷자락

이별의 눈물이냐 목포의 설움



삼백년 원한 품은 노적봉 밑에

님자취 완연하다 애달픈 정조

유달산 바람도 영산강을 안으니

님그려 우는 마음 목포의 사랑"
안개,813,정훈희,"나 홀로 걸어가는 안개만이
자욱한 이 거리
그 언젠가 다정했던 그대의 그림자 하나
생각하면 무엇 하나 지나간 추억
그래도 애타게 그리는 마음
아아아아 아아
아아아아 아아
그 사람은 어디에 갔을까
안개 속에 외로이 하염없이 나는 간다
돌아서면 가로막는 낮은 목소리
바람이여 안개를 걷어가다오
아아아아 아아
아아아아 아아
그 사람은 어디에 갔을까
안개속에 눈을 떠라 눈물을 감추어라"
수덕사의 여승,325,김용임,"인적 없는 수덕사에 밤은 깊은데
흐느끼는 여승의 외로운 그림자
속세에 두고 온 님 잊을 길 없어
법당에 촛불 켜고 홀로 울 적에
아 수덕사의 쇠북이 운다
산길 백 리 수덕사에 밤은 깊은데
염불하는 여승의 외로운 그림자
속세에 맺은 사랑 잊을 길 없어
법당에 촛불 켜고 홀로 울 적에
아 수덕사의 쇠북이 운다"
뽀뽀,310,남진,"우린 서로 사랑하잖아
너무너무 좋아하잖아
그런데 왜 나를 못 믿어
지난 일은 과거사잖아
이 세상에 오직 한 사람
내 사랑은 당신이잖아
봄날처럼 따사로운
당신의 그 미소를
다시 한 번 나에게
보여 줄 수 없겠니
단 한 번의
뜨거운 뽀뽀로
아픈 기억 다
지우고 싶다
우린 서로 사랑하잖아
너무너무 좋아하잖아
그런데 왜 나를 못 믿어
지난 일은 과거사잖아
이 세상에 오직 한 사람
내 사랑은 당신이잖아
봄날처럼 따사로운
당신의 그 미소를
다시 한 번 나에게
보여 줄 수 없겠니
단 한 번의
뜨거운 뽀뽀로
아픈 기억 다
지우고 싶다
단 한 번의
뜨거운 뽀뽀로
아픈 기억 다
지우고 싶다
아픈 기억 다
지우고 싶다"
그대여 변치마오,184,남진,"오 그대여 변치마오
오 그대여 변치마오
불타는 이마음을 믿어주세요
말못하는 이 마음을 알아주세요
그 누가 이세상을 다준다 해도
당신이 없으면 나는 나는 못살아
수많은 세월이 흐른다해도
당신만을 당신만을
기다리며 살아갈테야
오 그대여 변치마오
오 그대여 변치마오
불타는 이마음을 믿어주세요
말못하는 이 마음을 알아주세요
그 누가 이세상을 다준다 해도
당신이 없으면 나는 나는 못살아
수많은 세월이 흐른다해도
당신만을 당신만을 기다리며
살아갈테야
살아갈테야
살아갈테야"
별뜨는 베이징 달뜨는 서울,827,진해성,"그리운 그대여 그리운 그대여
베이징 밤하늘엔 별이 떴나요
서울에 밤하늘도 별이 떴어요
그대 눈망울처럼
곱고 눈부신 별들
우리 함께 거닐던 자금성은
별빛 속에 고요히 누워있겠죠
그대 사랑 나누던 이화원엔
투명한 웃음소리 남아있겠죠
간밤에 그대 꿈을 꿨어요
간절히 보고파서
그대가 보고파서
꿈속에 하염없이 걸었어요
베이징 별빛 아래서
보고픈 내 당신 보고픈 내 당신
서울에 밤하늘엔 달이 떴나요
베이징 밤하늘도 달이 떴어요
당신 눈동자처럼
곱고 해맑은 달이
우리 함께 거닐던 경복궁은
별빛 속에 편안히 쉬고 있겠죠
당신 사랑 나누던 홍대 앞엔
찬란한 웃음소리 남아있겠죠
간밤에 당신 꿈을 꿨어요
너무나 보고파서
당신이 보고파서
꿈속에 끝이 없이 걸었어요
서울의 달빛 아래서"
죽는 시늉,600,나훈아,"아무리 둘러봐도
당신만한 사람은 없어
아무리 찾아봐도
당신만큼 예쁜 사람은 없어
내 눈엔 당신입니다
오로지 당신입니다
자꾸만 생각납니다
당신을 사랑합니다
어떻게 해야 할까요
어떻게 하면 좋을까요
어떻게 하면 내 맘 알까요
죽으라면 죽는 시늉까지 할게요
아무리 살펴봐도
당신 밖에 보이질 않아
아무리 따져봐도
당신만큼 좋은 사람은 없어
수많은 사람들 중에
당신만 보였습니다
수많은 인연 중에서
당신은 사랑의 인연
어떻게 해야 하나요
당신이 너무 좋은데
어떻게 하면 내 속 알까요
죽으라면 죽는 시늉까지 할게요
죽으라면 죽는 시늉까지 할게요"
테크노 18세 순이,164,나훈아,"살구꽃이 필때면 돌아 온다던
내사랑 순이는 돌아올 줄 모르고
서쪽하늘 문틈새로
새어드는 바람에
떨어지는 꽃냄새가 나를 울리네
가야해 가야해 나는 가야해
순이 찾아 가야해
가야해 가야해 나는 가야해
순이 찾아 가야해
누가 이런 사람을 본 적 있나요
나이는 18세 이름은 순이
가야해 가야해 나는 가야해
순이 찾아 가야해
가야해 가야해 나는 가야해
순이 찾아 가야해
누가 이런 사람을 본 적 있나요
나이는 18세 이름은 순이
나이는 18세 이름은 순이"
노을,"2,717",박서진,"떠나가는 뒷모습을 그냥 선채로
붙잡지도 못하고 그냥 선채로
당신은 노을속에 멀어만 가니
사랑이란 무엇인지 알수가 없네
가던 발길 돌려주세요
뒤돌아서 나를 보세요
가지마세요 가지마세요
나를 두고 가지마세요
아아 노을지는 들녘길에서
어쩔줄 몰라 어쩔줄 몰라
그냥 웁니다
둘일 적엔 노을빛이 내맘 같더니
이제 보니 노을빛은 눈물에 가려
나만 혼자 들녘길에 울고 섰으니
사랑이란 무엇인지 알수가 없네
가던 발길 돌려주세요
뒤돌아서 나를 보세요
가지마세요 가지마세요
나를 두고 가지마세요
아 아 노을지는 들녘길에서
어쩔줄 몰라 어쩔줄 몰라
그냥 웁니다"
나야나,981,미스터 붐 박스,"바람이 분다 길가에 목롯집
그냥 가긴 서운하잖아
때로는 깃털처럼 휘날리며
때로는 먼지처럼 밟히며
아자
하루를 살아냈네
나야 나야 나
나야 나야 나
밤늦은 골목길 외쳐보아도
젖은 그림자 바람에 밀리고
거리엔 흔들리는 발자국
어둠은 내리고 바람찬데
아자 괜찮아 나 정도면
나야 나야 나
밤늦은 골목길 외쳐보아도
젖은 그림자 바람에 밀리고
거리엔 흔들리는 발자국
어둠은 내리고 바람찬데
아자 괜찮아 나 정도면
아자 괜찮아 나 정도면
아자"
선녀와 나무꾼,"1,461",미스터 붐 박스,"하늘과 땅 사이에
꽃비가 내리던 날
어느 골짜기 숲을 지나서
단 둘이 처음 만났죠
하늘의 뜻이었기에
서로를 이해하면서
행복이라는 봇짐을 메고
눈부신 사랑을 했죠
그러던 그 어느 날
선녀가 떠나갔어요
하늘 높이 모든 것을 다버리고
저멀리 떠나갔어요
선녀를 찾아 주세요
나무꾼의 그 얘기가
사랑을 잃은 이 내 가슴에
아련히 젖어 오네요
그러던 그 어느날
선녀가 떠나갔어요
하늘 높이 모든 것을 다 버리고
저 멀리 떠나갔어요
선녀를 찾아주세요
나무꾼의 그 얘기가
사랑을 잃은 이 내 가슴에
아련히 젖어 오네요
아련히 젖어 오네요"
불티,"18,748",임영웅,"나의 뜨거운 마음을
불같은 나의 마음을
다시 태울 수 없을까
헤어지기는 정말 싫어
이제라도 살며시 나를 두고 간다면
내 마음 너무나 아쉬워
날마다 만나서 하는 말
모두다 그렇고 그런 얘기
하루 또 하루 지나면
마음이 너무 답답해
돌아서 말없이 갈때면
마음이 너무 아쉬워
나의 뜨거운 마음을
불같은 나의 마음을
다시 태울 수 없을까
헤어지기는 정말 싫어
이제라도 살며시 나를 두고 간다면
내 마음 너무나 아쉬워
날마다 만나서 하는 말
모두다 그렇고 그런 얘기
하루 또 하루 지나면
마음이 너무 답답해
돌아서 말없이 갈때면
마음이 너무 아쉬워 -"
길,491,주현미,"수많은 사람들 스치며 지나가고
긴 하루 속에 지친 발걸음
저녁노을 지고 어둠이 짙어 가지만
수평선 너머 조용히 찾아가는 길
기나긴 세월의 시간 넘어
희미한 기억들이 내 곁에 다가와
길 따라서 걸어온 그 자리마다
때로는 눈물이 때로는 웃음들이
길 뒤에서 다가온 그림자 하나
타버린 가슴을 말없이 감싸주네
잃어버린 것을 다시 찾을 길 없어
다시 또 찾아온 이 길
길 떠나는 그대 오늘은 어땠나요
내일이 오면 슬퍼 말아요
비바람이 치고 구름이 앞을 가려도
무지개 너머 살며시 찾아오는 길
고단한 시련의 끝을 건너
아련한 행복의 시간들이 찾아와
길 따라서 걸어온 그 자리마다
때로는 눈물이 때로는 웃음들이
길 뒤에서 다가온 그림자 하나
타버린 가슴을 말없이 감싸주네
잃어버린 것을 다시 찾을 길 없어
다시 또 찾아온 이 길
모진 바람 불어 가눌 곳 없다 해도
애써 웃으면 그것이 우리 인생길"
고창에서 왔어요,81,김현,"어디서 왔느냐고
물으셨나요
저 남쪽 산간 마을
고창에서 왔어요
수박 따고 고추 따고
장어도 키우며
가끔은 모양성에
소풍도 갔어요
어머니 품속 같은
그리운 내 고향
꿈에서도 들려요
선운사의 종소리
청보리가 피는 날
호남선 타고
서울로 왔어요
어디서 왔느냐고
물으셨나요
저 남쪽 산간 마을
고창에서 왔어요
수박 따고 고추 따고
장어도 키우며
가끔은 모양성에
소풍도 갔어요
어머니 품속 같은
그리운 내 고향
꿈에서도 들려요
선운사의 종소리
동백꽃이 피는 날
호남선 타고
서울로 왔어요
동백꽃이 피는 날
호남선 타고
고창에서 왔어요"
사랑의 밧줄,374,마리아,"사랑의 밧줄로 꽁꽁 묶어라
내 사랑이 떠날 수 없게
당신 없는 세상은 단 하루도
나 혼자서 살 수가 없네
바보같이 떠난다니
바보같이 떠난다니
나는 나는 어떻하라고
밧줄로 꽁꽁 밧줄로 꽁꽁
단단히 묶어라
내 사랑이 떠날 수 없게
사랑의 밧줄로 꽁꽁 묶어라
그 사람이 떠날 수 없게
당신 없는 세상은 나 혼자서
아무것도 할 수가 없네
나를 두고 떠난다니
나를 두고 떠난다니
정말 정말 믿을 수 없어
밧줄로 꽁꽁 밧줄로 꽁꽁
단단히 묶어라
그 사람이 떠날 수 없게
밧줄로 꽁꽁 밧줄로 꽁꽁
단단히 묶어라
그 사람이 떠날 수 없게
그 사람이 떠날 수 없게"
또 만났네요,293,강혜연,"또 만났네 또 만났어 야속한 그 사람
약속이나 한 것처럼 또 만났네
나도 모르게 생각만해도
설레이는 내 마음
언제 볼까 궁금했는데 또 만났네요
어쩌다 눈길이 마주칠 때면
자꾸만 가슴이 두근거리네
그 언제쯤 마음 붙일까
때가 되면은 때가 되면은
사랑을 고백할거야
또 만났네 또 만났어 야속한 그 사람
약속이나 한 것처럼 또 만났네
나도 모르게 그려만 봐도
보고싶은 내 마음
며칠동안 안보이더니 또 만났네요
당신과 헤어져 헤어질 때면
자꾸만 아쉬워 아쉬워 지네
이게 바로 정이란 걸까
때가 되면은 때가 되면은
사랑을 고백할거야
어쩌다 눈길이 마주칠 때면
자꾸만 가슴이 두근거리네
그 언제쯤 마음 붙일까
때가 되면은 때가 되면은
사랑을 고백할거야"
당신 없인 못살아,735,안성훈,"알콩 달콩 영원히 함께 할래요
오손 도손 평생을 함께 할래요
나는 나는 당신 없인 못 살아
이리 봐도 예쁜 사람
저리 봐도 멋진 사람
남들이 뭐래도 내 맘에 쏙 드는 당신
바로 당신이 나에겐 전부야
사람 사는 게 뭐가 그리 중요해
돈도 아냐 마음만 있으면 돼
당신 없인 못 살아
당신 없인 못 살아
나는 나는 당신 없인 못 살아
알콩 달콩 영원히 함께 할래요
오손 도손 평생을 함께 할래요
나는 나는 당신 없인 못 살아
나는 나는 당신 없인 못 살아
이리 봐도 고운 사람
저리 봐도 좋은 사람
남들이 뭐래도 내 편인 소중한 당신
바로 당신이 나에겐 전부야
사람 사는 게 뭐가 그리 중요해
돈도 아냐 마음만 있으면 돼
당신 없인 못 살아
당신 없인 못 살아
나는 나는 당신 없인 못 살아
알콩 달콩 영원히 함께 할래요
오손 도손 평생을 함께 할래요
나는 나는 당신 없인 못 살아
하루라도 당신 없인 못 살아"
님이라 남이라,75,박상철,"그대의 사랑은 너무 힘들어
그 속을 알 수가 없어
가까이 가려면 멀어지고
멀어지면 곁에 있는 사람
님이라 부르리까 남이라 부르리까
님이라 부르리까 남이라 부르리까
밀고 당기는 우리 사랑
이러지도 저러지도 못하네
당신의 사랑은 너무 힘들어
서글픈 우리 사랑
님이라 부르리까 남이라 부르리까
님이라 부르리까 남이라 부르리까
그대의 사랑은 너무 힘들어
그 속을 알 수가 없어
가까이 가려면 멀어지고
멀어지면 곁에 있는 사람
님이라 부르리까 남이라 부르리까
님이라 부르리까 남이라 부르리까
님이라 부르리까 남이라 부르리까
님이라 부르리까 남이라 부르리까
남이라 부르리까 남이라 부르리까"
인생 소풍,164,박민수,"이보게 어디까지 가는가
나는야 나도 잘 모른다네
종점이 어디라고 하던데
가는 대로 가보는 거지
세상에 내 뜻대로 되는 게 있었던가
어쩌다가 나선 길인데
바람 불어도 비가 내려도
가는 데까지 가보는 거야
인생 소풍 다 그런 거 아닌가
이보게 얼마만큼 왔는가
나는야 너무 돌아왔다네
어디서 왔다고들 하는데
그게 뭐가 중요하겠나
세상에 내 뜻대로 되는 게 있었던가
어쩌다가 나선 길인데
바람 불어도 비가 내려도
가는 데까지 가보는 거야
인생 소풍 다 그런 거 아닌가
바람 불어도 비가 내려도
가는 데까지 가보는 거야
인생 소풍 다 그런 거 아닌가"
오빠야,59,안소미,"오빠 우리 오빠야
오빠야 내 말 좀 들어요
오빠야 나 좀 바라봐요
알콩달콩 사랑해도 부족한 우리네 인생
이리로 갔다 저리로 갔다
헤매면 무엇하나요
오빠~ 사랑해주는 소미가 여기 있어요
오빠야~ 오빠야~
내 마음을 다 가져간 나의 오빠야
한눈 팔면 안 돼요
오빠는 내 꺼
오빠 우리 오빠야
오빠 우리 오빠야
오빠야 내 말 좀 들어요
오빠야 나 좀 바라봐요
알콩달콩 사랑해도 부족한 우리네 인생
이리로 갔다 저리로 갔다
헤매면 무엇하나요
오빠~ 사랑해주는 소미가 여기 있어요
오빠야~ 오빠야~
내 마음을 다 가져간 나의 오빠야
한눈 팔면 안 돼요
오빠는 내 꺼
오빠 우리 오빠야
오빠야~ 오빠야~
내 마음을 다 가져간 나의 오빠야
한눈 팔면 안 돼요
오빠는 내 꺼
오빠 우리 오빠야
오빠 우리 오빠야"
사내,612,최수호,"큰 소리로 울면서
이 세상에 태어나
가진 것은 없어도
비굴하진 않았다
때론 사랑에 빠져
비틀댄 적 있지만
입술 한 번 깨물고
사내답게 웃었다
긴가민가하면서
조마조마하면서
설마설마하면서
부대끼며 살아온
이 세상을 믿었다
나는 나를 믿었다
추억 묻은 친구야
물론 너도 믿었다
벌거벗은 몸으로
이 세상에 태어나
자랑할 건 없어도
부끄럽진 않았다
한 때 철없던 시절
방황한 적 있지만
소주 한 잔 마시고
사내답게 잊었다
긴가민가하면서
조마조마하면서
설마설마하면서
부대끼며 살아온
이 세상을 믿었다
나는 나를 믿었다
추억 묻은 친구야
물론 너도 믿었다
미련 같은 건 없다
후회 역시도 없다
사내답게 살다가
사내답게 갈 거다
사내답게 갈 거다"
바다새,"2,023",손태진,"어두운 바닷가 홀로 나는 새야 (새야)
갈 곳을 잃었나 하얀 바다새야 (후우우)
힘없는 소리로 홀로 우는 새야 (새야)
네 짝을 잃었나 하얀 바다새야 (후우우)

모두 다 가고 없는데
바다도 잠이 드는데
새는 왜 날개짓 하며
저렇게 날아만 다닐까

새야 해지고 어두운데
새야 어디로 떠나갈까
새야 달마저 기우는데
새야 아픈 맘 어이하나

어두운 바닷가 홀로 나는 새야 (새야)
갈 곳을 잃었나 하얀 바다새야 (후우우)
힘없는 소리로 홀로 우는 새야 (새야)
네 짝을 잃었나 하얀 바다새야 (후우우)

모두 다 가고 없는데
바다도 잠이 드는데
새는 왜 날개짓 하며
저렇게 날아만 다닐까

새야 해지고 어두운데
새야 어디로 떠나갈까
새야 달마저 기우는데
새야 아픈 맘 어이하나~~~

아아아~ 새야
아아아~ 새야
우우우~ 새야
우우우~ 새야
새야"
유리창엔 비,362,고병희,"낮부터 내린 비는 이 저녁 유리창에 이슬만 뿌려놓고서
밤이 되면 더욱 커지는 시계소리처럼 내 마음을 흔들고 있네
이밤 빗줄기는 언제나 숨겨 놓은 내 맘에 비를 내리네
떠오는 아주 많은 시간들 속을 헤매이던 내 맘은 비에 젖는데
이젠 젖은 우산을 펼 수는 없는 것
낮부터 내린 비는 이 저녁 유리창에 슬픔만 뿌리고 있네

이 밤 마음속엔 언제나 남아있던 기억은
빗줄기처럼 떠오른 기억 스민 순간 사이로
내 마음은 어두운 비를 뿌려요
이젠 젖은 우산을 펼 수는 없는 것
낮부터 내린 비는 이 저녁 유리창에 슬픔만 뿌려 놓고서
밤이 되면 유리창에 내 슬픈 기억들을 이슬로 흩어 놓았네"
울엄마,"7,332",영탁,"울 엄마 날 낳아
걱정 태산이 되고
주름 깊은데
세상사 나 잘났다
허풍소리에
눈가에 이슬 맺히시네
어리 버리 가진 것 없어 떠버리
말로만 한숨 드렸네
어리 버리 수많은 날을 응어리
가슴에 한만 드렸네
무병장수 부디 하옵소서
어리 버리 가진 것 없어 떠버리
말로만 한숨 드렸네
어리 버리 수많은 날을 응어리
가슴에 한만 드렸네
무병장수 부디 하옵소서
어리 버리 가진 것 없어 떠버리
말로만 한숨 드렸네
어리 버리 수많은 날을 응어리
가슴에 한만 드렸네
무병장수 부디 하옵소서"
인생지게,186,최우진,"사랑에 목숨 걸었다 속아도 보고
내 잘난 멋에 살다가 망해도 봤다
달래도 보고 혼내도 보고
미련한 내 인생
내 마음 같지가 않더라
아 아 인생지게
그 의미를 알고 가려나
그래도 나는 이고지고 간다
사연많은 내 인생
보잘 것 없어도 내 인생
돈이란 놈 좋다길래 친해도 보고
술이란 놈 좋다길래 놀아도 봤다
울어도 보고 울려도 보고
가련한 내 인생
난 누굴 위해서 살았나
아 아 죽기 전에
그 의미를 알고 가려나
오늘도 나는 이고지고 간다
후회 많은 내 인생
다시 살고 싶은 내 인생
아 아 인생지게
그 의미를 알고 가려나
그래도 나는 이고지고 간다
사연 많은 내 인생
보잘 것 없어도 내 인생
다시 살고 싶은 내 인생"
운명이죠,13,나미애,"우리 사랑 먼길을 왔어요
돌아 보면 눈물도 많았죠
후회없는 사랑 할거예요
행복 가득 담을테니까요
미움도 아픔도 모두 잊어버리고
그대품에 안길거예요
수많은 시련도 견딜거라 믿어요
소중한 당신 있기에
결국 우린 만났죠 선물같은 끝사랑
내겐 당신이 운명이죠

우리 사랑 먼길을 왔어요
돌아 보면 눈물도 많았죠
후회없는 사랑 할거예요
행복 가득 담을테니까요
미움도 아픔도 모두 잊어버리고
그대품에 안길거예요
수많은 시련도 견딜거라 믿어요
소중한 당신 있기에
결국 우린 만났죠 선물같은 끝사랑
내겐 당신이 운명이죠"
장미빛 스카프,143,윤항기,"내가 왜 이럴까 오지않을 사람을
어디선가 웃으면서 와줄것만 같은데
차라리 그 사람을 만나지 않았던들
이 고통 이 괴로움 나에겐 없을 걸
장미빛 장미빛 스카프만 보면은
내 눈은 빛나네 걸음이 멈춰지네
허전한 이 마음을 어떻게 달래보나
내게서 떠나버린 장미빛 스카프

장미빛 장미빛 스카프만 보면은
내 눈은 빛나네 걸음이 멈춰지네
허전한 이 마음을 어떻게 달래보나
내게서 떠나버린 장미빛 스카프
장미빛 스카프"
당신,74,배호,"보내야 할 당신
마음 괴롭더라도
가야만 할 당신
미련 남기지 말고
잊지 못할 사랑인 줄은
알면서도 사랑한 것이
싸늘한 뺨에 흘러 내리는
눈물의 상처되어
다시는 못올 머나 먼 길을
떠나야 할 당신

맺지 못할 사랑인 줄은
알면서도 사랑한 것이
싸늘한 뺨에 흘러 내리는
눈물의 상처되어
다시는 못올 머나 먼 길을
떠나야 할 당신"
청춘열차,69,순이,"뜨겁게 불타오르는 가슴엔 사랑이 차고
싱그런 이야기로 펼치는 내일이여
장미빛 젊은 영혼이 만나는 간이역마다
고독한 너와 나는 오늘도 꿈을 꾼다
어디쯤 가야만 하나 끝없이 이어진 이길
아직은 우리서로 서툴고 낯설지만
그러나 누가 멈출까 달리는 청춘의 열차
바람찬 언덕넘어 꽃피는 에덴으로
* 차표없이 가는 인생이여
머물곳이 따로 없다해도
사랑하는 그대 함께가는
너와 나의 청춘열차여"
그대 머물면,329,유태광,"마음 저린
이름을
떠올리면
가슴은
또 이렇게
부릅니다
살다보면
가슴에서
바람을 타고
높은
파도를
헤칠 때
붉은 눈시울로
들어서는
사람이
그대 입니다
외로운 날도
몇 번은 잘
넘겼지만
가슴 뭉클한 날도
몇 번은 잘 넘겼지만
가슴에서
떠나지 않는
그대를
애써
밀어내던 날
내 안에
등불 하나
내걸고
그 불빛 때문에
가슴저리며
눈물로
나를 잠들게 하는
그
그리움도
외로움도
그대 입니다
외로운 날도
몇 번은 잘
넘겼지만
가슴 뭉클한 날도
몇 번은 잘 넘겼지만
가슴에서
떠나지 않는
그대를
애써
밀어내던 날
내 안에
등불 하나
내걸고
그 불빛 때문에
가슴저리며
눈물로
나를 잠들게 하는
그
그리움도
외로움도
그대 입니다
그
그리움도
외로움도
그대 입니다"
사랑탑,794,금잔디,"사랑 위에 사랑 쌓고
세월로 공을 들여
눈물 한잔 웃음 한잔
층층히 쌓다보니
꽃피는 춘삼월에 단풍이 지네
이제부터 살만한데
이별이 다가오네
지나온 세월이 꿈같구나
우리 님과
다시 또 태어나도 당신이요
애달쿠나 사랑탑아
사랑 위에 사랑 쌓고
세월로 공을 들여
눈물 한잔 웃음 한잔
층층히 쌓다보니
꽃피는 춘삼월에 단풍이 지네
이제부터 살만한데
이별이 다가오네
지나온 세월이 꿈같구나
우리 님과
다시 또 태어나도 당신이요
애달쿠나 사랑탑아
애달쿠나 사랑탑아"
꽃 피고 새가 울면,"1,816",조명섭,"꿈 같은 지난 세월
가슴은 에이지만
미련 없이 후회 없이
내 길을 나는 간다
한치 앞을 모르고
세상을 살면서도
가슴 치며 사는 것이
우리네 인생이지
정처 없이 떠돌다가
마음 둘 곳 없으면
그때는 돌아가리라
꽃 피고 새가 울면
일엽편주 몸을 싣고
밤하늘 이불 삼아
두리둥실 흘러가는
애달픈 이 내 청춘
정처 없이 떠돌다가
마음 둘 곳 없으면
그때는 돌아가리라
꽃 피고 새가 울면
그리운 내 고향"
사랑합니다,"18,057",임영웅,"난 행복 합니다 내 소중한 사랑
그대가 있어 세상이 더 아름답죠
난 행복 합니다 그대를 만난 건
이 세상이 나에게 준 선물인거죠
나의 사랑 당신을 사랑합니다
세상이 우릴 갈라놓을지라도
나의 사랑 당신을 사랑합니다
내 삶이 끝날지라도
난 행복 합니다 내 소중한 사랑
그대가 있어 세상이 더 아름답죠
난 행복합니다 그대를 만난 건
이 세상이 나에게 준 선물인거죠
나의 사랑 당신을 사랑합니다
세상이 우릴 갈라놓을지라도
나의 사랑 당신을 사랑합니다
내 삶이 끝날지라도
기억해요 당신만을
나 사랑 할께요
나 언제까지나
나의 사랑 당신을 사랑합니다
세상이 우릴 갈라놓을지라도
나의 사랑 당신을 사랑합니다
내 삶이 끝날지라도
영원히 당신을 사랑합니다"
나 그대에게 모두 드리리 (guitar by 함춘호),"14,096",임영웅,"나 그대에게 드릴게 있네
오늘밤 문득 드릴 말 있네
나 그대에게 모두 드리리
터질 것 같은 이 내 사랑을
그댈 위해서라면
나는 못할게 없네
별을 따다가
그대 두 손에 가득 드리리
나 그대에게 드릴 게 있네
오늘밤 문득 드릴 게 있네
그댈 위해서라면
나는 못할게 없네
별을 따다가
그대 두 손에 가득 드리리
나 그대에게 모두 드리리
터질 것 같은 이 내 사랑을"
안동 역에서,161,남진,"바람에 날려버린 허무한 맹세였나
첫눈이 내리는 날 안동역 앞에서
만나자고 약속한 사람
새벽부터 오는 눈이 무릎까지 덮는데
안 오는 건지 못 오는 건지
오지 않는 사람아
안타까운 내 마음만 녹고 녹는다
기적소리 끊어진 밤에
어차피 지워야 할 사랑은 꿈이였나
첫눈이 내리는 날 안동역 앞에서
만나자고 약속한 사람
새벽부터 오는 눈이 무릎까지 덮는데
안 오는 건지 못 오는 건지
대답 없는 사람아
기다리는 내 마음만 녹고 녹는다
밤이 깊은 안동역에서
기다리는 내 마음만 녹고 녹는다
밤이 깊은 안동역에서"
회상,129,임지훈,"길을 걸었지 누군가 옆에 있다고
느꼈을때 나는 알아 버렸네
이미 그대 떠난후 라는걸
나는 혼자 걷고 있던거지
갑자기 바람이 차가워지네
마음은 얼고 나는 그곳에 서서
조금도 움직일 수 없었지
마치 얼어버린 사람처럼
나는 놀라 서 있던거지
달빛이 숨어 흐느끼고 있네
우 떠나버린 그 사람
우 생각 나네
우 돌아선 그 사람
우 생각나네
묻지 않았지
왜 나를 떠났느냐고
하지만 맘은 너무 아팠네
이미 그대 돌아 서 있는걸
혼자 어쩔 수 없었지
미운건 오히려 나였어
우 떠나버린 그 사람
우 생각 나네
우 돌아선 그 사람
우 생각나네
묻지 않았지
왜 나를 떠났느냐고
하지만 맘은 너무 아팠네
이미 그대 돌아 서 있는걸
혼자 어쩔 수 없었지
미운건 오히려 나였어"
숙녀에게,"5,166",이찬원,"어쩌면 처음 그땐
시간이 멈춘 듯이
미지의 나라 그곳에서
걸어온 것처럼
가을에 서둘러 온
초겨울 새벽녘에
반가운 눈처럼 그대는
내게로 다가왔죠
그대의 맑은 미소는
내 맘에 꼭 들지만
가끔씩 보이는 우울한 눈빛이
마음에 걸려요
나 그대 아주 작은 일까지
알고 싶지만
어쩐지 그댄 내게 말을 안 해요
허면 그대 잠든 밤
꿈 속으로 찾아가
살며시 얘기 듣고 올래요
그대의 맑은 미소는
내 맘에 꼭 들지만
가끔씩 보이는 우울한 눈빛이
마음에 걸려요
나 그대 아주 작은 일까지
알고 싶지만
어쩐지 그댄 내게 말을 안 해요
허면 그대 잠든 밤
꿈 속으로 찾아가
살며시 얘기 듣고 올래요
나 그대 아주 작은 일까지
알고 싶지만
어쩐지 그댄 내게 말을 안 해요
허면 그대 잠든 밤
꿈 속으로 찾아가
살며시 얘기 듣고 올래요"
365일,"8,027",영탁,"우리 이별을 말 한지
겨우 하루 밖에 지나지 않았어
하지만 너무 이상하게도
내 맘은 편안해 자유로운 기분
이틀 이틀째가 되던 날
온 몸이 풀리고 가슴이 답답해
삼 일째 되던 날
내 심장 소리가 너무 커서 잠도 못 자
나흘 되던 날
눈 앞이 캄캄해지고
오일 되던 날
눈물만 주루룩 엿새 되던 날
가슴이 너무 허전해
하루 온 종일 먹기만 하네요
일주일 일주일이 되던 날
노래 속 가사가 모두 내 얘기 같고
드라마 영화 속에 나오는
삼류 사랑 얘기가 모두
다 내 얘기만 같아
한 달 한 달이 되던 날
니가 좋아 했던 긴 머릴 자르고
니가 싫어했었던 야한 옷을 입으니
이별이 이제서야 실감나네
일 년 되던 날
널 많이 닮은 사람과 사랑에 빠져
행복을 찾았고
가끔은 너의 소식에
조금은 신경 쓰여도
그냥 뒤돌아 웃음 짓게 되네
사랑이 그런건 가 봐
세월이 약이였나 봐
그 때는 정말 죽을 것 같았어
하지만 지금 사랑이
또 다시 아픔을 줘도
나는 웃으며 이별을 맞을래
사랑은 또 다시 올테니까"
고요히도,412,장윤정,"가니 이제와
가라 오랜 사랑아
여한 없이도 사랑 주고 난 다했다
이내 생각나
다시 아프게 해도
곁에 두고 널 미워하고 싶지 않다
혼자 걷는 길에 이때
왜 하필 이 노래가 나와
모르는 척해도 눈물부터 닦기 바쁘다
고요히도 흐르네
고요히도 흐르네
소리 내서 울지
그렇다고 웃지도 못하고
혼이 나가 버렸다
Say 무얼 바라는지
Say 나도 내 맘을 I don't know
Say 무슨 미련인지
Say 나도 내 맘을 I don't know
툭탁툭탁 걷는 소리만
크게 들리고 모든 게 멈춰버렸다
이제 괜찮아
다시 떠올리지 마
고쳐먹어도 울음만 계속 나온다
혼자 걷는 길에 이때
왜 하필 이 노래가 나와
모르는 척해도 눈물부터 닦기 바쁘다
고요히도 흐르네
고요히도 흐르네
소리 내서 울지
그렇다고 웃지도 못하고
혼이 나가 버렸다
Say 무얼 바라는지
Say 나도 내 맘을 I don't know
Say 무슨 미련인지
Say 나도 내 맘을 I don't know
소리 내서 울지
그렇다고 웃지도 못하고
혼이 나가 버렸다
Say 무얼 바라는지
Say 나도 내 맘을 I don't know
소리 내서 울지
그렇다고 웃지도 못하고
혼이 나가 버렸다
Say 무슨 미련인지
Say 나도 내 맘을 I don't know
Say 무슨 미련인지
Say 나도 내 맘을 I don't know"
한 많은 대동강,573,최수호,"한많은 대동강아
변함없이 잘있느냐
모란봉아 을밀대야
네 모양이 그립구나
철조망이 가로막혀
다시 만날 그때까지
아~ 소식을 물어본다
한많은 대동강아
대동강 부벽루야
뱃노래가 그립구나
귀에익은 수심가를
다시 한 번 불러본다
편지 한 장 전할길이
이다지도 없을소냐
아~ 썼다가 찢어버린
한많은 대동강아"
보릿고개,61,정미애,"어머님 설움 잊고 살았던
한 많은 보릿고개여
아야 뛰지 마라 배 꺼질라
가슴 시린 보릿고개 길
주린 배 잡고 물 한 바가지 배 채우시던
그 세월을 어찌 사셨소
초근목피에 그 시절
바람결에 지워져 갈 때
어머님 설움 잊고 살았던
한 많은 보릿고개여
풀피리 꺾어 불던 슬픈 곡조는
어머님의 한숨이었소
아야 우지 마라 배 꺼질라
가슴 시린 보릿고개 길
주린 배 잡고 물 한 바가지 배 채우시던
그 세월을 어찌 사셨소
초근목피에 그 시절
바람결에 지워져 갈 때
어머님 설움 잊고 살았던
한 많은 보릿고개여
풀피리 꺾어 불던 슬픈 곡조는
어머님의 한숨이었소
어머님의
초근목피에 그 시절
바람결에 지워져 갈 때
어머님 설움 잊고 살았던
한 많은 보릿고개여
풀피리 꺾어 불던 슬픈 곡조는
어머님의 한숨이었소
풀피리 꺾어 불던 슬픈 곡조는
어머님의 통곡이었소"
같이 걸어요,18,이진,"오랜만에 걸어요
우리함께 거닐던 길
기대와 나란히 발을 맞추면
흙길이 꽃길이 된 것만 같았어
미련없이 가버린 사랑
나는 아직 못버린 사랑
내 기억 언저리 추억에 젖어
그대 이름 불러 봅니다
돌아와요 같이 걸어요
다시한번 같이 걸어요
둘이서 손잡고 그때처럼
매일함께 걷고 싶어요"
보고 싶다 내 사랑,91,추혁진,"가로등 불빛이
꺼져가는 서울의 밤
갈 곳을 잃은 이 마음
추억에 젖은 채
이 거리를 걸어 봐도
눈물이 앞을 가리네
돌이킬 수 없는 그 세월
돌아올 수 없는 그 여자
우연히 어디서라도
꼭 한번 보고 싶은 그때 그 여자
아 아 밤은 깊어가는데
외로워 너무 외로워
사랑아 내 사랑아
보고 싶다 내 사랑아

화려한 불빛이
쏟아지는 서울의 밤
갈 곳을 잃은 이 마음
추억에 젖은 채
이 거리를 걸어봐도
눈물이 앞을 가리네
돌아킬 수 없는 그 세월
돌아올 수 없는 그 여자
우연히 어디서라도
꼭 한 번 보고 싶은 그때 그 여자
아 아 밤은 깊어가는데
외로워 너무 외로워
사랑아 내 사랑아
보고 싶다 내 사랑아
보고 싶다 내 사랑아"
동동구루무,314,현철,"동동구루무 한통만 사면
온동네가 곱던 어머니
지금은 잊혀진 추억의 로션
어머님의 동동구루무
바람이 문풍지에
울고가는 밤이면
내 언 손을 호 호 불면서
눈시울 적시며
서러웠던 어머니
아 아 동동구루무
동동구루무 아끼시다가
다못쓰고 가신 어머니
가난한 세월이 너무 서럽던
어머님의 동동구루무
달빛이 처마끝에
울고가는 밤이면
내 두뺨을 호 호 불면서
눈시울 적시며
울먹이던 어머니
아 아 동동구루무
바람이 문풍지에
울고가는 밤이면
내 언 손을 호 호 불면서
눈시울 적시며
서러웠던 어머니
아 아 동동구루무"
꽃물,407,송민준,"꽃물이 들었어요
외로웠던 나의 가슴에
빨강 노랑 분홍빛에
곱디 고운 사랑 꽃물이
어서 내게로 오세요
어서 손잡아 주세요
나는 그대 남자에요
하나도 아낌없이 하나도 남김없이
모두모두 줄게요
눈물일랑 주지말아요
아픔일랑 주지말아요
이제는 그대만이 나에게 전부에요
영원히 영원히 영원히
꽃물든 나의 가슴에
상처를 주지마세요
그대를 사랑합니다
꽃물이 들었어요
외로웠던 나의 가슴에
빨강 노랑 분홍빛에
곱디 고운 사랑 꽃물이
어서 내게로 오세요
어서 손잡아 주세요
나는 그대 남자에요
하나도 아낌없이 하나도 남김없이
모두모두 줄게요
눈물일랑 주지말아요
아픔일랑 주지말아요
이제는 그대만이 나에게 전부에요
영원히 영원히 영원히
꽃물든 나의 가슴에
상처를 주지마세요
그대를 사랑합니다
그대를 사랑합니다"
님그림자,503,노사연,"저만치 앞서가는 님 뒤로

그림자 길게 드린 밤

님의 그림자 밟으려하니

서러움이 가슴에 이네

님은 나의 마음 헤아릴까

별만 해듯거린 밤

휘훵한 달빛아래 님 뒤로

긴 그림자 밟을 날 없네



저만치 앞서가는 님 뒤로

그림자 길게 드린 밤

님의 그림자 밟으려하니

서러움이 가슴에 이네

님은 나의 마음 헤아릴까

별만 헤듯 거린 밤

휘훵한 달빛아래 님 뒤로

긴 그림자 밟을 날 없네"
애증의 강,406,김란영,"어제는 바람찬 강변을
나홀로 걸었소
길잃은 사슴처럼
저강만 바라보았소
강건너 저끝에 있는
수많은 조약돌처럼
당신과 나 사이에
사연도 참 많았소
사랑했던 날들보다
미워했던 날이 더많아
우리가 다시 저강을
건널수만 있다면
후회없이 후회없이 사랑할텐데
하지만 당신과 나는
만날수가 없기에
당신이 그리워지면
저강이 야속하다오

사랑했던 날들보다
미워했던 날이 더많아
우리가 다시 저강을
건널수만 있다면
후회없이 후회없이 사랑할텐데
하지만 당신과 나는
만날수가 없기에
당신이 그리워지면
저강이 야속하다오"
유리구두,325,김혜연,"하루이틀 정들었나요 사랑한 세월이 그얼만데
떨어진구두 벗어버리듯 그리쉽게 갈수 있나요
너만은 결코 아니가리라 아니갈줄 몰랐는데
갈대는 바람앞에 흔들려(흔들려)
사랑은 누군가에 흔들려(흔들려) 유리구두 갈아신고
유리구두 갈아신고 툭툭 털고간 사람

스쳐가는 정이었나요 꿈같은 세월이 그얼만데
떨어진 구두 벗어버리듯 그리쉽게 갈수 있나요
너만은 끝내 사랑하리라 없는정도 만들었는데
갈대는 바람앞에 흔들려(흔들려)
사랑은 누군가에 흔들려(흔들려) 유리구두 갈아신고
유리구두 갈아신고
툭툭 털고 간사람"
함께 춤을 추어요,300,장은숙,"함께 춤을 추어요
행복한 춤을 추어요
멀리 사라진 날은
이대로 잊어버려야 해요
당신의 검은 머리엔
어느새 하얀꽃 피고 오오오
당신의 웃음속엔
눈물 자국이 있어요
함께 춤을 추어요
행복한 춤을 추어요
잊어버려요
당신의 슬픈 이야기들은

함께 춤을 추어요
행복한 춤을 추어요
멀리 사라진 날은
이대로 잊어버려야 해요
당신의 검은 머리엔
어느새 하얀꽃 피고 오오오
당신의 웃음속엔
눈물 자국이 있어요
함께 춤을 추어요
행복한 춤을 추어요
잊어버려요
당신의 슬픈 이야기들은
당신의 슬픈 이야기들은
당신의 슬픈 이야기들은"
잊혀진 여인,364,임희숙,"긴 잠에서 깨어보니
세상이 온통 낯설고
아무도 내 이름을
불러주는 이 없어
나도 내가 아닌 듯해라
그 아름답던 기억들이
다 꿈이었던가
한마당 달군 그 불길이
정녕 꿈이었던가
누군가 말을 해다오
내가 왜 여기 서 있는지
그 화려한 사랑의 빛이
모두 어디로 갔는지
멀리 돌아보아도
내가 살아온 길은 없고
비틀거리는 걸음 앞에
길고 긴 내 그림자

누군가 말을 해다오
내가 왜 여기 서 있는지
그 화려한 사랑의 빛이
모두 어디로 갔는지
멀리 돌아보아도
내가 살아온 길은 없고
비틀거리는 걸음 앞에
길고 긴 내 그림자"
멋진인생,114,김연자,"아리아리아리 동 동
쓰리쓰리쓰리 동 동
잘났다고 못났다고
누가 말했나
서로 믿고 사랑하면
그것이 멋진 인생
많고 많은 사람 중에
우리 만남은
하늘에서 맺어주신
천생연분일세
아리랑 쓰리랑
아라리가 났구나
아리아리아리 동 동
스리스리스리 동 동
아름다운 이 세상에
한 번 왔다 가는 인생
멋지게 살아보세
아리아리아리 동 동
쓰리쓰리쓰리 동 동
잘난 사람 못난 사람
따로 있더냐
서로 믿고 사랑하면
그것이 멋진 인생
백지장도 맞들면은
가볍다는데
세상 살이 힘들 거든
함께 살아봐요
아리랑 쓰리랑
아라리가 났구나
아리아리아리 동 동
스리스리스리 동 동
아름다운 이 세상에
한 번 왔다 가는 인생
멋지게 살아보세"
아이좋아라,"1,010",이혜리,"아이 좋아라 아이 좋아라
아이 좋아라 예쁜 내 님아
아이 좋아라 아이 좋아라
예쁜 내 님 아이 좋아라
이리봐도 내 사랑 저리봐도 내 사랑
아이 좋아 아이 좋아라
당신께 사랑을 받기위해
이 세상에 내가 왔어요
맞 잡은 이 손 놓지 말아요
꼭 안아주세요
아이 좋아라 예쁜 내 님아
아이 좋아라 예쁜 내 님아
아이 좋아라 아이 좋아라
예쁜 내 님 아이 좋아라
이리봐도 내 사랑 저리봐도 내 사랑
아이 좋아 아이 좋아라
당신께 사랑을 받기 위해
이 세상에 내가 왔어요
맞잡은 이 손 놓지 말아요
꼭 안아주세요
아이 좋아라 예쁜 내 님아
당신께 사랑을 받기 위해
이 세상에 내가 왔어요
맞잡은 이 손 놓지 말아요
꼭 안아 주세요
아이 좋아라 예쁜 내 님아"
슬픈화가의 눈물,833,진해성,"그리운님 보고플 때 화실에
홀로 앉아
지난 추억 생각하면서
당신을 그려봅니다
세월 흐르른 지금은
어떻게 변해있을까
추억만을 그리며 사는
슬픈 화가의 눈물
사무치게 그리울 때 화폭에
그린 얼굴은
그리워도 보고싶어도
만날 수 없는 옛 사랑
세월 흐르른 지금은
어떻게 변해있을까
추억만을 그리며 사는
슬픈 화가의 눈물"
삼각관계,892,진해성,"누군가 한 사람이
울어야 하는 사랑에
삼각형을 만들어놓고
기로에선 세 사람 세 사람
사랑을 고집하면 친구가 울고
우정을 따르자니
내가 우네 사랑이 우네
하필이면 왜 내가 너를
하필이면 왜 내가 너를
사랑했나 우는 세 사람
누군가 한 사람이
울어야 하는 사랑에
삼각형을 만들어놓고
기로에선 세 사람 세 사람
사랑을 고집하면 친구가 울고
우정을 따르자니
내가 우네 사랑이 우네
하필이면 왜 내가 너를
하필이면 왜 내가 너를
사랑했나 우는 세 사람
사랑했나 우는 세 사람"
책임져,229,강문경,"이렇게 만난 것도 인연인데
툭 한번 털어놔 봐요
날 어디까지 생각해요
혹시 애인이 있나요
외모가 뛰어난 건 아니지만
난 정말 괜찮은 남자
당신만 오케이 해 준다면
사랑에 빠지고 싶어
아 사랑의 꼭지점까지
얼마나 기다려야 해
내 사랑의 잠금 장치를
당신이 풀어놓은 거야
아 내 마음을
나도 몰라 책임져
그렇게 시작했던 사랑으로
내 곁에 와 있는 여자
지금도 나는 행복해요
당신의 남자라는 게
아 사랑의 꼭지점까지
얼마나 기다려야 해
내 사랑의 잠금 장치를
당신이 풀어놓은 거야
아 내 마음을
나도 몰라 책임져
그렇게 시작했던 사랑으로
내 곁에 와 있는 여자
지금도 나는 행복해요
당신의 남자라는 게
지금도 나는 행복해요
당신의 남자라는 게"
열두 줄,"1,009",정다경,"가슴을 뜯는 가야금 소리
달빛 실은 가야금 소리
한 줄을 퉁기면
옛님이 생각나고
또 한 줄을 퉁기면
술맛이 절로 난다
둥기 당기 둥기 당기당
둥기 당기 둥기 당기당
둥기 당기 둥기 당기당
둥기 당기 둥기 당기당
사랑 사랑 내 사랑아
어화 둥둥 내 사랑아
열두 줄 가야금에 실은 그 사연
어느 누가 달래 주리오
사랑 사랑 내 사랑아
어화 둥둥 내 사랑아
열두 줄 가야금에 실은 그 사연
어느 누가 달래 주리오
어느 누가 달래 주리오"
쉬운여자 아니랍니다 (Prod.권노해만),44,별윤하 (Byeol Youn Ha),"어머 쉬운 여자 아니랍니다
쉬운 여자 아니랍니다
내 맘에 쏙 들면 또 몰라도
그냥 한번 하는 맘으로
내 마음 떠보지는 마세요
쉬운 여자 아니랍니다
첫 눈에 반하면 또 몰라도
진실하지 못한 맘으로
사랑을 고백하진 마세요
눈웃음이 헤퍼 보여도
똑 부러지는 데가 있어요
내가 원래 매력은 좀 있지만
어머 어머 어머 어머
쉬운 여자 아니랍니다
울고 갈 진심이면 몰라도
오다가다 아는 여자로
내 번호 저장하지 마세요
쉬운 여자 아니랍니다
내 맘에 쏙 들면 또 몰라도
그냥 한번 하는 맘으로
내 마음 떠보지는 마세요
쉬운 여자 아니랍니다
첫 눈에 반하면 또 몰라도
진실하지 못한 맘으로
사랑을 고백하진 마세요
눈웃음이 헤퍼 보여도
똑 부러지는 데가 있어요
내가 원래 매력은 좀 있지만
어머 어머 어머 어머
쉬운 여자 아니랍니다
울고 갈 진심이면 몰라도
오다가다 아는 여자로
내 번호 저장하지 마세요
쉬운 여자 아니랍니다
울고 갈 진심이면 몰라도
안주거리 삼을 맘으로
추억을 만들자 곤 마세요
사랑을 만들자 곤 마세요"
자옥아,"1,298",황윤성,"자옥아 자옥아
내가 내가 못잊을 사람아
내 곁을 떠나간 그 사람 이름은
자옥 자옥 자옥이였어요
그사람 어깨엔 날개가 있어
멀리 멀리 날아갔어요
자옥아 자옥아
내가 내가 못잊을 사람아
자옥아 자옥아
내가 정말 사랑한 자옥아
자옥아 자옥아
내가 내가 못잊을 사람아
자옥아 자옥아
내가 정말 사랑한 자옥아
내 어깨 위엔 날개가 없어
널 찾아 못간다
내 자옥아
자옥아"
남자의 인생,"13,276",임영웅,"어둑어둑 해질 무렵
집으로 가는 길에
빌딩사이 지는 노을
가슴을 짜안하게 하네
광화문 사거리서 봉천동까지
전철 두 번 갈아타고
지친 하루 눈은 감고 귀는 반 뜨고
졸면서 집에 간다
아버지란 그 이름은
그 이름은 남자의 인생
그냥저냥 사는 것이
똑같은 하루하루
출근하고 퇴근하고
그리고 캔 맥주 한잔
홍대에서 버스타고 쌍문동까지
서른아홉 정거장
운 좋으면 앉아가고 아니면 서고
지쳐서 집에 간다
남편이란 그 이름은
그 이름은 남자의 인생"
훨훨훨,"2,949",장민호,"사랑도 부질없어 미움도 부질없어
청산은 나를 보고 말없이 살라 하네
버려라 훨훨 벗어 버려라 훨훨
사랑도 미움도 버려라 벗어라 훨훨훨
아 아 물같이 바람같이 살라 하네
탐욕도 벗어 놓고 성냄도 벗어 놓고
창공은 나를 보고 티없이 살라 하네
버려라 훨훨 벗어 버려라 훨훨
탐욕도 성냄도 버려라 벗어라 훨훨훨
아 아 물같이 바람같이 살라 하네
물같이 바람같이 살라 하네"
비익조,"5,392",이찬원,"혼자선 날수 없는 새
당신의 날개로 나는 새
두마음 한 몸 되어
날으는 새 비익조
여자라는 이름으로
다시 태어나
당신 곁에 둥지를 튼
꿈같은 세월
인생길 험한 길도
나는 나는 두렵지 않아
영원히 함께 할래요
당신과 함께 할래요
온 세상 다하도록
떨어져 못사는 나무
당신의 뿌리로 선 나무
두 가닥 한 몸 되어
크는 나무 연리지
여자라는 이름으로
다시 태어나
당신 곁에 둥지를 튼
꿈같은 세월
인생길 험한 길도
나는 나는 두렵지 않아
영원히 함께 할래요
당신과 함께 할래요
온 세상 다하도록
영원히 함께 할래요
당신과 함께 할래요
온 세상 다하도록"
떠날 수 없는 당신,"4,291",이찬원,"나를 너무 모르시는
모르시는 당신이여
짙은 안개 때문입니까 무심한 탓입니까
사랑에 눈먼 당신이기에
이 가슴 멍들기 전에
모두 다 잊고 모두 다 잊고
어디론가 떠나고 싶지만
미련이 많아 미련이 많아
떠날 수 없는 당신
나를 너무 모르시는
모르시는 당신이여
흐린 달빛 때문입니까
무심한 탓입니까
사랑에 귀먼 당신이기에
이 가슴 멍들기 전에
모두 다 잊고 모두 다 잊고
어디론가 떠나고 싶지만
너무 정들어 너무 정들어
떠날 수 없는 당신
떠날 수 없는 당신"
구름 같은 인생,119,임태경,"어디로 가야 하나
구름 같은 내 인생
바람이 부는 대로
흘러가네

산 위에 올라 보면
하늘은 더 높듯이
갈수록 멀어지는
나의 꿈들

아~ 이것이
세상이란 말인가
어릴 때 보았던
그 모습이 아니야

가슴 적시던
저 노을빛이
오늘은
나를 울리네

어디로 가야 하나
구름 같은 내 인생
바람이 부는 대로
흘러가네

아~ 이것이
세상이란 말인가
어릴 때 보았던
그 모습이 아니야

나를 울리네
바람이 부는 대로
흘러가네

멀어지는 나의 꿈
어디로 가야 하나
구름 같은 내 인생

어디로 가야 하나
구름 같은 내 인생
바람이 부는 대로 흘러
흘러가네"
국가대표,103,김소연,"그대가 국가대표야 (국가대표)
그대가 대표야
나의 대표야
환상의 최고 나의 대표야
바람이 불어도
눈비가 내려도
우산이 되어주던 그대는 (그대 그대)
내 생에 하나뿐인 둘도 없는 내 편
그대가 나의 최고
최고 대표야
사랑해 말이 찰져서
조곤조곤 말을 못해도
깊은 정 다 갖고 살아요
그대가 나의 최고
사랑하는 나의 최고
그대가 국가대표야 (대표야)
(국가대표)
그대가 국가대표야 (국가대표)
그대가 대표야
나의 대표야
환상의 최고 나의 대표야
바람이 불어도
눈비가 내려도
우산이 되어주던 그대는 (그대 그대)
내 생에 하나뿐인 둘도 없는 내 편
그대가 나의 최고
최고 대표야
사랑해 말이 찰져서
조곤조곤 말을 못해도
깊은 정 다 갖고 살아요
그대가 나의 최고
사랑하는 나의 최고
그대가 국가대표야 (대표야)
그대가 국가대표야 (대표야)
짜짜라짜짜"
그냥,14,정의송,"그냥 그대가 보고싶습니다

그냥 그대가 그립습니다

아무 이유가 없습니다

그냥 보고싶고 그립습니다



그대를 향한 내 사랑은

아무런 조건이 없습니다

그냥 보고싶어서

그냥 만나고 싶어서

마음이 찾아갑니다



어제도 그냥

오늘도 그냥

내일도 그냥 그냥요



그냥 그대를 좋아합니다

그냥 그대를 사랑합니다

아무 목적이 없습니다

그냥 그대를 그냥요"
혼술,243,최성수,"혼술도 인생입니다
그래서 한잔해요
산다는 것이 옆에
꼭 누가 있어야 하나 봐요
사랑이 떠나 가네요
세월도 또 가구요
정을 준 사람 마음 준 사람
술잔에 있어요
혼자 마신 술잔 위에
마주 앉은 내 그림자
가슴에 숨겨놓은 외로운 섬 하나
너무나 보고 싶어서
혼자 한잔 했답니다
술은 입으로 사랑은 눈에
하지만 그댄 없어요
혼술은 아프답니다
다정한 어깨 그리워요
산다는 것은 주거니 받고
기대며 사는 거래요
행복을 그려요 꿈에서도 당신과
나 한잔 당신 한잔
그대 눈동자에 건배
낮부터 내리는 비에
술 한 잔이 땡겼어요
행여 살다가 힘이 들 때는
노래나 부르자구요
인생은 짧고 술잔은 비고
나는 별을 마셔요"
회룡포,219,공훈,"내 것이 아닌 것을 멀리 찾아서
휘돌아 감은 그 세월이 얼마이더냐

물 설고 낯 설은 어느 하늘 아래
빈 배로 나 서있구나
채워라 그 욕심 더해가는
이 세상이 싫어 싫더라

나 이제 그 곳으로 돌아가련다
내 마음 받아주는 곳
아 어머니 품 속 같은 그 곳
회룡포로 돌아가련다

채워라 그 욕심 더해가는
이 세상이 싫어 싫더라

나 이제 그 곳으로 돌아가련다
내 마음 받아주는 곳
아 어머니 품 속 같은 그 곳
회룡포로 돌아가련다

회룡포로 돌아가련다"
물레야,368,김지애,"한밤이 지났느냐
돌아라 물레야
홀로타는 등불마저
쓸쓸한 밤을
너 아니면 나는 어떡해
하루이틀 기다린 님이
달이가고 해가가도
물레만 도네
기다려도 오지않는
무심한 님이시여
돌아가는 물레야

한밤이 지났느냐
돌아라 물레야
홀로타는 등불마저
쓸쓸한 밤을
너 아니면 나는 어떡해
하루이틀 기다린 님이
달이가고 해가가도
물레만 도네
기다려도 오지않는
무심한 님이시여
돌아가는 물레야"
우지마라 (Original Ver.),709,김양,"우지마라 우지마라 사랑이란 다 그런거다
저마다 아픈 사연 가슴에 묻고 살지
우지마라 우지를 말어라

우지마라 우지마라 사랑이란 다 그런거다
저마다 아픈 사연 가슴에 묻고 살지
미련일랑 남기지 말어라
정해진 운명이야 팔자라 거니
달려라 외길인생 후해는 없다
가지 많은 나무에 바람 잘 날 없구나
우지마라 우지를 말어라


묻지마라 묻지마라 인생이란 다 그런거다
가다가 힘이 들면 한번쯤 쉬어가지
미련일랑 남기지 말어라
정해진 운명이야 팔자라 거니
달려라 외길인생 후해는 없다
가지 많은 나무에 바람 잘 날 없구나
묻지마라 묻지를 말어라

정해진 운명이야 팔자라 거니
달려라 외길인생 후해는 없다
가지 많은 나무에 바람 잘 날 없구나
우지마라 우지를 말어라
우지마라 우지를 말어라...ご,.~ ㆀ"
이별노래,113,이동원,"떠나는 그대
조금만 더 늦게 떠나준다면
그대 떠난 뒤에도
내 그대를 사랑하기에
아직 늦지 않으리
그대 떠나는 곳
내 먼저 떠나가서
그대에 뒷모습에 깔리는
노을이 되리니
옷 깃을 여미고 어둠속에서
사람의 집들이 어두워지면
나 그대위해
노래하는 별이 되리니
난 그대
조금만 더 늦게 떠나준다면
그대 떠난 뒤에도
내 그대를 사랑하기에
아직 늦지 않으리
그대 떠나는 곳
내 먼저 떠나가서
그대에 뒷모습에 깔리는
노을이 되리니
옷 깃을 여미고 어둠속에서
사람의 집들이 어두워지면
나 그대 위해
노래하는 별이 되리니
난 그대
조금만 더 늦게 떠나준다면
그대 떠난 뒤에도
내 그대를 사랑하기에
아직 늦지 않으리"
한방이야,446,이도진,"인생에 두 번 세 번
쓰러진다해도 일어나면돼
어차피 인생은 한방이니까
세상 사는것이 힘들지만
오늘을 버티며 꿈을꿔봐
힘들던 어제를 돌아봐
그거 아무것도 아니야
내일을 바꾸기 위해선
오늘은 버텨내야만해
아픈 눈물에 쓰러져도 다시 일어나
인생은 한방 한방
한방이야 한방인거야
대박 대박 대박이야 대박일 거야
인생에 두 번 세 번
쓰러진다해도 일어나면돼
어차피 인생은 한방이니까
남은건 오로지 한방이야
어제의 눈물은 잊어버려
어두운 터널 끝에
비춰진 빛이 너를 기다리잖아
내일을 바꾸기 위해선
오늘은 노력해야만해
이노래 듣고있는
당신은 박차고 일어나
인생은 한방 한방
한방이야 한방인거야
대박 대박 대박이야 대박일 거야
인생에 두 번 세 번
쓰러 진다해도 일어나면돼
어차피 인생은 한방이니까
소리를 질러 질러
같이 질러보자 한방을 위해서
어차피 인생은 한방이니까 한방"
그대 오는 날,727,홍진영,"마음이 아려와요 눈물이 나를 적시고
온기가 맴돌아 보고싶어지면
멀리서 그댈 보곤 해
내 모든 걸 준대도 아깝지 않은 그대여
힘겨워말아요 내 손 잡아요
그대 오는 날을 기다릴게요
가슴이 저려 오네요 보고싶은데 어디에
내 어깨 기대 늘 곁에 있을게
내 손을 잡아요 그대
오늘 그대 생각에 나 홀로 밤을 지새고
힘겨워말아요 내 손 잡아요
그대 오는 날을 기다릴게요
내 맘의 그대 향기가 지금도 남아 흐르죠
내 어깨 기대 늘 곁에 있을게요
사랑을 내게 준 사람
가슴이 저려 오네요 보고싶은데 어디에
내 어깨 기대 늘 곁에 있을게
내 손을 잡아요 그대
사랑을 내게 준 사람"
여여 (如如),"1,309",양지은,"돌아보면 아쉬운 듯 살아가야지
살면은 그 얼마나 우리 산다고
일일희비 아등바등 그 세월속에
오늘도 우리 인생 분주로구나
가진 사람 못 가진 사람
애당초 무엇 하나 달랐더냐
있으면 있는대로
없으면 없는대로
살아가야지
좋으면 좋은 대로
싫으면 싫은 대로
우리 인생 여여지
오늘은 오늘이라 좋은 날이고
내일은 내일이라 좋은 날일세
마음속에 무거운 짐 던져 버리고
오늘도 웃음으로 살아나 보세
가진 사람 못 가진 사람
애당초 무엇하나 달랐더냐
있으면 있는대로
없으면 없는대로
살아가야지
좋으면 좋은 대로
싫으면 싫은 대로
우리 인생 여여지
좋으면 좋은 대로
싫으면 싫은 대로
우리 인생 여여지"
돼지토끼,685,김다현,"넌 돼끼돼끼해 또 말랑말랑해
니 냄새까지 너무나 사랑스러워
눈이 안보이게 웃으면
심장이 아프잖아
넌 토끼시끼해 또 뽀실뽀실해
니 뱃살까지 너무나 사랑스러워
젤리 같은 너 마냥 소중해
영원히 안아줄게
비 맞지마 두피 멍들라
내가 구름도 가려줄게
제발 밤에는 집에만 있어
번쩍번쩍 빛이 나니까
바람 불면 나가지도 마
날아갈리 없겠지만은
혹시나 고운 피부
바람에 아파할까 봐
넌 돼끼돼끼해 또 말랑말랑해
니 냄새까지 너무나 사랑스러워
눈이 안보이게 웃으면
심장이 아프잖아
넌 토끼시끼해 또 뽀실뽀실해
니 뱃살까지 너무나 사랑스러워
젤리 같은 너 마냥 소중해
영원히 안아줄게
늙어지면 지리산 가자
때론 많이 외롭겠지만
흑염소 키우면서
우리 둘이서 살까 봐
넌 돼끼돼끼해 또 말랑말랑해
니 냄새까지 너무나 사랑스러워
눈이 안보이게 웃으면
심장이 아프잖아
넌 토끼시끼해 또 뽀실뽀실해
니 뱃살까지 너무나 사랑스러워
젤리 같은 너 마냥 소중해
영원히 안아줄게
넌 그대로면 돼 또 있어주면 돼
내 목숨까지 다해서 사랑해 줄게
너를 만난 건 신의 한수야
하늘에 감사할게"
사랑의 해결사,351,윤준협,"사랑의 해결사 해결해 줄게
잡아 내 손을 잡아 지치고
힘이 들면 나를 불러줘
너의 눈빛 너의 말투 보고 싶은걸
알아 니 맘을 알아 외롭고
슬퍼지면 나를 찾아줘
감싸주고 안아주고 위로해줄게
사랑해 Love Me Love Me
내 안에 니가 있잖아
I Love You Kiss Me Kiss Me
세상에 둘도 없는 흑기사야
사뿐 사뿐 사뿐 사뿐 달려가
너풀 너풀 너풀 너풀 날아가
사랑 사랑 사랑 사랑 줄거야
감동을 줄거야
두리 두리 두리 두리 둘이서
사랑 할 거야
고민 고민 고민 고민 하지마
사랑의 해결사 해결해 줄게
사랑해 Love Me Love Me
내안에 니가 있잖아
I Love You Kiss Me Kiss Me
세상에 둘도 없는 흑기사야
사뿐 사뿐 사뿐 사뿐 달려가
너풀 너풀 너풀 너풀 날아가
사랑 사랑 사랑 사랑 줄거야
감동을 줄거야
두리 두리 두리 두리 둘이서
사랑 할거야
고민 고민 고민 고민 하지마
사랑의 해결사 해결해 줄게"
테리우스,169,은가은,"그대는 어디서 왔나요
밤하늘에 별을 타고 왔나요
그대의 눈속에 비쳐 난
한송이의 꽃이되어 춤을추네요
첫 눈빛에 바로 알았죠
이런걸 운명이라 하더라구요
한눈에 딱 한번에 딱
알아차렸죠
그대의 별같은 눈으로 나를 녹여줘
달같은 손으로 나를 감싸줘
꿈이라면 깨지말아줘요
나의 테리우스
테테테리 테테테리우스
테테테리 테테테리우스
테테테리 테테테리우스
테리우스
그대는 어디서 왔나요
밤하늘에 별을 타고 왔나요
그대의 눈속에 비쳐 난
한송이의 꽃이되어 춤을추네요
첫 눈빛에 바로 알았죠
이런걸 운명이라 하더라구요
한눈에 딱 한번에 딱
알아차렸죠
그대의 별같은 눈으로 나를 녹여줘
달같은 손으로 나를 감싸줘
꿈이라면 깨지말아줘요
나의 테리우스
테테테리 테테테리우스
테테테리 테테테리우스
테테테리 테테테리우스
테리우스
깜깜한밤 무섭지 않아요
그대처럼 밝은달이 나를 비춰요
그대가 마법을 부렸나요
나의 테리우스
테테테리 테테테리우스
테테테리 테테테리우스
테테테리 테테테리우스
테리우스"
남자는 말합니다,989,진해성,"여행 갑시다 나의 여자여
하나뿐인 나의 여자여
상처투성이
병이 들어 버린 당신
여행 가서
낫게 하리다
나란 사람 하나만 믿고
같이 살아온
바보같이 착한 사람아
남자는 말합니다
고맙구요 감사해요
오직 나만 아는 사람아
안아 봅시다 나의 여자여
하나뿐인 나의 여자여
고운 얼굴에 쓰여진
슬픈 이야기
오늘 밤에
지워 봅시다
나란 사람 하나만 믿고
같이 살아온
바보같이 착한 사람아
남자는 말합니다
고맙구요 감사해요
오직 나만 아는 사람아
오직 나만 아는 사람아"
너 때문에 살아 (2024 ver),35,후니용이,"너 때문에 살아 너 때문에 살아
너 없으면 안 되는 세상 힘든 세상을
영원히 내 곁에 있어 줘 나의 친구야
오해는 이해로 실망은 실수로 그렇게 생각해줘
사는 동안 내 곁에 있어 줘 나의 사랑아
사랑이 지치면 정 들은 맘으로 그렇게 살아가자
내 눈에 보이는 건 너 하나뿐이더라
내 맘에 보이는 건 너 하나뿐이야
너 때문에 살아 너 때문에 살아
너 없으면 안 되는 세상 힘든 세상을
영원히 내 곁에 있어 줘 나의 친구야
오해는 이해로 실망은 실수로 그렇게 생각해줘
사는 동안 내 곁에 있어 줘 나의 사랑아
사랑이 지치면 정 들은 맘으로 그렇게 살아가자
내 눈에 보이는 건 너 하나뿐이더라
내 맘에 보이는 건 너 하나뿐이야
너 때문에 살아 너 때문에 살아
너 없으면 안 되는 세상 힘든 세상을
너 때문에 살아 너 때문에 살아
너 없으면 안 되는 세상 힘든 세상을
너 때문에 살아"
아줌마,433,태진아,"아줌마 너무 좋아 볼수록 너무 좋아
꽃보다 아름다운 아줌마 정말 좋아
좋아 좋아 너무 좋아
아줌마가 너무 좋아
사는게 힘들어도 아줌마가 정말 좋아

아줌마 가는 길에 행복과 사랑주네
꽃보다 아름다운 아줌마 정말 좋아

아줌마 너무 좋아 볼수록 너무 좋아
꽃보다 아름다운 아줌마 정말 좋아
좋아 좋아 너무 좋아
아줌마가 너무 좋아
사는게 힘들어도 아줌마가 정말 좋아

아줌마 가는 길에 행복과 사랑주네
꽃보다 아름다운 아줌마 정말 좋아

아줌마 가는 길에 행복과 사랑주네
꽃보다 아름다운 아줌마 정말 좋아

( 아줌마가 너무 좋아... 좋아 )"
무명초,277,김지애,"남몰래 지는 꽃이
너무도 서러워
떨어지는 잎새마다
깊은사연 서리네
따스한 어느봄날
곱게도 태어나서
애꿎은 비바람에
소리없이 지는구나
아 지는 꽃도
한떨기 꽃이기에
웃으며 너는 가느냐
그 누가 그 이름을
무명초라 했나요
떨어지는 잎새마다
깊은사연 서리네
밤새워 피어나서
그 밤에 몰래지는
너무나 애처러워
많은 가슴 적시네
아 지는 꽃도
한떨기 꽃이기에
웃으며 너는 가느냐"
홍도야 울지마라,62,나훈아,"사랑을 팔고사는 꽃바람 속에
너혼자 지키려는 순정의 등불
홍도야 울지마라 오빠가 있다
아내의 나갈길을 너는 지켜라

구름에 쌓인 달을 너는 보았지
세상은 구름이요 홍도는 달빛
하늘이 믿으시는 내 사랑에는
구름을 걷어 주는 바람이 분다"
존재의 이유 3,360,김종환,"널 믿고 살아가도 괜찮겠니
이-험한 세상에 난 너와함께
이곳에서 살기 원했어
현실을 살아가는 내마음이
얼마나 힘든줄아니
날-기다리는 너의 맘도
무척 힘들꺼야

천년 보다 길고 긴 삼년동안
기다리다 가슴이 타버려도
왜 사랑했냐고 묻지는 않을거야
나보다 니가 더 힘들었을 테니까
현실에 길을 잃은 내 마음이
쓰러지지는 않아 또다시 우리가
만나는 날에 헤어지지 않을거야

천년 보다 길고 긴 삼년동안
기다리다 가슴이 타버려도
왜 사랑 했냐고 묻지는 않을거야
나보다 니가 더 힘들었을 테니까
현실에 길을 잃은 네 마음이
쓰러지지는 않아 또다시 우리가
만나는 날엔 헤어지지 않을거야"
미련때문에,94,최진희,"1.너무나 짧았던 만남이지만 진정으로 사랑했다오 돌아서는 나의` 두` 뺨위엔 눈물이` 흘러 내렸네 @언젠가는` 언젠가는 떠날`줄 알면서도 미련 때문에 미련 때문에 난 울고 말았다`오 ,,,,,,,,,,2. 사랑도 미움도 잊어야하`나 돌이킬 수 없는 그사랑 멀어져 가버린 우리의`사랑 추억만 남아 있겠지 언~~~오 , 언~~~오. (367)"
못잊어,461,패티김,"못잊어 못잊어 못잊을 사랑이라면

언제까지 당신 곁에 나를 버리고 살 것을



못잊어 못잊어 못잊을 슬픔이라면

사랑하는 당신 품에 돌아가서 안길 것을

낙엽진 가을의 눈물 눈에 덮인 긴 겨울밤

못잊어 못잊어 당신을 못잊어



못잊어 못잊어 못잊을 슬픔이라면

사랑하는 당신 품에 돌아가서 안길 것을

낙엽진 가을의 눈물 눈에 덮인 긴 겨울밤

못잊어 못잊어 당신을 못잊어"
사랑밖엔 난 몰라 (Original Ver.),"1,709",심수봉,"그대 내 곁에선 순간

그 눈빛이 너무 좋아

어제는 울었지만

오늘은 당신 땜에

내일은 행복할꺼야

얼굴도 아니 멋도 아니 아니

부드러운 사랑만이 필요했어요

지나간 세월 모두 잊어버리네

당신 없인 아무것도 이젠

할 수 없어

사랑밖엔 난 몰라

무심히 버려진 날 위해

울어 주던 단 한사람

커다란 어깨 위에

기대고 싶은 꿈을

당신은 깨지 말아요

이 날을 언제나 기다려 왔어요

서러운 세월만큼 안아 주세요

그리운 바람처럼 사라질까봐

사랑하다 헤어지면

다시보고 싶고

당신이 너무 좋아"
아내에게,"2,125",태진아,"그댄 평생을 모두 바쳐서
나만을 사랑해준 단 한 사람
그 마음이 너무 깊어서
이제껏 못 봤나 보오
이제 내가 그대를 위해서
지난 날 갚으려 하는데
뭐가 그리 그대는 바쁜지
이 사랑을 이 사랑을 떠나려 하오
내 하나의 사랑 그댄 나의 전분데
누구도 대신할 수 없는 그대인데
내 가슴이 무너져 내 가슴이 찢어져
그대를 볼 수가 없는데
그대를 놓을 수가 없는데
그래 그댄 힘들었을 거야
내 모든 걸 다 받아 주었었잖아
그대 없이 나 혼자 어떻게
이 세상을 이 세상을 살아가라고
내 하나의 사랑 그댄 나의 전분데
누구도 대신할 수 없는 그대인데
내 가슴이 무너져 내 가슴이 찢어져
그대를 볼 수가 없는데
사랑한다고 사랑한다고 널 사랑한다고
내 하나의 사랑 그댄 나의 전분데
누구도 대신할 수 없는 그대인데
내 가슴이 무너져 내 가슴이 찢어져
그대를 볼 수가 없는데
그대를 놓을 수가 없는데"
비비각시,"1,239",서정아,"이 세상 끝나는 그 끝에서라도
당신을 기다릴께요
한번 맺은 인연을
어찌 저버릴까요
처음 느낌 그대로
내 가슴에 남아 있는데
우리들의 만남은 우연이 아니에요
서로 간절히 원한
열망으로 이뤄진거죠
세상이 우리를 갈라 놓아도
난 비비각시 되어
이 세상 끝나는 그 끝에서라도
당신을 기다릴테요
오로지 당신만이
내가 사는 이유입니다
영원히 영원히
세상이 우리를 갈라 놓아도
난 비비각시 되어
이 세상 끝나는 그 끝에서라도
당신을 기다릴테요
오로지 당신만이
내가 사는 이유입니다
영원히 영원히 영원히 영원히"
남자라 울지 못했다,267,나훈아,"가슴이 아프지만 아무렇지 않은 듯
웃으며 너를 보냈지만
그 웃음은 거짓이었다
잘가라 행복해라 멋진 말은 다 했지만
아냐 아냐 그것은 아냐
남자라 울지 못했다
놓치긴 싫자마는 붙잡기도 싫어
안녕 하면서 내민 손은
자존심의 오기였다
잘 살아 아프지마 여유있는 척 했지만
아냐 아냐 그것은 아냐
남자라 울지 못했다
아냐 아냐 그것은 아냐
남자라 울지 못했다"
러브레터,508,강예슬,"구름에 달빛 가린 캄캄한 밤에
나 홀로 잠 못 들어요
당신 앞에 자신이 없어
몰래 편지를 써요
사랑에 까막눈인데 내가 왜 이럴까
몰라요 나도 몰라요 울고만 싶어
아무리 써 봐도 자꾸만 보아도
뭔가 빠졌어
사랑해요 I love you 그 한마디가
아 얄미운 사람
사랑에 까막눈인데 내가 왜 이럴까
몰라요 나도 몰라요 울고만 싶어
아무리 써 봐도 자꾸만 보아도
뭔가 빠졌어
사랑해요 I love you 그 한마디가
아 얄미운 사람
얄미운 사람"
남자는 말합니다,"14,311",임영웅,"여행갑시다 나의 여자여
하나 뿐인 나의 여자여
상처투성이 병이 들어 버린 당신
여행가서 낫게 하리다
나란 사람 하나만 믿고 살아온
바보 같이 착한 사람아
남자는 말합니다 고맙구요 감사해요
오직 나만 아는 사람아
안아봅시다 나의 여자여
하나뿐인 나의 여자여
고운 얼굴의 쓰여진 슬픈 이야기
오늘 밤에 지워 봅시다
나란 사람 하나만 믿고 같이 살아온
바보같이 착한 사람아
남자는 말합니다 고맙구요 감사해요
오직 나만 아는 사람아"
산다는 건,"6,066",이찬원,"산다는 건 다 그런 거래요
힘들고 아픈 날도 많지만
산다는 건 참 좋은 거래요
오늘도 수고 많으셨어요
어떻게 지내셨나요
오늘도 한잔 걸치셨나요
뜻대로 되는 일 없어
한숨이 나도 슬퍼마세요
어느 구름속에
비가 들었는지 누가 알아
살다보면 나에게도
좋은 날이 온답니다
산다는 건 다 그런 거래요
힘들고 아픈 날도 많지만
산다는 건 참 좋은 거래요
오늘도 수고 많으셨어요
옆집이 부러운가요
친구가 요즘 잘나가나요
남들은 다 좋아 보여
속상해져도슬퍼마세요
사람마다 알고 보면
말 못할 사연도 많아
인생이 별거 있나요
거기서 거기인거지
산다는 건 다 그런 거래요
힘들고 아픈 날도 많지만
산다는 건 참 좋은 거래요
오늘도 수고 많으셨어요
산다는 건 다 그런 거래요
세상일이란 알 수 없지만
산다는 건 참 멋진 거래요
모두가 내일도 힘내세요"
신 사랑고개,"4,036",김희재,"미아리 눈물고개 님이 넘던 이별고개
아주 오래전에 미아리고개
울며불며 매달리던 눈물고개
오늘날에 현재 미아리고개
갈테면 가라지 냅두는 고개
내가 뭐 잡을 줄 아니
천만의 만만의 콩떡
여자답게 상냥하게 보내는 거야
미아리 눈물고개 니가 떠난 이별고개
니가 없어도 여자는 많아
갈테면 어서 가라지
행여 나에게 돌아올 생각
꿈에도 하지 말아줘
아주 오래전에 미아리고개
울며불며 헤어지던 눈물고개
오늘날에 현재 미아리고개
갈테면 가라지 냅두는 고개
내가 뭐 잡을줄 아니
천만의 만만의 콩떡
남자답게 깔끔하게 보내는 거야
미아리 눈물고개 니가 떠난 이별고개
니가 없어도 남자는 많아
갈테면 어서 가라지
행여 나에게 연락할 생각
꿈에도 하지 말아줘
행여 나에게 돌아올 생각
꿈에도 하지 말아줘
닐리리 닐리리 닐니리"
친구야,152,이자연,"사랑한다 친구야
정말 정말 사랑한다
지난날을 생각하면
잊을 수가 없구나
비가 오나 눈이 오나 바람 불어도
함께했던 나날들
친구야 사랑한다
정말 정말 사랑한다
세월 가도 변치않을
고마운 내 친구
사랑한다 친구야
정말정말 사랑한다
아련했던 지난날이
내 가슴을 여민다
기쁠 때나 슬플 때나 괴로울 때도
함께했던 나날들
친구야 사랑한다
정말 정말 사랑한다
남은 세월 변함없이
함께 가자 친구야
남은 세월 변함없이
함께 가자 친구야
함께 가자 친구야"
안동역에서,294,신승태,"안 오는 건지 못 오는 건지
오지 않는 사람아
기다리는 내 마음만 녹고 녹는다
밤이 깊은 안동역에서
바람에 날려버린
허무한 맹세였나
첫눈이 내리는 날
안동역 앞에서
만나자고 약속한 사람
새벽부터 오는 눈이
무릎까지 덮는데
안 오는 건지 못 오는 건지
오지 않는 사람아
안타까운 내 마음만 녹고 녹는다
기적소리 끊어진 밤에
어차피 지워야 할
사랑은 꿈이었나
첫눈이 내리는 날
안동역 앞에서
만나자고 약속한 사람
새벽부터 오는 눈이
무릎까지 덮는데
안 오는 건지 못 오는 건지
대답 없는 사람아
기다리는 내 마음만 녹고 녹는다
밤이 깊은 안동역에서
기다리는 내 마음만 녹고 녹는다
밤이 깊은 안동역에서
밤이 깊은 안동역에서"
부산 갈매기,969,양지은,"지금은 그 어디서
내 생각 잊었는가
꽃처럼 어여쁜 그 이름도
고왔던 순이 순이야
파도치는 부두가에
지나간 일들이 가슴에 남았는데
부산 갈매기 부산 갈매기
너는 정녕 나를 잊었나
지금은 그 어디서
내 모습 잊었는가
꽃처럼 어여쁜 그이름도
고왔던 순이 순이야
그리움이 물결치면
오늘도 못 잊어
내 이름 부르는데
부산 갈매기 부산 갈매기
너는 벌써 나를 잊었나"
내 하나의 사람은 가고,"8,082",영탁,"너를 보내는 들판에
마른 바람이 슬프고
내가 돌아선 하늘엔
살빛 낮달이 슬퍼라
오래도록 잊었던
눈물이 솟고
등이 휠 것 같은
삶의 무게여
가거라 사람아
세월을 따라
모두가 걸어가는
쓸쓸한 그 길로
사람아 사람아
내 하나의 사람아
사람아 사람아
내 하나의 사람아
이 늦은 참회를
너는 아는 지
모두가 걸어가는
쓸쓸한 그 길로
쓸쓸한 그 길로"
부자 (父子),"3,083",김희재,"늘 등 뒤에 서서
남몰래 눈물 흘리며
텅 빈 마음 달래 준 것은
빈 잔 가득 눈물이었네
강물처럼 흘러간
내 인생 돌아보니
젊음은 기울어가고
주름만이 남았구나
청춘 바쳐 아들딸만 바라보다
멍들어버린 당신의 마음
난 괜찮다 난 괜찮아
속삭이던 아버지
그 시절 그때 어린아이는
몰랐어요 아버지 마음
어느새 많이 야위어버린
그 모습에 가슴 아파요
내 볼 어루만지며
하루 설움 삼키네
어젯밤도 오늘 밤도
너를 보며 버티는구나
청춘 바쳐 아들딸만 바라보다
멍들어버린 당신의 마음
난 괜찮다 난 괜찮아
속삭이던 아버지
그 시절 그때 어린아이는
몰랐어요 아버지 마음
어느새 많이 야위어버린
그 모습에 가슴 아파요"
콩닥콩닥,37,최향,"왜그런지 콩닥 콩닥 콩닥
나도 몰래 두근 두근 두근
우리 둘은 어차피 정말 천생연분

가슴에 새긴 분홍빛 편지
내 얼굴에 불태우네요

다시 만난 님 설레이네요
내 가슴이 콩닥 콩닥 콩

이렇게 내 마음 두근두근 설레이네요
사랑의 불씨를 지펴요

왜그런지 콩닥 콩닥 콩닥
나도 몰래 두근 두근 두근
내 마음이 미칠 것처럼 터질 것 같아

나도 모르게 어쩔 수 없는 인연
우리 둘은 어차피 정말 천생연분

이렇게 내 마음 두근두근 설레이네요
사랑의 불씨를 지펴요

왜그런지 콩닥 콩닥 콩닥
나도 몰래 두근 두근 두근
내 마음이 미칠 것처럼 터질 것 같아

왜그런지 콩닥 콩닥 콩닥
나도 몰래 두근 두근 두근
내 마음이 미칠 것처럼 터질 것 같아

나도 모르게 어쩔 수 없는 인연
우리 둘은 어차피 정말 천생연분
우리 둘은 어차피 정말 천생연분"
목련,184,강예슬,"말이라도 한번 해볼것을
스치듯 스쳐버린 인연인가요
먼발치서 눈에 한번 담아본 그대
그것이 우리 인연 전부인가요
하얀 목련꽃 눈처럼 피던어느날
아지랑이 오솔길 따라 멀어져간 그대
한해 두해 서해 이젠 헤아릴수 없네요
아니란 것도 알아요
해가 바껴도 목련꽃피면
그대 모습 그리워져요
하얀 목련꽃 눈처럼 피던어느날
아지랑이 오솔길 따라 멀어져간 그대
한해 두해 서해 이젠 헤아릴수 없네요
아니란 것도 알아요
해가 바껴도 목련꽃피면
그대 모습 그리워져요
그대 모습 그리워져요"
교차로에서,439,안성훈,"멈춰버렸습니다
저 빨간 신호등 앞에
당신이 내려 주신 교차로에서
난 그냥 서있습니다
잘 가라고 하시니
이대로 가야겠지요
보내야 하는 마음
알고 있지만
왜 이리 서러운가요
그대는 어디로 가십니까
나는 갈 곳도 모르는데
그대라는 그 길 위에 남겨져
한참을 그냥 바라봅니다
하염없이 흐르는
눈물의 교차로에서
잘 가라고 하시니
이대로 가야겠지요
보내야 하는 마음
알고 있지만
왜 이리 서러운가요
그대는 어디로 가십니까
나는 갈 곳도 모르는데
그대라는 그 길 위에 남겨져
한참을 그냥 바라봅니다
하염없이 흐르는
눈물의 교차로에서
눈물의 교차로에서"
내 가슴에 내리는 비,215,조용필,"아무도 미워하지 않았고
외로움도 주지 않았는데
오늘 내 가슴에 쏟아지는 비
누구의 눈물이
비 되어 쏟아지나
어제 나는 사랑에 젖고
오늘 나는 비에 젖네
바람 한점 옷깃을 스쳐도
상처받는 이 가슴이
오늘은 비에 젖고
외로움에 젖네
어제 나는 사랑에 젖고
오늘 나는 비에 젖네
바람 한점 옷깃을 스쳐도
상처받는 이 가슴이
오늘은 비에 젖고
외로움에 젖네"
1.2.3.4 (Ver.1),542,박윤경,"1 일생에 단 한번
당신이란 사람을 만나
아픔 나누며 웃음 나누며
정말 행복해요
2 이 많은 사랑을
죽어서도 받고 싶어요
하루하루 보내는 마음
일년이 하루 같아요
3 삼백년에 한번 핀
무명초가 된다해도
그대 눈에 꽃이 되어
사랑만 받고 싶어요
사랑해요 영원히 사랑해요 영원히
사랑 사랑 사랑 사랑
영원한 내 사랑아
1 일생에 단 한번
당신이란 사람을 만나
아픔 나누며 웃음 나누며
정말 행복해요
2 이 많은 사랑을
죽어서도 받고 싶어요
하루하루 보내는 마음
일년이 하루 같아요
3 삼백년에 한번 핀
무명초가 된다해도
그대 눈에 꽃이 되어
사랑만 받고 싶어요
사랑해요 영원히 사랑해요 영원히
사랑 사랑 사랑 사랑
영원한 내 사랑아
사랑해요 영원히 사랑해요 영원히
사랑 사랑 사랑 사랑
영원한 내 사랑아
사랑해요 영원히 사랑해요 영원히
사랑 사랑 사랑 사랑
영원한 내 사랑아
사랑 사랑 사랑 사랑
영원한 내 사랑아
1 2 3 4"
니가 왜 거기서 나와 (Inst.),"7,840",영탁,"어디야
집이야 피곤해서 일찍 자려구
아 그래 잠깐 볼랬더니
오늘 피곤했나 보네 언능 자
어 끊어
근데 니가
니가 왜 거기서 나와
니가 왜 거기서 나와
사랑을 믿었었는데
발등을 찍혔네
그래 너 그래 너 야 너
니가 왜 거기서 나와
피곤하다 하길래
잘자라 했는데
혹시나 아픈건가
걱정도 했는데
뭐하는데
여기서 뭐하는데
도대체
너네집은 연신내
난 지금 강남에
시끄런 클럽을
무심코 지나는데
이게 누구십니까
니가 왜 거기서 나와
니가 왜 거기서 나와
내 눈을 의심해보고
보고 또 보아도
딱봐도 너야
오마이 너야
니가 왜 거기서 나와
니가 왜 거기서 나와
사랑을 믿었었는데
발등을 찍혔네
그래 너 그래 너 야 너
이런건 사랑이 아냐
노는 남자 싫다매
술은 못한다매
그것 땜에 나는 다
끊어버렸는데
지금 넌 왜
혀가 꼬이는 건데
도대체
근데 지금 니 옆에
이 남잔 누군데
교회 오빠하고
클럽은 왜 왔는데
너네 집 불교잖아
니가 왜 거기서 나와
니가 왜 거기서 나와
내 눈을 의심해보고
보고 또 보아도
딱봐도 너야
오마이 너야
니가 왜 거기서 나와
니가 왜 거기서 나와
사랑을 믿었었는데
발등을 찍혔네
그래 너 그래 너 야너
이런건 사랑이 아냐
그래 너 그래 너 야너
니가 왜 거기서 나와"
바다의 왕자,"4,072",정동원,"다시 돌아온 바닷가
왠지 그녀도 왔을까
여기 저기 둘러 보아도
부서지는 파도소리만
뚱보 아이스크림 아저씨
혹시 그녈 보셨나요
쭉쭉빵빵 날씬한 다리
그녈 찾아주세요
새까만 선글라스에
하늘색 물들인 머리
널 따라 내 머리도 노랑 브릿지
이름도 성도 몰라요
용기로 훔친 첫 키스
수줍었던 그녀 얼굴 떠오르네요
혹시 그녀가 왔을까
고래고래 불러봤지만
빤짝 대머리 아저씨
자길 불렀냐고 되묻고
세 겹 뱃살 접힌 아줌마
여긴 목욕탕이 아니에요
재발 때 좀 밀지 마세요
그녀가 달아나요
새까만 선글라스에
하늘색 물들인 머리
널 따라 내 머리도 노랑 브릿지
이 여름 그녀 없으면
물 없는 사막이에요
앵두 같은 그녀 입술
보고싶어요
나는야 바다에 왕자
당신은 해변에 여자
하지만 너 없이 난 해변의 환자
기적이 일어난거죠
그녀가 찾아왔어요
만세삼창 올 여름은 감동의 바다"
인생은 순리대로,75,반가희,"에헤라 디여라 에헤라 디여라
사랑하며 잘살아보세
사랑하다 미워하다
울다가도 웃는 인생길
아등바등 살다 보니
어느새 이 나이라네
빈손으로 왔어도 잘만 사는데
가져갈 것 없는 인생
무얼 그리 욕심내나
어차피 두고 갈 걸
인생은 순리대로
사랑하며 살아가 보세
이리 왔다 저리 갔다
부딪히며 사는 인생길
아등바등 살다 보니
어느새 이 나이라네
빈손으로 왔어도 잘만 사는데
가져갈 것 없는 인생
무얼 그리 욕심내나
어차피 두고 갈 걸
인생은 순리대로
사랑하며 살아가 보세
빈손으로 왔어도 잘만 사는데
가져갈 것 없는 인생
무얼 그리 욕심내나
어차피 두고 갈 걸
인생은 순리대로
사랑하며 살아가 보세
사랑하며 잘살아 보세"
속초항 뱃머리,102,신승태,"속초항 뱃머리에서
설악산 단풍잎이
붉기가 몇 번이며
해당화 진달래가
피고 지기 얼마인가
하루 가고 한달 가고
몇 해가 흘렀건만
돌아온단 그 약속을
당신은 잊었나요
아 바라봅니다
저 바다만 바라봅니다
속초항 뱃머리에서
행여나 꿈에 볼까
단잠을 청해봐도
그대 얼굴 떠올라서
이 한밤을 지샙니다
하루 가고 한달 가고
몇 해가 흘렀건만
돌아온단 그 약속을
당신은 잊었나요
아 바라봅니다
저 바다만 바라봅니다
돌아온단 그 약속을
당신은 잊었나요
아 바라봅니다
저 바다만 바라봅니다
속초항 뱃머리에서"
촉이와요 (I have a feeling),243,홍지윤,"촉이 와요 촉이 와 딱 촉이 와요
단번에 알 수 있어요
촉이 와요 촉이 와 딱 촉이 와요
만날 사람은 꼭 만나요

왠지 내 사람이라는 느낌이 들어요
놓치면 후회할 거야
왠지 내 운명이라는 예감이 들어요
사랑이 이런 건가요

내가 좋은 사람이 되면
좋은 사람이 내게 와요

촉이 와요 촉이 와 딱 촉이 와요
단번에 알 수 있어요
촉이 와요 촉이 와 딱 촉이 와요
만날 사람은 꼭 만나요

왠지 내 사람이라는 느낌이 들어요
놓치면 후회할 거야
왠지 내 운명이라는 예감이 들어요
사랑이 이런 건가요

내가 좋은 사람이 되면
좋은 사람이 내게 와요

촉이 와요 촉이 와 딱 촉이 와요
단번에 알 수 있어요
촉이 와요 촉이 와 딱 촉이 와요
만날 사람은 꼭 만나요

만날 사람은 꼭
만나요"
존재의 이유 1,432,김종환,"언젠가는 너와 함께 하겠지
지금은 헤어져 있어도
네가 보고 싶어도
참고 있을뿐이지
언젠간 다시 만날테니까
그리 오래 헤어지진 않아
너에게 나는 돌아갈거야
모든걸 포기하고
네게 가고싶지만
조금만 참고 기다려줘
알 수 없는
또 다른 나의 미래가
나를 더욱 더 힘들게 하지만
니가 있다는 것이
나를 존재하게해
니가 있어 나는
살 수 있는거야
조금만 더 기다려
네게 달려갈테니
그때까지 기다릴수 있겠니
그래 다시 시작하는거야
조금 늦는다고
바뀌는건 없겠지
남자란 때론 그 무엇을 위해서
모든것을 버릴때도 있는거야
넌 이해 할 수 있겠지
정말 미안해 널 힘들게해서
하지만 너무 슬퍼는 하지마
너의곁엔 항상 내가 있을테니까
우리의 미래를 위해
슬퍼도 조금만 참아줘
내가 이렇게
살아 갈 수 있는 이유는
니가 있기 때문이야
널 사랑해
저녁 늦게 나는 잠이 들었지
너를 생각할 시간도 없이
너무나 피곤해서
쓰러져 잠이 들었지
난 왜 이렇게 사는거야
눈을 뜨면 또 하루가 가고
내 손엔 작은 너의 사진뿐
너를 다시 만나면
꼭 안고 놓지 않으리
헤어져 있던 시간만큼
알 수 없는
또 다른 나의 미래가
나를 더욱 더 힘들게 하지만
니가 있다는 것이
나를 존재하게해
니가 있어 나는
살 수 있는거야
조금만 더 기다려
네게 달려갈테니
그때까지 기다릴수 있겠니
조금만 더 기다려
네게 달려갈테니
그때까지 기다릴수 있겠니"
안개 그림자,153,김범룡,"마른 풀잎이
바람에 날려
안개같은 슬픔이어라
오늘도 내게
다가온 얼굴
잠들지 않는 환상인가
머물지 못할 바람이라면
뜨거운 불길 지피지마
사랑한다고
왜 말못하고
견딜 수 없는
외로움 주나
이토록 추운 만남이라면
차라리 내게 오지나 말지
우린 눈물로
바라만 보는
너와 나는
안개 그림자

머물지 못할 바람이라면
뜨거운 불길 지피지마
사랑한다고
왜 말못하고
견딜수 없는
외로움 주나
이토록 추운 만남이라면
차라리 내게 오지나 말지
우린 눈물로
바라만 보는
너와 나는 안개 그림자
너와 나는 안개 그림자
너와 나는
안개 그림자"
가을을 남기고 간 사랑,510,패티김,"가을을 남기고 떠난 사람
겨울은 아직 멀리 있는데
사랑할 수록 깊어가는 슬픔에
눈물은 향기로운 꿈이었나

당신의 눈물이 생각날 때
기억에 남아 있는 꿈들이
눈을 감으면 수많은 별이 되어
어두운 밤하늘에 흘러가리

아 그대 곁에 잠들고 싶어라
날개를 접은 철새처럼
눈물로 쓰여진 그 편지는
눈물로 다시 지우렵니다
내 가슴에 봄은 멀리 있지만
내 사랑 꽃이 되고 싶어라

아 그대 곁에 잠들고 싶어라
날개를 접은 철새처럼
눈물로 쓰여진 그 편지는
눈물로 다시 지우렵니다
내 가슴에 봄은 멀리 있지만
내 사랑 꽃이 되고 싶어라"
여러분,475,류계영,"바라만 봐도 좋은 사람

생각만 해도 좋은 사람

지금까지 혼자 살아온 세월이

아깝다는 생각을 하게

만들어준 사람



어디서 무얼 하다 이제사 나타나

내 모든 걸 송두리 체 흔드네

사랑이 무언지 정이 무언지

뜨겁게 가르쳐 주며

이렇게 말하는 가슴 떨리게

나만 나만 사랑한다 말하네

이 말을 믿어도 될까요

여러분 여러분"
잘있거라 공항이여,264,문주란,"안개 내린 김포공항
가로등도 내마음같이
떠나가는 그사람을
아쉬워 하네
수많은 사연들을
안개속에 묻어버리고
웃으면서 보내리라
잘있거라 공항이여

이슬내린 활주로에
그사람을 멀리보내고
돌아서는 이발길은
한없이 무겁구나
졸고있는 가로등아
너와나는 친구되어
그리우면 찾아오리라
잘있거라 공항이여"
울엄마,509,박상철,"먼 고향 울엄마 고향
괜스레 눈물이 나요
살아 생전 불효한 자식
못난 자식 걱정에
정안수 떠놓고 잘되라고 빌던
울엄마 그 품속 그리워라
해 뜨고 까치가 울면
싸리문 바라보며
살아 생전 불효한 자식
못난 자식 걱정에
정안수 떠놓고 잘되라고 빌던
울엄마 그 품속 그리워라
먼 고향 울엄마 고향
괜스레 눈물이 나요
살아 생전 불효한 자식
못난 자식 걱정에
정안수 떠놓고 잘되라고 빌던
울엄마 그 품속 그리워라"
너는 내남자,"18,743",임영웅,"꽉낀 청바지 갈아입고
거리에 나섰다
오늘따라 보고 싶어
너무나 보고 싶어
그 까페를 찾아갔지만
너의 모습은 보이지 않았어
너를 의식 못한 내 방식대로
사랑한 탓으로
왠지 너를 놓칠것 같은
예감 때문에
돌아오는 길이
난 무척 힘들었어
아들 미워도 한눈 팔지마
엄마는 내여자
그래도 언제나 엄마는 내여자
다시 한 번 마음돌려
내게로 돌아와
오늘따라 보고 싶어
너무나 보고 싶어
그 까페를 찾아갔지만
너의 모습은 보이지 않았어
너를 이해 못한 내 방식대로
사랑한 탓으로
왠지 너를 놓칠것 같은
예감 때문에
돌아오는 길이
난 무척 힘들었어
아들 미워도 한눈 팔지마
엄마는 내여자
그래도 언제나 엄마는 내여자
너를 의식 못한 내 방식대로
사랑한 탓으로
왠지 너를 놓칠것 같은
예감 때문에
돌아오는 길이
난 무척 힘들었어
아들 미워도 한눈 팔지마
엄마는 내 여자
그래도 언제나 엄마는 내 여자"
모르는데 어떻게 가요,115,나휘,"나는 몰라요 어디로 가야할지
당신의 마음으로 가는 길
물어 보아도 애원해봐도
당신은 웃음만 짓네
설레이는 이 내 가슴 갈 곳을 잃어
이리저리 둘러보아도
당신만한 사람이 이 세상엔 없는데
어디로 가야 될까요
모르는데 어찌가오
내게 말해주면 뛰어갈텐데
누구없소 말해 줄 이
그대 마음속으로 가는 길
모르는데 어떻게 가요
말해 주세요 어디로 가야할지
당신의 마음으로 가는 길
보물을 찾듯 찾으려해도
님 길은 보이지 않네
설레이는 이 내 가슴 갈 곳을 잃어
이리저리 둘러보아도
당신만한 사람이 이 세상엔 없는데
어디로 가야 될까요
모르는데 어찌가오
내게 말해주면 뛰어갈텐데
누구없소 말해 줄 이
그대 마음속으로 가는 길
모르는데 어찌가오
내게 말해주면 뛰어갈텐데
누구없소 말해 줄 이
그대 마음속으로 가는 길
모르는데 어떻게 가요"
간대요 글쎄,322,신승태,"가야 한대요
가야 한대요
이 한잔 커피를 마시고 나면
처음으로 돌아가야 한대요
자기밖에 모르도록
모르도록 만들어 놓고
남의 사람 되려고 간대요 글쎄
남의 사람 되려고 간대요 글쎄
싸늘한 커피잔에 이별을 남기고
돌아가야 한대요
가야 한 대요
글쎄 간대요
글쎄 간대요
이 한잔 커피를 마시고 나면
타인으로 돌아가야 한대요
자기밖에 모르도록
모르도록 만들어놓고
남의 사람 되려고 간대요 글쎄
남의 사람 되려고 간대요 글쎄
텅 빈 커피잔에 눈물을 남기고
글쎄 가야 한대요
글쎄 가야 한대요"
가야한다면,595,황윤성,"가야 한다면 어차피 가야 한다면
나는 나만의 길을 가겠소
너는 너대로 나는 나대로
나는 나대로 너는 너대로
어차피 가는 길이 다른 것을
때로는 돌아가 보고
가끔은 쉬었다 가더라도
결국엔 살다가보면
같은 곳을 향하는 것을
가야 한다면 어차피 가야 한다면
나는 나만의 길을 가겠소
너는 너대로 나는 나대로
나는 나대로 너는 너대로
어차피 가는 길이 다른 것을
가야 한다면 어차피 가야 한다면
나는 나만의 길을 가겠소
너는 너대로 나는 나대로
나는 나대로 너는 너대로
어차피 가는 길이 다른 것을
때로는 돌아가 보고
가끔은 쉬었다 가더라도
결국엔 살다가 보면
같은 곳을 향하는 것을
가야 한다면 어차피 가야 한다면
나는 나만의 길을 가겠소
너는 너대로 나는 나대로
나는 나대로 너는 너대로
어차피 가는 길이 다른 것을
어차피 가는 길이 다른 것을"
무슨 사랑,865,최수호,"다 거짓말이야 모두 다 거짓말이야
여린 내 가슴에
(여린 내 가슴에)
속삭이던 말도
(속삭이던 말도)
모두 다 거짓말이야
내 가슴에 아픈 상처 주고 갈 거면서
저만 혼자 달아 날 거면서
사랑은 무슨 사랑 철없던 불장난
사랑한다 했니
(사랑한다 했니)
영원하자 했니
(영원하자 했니)
이 나쁜 거짓쟁이야
이 나쁜 거짓쟁이야"
자꾸만 그대 생각나,60,류지광,"1년이 지났는데도
왜 자꾸 생각나는지
한숨이 아픔이 되어
그대를 잊지 못하네
처음에 그댈 만나서
너무도 설레였다가
그렇게 사랑을 하고
헤어져 또 아파하고
죽을 것 같이 숨이 안 쉬어질 때
너무 울어서 눈이 부었을때
잊자 잊어 그렇게 다짐해도
또 다시 널 그리워하는 나
안되나봐 너 없인 난 안되나봐
난 너무 바보 같아서
자꾸만 그대 생각나
죽을것 같이 숨이 안 쉬어질때
너무 울어서 눈이 부었을때
잊자 잊어 그렇게 다짐해도
또 다시 널 그리워하는 나
안되나봐 너 없인 난 안되나봐
난 너무 바보 같아서
자꾸만 그대 생각나
시간에만 의지하던 나였지만
마치 어제 헤어진 듯
자꾸만 그대 생각나"
슬픈 미소,264,조용필,"돌아서면 잊혀질까
세월가면 잊을 수 있을까
슬픔은 흘러 흘러 가슴을 적시네
장미꽃 피는 날엔
돌아오마던 당신
여울지는 꿈속에서
그 미소를 찾아 헤맸지
가버리면 잊혀질까
눈 감으면 잊을 수 있을까
서러움은 물들어 가슴을 적시네
장미꽃 피는 날엔
돌아오마던 당신
여울지는 꿈속에서
그 미소를 찾아 헤맸지"
슬픔의 심로,151,김학래,"낙엽이 외로이 떨어지는건
두 사람이 헤어지는건
슬프기 때문에
눈물을 흘려요
두사람이 흘려요
우린 헤어질수 없기 때문에
창밖에는 비가 내려요
두 사람은 우산도 안썼네요
헤어지기 맘이 아파
비를 맞아요 고개를 숙여요
우린 둘만이 사랑하기 때문에
이 시간이 지나고
또 지나 햇살이 비추면
온 마음을 열고 나그네가 되어요
뜨거운 마음으로
눈물을 적셔요 슬픔을 적셔요
이제 뒤돌아 서서 고개를 들어요
때론 슬픔이 아파 어쩔줄 모르고
이룰 수 없는 순간 늘 그렸어요
정다웠고 정다웠던
지난날의 이야기 속에
우리 이제는 떠나야 하나요
이 시간이 지나고
또 지나 햇살이 비추면
온 마음을 열고 나그네가 되어요
뜨거운 마음으로
눈물을 적셔요 슬픔을 적셔요
이제 뒤돌아 서서 고개를 들어요
이 시간이 지나고
또 지나 햇살이 비추면
온 마음을 열고 나그네가 되어요
뜨거운 마음으로
눈물을 적셔요 슬픔을 적셔요
이제 뒤돌아 서서 고개를 들어요
이제 뒤돌아 서서 고개를 들어요
이제 뒤돌아 서서 고개를 들어요"
청춘을 돌려다오,"13,796",임영웅,"청춘을 돌려다오 젊음을 다오
흐르는 내 인생에 애원이란다
못다한 그 사랑도 태산 같은데
가는 세월 막을 수는 없지 않느냐
청춘아 내 청춘아 어딜 갔느냐
청춘을 돌려다오 젊음을 다오
흐르는 내 인생에 애원이란다
지나간 그 옛날이 어제 같은데
가는 세월 막을 수는 없지 않느냐
청춘아 내 청춘아 어딜 갔느냐"
주문즉시 (Right now),"2,134",김호중,"주문즉시 만들어드립니다
주문즉시 만들어드립니다
사랑과 정성을 듬뿍 담은
인생 맛집 바로 여기

우리들의 이야기가 있는 곳
우리들의 추억이 있는 곳

핫해 핫해 핫 플레이스
취향 저격 오케이
우리들이 뭉쳤다 다 함께 즐겨보자

주문즉시 만들어드립니다
주문즉시 만들어드립니다
사랑과 정성을 듬뿍 담은
인생 맛집 바로 여기

핫해 핫해 핫 플레이스
취향 저격 오케이
우리들이 뭉쳤다 다 함께 즐겨보자

주문즉시 만들어드립니다
주문즉시 만들어드립니다
사랑과 정성을 듬뿍 담은
인생 맛집 바로 여기

주문즉시 만들어드립니다 아 아"
세상 가장 밝은 곳에서 가장 빛나는 목소리로,408,유익종,"푸르던 잎새 자취를 감추며
찬바람 불어 또 한해가 가네
교정을 들어서는 길가엔
말 없이 내 꿈들이
늘어서 있다
지표없는 방랑도
때로는 했었고
끝없는 삶의 벽에
부딪쳐도 봤지
커다란 내 바람이
꿈으로 남아도
이룰 수 있는 건
그 꿈 속에도 있어
다신 볼 수 없는
지금의 우리 모습들이여
다들 그런것처럼
헤어짐은 우릴 기다리네
진리를 믿으며 순수를 지키려
우리 소중한 꿈들을
이루게 하소서
세상 가장 빛나는 목소리로
우리 헤어짐을
노래하게 하소서

다신 볼 수 없는
지금의 우리 모습들이여
다들 그런것처럼
헤어짐은 우릴 기다리네
진리를 믿으며 순수를 지키려
우리 소중한 꿈들을
이루게 하소서
세상 가장 빛나는 목소리로
우리 헤어짐을
노래하게 하소서
세상 가장 밝은 곳에서
우리 다시 만나면
노래하게 하소서
우리 다시 만나면
노래하게 하소서"
너는 내 남자,248,한혜진,"꽉낀 청바지 갈아입고 거리에 나섰다
오늘따라 보고싶어 너무나 보고싶어
그 카페를 찾아갔지만
너의 모습은 보이지 않았어

너를 의식못한 내 방식대로 사랑한 탓으로
왠지 너를 놓칠 것 같은 예감때문에
돌아오는 길이 난 무척 힘들었어
내가 미워도 한 눈 팔지마 너는 내 남자
그래도 언제나 너는 내 남자

다시 한 번 마음돌려 내게로 돌아와
오늘따라 보고싶어 너무나 보고싶어
그 카페를 찾아갔지만
너의 모습은 보이지 않았어

너를 이해못한 내 방식대로 사랑한 탓으로
왠지 너를 놓칠 것 같은 예감때문에
돌아오는 길이 난 무척 힘들었어
내가 미워도 한 눈 팔지마 너는 내 남자
그래도 언제나 너는 내 남자

너를 이해못한 내 방식대로 사랑한 탓으로
왠지 너를 놓칠 것 같은 예감때문에
돌아오는 길이 난 무척 힘들었어
내가 미워도 한 눈 팔지마 너는 내 남자
그래도 언제나 너는 내 남자 -"
보내는 마음,244,태진아,"너의 고운 두눈에 이별의 아픔이
별빛 눈물맺혀 방울되어 흐르면
보내는 마음도 너무나 아프지만
가는 너의 행복을 빌어주네
웃으며 보내고 돌아선 두뺨에
사랑했던 추억들이 눈물되어 흐르네

보내는 마음도 너무나 아프지만
가는 너의 행복을 빌어주네
웃으며 보내고 돌아선 두뺨에
사랑했던 추억들이 눈물되어 흐르네"
우중의 여인,400,오기택,"장대같이 쏟아지는
밤비를 헤치고
나의 창문을
두다리며 흐느끼는 여인아
만나지 말자고
맹세한말 잊었는가
그대로 울지말고 돌아가다오
그대로 돌아가다오
깨무는 그 입술을
보이지를 말고서

비바람이 휘몰아쳐
전등도 꺼진밤
못난 인생을
저주하며 흐느끼는 여인아
행복을 빌자고
맹세한말 잊었는가
말없이 울지말고 돌아가다오
말없이 돌아가다오
사나이 이 가슴을
울리지를 말고서"
여보,84,이창용,"여보 울지 말아요
여보 가지 말아요
당신곁에 나 있잖아요
여보 울지 말아요

사랑 사랑 사랑 내 사랑
사랑 사랑 사랑 가지 말아요
여보 울지 말아요
살다보면 즐거운 날 살다보면 올거예요

여보 울지 말아요
여보 가지 말아요
당신곁에 나 있잖아요
여보 울지 말아요

사랑 사랑 사랑 내 사랑
사랑 사랑 사랑 가지 말아요
여보 울지 말아요
살다보면 즐거운날 살다보면 올거예요
살다보면 즐거운날 살다보면 올거예요"
아시나요,580,이재은,"첨부터 그랬습니다 좋아합니다
당신을 처음만난 순간부터
감기처럼 열나고 그렇게
사랑을 앓았습니다
바람이 불어옵니다 내 가슴에
황량한 사막의 모래밭위로
축축한 단비가 내리더니 꽃이 폈어요
당신과 다정히 살고싶어라
행복한 비둘기처럼
우리집에 놀러와요
이번 주말쯤이 어때요
고무장갑을 끼고 앞치마를 두르고
그대를 맞이할 식탁에 장미도 꽂고
그대 없는 시간에 그대 양복 다리며
그댈 기다리는 아내이고 싶죠
콩나물 살짝 무쳐 된장찌개 끓이고
그대 돌아오면 다정히 안아주세요
아시나요 이런 내사랑을
몰라준다니 말하지도 못해
내게로 빠져보세요 다가오세요
한걸음 더 한걸음 살짝쿵
아무것도 모르고
당신도 날 사랑할 수 없으니
찻잔이 식어가도록 보고 또 보고
전화벨 소리에 가슴이 뛰고
문자 메세지에 행복한 난 바보인가봐요
당신과 다정히 살고싶어라
행복한 비둘기처럼
우리집에 놀러와요
이번 주말쯤이 어때요
고무장갑을 끼고 앞치마를 두르고
그대를 맞이할 식탁에 장미도 꽂고
그대 없는 시간에 그대 양복 다리며
그댈 기다리는 아내이고 싶죠
콩나물 살짝 무쳐 된장찌개 끓이고
그대 돌아오면 다정히 안아주세요
아시나요 이런 내사랑을
몰라준다니 말하지도 못해
콩나물 살짝 무쳐 된장찌개 끓이고
그대돌아오면 다정히 안아주세요
아시나요 이런 내 사랑을
몰라준다니 말하지도 못해"
물같은 사랑,544,최혜영,"그대의 모습 멀어져갔네
쓸쓸한 기억 남기고
낭만이 지워진 그 길로
조용히 멀어져갔네
우리의 꿈도 사라져갔네
이별에 그늘 속으로
피지도 못하는 꽃처럼
그렇게 사라져갔네

그것은 물같은 사랑
이루지 못한 그 애절한 사랑
난 잊을 수가 없어
또 여기 걸어가네
내 잃어버린 꿈을 찾아서
그대의 모습 가슴에 있네
이렇게 헤매일 때면
물같이 흐르는 그 모습
내 작은 가슴에 있네

그것은 물같은 사랑
이루지 못한 그 애절한 사랑
난 잊을 수가 없어
또 여기 걸어가네
내 잃어버린 꿈을 찾아서
그대의 모습 가슴에 있네
이렇게 헤매일 때면
물같이 흐르는 그 모습
내 작은 가슴에 있네"
재회,380,남궁옥분,"잊었단 말인가 나를
타오른던 눈동자를
잊었단 말인가 그때 일을
아름다운 기억을
사랑을 하면서도 우린
만나지도 못하고
서로 헤어진 채로 우린
이렇게 살아왔건만
싸늘히 식은 찻잔
무표정한 그대 얼굴
보고파 지샌 밤이
나 얼마나 많았는데
헤어져야 하는가 다시
아픔을 접어 둔 채로
떠나가야 하는가 다시
나만 홀로 남겨두고

싸늘히 식은 찻잔
무표정한 그대 얼굴
보고파 지샌 밤이
나 얼마나 많았는데
헤어져야 하는가 다시
아픔을 접어 둔 채로
떠나가야 하는가 다시
나만 홀로 남겨두고
나만 홀로 남겨두고"
나는 어디로 (Donde Voy),222,심수봉,"희미한 색빛 저하늘 아래 달려가는 그림자
초라한 모습 보이지 않게 태양아 떠오르지 마라
세상에 다치고 사는 몸이 사랑도 멀리두고
나의 종착역은 어디있나 쉴 곳없는 내신세

어디로 어디로 나는 어디로 가야하나
이밤도 나홀로 내사랑만 그리워하네

너 없는 세상에 나의 삶은 생각할 수도 없어
너의 사랑 너의 웃음 없이 난 살아갈 수가 없어
어디선가 부르는 것 같은 아이의 울음소리
신이여 불쌍한 그 아이를 내대신 돌봐주소서

어디에 어디에 내 희망이 난 곳 어딘가
오늘도 보고픈 그 모습 그 어디에


donde voy donde voy
Esperanza es me destinacion
Solo estoy, Solo estoy
Por el monte profugo me voy"
사랑이 뭐길래,283,한혜진,"너무나도 사랑했어요
내곁으로 돌아와줘요
날이면 날마다 밤이면 밤마다
그리움에 울고 있어요
못견디게 그리울땐
원망하며 미워했지만
사랑이 뭐길래 밉지 않나요
사랑해요 당신을 사랑해요

너무나도 그리웠어요
내곁으로 돌아와줘요
날이면 날마다 밤이면 밤마다
그리움에 울고 있어요
못견디게 그리울땐
내 자신을 미워했지만
사랑이 뭐길래 밉지 않나요
사랑해요 당신을 사랑해요"
벤치,202,서주경,내무릅에 털석 앉아봐 언제나 너의 벤치로살거야 아무때라도 허전하면 내가슴에다 기대봐 가다가 길가다가 피곤해지면 내게와 너만이 나의주인이잔아 너만쉬어가도록 너올때까지 기다릴께 비를맞고와도되 술취헤서와도되 나는야너의 벤야 내무릅에 털석 앉아봐 언제나 너의 벤치로살거야 아무때라도 허전하면 내가슴에다 기대봐 가다가 길가다가 피곤해지면 내게와 너만이 나의주인이잔아 너만쉬어가록 너올때까지 기다릴께 아침일찍와도되 저녁늦게 와도되 나는야 너의벤치야 비를맞고 와도되 술취헤서 와도되 나는야너의 벤치야
거짓말 (2012 Ver.),"1,491",조항조,"사랑했다는
그 말도 거짓말
돌아온다던
그 말도 거짓말
세상의 모든
거짓말 다 해놓고
행여 나를 찾아와
있을 너의 그 마음
혹 다칠까 너의 자리를
난 꼭 비워둔다
이젠 더이상
속아서는 안되지
이젠 더이상
믿어서는 안되지
하지만 그게
말 처럼 쉽지 않아
다시한번만 더 나
너를 다시한번만
더 너에게 나를
사랑할 기회를 주어본다
어떤 사랑으로
나의 용서에 답 하려는지
또 잠시 날
사랑하다 떠날건지
마치 처음 날 사랑하듯
가슴 뜨겁게 와 있지만
난 왠지 그 사랑이 두려워
오직 나만을 위한
그 약속과
내 곁에서 날
지켜 준다는 말
이 번만큼은
제발 변치 않길
어떤 사랑으로
나의 용서에 답 하려는지
또 잠시 날
사랑하다 떠날건지
마치 처음 날 사랑하듯
가슴 뜨겁게 와 있지만
난 왠지 그 사랑이 두려워
오직 나만을 위한
그 약속과
내 곁에서 날
지켜 준다는 말
이 번만큼은
제발 변치 않길
오직 나만을 위한
그 약속과
내 곁에서 날
지켜 준다는 말
이 번만큼은
제발 변치 않길"
천상재회,629,금잔디,"천상에서 다시 만나면
그대를 다시 만나면
세상에서 못 다 했던 그 사랑을
영원히 함께 할래요
천상에서 다시 만나면
그대를 다시 만나면
세상에서 못 다 했던 그 사랑을
영원히 함께 할래요
그대는 오늘 밤도
내게 올 수 없겠지
목 메어 애타게 불러도
대답 없는 그대여
못 다한 이야기는
눈물이 되겠지요
나만을 사랑했다는 말
바람결에 남았어요
끊을 수 없는 그대와 나의 인연은
운명이라 생각했죠
가슴에 묻은 추억의 자리 조각들
되돌아 회상하면서
천상에서 다시 만나면
그대를 다시 만나면
세상에서 못 다 했던 그 사랑을
영원히 함께 할래요
천상에서 다시 만나면
그대를 다시 만나면
세상에서 못 다 했던 그 사랑을
영원히 함께 할래요
영원히 함께 할래요
영원히 함께 할래요"
추억의 소야곡,"1,010",진해성,"다시 한번 그 얼굴이 보고 싶어라
몸부림치며 울며 떠난 사람아
저 달이 밝혀주는 이 창가에서
이 밤도 너를 찾는 이 밤도
너를 찾는 노래 부른다
바람결에 너의 소식 전해 들으면
행복을 비는 마음 애달프구나
불러도 대답 없는 흘러간 사랑
차라리 잊으리라 차라리
잊으리라 맹세 슬프다"
사랑은 눈물의 씨앗,149,나훈아,"사랑이 무어냐고 물으신다면
눈물의 씨앗이라고 말하겠어요
먼 훗날 당신이
나를 버리지 않겠지요
서로가 헤어지면
모두가 괴로워서 울 테니까요
이별이 무어냐고 물으신다면
눈물의 씨앗이라고 대답할테요
먼 훗날 당신이
나를 버리지 않겠지요
서로가 헤어지면
모두가 괴로워서 울 테니까요"
고향역,208,나훈아,"코스모스 피어있는 정든 고향역
이쁜이 꽃뿐이 모두 나와 반겨주겠지
달려라 고향열차 설레는 가슴안고
눈 감아도 떠오르는
그리운 나의 고향역
코스모스 반겨주는 정든 고향역
다정히 손잡고
고개 마루 넘어 서 갈때
흰머리 휘날리면서 달려온 어머님을
얼싸안고 바라보았네
멀어진 나의 고향역"
그대를 불러봅니다,"1,639",주현미,"가슴 깊이 새겨 놓았던 사람
하늘이 맺어준 사람
흐르는 세월 속에
미워도 해보고
사랑도 해본 사람아
아아 살아온 인생길
남모르게 눈물 훔치고
아아 곁에 있어준 사람
사무치게 그리운 사람
가슴에 흐르는 눈물 때문에
애타게 그댈 불러 봅니다
오늘도 그대 사랑이 내 몸을 적시네
그댈 애타게 불러봅니다
아아 곁에 있으면
슬프지는 않았을 테죠
아아 이런 매정한 사람
나를 두고 떠나간 사람
가슴에 흐르는 눈물 때문에
애타게 그댈 그려봅니다
오늘도 사랑 때문에 못 잊을 사람아
그댈 애타게 불러봅니다
가슴에 흐르는 눈물 때문에
애타게 그댈 그려봅니다
오늘도 사랑 때문에 못 잊을 사람아
그댈 애타게 불러봅니다
그댈 애타게 불러봅니다"
항구의 남자,607,홍잠언,"항구의 남자는 항구의 남자는
갈매기도 사랑 한다네
들어라 한잔 술 청춘을 담고
두잔 술에 의리를 담아
묻지를 마라 남자의 사연을
묻지를 마라 첫 사랑일랑
항구의 남자는 항구의 남자는
바다가 사랑 이란다
항구의 남자는 항구의 남자는
바다가 고향 이란다
항구의 남자는 항구의 남자는
등대불도 사랑 한다네
들어라 한잔 술 파도를 담고
두잔 술에 하늘을 담아
묻지를 마라 남자의 사연을
묻지를 마라 첫 사랑일랑
항구의 남자는 항구의 남자는
바다가 사랑 이란다
항구의 남자는 항구의 남자는
성격도 화끈 하다네"
사랑 하나면 돼,"10,143",이찬원,"하루만 더 기다리다 말거야
이제 그만 너를
다 잊어내고 말거야
이 정도면 많이 기다렸잖아
얼마 못 가 잊었단
그 말은 하지마
알아 다 알아
많이 힘들 거 라서
끝내 다시 너를 찾을
나는 남자이니까
사랑 하나면 돼 난 그거면 돼
다른 건 아무 것도 필요 없어
네 품에서만 행복해서
난 웃으며 살 수 있었나 봐
내 사라진 미소 짙어진 눈물
네 손길을 더 바라니까
돌아와 제발
오늘이 지나면
내 눈물은 끝을 모르고 흘러
메마른 이 가슴에
눈물 꽃이 피고
알아 다 알아
오지 않을거란 걸
그래도 나 한 조각의 기댄
버릴 수 없나 봐
사랑 하나면 돼 난 그거면 돼
다른 건 아무 것도 필요 없어
네 품에서만 행복해서
난 웃으며 살 수 있었나 봐
내 마지막 사랑 간절한 사랑
네 두손을 모아 빌테니깐
돌아와 제발
내일이 지나도"
비와 당신,"8,628",영탁,"이젠 당신이 그립지 않죠
보고 싶은 마음도 없죠
사랑한 것도 잊혀 가네요
조용하게
알 수 없는 건 그런 내 맘이
비가 오면 눈물이 나요
아주 오래 전 당신 떠나던
그날처럼
이젠 괜찮은데 사랑 따윈 저버렸는데
바보 같은 난 눈물이 날까
아련해지는 빛 바랜 추억
그 얼마나 사무친 건지
미운 당신을 아직도 나는
그리워 하나
이젠 괜찮은데 사랑 따윈 저버렸는데
바보 같은 난 눈물이 날까
다신 안 올 텐데
잊지 못한 내가 싫은데
언제까지나 맘은 아플까"
천년바위,143,손빈아,"동녘 저편에
먼동이 트면
철새처럼 떠나리라
세상 어딘가 마음 줄 곳을
집시 되어 찾으리라
생은 무엇인가요
삶은 무엇인가요
부질없는 욕심으로
살아야만 하나
서산 저 넘어
해가 기울면
접으리라 날개를
내가 숨 쉬고 내가 있는 곳
기쁨으로 밝히리라
생은 무엇인가요
삶은 무엇인가요
부질없는 욕심으로
살아야만 하나
이제는 아무것도 그리워 말자
생각을 하지 말자
세월이 오가는 길목에 서서
천년바위 되리라
천년바위 되리라
천년바위 되리라"
미운 사랑,314,한강,"남몰래 기다리다가
가슴만 태우는 사랑
어제는 기다림에 오늘은 외로움
그리움에 적셔진 긴 세월
이렇게 살라고 인연을 맺었나
차라리 저 멀리 둘걸
미워졌다고 갈 수 있나요
행여나 찾아올까 봐
가슴이 사랑을 잊지 못해
이별로 끝난다 해도
그 끈을 놓을 순 없어
너와 난 운명인 거야
이렇게 살라고 인연을 맺었나
차라리 저 멀리 둘걸
미워졌다고 갈 수 있나요
행여나 찾아올까 봐
가슴이 사랑을 잊지 못해
이별로 끝난다 해도
그 끈을 놓을 순 없어
너와 난 운명인 거야
미워졌다고 갈 수 있나요
행여나 찾아올까 봐
가슴이 사랑을 잊지 못해
이별로 끝난다 해도
그 끈을 놓을 순 없어
너와 난 운명인 거야
그 끈을 놓을 순 없어
너와 난 운명인 거야
너와 난 운명인 거야"
가족사진,"7,814",영탁,"바쁘게 살아온 당신의
젊음에 의미를 더해줄
아이가 생기고
그날에 찍었던
가족사진 속에
설레는 웃음은
빛바래 가지만
어른이 되어서 현실에
던져진 나는 철이 없는
아들 딸이 되어서
이곳 저곳에서 깨지고
또 일어서다
외로운 어느 날
꺼내 본 사진 속
아빠를 닮아있네
내 젊음 어느새 기울어
갈 때쯤 그제야 보이는
당신의 날들이
가족사진 속에
미소 띈 젊은 우리 엄마
꽃피던 시절은
나에게 다시 돌아와서
나를 꽃피우기 위해
거름이 되어버렸던 그을린
그 시간들을 내가 깨끗이 모아서
당신의 웃음 꽃 피우길
피우길 피우길 피우길 피우길
나를 꽃피우기 위해
거름이 되어버렸던 그을린
그 시간들을 내가 깨끗이 모아서
당신의 웃음 꽃 피우길
피우길 피우길 피우길 피우길
꽃 피우길 피우길
당신의 웃음 꽃 피우길"
산다는건 다 그런게 아니겠니,"10,349",영탁,"너는 어떻게 살고 있니
벌써 중2가 되었다면서
밤 하늘에 별빛을 닮은 너의 눈빛
수줍던 소년으로 기억하는데
그럼 삼촌은 어떻게 지내요
요즘도 떡볶이 좋아해요
자나 깨나 독신만 고집하던 삼촌
진짜로 결혼을 못했을 줄이야
산다는건 그런게 아니겠니
원하는 대로만 살 수는 없지만
알 수 없는 내일이 있다는 건
설레는 일이야 두렵기는 해도
산다는 건 다 그런거야
누구도 알 수 없는 것
지금도 가끔씩 생각나요
삼촌과 함께 했던 데이트
장난감 사러 둘이 몰래 빠져 나와
쇼핑하다 사람들 딱 만났던 일
삼촌도 당연히 기억하지
쇼핑하고 고기도 먹었지
하지만 다들 동원이만 알아보고
삼촌은 한 명도 못 알아보더라
산다는 건 그런게 아니겠니
원하는 대로만 살 수는 없지만
알 수 없는 내일이 있다는건
설레는 일이야 두렵기는 해도
산다는 건 다 그런거야
누구도 알 수 없는 것
산다는 건 그런게 아니겠니
원하는 대로만 살 수는 없지만
알 수 없는 내일이 있다는건
설레는 일이야 두렵기는 해도
산다는 건 다 그런거야
누구도 알 수 없는 것"
살다가,619,김태연,"살아도 사는 게 아니래
너 없는 하늘에
창 없는 감옥 같아서
웃어도 웃는 게 아니래
초라해 보이고
우는 것 같아 보인대
사랑해도 말 못 했던 나
내색조차 할 수 없던 나
나 잠이 드는 순간조차
그리웠었지
살다가 살다가 살다가
너 힘들 때
나로 인한 슬픔으로
후련할 때까지
울다가 울다가 울다가
너 지칠 때
정 힘들면 단 한 번만 기억하겠니
살다가
웃어도 웃는 게 아니래
초라해 보이고
우는 것 같아 보인대
사랑해도 말 못 했던 나
내색조차 할 수 없던 나
나 잠이 드는 순간조차
그리웠었지
살다가 살다가 살다가
너 힘들 때
나로 인한 슬픔으로
후련할 때까지
울다가 울다가 울다가
너 지칠 때
정 힘들면 단 한 번만 기억하겠니
우린 마지못해 웃는거겠지
우린 마지못해 살아가겠지
내 곁에 있어도 내 곁에 있어도
눈물나니까
살다가 살다가 살다가
너 힘들 때
나로 인한 슬픔으로
후련할 때까지
태워도 태워도 태워도
남았다면
남김없이 태워도 돼
후련할 때까지
나 살다가
나 살다가"
척하면 척이지,169,윤서령,"척하면 척이지 왠 말이 많냐
당신과 나 실과 바늘이야
눈만 봐도 척척척 말 안 해도 척척척
통하는 사이인거야
죽이 척척 맞는 사람 당신인거야
어디 갔다 이제야 나타난거야
바람 속을 가르는 저 연처럼
당신 없이 날수가 없고
밤바다를 비추는 등대처럼
당신 없이 갈 수가 없어
척하면 척이지 왠 말이 많냐
당신과 나 실과 바늘이야
눈만 봐도 척척척 말 안 해도 척척척
통하는 사이인거야
필이 완전 오는 사람 괜찮은 사람
마음 열고 내 모든걸 보여줄 거야
바람 속을 가르는 저 연처럼
당신 없이 날수가 없고
밤바다를 비추는 등대처럼
당신 없이 갈 수가 없어
척하면 척이지 왠 말이 많냐
당신과 나 실과 바늘이야
눈만 봐도 척척척 말 안 해도 척척척
통하는 사이인거야
통하는 사이인거야"
옥경이,271,김용필,"바라보는 눈길이 젖어 있구나
너도 나도 모르게 흘러간 세월아
희미한 불빛 아래 마주 앉은 당신은
언젠가 어디선가 본 듯한 얼굴인데
고향을 물어 보고 이름을 물어봐도
잃어버린 이야긴가
대답하지 않네요
바라보는 눈길이 젖어 있구나
너도 나도 모르게 흘러간 세월아
어디서 무엇을 하며
어떻게 살았는지
물어도 대답없이 고개 숙인 옥경이
바라보는 눈길이 젖어 있구나
너도 나도 모르게 흘러간 세월아
어디서 무엇을 하며
어떻게 살았는지
물어도 대답없이 고개 숙인 옥경이
고개 숙인 옥경이"
사공,418,진욱,"건너마을 큰애기 아니냐
혼자서 어딜 가느냐
봇짐에 담긴 꿈을 알 것 같구나
더는 묻지 않으마
어야디야 어야디야
노를 저어라
이 강을 건너야 한다
홀로 계신 아버지
더 늙기 전에
언젠가 돌아오거라

어야디어
어기야디어
이 강을 건너야 한다
재 너머 아지매 아이요
추운 날에 어딜 갑니까
따님이 손주를 낳았다더니
그 몸으로 돌보러 갑니까
어야디야 어야디야
노를 저어라
이 강을 건너야 한다
손주 얼굴 눈에다
가득 담고서
허리를 쭉 펴고 오소
어야디야 어야디야
노를 저어라
이 강을 건너야 한다
자욱한 안갯속 저편 세상에
이 배는 닿아야 한다
이 강을 건너야 한다"
밤에 떠난 여인,753,박창근,"하얀 손을 흔들며 입가에는
예쁜 미소 짓지만
커다란 검은 눈에
가득 고인 눈물 보았네
차창가에 힘없이
기대어 나의 손을 잡으며
안녕이란 말 한마디
다 못하고 돌아서 우네
언제 다시 만날 수 있나
기약도 할 수 없는 이별
그녀의 마지막 남긴 말
내 맘에 내 몸에 봄 오면
그녀 실은 막차는
멀리멀리 사라져 가버리고
찬바람만 소리 내어
내 머리를 흩날리는데
네가 멀리 떠난 후
나는 처음 외로움을 알았네
눈물을 감추려고
먼 하늘만 바라보았네
언제 다시 만날 수 있나
기약도 할 수 없는 이별
그녀의 마지막 남긴 말
내 맘에 내 몸에 봄 오면
예전에는 너와 나
다정스런 친구로만 알았네
네가 멀리 떠난 후
사랑인 줄 나는 알았네
네가 돌아오는 날
나는 너를 맞으며 말하리라
나는 너를 영원히
사랑한다 말을 할 테야
언제 다시 만날 수 있나
기약도 할 수 없는 이별
그녀의 마지막 남긴 말
내 맘에 내 몸에 봄 오면"
그사람 찾으러 간다,424,류기진,"철없이 사랑했던 날은 가고
무작정 사랑했던 날도 가고
이제는 정리다 정리
마음에 와닿는
진실 하나 찾으러 갈거다
왜 이별했나 묻지를 마라
당신도 사연있잖아
예쁜 여자 만나면
멋진 남자 만나면
아직도 뜨거운 가슴이 있다
눈물도 있고 정도 있다
내 생애 마지막 정열
그 사람 찾으러 간다

날마다 봄날인줄 알았던 나
언제나 청춘인줄 알았던 나
이제는 정리다 정리
마음에 와닿는
진실 하나 찾으러 갈거다
왜 이별했나 묻지를 마라
당신도 사연있잖아
예쁜 여자 만나면
멋진 남자 만나면
아직도 뜨거운 가슴이 있다
눈물도 있고 정도 있다
내 생애 마지막 정열
그 사람 찾으러 간다
왜 이별했나 묻지를 마라
당신도 사연있잖아
예쁜 여자 만나면
멋진 남자 만나면
아직도 뜨거운 가슴이 있다
눈물도 있고 정도 있다
내 생애 마지막 정열
그 사람 찾으러 간다
그 사람 찾으러 간다"
가을비 우산속,237,최헌,"그리움이 눈처럼
쌓인 거리를
나혼자서 걸었네
미련때문에
흐르는 세월따라
잊혀진 그 얼굴이
왜 이다지 속눈썹에
또다시 떠오르나
정다웠던 그 눈길
목소리 어딜갔나
아픈 가슴 달래며
찾아 헤매이는
가을비 우산속에
이슬 맺힌다

잊어야지 언젠가는
세월 흐름 속에
나혼자서 잊어야지
잊어봐야지
슬픔도 그리움도
나혼자서 잊어야지
그러다가 언젠가는
잊어지겠지
정다웠던 그 눈길
목소리 어딜갔나
아픈 가슴 달래며
찾아 헤매이는
가을비 우산속에
이슬 맺힌다"
그리운 사람들,843,진해성,"그리운 사람찾아
추억의 기억속으로
너와 나 그사람들
그립구나 그립구나
그 시절 그 추억들
다시는 올리없건만
아주많은 미련남아
생각 나는사람
세월이 흘러가도
잊을수가 없는 사람들
그리운 사람찾아
추억의 기억속으로
너와 나 그사람들
보고파라 보고파라
그 시절 그 추억들
다시는 올리없건만
아주많은 미련남아
생각 나는사람
세월이 흘러가도
잊을수가 없는 사람들
잊을수가 없는 사람들"
천년화 (천년꽃),661,최석준,"한송이 꽃을 봐도
당신이 생각나고
두송이 꽃을 봐도
당신이 그립습니다
하늘이 맺어주신
소중한 당신이기에
백년이 지나고 천년이 지나도
지지 않는 꽃으로 남아 주세요
천년화로 피어 주세요
한송이 꽃을 봐도
당신이 생각나고
두송이 꽃을 봐도
당신이 그립습니다
하늘이 맺어주신
소중한 당신이기에
백년이 지나고 천년이 지나도
지지 않는 꽃으로 남아 주세요
천년화로 피어 주세요
하늘이 맺어주신
소중한 당신이기에
백년이 지나고 천년이 지나도
지지 않는 꽃으로 남아 주세요
천년화로 피어 주세요"
고향무정,902,진해성,"구름도 울고 넘는
울고 넘는 저산아래
그 옛날 내가 살던
고향이 있었것만
지금은 어느 누가 살고 있는지
지금은 어느 누가 살고 있는지
산골짝엔 물이 마르고
기름진 문전옥탑
잡초에 묻혀있네
새들도 집을 찾는
집을 찾는 저산아래
그 옛날 내가 살던
고향이 있었것만
지금은 어느 누가 살고 있는지
지금은 어느 누가 살고 있는지
바다에는 배만 떠 있고
어부들 노래소리
멎은지 오래일세"
시선고정,"4,542",다섯장,"지금부터 시선고정
지금부터 시선고정
잠시라도 한 눈 팔지 마
나에게만 시선고정
나에게만 시선고정
누나 이제 나만 바라봐
처음부터 너와 나 운명인 거야
너만을 바라볼 거야
한 번 보고 두 번 봐도 보고 싶고
두 번 보고 세 번 봐도 생각나는
누나 땡큐 내 사랑이야
여기저기 둘러보지 마
나 하나만 생각해 줄래
모든 걸 보여줄 거야
지금부터 시선고정
지금부터 시선고정
잠시라도 한 눈 팔지 마
나에게만 시선고정
나에게만 시선고정
누나 이제 나만 바라봐
가진 것은 없지만 행복한 남자
마음은 부자인 남자
하나부터 열까지 다 아껴주고
머리부터 발 끝까지 지켜주는
그런 남자 바로 나니까
후회 없이 사랑할 거야
아낌없이 안아줄 거야
사랑을 보여줄 거야
지금부터 시선고정
지금부터 시선고정
잠시라도 한 눈 팔지 마
나에게만 시선고정
나에게만 시선고정
누나 이제 나만 바라봐
007 Black comfort suit
얼레벌레 넘어가려 하지 마
Prime time
이제부터 시선고정
날 부른 목소리 기조는 Major
넌 나의 꿈이자
천사의 품위가
흐름
My boo
네게 달려가 가
vroom
다섯장
오늘부터 시선
고정이야"
행운을 드립니다,"21,610",임영웅,"행운을 드립니다
여러분께 드립니다
삼태기로 퍼드립니다
에루화 둥실 두둥실
말 잘 듣는 아이에겐
기쁨을 듬뿍 전해주고
개구쟁이 아이에겐
즐거움을 나눠주죠
에루화 둥실 두둥실
두리두리 둥실 두둥실
내일 향한 소년에겐
푸른 꿈을 전해주고
티 없이 수줍은 소녀에겐
꽃샘 꿈을 나눠주죠
에루화 둥실 두둥실
두리두리 둥실 두둥실
행운을 드립니다
여러분께 드립니다
삼태기로 퍼드립니다
에루화 둥실 두둥실
젊은 날의 연인에게
미래의 꿈을 전해주고
신혼부부 신방에는
행복의 열쇠 나눠주죠
에루화 둥실 두둥실
두리두리 둥실 두둥실
인심 좋은 할아버님껜
불로장수를 드리옵고
마음 좋은 할머님에겐
만수무강 드립니다
에루화 둥실 두둥실
두리두리 둥실 두둥실
행운을 드립니다
여러분께 드립니다
삼태기로 퍼드립니다
삼태기로 퍼드립니다"
폼나게 살거야,298,송민준,"폼나게 살 거야 멋지게 살 거야
어차피 사는 세상
하루를 살아도 내 사랑
백년을 살아도 내 사랑
나는 나는 니가 좋더라
이제부터 폼 나게 살거야
그 누가 누가 누가 뭐래도
큰소리치고 살게 할 거야
따라와(Hey) 따라와(Hey)
다 내가 해줄 거야 따라와
따라와(Hey) 따라와(Hey)
아무 걱정하지 말고 따라와
하루를 살아도 멋지게 살 거야
폼나게 살 거야
따라와(Hey) 따라와(Hey)
다 내가 해줄 거야 따라와
따라와(Hey) 따라와(Hey)
아무 걱정하지 말고 따라와
하루를 살아도 멋지게 살 거야
폼나게 살 거야
폼나게 살 거야"
몰래한 사랑,391,공훈,"그대여 이렇게 바람이
서글피 부는 날에는
그대여 이렇게 무화과는
익어가는 날에도
너랑 나랑 둘이서
무화과 그늘에 숨어 앉아
지난날을 생각하며
이야기하고 싶구나
몰래 사랑했던 그 여자 (그리고)
또 몰래 사랑했던 그 남자 (지금은)
지금은 어느 하늘 아래서 (그 누굴)
그 누굴 사랑하고 있을까
그대여 햇살이 영그는
가을날 뚝에 앉아서
그대여 이렇게 여미어진
마음 열고 싶을 때는
너랑 나랑 둘이만
들을 수 있는 목소리로
네 눈물을 바라보며
이야기하고 싶구나
몰래 사랑했던 그 여자 (그리고)
또 몰래 사랑했던 그 남자 (지금은)
지금은 어느 하늘 아래서 (그 누굴)
그 누굴 사랑하고 있을까
그대여 이렇게 바람이
서글피 부는 날에는
그대여 이렇게 무화과는
익어가는 날에도
너랑 나랑 둘이서
무화과 그늘에 숨어 앉아
지난날을 지난날을
생각하며 생각하며
이야기하고 싶구나
몰래 사랑했던 그 여자 (그리고)
또 몰래 사랑했던 그 남자 (지금은)
지금은 어느 하늘 아래서 (그 누굴)
그 누굴 사랑하고 있을까
몰래 사랑했던 그 여자 (그 여자)
또 몰래 사랑했던 그 남자 (지금은)
지금은 어느 하늘 아래서
그 누굴 (그 누굴)
사랑하고 있을까"
NO 징징,692,민수현,"야, 거기 너
너 말이야 너.
야 너 그렇게 자꾸
징징 대지 마
(대지마 대지마 대지마)
해, 해, 뭐든 해보는 거야
진심은 통할 테니까
징징 대지 마
(대지마 대지마 대지마)
달려 일단 해 보는 거야
운명아 들어와 들어와 들어와
들어와
둥근 해가 떴다
일어나 기지개 펴
냉큼 이도 닦아
더 빡빡 반짝거리게
야 인마 정신 차려
해가 인마 중천이야
자 밖으로 나가자 자 자
(왼발, 오른발, 왼발, 오른발)
작년에 왔던 각설이도
죽지도 않고 돌아오는데
어찌해 그대는 삐뚜름 서서
해보도 않고 투덜대는데
네가 버린 오늘은
누군가 바란 내일인데
깜짝할 새 멀리로
달아나 버릴 텐데
늦었다 후회한 그때가
정말로 늦은 거야
그러니 후회를 하지 마
오늘 이 기회는 한 번 뿐이야
그러니까
징징 대지 마
(대지마 대지마 대지마)
해, 해, 뭐든 해보는 거야
진심은 통할 테니까
징징 대지 마
(대지마 대지마 대지마)
달려 일단 해 보는 거야
운명아 들어와 들어와 들어와
확 받아 벌랑게
No 징징, No 징징, No 징징
너 겪어봐 더 겪어봐야 아는 거야
No 징징, No 징징, No 징징
너 지치지 마, 미치면 이긴 거야
여기서 남 탓 하기 안 돼요
내 과실을 인정해야죠?
수저 탓, 시대 탓이 크대요
자 투표합시다 몇 대 몇
답답한 표정으로
박박 우길 시간에
답 찾아 달렸으면
그러면 어른이 너 된대요
작년에 썼던 새해 다짐을
날짜만 바꿔 적어 놓는데
가지도 않는 헬스비면
강남에 빌딩을 사고 남는데
핑계로 미룬 매일은
자꾸만 쌓여만 가는데
깜짝할 새 또 나이만
배불리 먹을 텐데
늦었다 후회한 그때가
정말로 늦은 거야
그러니 후회를 하지 마
오늘 이 기회는 한 번 뿐이야
그러니까
징징 대지 마
(대지마 대지마 대지마)
해, 해, 뭐든 해보는 거야
진심은 통할 테니까
징징 대지 마
(대지마 대지마 대지마)
달려 일단 해 보는 거야
운명아 들어와 들어와 들어와
확 받아 벌랑게
No 징징, No 징징, No 징징
너 겪어봐 더 겪어봐야 아는 거야
No 징징, No 징징, No 징징
너 지치지 마, 미치면 이긴 거야"
니나노,43,김양,"애들아 놀아보자 이 밤을 마셔버리자
가는 세월 잡지 말고 가는 청춘 뭐라 마라
산 다는게 별거이더냐
니나노 나노 나도 좋고 부어라 마셔라
얼씨구 씨구 너도 좋다 지화자 청춘아
미운 놈 고운 놈 사랑도 이별도
오늘 밤은 다 용서하자
너나 나나 한번 왔다 가는 인생
멋들어지게 살다 갑시다
웃으며 살다 갑시다

애들아 놀아보자 이 밤을 마셔버리자
가는 세월 잡지 말고 가는 청춘 뭐라 마라
산 다는게 별거이더냐
니나노 나노 나도 좋고 부어라 마셔라
얼씨구 씨구 너도 좋다 지화자 청춘아
미운 놈 고운 놈 사랑도 이별도
오늘 밤은 다 용서하자
너나 나나 한번 왔다 가는 인생
멋들어지게 살다 갑시다
웃으며 살다 갑시다"
안녕하세요,67,하동근,"안녕하세요 처음 뵙네요
손 흔들며 인사합시다

전국 팔도 돌며 살아가는 인생
오늘은 어디로 갈까

서울 대전 대구
부산으로 찍고
제주까지 날아가볼까

나를 찾는 곳 그게 어디든
감사하며 달려가야지 (감사하니데이)
해외에서도 불러준다면
하쿠나마타타야

안녕하세요 또 만났네요
손 흔들며 인사합시다 (안녕)
안녕하세요 혼자 왔나요
오늘부터 친구 합시다 (친구야)

전국팔도 돌며 살아가는 인생
오늘은 어디로 갈까

서울 대전 대구
부산으로 찍고
제주까지 날아가볼까

나를 찾는 곳 그게 어디든
감사하며 달려가야지 (감사하니데이)
해외에서도 불러준다면
하쿠나마타타야

안녕하세요 또 만났네요
손 흔들며 인사합시다 (안녕)
안녕하세요 혼자 왔나요
오늘부터 친구 합시다 (친구야)

오늘 이 순간은 돌아오지 않을 거야
지금 이 순간을 모두 함께 즐겨보자

안녕하세요 또 만났네요
손 흔들며 인사합시다 (안녕)
안녕하세요 혼자 왔나요
오늘부터 친구 합시다 (친구야)

안녕하세요 우리 다 함께
손 흔들며 인사합시다 (안녕)
안녕하세요 우리 모두 다
건강하고 행복합시다
건강하고 행복합시다"
붉은입술,288,금잔디,"밤을 새워 지는 달도
별을 두고 가는데
배 떠난 부둣가에는
검은 연기만 남아
맺지 못 할 사연두고 떠난 사람을
이렇게 밤을 새며 울어야 하나
잊지 못 할 붉은 입술
나를 두고 가는 사람
원망도 했다마는
헤여질 운명이기에 웃으며 보냈지
단 하나의 사랑만은 믿어주세요
사랑의 노래를 들려주던
잊지 못 할 붉은 입술"
오늘같이 좋은 날,125,박성온,"푸른 바다에
배를 띄워라
근심 걱정 다 버리고
이렇게 좋은 날에
이렇게 좋은 날에
우리 모두 뱃놀이 가자
사람이 살면은
몇백 년 산다고
아등바등 욕심을 내나
오늘 같이 좋은 날
오늘 같이 좋은 날
아니 놀고 무엇하리
어차피 인생이란
한번뿐인데
웃으면서 살아갑시다

푸른 바다에
노를 저어라
사랑하는 정든 님과
이렇게 좋은 날에
이렇게 좋은 날에
우리 모두 춤을 춰보자
사람이 살면은
몇백 년 산다고
아등바등 욕심을 내나
오늘 같이 좋은 날
오늘 같이 좋은 날
아니 놀고 무엇하리
어차피 인생이란
한 번뿐인데
사랑하며 살아갑시다
어차피 인생이란
한 번뿐인데
사랑하며 살아갑시다"
꽃길,405,정훈희,"진달래 피고 새가 울면은
두고두고 그리운 사람
잊지 못해서 찾아오는 길
그리워서 찾아오는 길
꽃잎에 입맞추며
사랑을 주고받았지
지금은 어데갔나
그시절 그리워지네
꽃이 피면은 돌아와줘요
새가 우는 오솔길로
꽃잎에 입맞추며
사랑을 속삭여줘요

봄이 가고 여름이 오면
두고두고 그리운 사람
생각이 나서 찾아오는 길
아카시아 피어있는 길
꽃향기 맡으면서
행복을 약속했었지
지금은 어데갔나
그때가 그리워지네
여름이 가고 가을이 오면
낙엽이 쌓이는 길
겨울이 오기전에
사랑을 속삭여줘요
사랑을 속삭여줘요
사랑을 속삭여줘요"
대동강 편지,357,나훈아,"대동강아 내가 왔다
을밀대야 내가 왔다
우표 없는 편지속에
한세월 묻어 놓고
지금은 낯설은 나그네여
칠백리 고향길을 찾아 왔다고
못 본체 마라 못 본체 마라
반겨주려마
대동강아 내가 왔다
부병루야 내가 왔다
주소없는 겉봉투에
너의 얼굴 그리다가
눈보라치던 밤 달도 뜬건
울면서 떠난길을 돌아 왔다고
못 본체 하네 못 본체 하네
반겨주려마"
친구,311,김경남,"먼산 저 너머엔
실개천이 흐르던 고향
자네와 난 미래를 꿈꾸며
그 길을 밤새 걸었지
때로는 다투기도 했지
돌아서면 잊어버리고
우정이란 보석 보다도
소중한 보물
친구야 친구야
그 모습 보고픈 그리운 친구야
혹시나 잠시 잊고 지낸
우리들이 아닐런지
친구야 친구야
우리 집 가까이
살았으면 좋겠네
진실없는 돈과
사랑에 웃지 말고
이름 석자 남기고 가세
잘 익은 홍주 한잔 하면서
해 묵은 슬픈 일은 잊어버려
세상이 외롭고 힘들 때
진정한 벗이 될테니

친구야 친구야
그 모습 보고픈 그리운 친구야
혹시나 잠시 잊고 지낸
우리들이 아닐런지
친구야 친구야
우리 집 가까이
살았으면 좋겠네
진실없는 돈과
사랑에 웃지 말고
이름 석자 남기고 가세
잘 익은 홍주 한잔 하면서
해 묵은 슬픈 일은 잊어버려
세상이 외롭고 힘들 때
진정한 벗이 될테니"
질투,159,혜은이,"학창시절 다정했던 친구를 우연히만난날
너무나도 변해버린 그앨보고 나는깜짝놀랬었죠
그렇게도 말이없고 얌전하던 그 아이곁에는
한 남자가 조용히 웃고있었죠
싱거운 웃음으로 인사는 나눴지만
허전한 기분을 감출수없었어요
하루종일 우울한 음악을들으면서
야릇한 슬픔을 갖고말았어요

언니 이름 앞으로 와있는 편지를 보던날
나는 새로운 사실을 발견하고 말았어요
언니에게 사랑하는 애인이 있다는 사실이
조금은 나에게 충격을 주었던거예요
나혼자면어때 그렇게 생각해도
자꾸만 마음이 외롭고 허전했죠
나에게는 사랑할 사람이없는걸까
이상한 슬픔을 갖고말았어요

조용한 찻집에서 내가찾는 이상형의 남자를보던날
말을하고 싶었지만 나에겐용기가없었죠
망설이는 내마음을 바보처럼 느끼던순간에
아름다운 여인을 그사람이 불렀죠
우두커니 그자리를 숨어서보는 순간
자꾸만 이상한 감정을느꼈어요
도망치듯 그자리를 뛰어서나왔지만
야릇한 슬픔을 갖고말았어요
우두커니 그자리를 숨어서보는 순간
자꾸만 이상한 감정을느꼈어요
도망치듯 그자리를 뛰어서나왔지만"
버팀목,340,이태호,"보고 싶을때 못보는 심정을 알까
가고 싶을때 못가는 심정을 알까
내 사랑 당신을 코 앞에 두고서
나는 밤마다 그리워
고독이 친구됐네
혹시하는 내 마음에
전화앞에 시선을 주고
짓누르는 그리움에 나의 모습은
자꾸만 작아지는데
어두운 밤이면 나에게 불 밝히고
길없는 바다의 등대와 같던 사람
이제는 그 누가
나에게 버팀목 될까
텅빈 가슴을 어떻게 메꾸어 갈까

혹시하는 내 마음에
전화앞에 시선을 주고
짓누르는 그리움에 나의 모습은
자꾸만 작아지는데
살아선 당신을
절대로 잊을 수 없어
내 나의 인생을 포기도 해봤단다
이제는 그 누가
나에게 버팀목 될까
텅빈 가슴을 어떻게 메꾸어 갈까
텅빈 가슴을 어떻게 채우며 살까"
끝없는 사랑,278,이순길,"꽃물결 일렁이던 어느-날
잠자던 내 가슴속에
여울져 흐르던 그 빛-은
너무나도 영롱했어요
자꾸만 당겨오던 그대-의
신비에 이끌리면서
끝없이 열리는 세상-을
처음으로 볼수있었죠
그게 사랑인것을
그게 사랑인것을
나 그땐 몰랐지만
맴도는 기억속에
아픔되어 밀리는
나 그대 떠날수 없어
멀어진 옛사랑
그림자 밟으며
나 여기
여기 설래요
바람에 흔들리는 촛불-만
눈물로 꺼져가는 밤
잊으려 했지만 그대-는
순간도 이내 곁에 있네

그게 사랑인것을
그게 사랑인것을
나 그땐 몰랐지만
맴도는 기억속에
아픔되어 밀리는
나 그대 떠날수없어
멀어진 옛사랑
그림자 밟으며
나 여기 여기 설래요"
사뿐사뿐,452,장윤정,"친구였었지만 내게 사랑인 걸
지금 내 가슴엔 니 얼굴뿐인 걸
친근하게만 느껴왔던 손길
이제 사뿐사뿐 네게로 가
그냥 몰래 있었던 사람인 걸
누가 봐도 친구라고 느꼈던
막대해도 내게 언제나 웃던
그냥 친군 줄 알고 있었어
좋은 일은 제일 먼저 축하를
나쁜 일엔 항상 방패가 되고
슬픈 일은 나보다도 눈물을
그런 친군 줄 알고 있었어
언제부턴가 널 만나러 갈 때
내 발걸음이 자꾸 사뿐사뿐해져
눈이 마주쳐 널 바라볼 때면
자꾸만 내 맘 두근두근 설레여
친구였었지만 내게 사랑인 걸
지금 내 가슴엔 니 얼굴뿐인 걸
친근하게만 느껴왔던 손길
이제 사뿐사뿐 네게로 가
언제 부턴가
내가 널 만나러갈 때
내 발걸음이 자꾸만 사뿐사뿐해
눈이 마주쳐 너를 바라볼 때면
자꾸자꾸만 내 맘이 두근두근해
친구였었지만 내게 사랑인 걸
지금 내 가슴엔 니 얼굴뿐인걸
친근하게만 느껴왔던 손길
이제 사뿐사뿐 네게로 가
좋은 일은 제일 먼저 축하를
나쁜 일엔 항상 방패가 되고
슬픈 일은 나보다도 눈물을
그런 친군줄 알고 있었어
언제부턴가 널 만나러갈 때
내 발걸음이 자꾸 사뿐사뿐해져
눈이 마주쳐 널 바라볼 때면
자꾸만 내 맘 두근두근 설레여
이젠 볼수록 자꾸 더 떨려
사랑해도 되나요 내친구였는데
이런 내 맘을 알고 있는지
자꾸만 내 맘 두근두근 설레여
친구였었지만 내게 사랑인 걸
지금 내 가슴엔 니 얼굴뿐인걸
친근하게만 느껴왔던 손길
이제 사뿐사뿐 네게로 가
사뿐사뿐사뿐 이젠 네게로 가
사뿐사뿐사뿐 이젠 네게로 와
친근하게만 느껴왔던 손길
이제 사뿐사뿐 네게로 가
이제 사뿐사뿐 네게로 가
살짝이 내게 오세요"
사랑한다(Feat. 조PD),"1,033",주현미,"I'm the one number one
P.D.I.S
we take legends from eighties
make hits like diddy
na mean 조PD yall
and IS we go by a name PDIS

언젠가 형 내게 말했지
우리 삶은 쉽지 않다며
티내지 말라고
유난 떨지 말고
아무 일 없었단 듯이
그러나 영 찜찜했던 건
모든 것이 잘될때 기분
난 알기때문에 해봤기 때문에
저 하늘을 원망하게 돼

옛날 얘기 하는 늙으니
벌써 나 조심해야 될 나이
하지만 그깟나이 숫자일 뿐 아니니
변하지 않을 내 자신

사랑한다 브라보 my life
좌절과 희망의 노래를 부른다
후회와 실수란 건 마치 그림자 처럼
그 길에 머물지만

사랑한다 브라보 my life
돌아가도 내 선택엔 변함 없으니
머리는 더 차갑게 가슴은 더욱 뜨겁게
내 식대로 걸어온 길

rap)
excuse me coming through
cho pd coming through
Is is coming too
PDis too, we coming soon
excuse me coming through
cho pd coming through
Is is coming to
PDis too, we coming soon

you heard me?
젊은이 애송이 들이 부르는 마이웨이
내길 얘길 듣고 있자니
지금 장난하니
니가 뭘해봤다고 어쩌고 저쩌고
shut up and listen
지금은 현미누님의 레슨
삶은 예측 불가능 하니
never ever say never

우리 언니 내게 말했지
여자의 삶, 고달프다고
티내지 말라고
유난 떨지 말고
아무일 없었단 듯이
그러나 영 찜찜했던 건
역사는 반복 된다는 사실
난 알기 때문에 봐왔기 때문에
나 때로는 원망하게 돼

한얘기 또 하는 늙은이
벌써 나 조심해야 될 나이
하지만 그깟나이 숫자일 뿐 아니니
변하지 않을 내 자신

사랑한다 브라보 my life
좌절과 희망의 노래를 부른다
후회와 실수란 건 마치 그림자 처럼
그 길에 머물지만

사랑한다 브라보 my life
돌아가도 내 선택엔 변함없으니
머리는 더 차갑게 가슴은 더욱 뜨겁게
내 식대로 걸어온 길

rap)
excuse me coming through
cho pd coming through
Is is coming too
PDis too, we coming soon
excuse me coming through
cho pd coming through
Is is coming to
PDis too, we coming soon"
유달산아 말해다오,21,이미자,"꽃피는 유달산아 꽃을 따던 처녀야
달뜨는 영산강에 노래하던 총각아
그리움을 못잊어서 천리길을 왔건만
님들은 어딜갔나 다 어디 갔나
유달산아 말해다오 말좀 해다오
옛보던 노적봉도 변함없이 잘 있고
안개낀 삼학도에 물새들도 자는데
그리워서 서러워서 불러보는 옛노래
님이여 들으시나 못들으시나
영산강아 말해다오 말좀 해다오"
여자여자해,145,봄이,"당신앞에 서면 여자여자해
당신이 부를땐 여자여자되
누가 뭐라해도 여자여자해
천상 당신의 여자
날 똑바로봐 오 빠빠빠빠
용기내 말하고 있어요 오오오
망설이지마 오 빠빠빠빠
사실난 수줍은 많은 여자
한껏 멋을 내 당신 만나러 가
내 마음 두근두근
흔들리는 눈빛 날 바라봐요
오늘을 기다려왔어
당신앞에 서면 여자여자해
당신이 부를땐 여자여자되
다른남자 앞엔 못된여자되
오빠가 최고에요
당신앞에 서면 여자여자해
당신이 부를땐 여자여자되
누가 뭐라해도 여자여자해
천상 당신의 여자
유치하지만 오 빠빠빠빠
당신얼굴만 보면 너무 좋아
날보러와요 오 빠빠빠빠
지친마음을 꽉 안아줄게
한껏 멋을 내 당신 만나러 가
내 마음 두근두근
흔들리는 눈빛 날 바라봐요
오늘을 기다려왔어
당신앞에 서면 여자여자해
당신이 부를땐 여자여자되
다른남자 앞엔 못된여자되
오빠가 최고에요
당신앞에 서면 여자여자해
당신이 부를땐 여자여자되
누가 뭐라해도 여자여자해
천상 당신의 여자
비가와도 눈이 와도
당신곁에 내가 있어요
당신앞에 서면 여자여자해
당신이 부를땐 여자여자되
다른남자 앞엔 못된여자되
오빠가 최고에요
당신앞에 서면 여자여자해
당신이 부를땐 여자여자되
누가 뭐라해도 여자여자해
천상 당신의 여자
천상 당신의 여자"
그랬었구나,64,금잔디,"그랬었구나 내가 그랬었구나
마음에 상처 주었었구나
그랬었구나 내가 그랬었구나
깊은 실망을 안겨 주었었구나
미안하다 미안해 정말 미안해
나 혼자의 욕심을 부렸었구나
미안하다 미안해 정말 미안해
너에 대한 배려를 못했었구나
그랬었구나 내가 그랬었구나
나의 사랑이 많이 부족했구나
미안하다 미안해 정말 미안해
나 혼자의 욕심을 부렸었구나
미안하다 미안해 정말 미안해
너에 대한 배려를 못했었구나
그랬었구나 내가 그랬었구나
나의 사랑이 많이 부족했구나"
사장님 월급 좀 올려주세요,356,오종경,"사장님 사장님 우리 사장님
마음씨 좋은 우리 사장님
월급 좀 올려주세요
아들딸 교육비에다
부모님 용돈도 드려야 해요
사장님 월급 좀 올려주세요
월급이 적다고 마누라한테
혼난 적도 있어요
회사를 위해서 최선을 다했는데
10년이 되고 20년이 되도
월급은 쥐꼬리만큼
올라가는데 헤이
사장님 사장님 사장님
월급 좀 올려주세요
사랑하는 우리 마누라
불쌍해 죽겠어요
경제도 풀리고 회사도 잘되면
언젠간 올려줄 거야
우리 사장님 우리 사장님
마음씨 좋은 우리 사장님
월급 좀 올려주세요
사장님 사장님 우리 사장님
마음씨 좋은 우리 사장님
월급 좀 올려주세요
아들딸 교육비에다
부모님 용돈도 드려야 해요
사장님 월급 좀 올려주세요
월급이 적다고 마누라한테
혼난 적도 있어요
회사를 위해서 최선을 다했는데
10년이 되고 20년이 되도
월급은 쥐꼬리만큼
올라가는데 헤이
사장님 사장님 사장님
월급 좀 올려주세요
사랑하는 우리 마누라
불쌍해 죽겠어요
경제도 풀리고 회사도 잘되면
언젠간 올려줄 거야
우리 사장님 우리 사장님
마음씨 좋은 우리 사장님
월급 좀 올려주세요
사장님 좋아요 좋아 좋아 좋아
사장님 최고"
엉덩이 (HIP),"2,504",김수찬,"엉덩일 흔들어봐
왼쪽을 좀 들어봐
몸 사릴 거 없잖아
니 상상을 펼쳐봐
엉덩일 흔들어봐
남자든 여자든 누구든
어디서 왔건 뭐가 됐건 상관 없잖아
입 열지마 머리도 쓰지마
그저 있는 그대로 즐겨봐
엉덩일 흔들어봐
왼쪽을 좀 들어봐
몸 사릴 거 없잖아
니 상상을 펼쳐봐
엉덩일 흔들어봐
왼쪽을 좀 들어봐
몸 사릴 거 없잖아
니 상상을 펼쳐봐
엉덩일 흔들어봐
그것 봐 잘 하고 있잖아
눈치만 보던 1분 1초 아깝지 않게
자 이제 어깨도 털어봐
정말 멋있어 그래 그거야
엉덩일 흔들어봐
왼쪽을 좀 들어봐
몸 사릴 거 없잖아
니 상상을 펼쳐봐
엉덩일 흔들어봐
왼쪽을 좀 들어봐
몸 사릴 거 없잖아
니 상상을 펼쳐봐
엉덩일 흔들어봐
왼쪽을 좀 들어봐
몸 사릴 거 없잖아
니 상상을 펼쳐봐
엉덩일 흔들어봐
왼쪽을 좀 들어봐
몸 사릴 거 없잖아
니 상상을 펼쳐봐
오늘만은 신나게"
선녀와 나무꾼,"4,427",이찬원,"하늘과 땅 사이에
꽃비가 내리던 날
어느 골짜기 숲을 지나서
단 둘이 처음 만났죠
하늘의 뜻이었기에
서로를 이해하면서
행복이라는 봇짐을 메고
단둘이 사랑을 했죠
그러던 그 어느 날
어느 날
선녀가 떠나갔어요
하늘 높이 모든 것을 다버리고
저멀리 떠나갔어요
선녀를 찾아 주세요
나무꾼의 그 얘기가
사랑을 잃은 이 내 가슴에
아련히 젖어 오네요
하늘의 뜻이 었기에
서로를 이해하면서
행복이라는 봇짐을 메고
단둘이 사랑을 했죠
그러던 그 어느날
어느날
선녀가 떠나갔어요
하늘 높이 모든 것을 다 버리고
저 멀리 떠나갔어요
선녀를 찾아주세요
나무꾼의 그 얘기가
사랑을 잃은 이 내 가슴에
아련히 젖어 오네요
사랑을 잃은 이 내 가슴에
아련히 젖어 오네요"
녹슬은 기찻길,123,전향진,"휴전선 달빛아래 녹슬은 기찻길
어이해서 피 빛인가 말 좀 하렴아
전해다오 전해다오
고향 잃은 서러움을
녹슬은 기찻길아 어버이
정 그리워 우는 이 마음
전해다오 전해다오
고향 잃은 서러움을
녹슬은 기찻길아 너처럼
내 마음도 울고 있단다"
그여자의 마스카라,"4,345",이찬원,"알고 십 년
속아 십 년
인생은 그런거라고
속절없이 웃고 마는
강 건너 외로운 여자
세상에 과거 없는 사람 있냐며
마지막 술잔 속에 눈물을 감추고
그여자의 마스카라
그여자의 젖은 입술
나를 나를 울리려 하네
사랑 몇 번
이별 몇 번
인생은 그런거라고
흔들리듯 춤을 추는
강 건너 쓸쓸한 여자
세상에 과거 없는 사람 있냐며
마지막 젖은 담배 한숨 지우고
그여자의 마스카라
그여자의 젖은 입술
나를 나를 울리려 하네
세상에 과거 없는 사람 있냐며
마지막 술잔 속에 눈물을 감추고
그여자의 마스카라
그여자의 젖은 입술
나를 나를 울리려하네"
사랑의 배터리,"2,188",양지은,"나를 사랑으로 채워줘요
사랑의 밧데리가 다 됐나봐요
당신 없인 못살아 정말 나는 못살아
당신은 나의 배터리
얼짱이 아니라도 좋아요
몸짱이 아니라도 좋아요
나만을 위해 줄 당신이
바로 내겐 짱이랍니다
한번 더 나를 안아주세요
가슴이 터지도록 안아주세요
사랑의 약발이 떨어졌나봐
당신이 필요해요
나를 사랑으로 채워줘요
사랑의 밧데리가 다 됐나봐요
당신 없인 못살아 정말
나는 못살아
당신은 나의 밧데리
내겐 당신만이 전부에요
당신이 너무 좋아 완전 좋아요
하나뿐인 내 사랑 둘도 없는 내 사랑
당신이 짱이랍니다
사랑을 가득 넣어 주세요
가슴에 넘치도록 넣어주세요
사랑의 약발이 떨어졌나봐
나 지금 외로워요
나를 사랑으로 채워줘요
사랑의 밧데리가 다 됐나봐요
당신 없인 못살아 정말 나는 못살아
당신은 나의 밧데리
내겐 당신만이 전부에요
당신이 너무 좋아 완전 좋아요
하나뿐인 내 사랑 둘도 없는 내 사랑
당신이 짱이랍니다
아무리 힘든 날에도
당신만 있다면
힘들지 않아 나는 슬프지 않아
당신 곁이라면
내겐 당신만이 전부에요
당신이 너무 좋아 완전 좋아요
하나뿐인 내 사랑 둘도 없는 내 사랑
당신이 짱이랍니다
당신이 짱이랍니다
당신이 짱이랍니다
사랑의 밧데리"
사나이 눈물,"4,725",이찬원,"흘러가는 뜬구름은 바람에 가고
허무한 내 청춘은 세월에 가네
취한 김에 부르는 노래
끝도 없는 인생의 노래
아 뜨거운 눈물 사나이 눈물
웃음이야 주고 받을 친구는 많지만
눈물로 마주 앉을 사람은 없더라
취한 김에 부르는 노래
박자 없는 인생의 노래
아 뜨거운 눈물 사나이 눈물
돌아보면 그다지도 먼 길도 아닌데
저 만큼 지는 노을 날 보고 웃네
취한 김에 껄껄 웃지만
웃는 눈에 맺힌 눈물은
아 뜨거운 눈물 사나이 눈물"
묻지마세요,"1,023",양지은,"묻지 마세요
물어보지 마세요
내 나이 묻지 마세요
흘러간 내 청춘
잘한 것도 없는데
요놈의 숫자가 따라오네요
여기까지 왔는데
앞만 보고 왔는데
지나가는 세월에 서러운 눈물
서산 넘어가는 청춘
너 가는 줄 몰랐구나
세월아 가지를 말어라
묻지 마세요
물어보지 마세요
내 나이 묻지 마세요
흘러간 내 청춘 잘한 것도 없는데
요놈의 숫자가 따라오네요
여기까지 왔는데
앞만 보고 왔는데
지나가는 세월에 서러운 눈물
서산 넘어가는 청춘
너 가는 줄 몰랐구나
세월아 가지를 말어라
여기까지 왔는데
앞만 보고 왔는데
지나가는 세월에 서러운 눈물
서산 넘어 가는 청춘
너 가는 줄 몰랐구나
세월아 가지를 말어라
세월아 가지를 말어라"
비망록 (스물의 노래) (MR),"7,711",임영웅,"아름답다고
난 스물의 세상을 꿈꿨지
오늘부터 다 날 어른으로 부르네
어제 오늘은
단 하루가 차이 날 뿐인데
마치 꿈인 듯 다 변했어
알았던 모든 것은
전부 허구였어
꿈이란 결코
마법처럼 되지 않아
칼과 창 방패에 말을 타는
서부의 총잡이 돼볼까
순례자든 방랑자든 다
밀림의 도시 벗어나 볼까
난 또 다른 삶의 길 위에서
새로운 방황을 시작해
스무 살의 어린 비망록
난 펼쳐드네
나의 노래로
조금 서툴게
되고 싶은 것
또 하고픈 일들을 알았네
왠지 자꾸만 난 불안해
알았던 모든 것은
전부 허구였어
꿈이란 결코
마법처럼 되지 않아
저 거친 들판에 모래바람
다지는 소 떼를 몰거야
투우사든 집시 또는 나
돈키호테도 괜찮을거야
난 세상에 발을 딛고 서는
평범한 일상이 싫은 걸
다른 삶의 오직 나만의
길을 가고 싶어 나를 꿈꾸며
칼과 창 방패에 말을 타는
서부의 총잡이 돼볼까
순례자든 방랑자든 다
밀림의 도시 벗어나 볼까
나 세상에 발을 딛고 서는
평범한 일상이 싫은 걸
다른 삶의 오직 나만의
길을 가고싶어 나를 꿈꾸며"
교차로에서,129,금잔디,"멈춰버렸습니다
저 빨간 신호등 앞에
당신이 내려 주신
교차로에서
난 그냥 서있습니다
잘가라고 하시니
이대로 가야겠지요
보내야 하는 마음
알고있지만
왜 이리 서러운가요
그대는 어디로 가십니까
나는 갈 곳도 모르는데
그대라는 그 길 위에 남겨져
한참을 그냥 바라봅니다
하엽없이 흐르는
눈물의 교차로에서
잘가라고 하시니
이대로 가야겠지요
보내야 하는 마음
알고 있지만
왜 이리 서러운가요
그대는 어디로 가십니까
나는 갈 곳도 모르는데
그대라는 그 길 위에 남겨져
한참을 그냥 바라봅니다
하엽없이 흐르는
눈물의 교차로에서
눈물의 교차로에서"
사랑 사랑,434,샛별부,"사랑 사랑 사랑 사랑 내 사랑이로구나
일편단심 사랑일세
사랑 사랑 사랑 사랑 내 사랑이로구나
얼씨구나(좋다) 절씨구나
일편단심 사랑일세
이리 봐도 저리 봐도 어찌 이리 고울까요
하늘에서 주신 천사 하루하루 꿈 같구나
허락 없이 아프지 마요
혹시라도 먼저 가지 마
백발이 성성 늙어가도
당신 손 놓지 않으리
사랑 사랑 사랑 사랑 내 사랑이로구나
얼씨구나(좋다) 절씨구나
일편단심 사랑일세
사랑 사랑 사랑 사랑 내 사랑이로구나
얼씨구나(좋다) 절씨구나
일편단심 사랑일세
이리 봐도 저리 봐도 어찌 이리 고울까요
하늘에서 주신 천사 하루하루 꿈 같구나
허락 없이 아프지 마요
혹시라도 먼저 가지 마
백발이 성성 늙어가도
당신 손 놓지 않으리
사랑 사랑 사랑 사랑 내 사랑이로구나
얼씨구나(좋다) 절씨구나
일편단심 사랑일세
사랑 사랑 사랑 사랑 내 사랑이로구나
얼씨구나(좋다) 절씨구나
일편단심 일편단심 일편단심 사랑일세
일편단심 사랑일세"
꽃바람,694,진욱,"그대는 나에게 꽃바람
내 마음 흔들어 놓은 꽃바람
바보가 되고 말았어요
나 그대 사랑하니까
누군가를 사랑하면
이렇게 눈이 머나요
단 한 사람 당신이기에
사랑에 눈을 떴어요
가면 가는 대로 오는 대로
그까짓 것 사랑이 뭐길래
이렇게 아프고 괴로운지
내 맘 나도 몰라요
그대는 나에게 꽃바람
내 마음 흔들어 놓은 꽃바람
바보가 되고 말았어요
나 그대 사랑하니까
누군가를 사랑하면
이렇게 눈이 머나요
단 한 사람 당신이기에
사랑에 눈을 떴어요
가면 가는 대로 오는 대로
그까짓 것 사랑이 뭐길래
이렇게 아프고 괴로운지
내 맘 나도 몰라요
그대는 나에게 꽃바람
내 마음 흔들어 놓은 꽃바람
바보가 되고 말았어요
나 그대 사랑하니까
나 그대 사랑하니까
나 그대 정말 사랑하니까"
후반전,66,나상도,"후반전은 내가 만든다
이제부터 시작이야 인생 후반전
앞만 보고 달리고 달려
경주마처럼 살아왔었네
늦었다고 아쉬워 마라
돌아보면 궂은일도 나쁘지 않아
극복하면 선물이더라
행복이란 누군가가 줄 순 없잖아
내 맘속에 있는 거잖아
고생한 날 위해 아끼지 마라
후반전은 내가 만든다

이제부터 시작이야 인생 후반전
앞만 보고 달리고 달려
경주마처럼 살아왔었네
늦었다고 아쉬워 마라
돌아보면 궂은일도 나쁘지 않아
극복하면 선물이더라
행복이란 누군가가 줄 순 없잖아
내 맘속에 있는 거잖아
고생한 날 위해 아끼지 마라
후반전은 내가 만든다
후반전은 내가 만든다"
연정,61,계은숙,"너의 눈과 나의 눈이
마주치던 날
해바라기잎 사이로
우린 만났지
사랑한단 그 얘기를 내게 하면서
수줍어 고개 숙인 네 모습이
긴 세월 간다해도 잊을 수 없어
목 마른 장미처럼
기다리는 너 아
사랑은 정녕
이다지 괴로운 것일까
마주 잡은 두 손길에
따스한 체온
멀리 떠난 지금까지 남아 있는데
검은 머리 바람결에 휘날리면서
돌아서던 네 모습은 지금 어디에

긴 세월 간다해도 잊을 수 없어
목 마른 장미처럼
기다리는 너 아 사랑은 정녕
이다지 괴로운 것일까
마주 잡은 두 손길에
따스한 체온
멀리 떠난 지금까지 남아 있는데
검은 머리 바람결에 휘날리면서
돌아서던 네 모습은 지금 어디에
돌아서던 네 모습은 지금 어디에
돌아서던 네 모습은 지금 어디에"
유랑자,110,윤수일,"구름이 흘러가는 곳
마음이 흘러가는 곳
낭만이 있는 곳에
바람이 부는 대로
끝 없는 유랑
깊은 사연 한 없는 눈물이
가슴 깊이 숨겨진 사랑이
끝 없이 펼쳐지는데
나 이제 어디로 가나
구름이 흘러가는 곳
마음이 흘러가는 곳
낭만이 있는 곳에
바람이 부는 대로
끝 없는 유랑

깊은 사연 한 없는 눈물이
가슴 깊이 숨겨진 사랑이
끝 없이 펼쳐지는데
나 이제 어디로 가나
구름이 흘러가는 곳
마음이 흘러가는 곳
낭만이 있는 곳에
바람이 부는 대로
끝 없는 유랑
끝 없는 유랑
끝 없는 유랑"
잡지마,393,문연주,"잡지마라 잡지마라
내 가는 길 막지마라
그 사랑에 너무 빠져
이별 예감 못했구나
사랑이란 사랑이란
흘러가는 강물같더라
잡지마라 잡지마라
내가는길 막지마라
사랑이란 다 그런거야
묻지마라 묻지마라
내가는길 묻지마라
그사랑에 너무빠져
이별예감 못했구나
청춘이란 청춘이란
떨어지는 꽃잎같더라
묻지마라 묻지마라
내가는길 묻지마라
사랑이란 다 그런거야
잡지마라 잡지마라
내가는길 막지마라
사랑이란 다 그런거야"
백만송이 장미,"2,257",심수봉,"먼 옛날 어느 별에서

내가 세상에 나올때

사랑을 주고 오라는

작은 음성 하나 들었지



사랑을 할때만 피는꽃

백만송이 피워오라는

진실한 사랑할때만

피어나는 사랑의 장미



미워하는 미워하는 미워하는 마음없이

아낌없이 아낌없이 사랑을 주기만 할 때

수백만송이 백만송이 백만송이 꽃은 피고

그립고 아름다운 내 별나라로 갈 수 있다네



진실한 사랑은 뭔가

괴로운 눈물 흘렸네

헤어져간 사랑 많았던

너무나 슬픈 세상이었기에



수많은 세월 흐른뒤

자기의 생명까지 모두 다준

비처럼 홀연히 나타난

그런 사랑 나를 안았네



미워하는 미워하는 미워하는 마음없이

아낌없이 아낌없이 사랑을 주기만 할 때

수백만송이 백만송이 백만송이 꽃은 피고

그립고 아름다운 내 별나라로 갈 수 있다네



미워하는 미워하는 미워하는 마음없이

아낌없이 아낌없이 사랑을 주기만 할 때

수백만송이 백만송이 백만송이 꽃은 피고

그립고 아름다운 내 별나라로 갈 수 있다네



이젠 모두가 떠날지라도

그러나 사랑은 계속 될꺼야

저별에서 나를 찾아온

그토록 기다리던 이인데



그대와 함께라면

더욱더 많은 꽃을 피우고

하나가 된 우리는

영원한 저별로 돌아가리라



미워하는 미워하는 미워하는 마음없이

아낌없이 아낌없이 사랑을 주기만 할 때

수백만송이 백만송이 백만송이 꽃은 피고

그립고 아름다운 내 별나라로 갈 수 있다네



미워하는 미워하는 미워하는 마음없이

아낌없이 아낌없이 사랑을 주기만 할 때

수백만송이 백만송이 백만송이 꽃은 피고

그립고 아름다운 내 별나라로 갈 수 있다네



미워하는 미워하는 미워하는 마음없이

아낌없이 아낌없이 사랑을 주기만 할 때

수백만송이 백만송이 백만송이 꽃은 피고

그립고 아름다운 내 별나라로 갈 수 있다네"
머나먼 고향,866,진해성,"머나먼 남쪽 하늘 아래
그리운 고향
사랑하는 부모형제
이 몸을 기다려
천리타향 낯선거리
헤매는 발길
한 잔 술에 설움을
타서 마셔도
마음은 고향 하늘을
달려 갑니다
천리타향 낯선거리
헤매는 발길
한 잔 술에 설움을
타서 마셔도
마음은 고향 하늘을
달려 갑니다"
사랑은 아직도 끝나지 않았네,537,조용필,"다시는 생각을
말자 생각을 말자고
그렇게 애타던
말 한마디 못하고
잊어야 잊어야만
될 사랑이기에
깨끗이 묻어버린
내 청춘이련만
그래도 못잊어
나 홀로 불러보네
사랑은 아직도
끝나지 않았네
잊어야 잊어야만
될 사랑이기에
깨끗이 묻어버린
내 청춘이련만
그래도 못잊어
나 홀로 불러보네
사랑은 아직도
끝나지 않았네
끝나지 않았네
끝나지 않았네"
내고향 충청도,479,조영남,"일사 후퇴때 피난 내려와
살다 정든곳 두메나 산골
태어난 곳은 아니었지만
나를 키워준 내 고향 충청도
어머니는 밭에 나가시고
아버지는 장에 가시고
나와 내 동생 논길을 따라
메뚜기 잡이 하루가 갔죠
내 아내와 내 아들과
셋이서 함께 가고 싶은곳
논과 밭 사이 작은 초가집
내 고향은 충청도라오

동구밖에 기차 정거장
언덕 위에 하얀 예배당
내가 다니던 국민학교는
동네서 제일 큰집 이었죠
내 아내와 내 아들과
셋이서 함께 가고 싶은곳
논과 밭 사이 작은 초가집
내 고향은 충청도 라오
내 아내와 내 아들과
셋이서 함께 가고 싶은곳
논과 밭 사이 작은 초가집
내 고향은 충청도 예유"
순아,214,최헌,"서울 어느 하늘 아래 낯설은 주소엔들 어떠랴
아담한 집 하나 짓고 순아 단둘이 살자
깊은 산 바위 틈 둥지속에 산비둘기 처럼
우리 서로 믿고 순아 단둘이 살자
낮에는 햇빛이 밤에는 달빛이 조그만 우리들 창을
비춰 줄거야 순아 우리 단둘이 살자
순아 순아 단둘이 살자

깊은 산 바위 틈 둥지속에 산비둘기 처럼
우리 서로 믿고 순아 단둘이 살자
낮에는 햇빛이 밤에는 달빛이 조그만 우리들 창을
비춰 줄거야 순아 우리 단둘이 살자
순아 순아 단둘이 살자 순아 순아 단둘이 살자
순아 순아 단둘이 살자"
다시한번생각해줘요,87,김수희,"옷깃을 스쳐가도
인연이라 했는데
어쩌면 무정하게
갈 수 있나요
그토록 사랑해놓고
긴긴 세월 아름다운 날들은
떠나가는 당신도
못 잊을 거예요
사랑해요 가지 마오
다시 한번 생각해 줘요
아무리 갈대라도
부러지지 않는데
어쩌면 야속하게
갈 수 있나요
그토록 맹세해놓고
긴긴 세월 아름다운 날들은
떠나가는 당신도
못 잊을 거예요
사랑해요 가지 마오
다시 한번 생각해 줘요
다시 한번 생각해 줘요"
호랑나비,690,김흥국,"호랑나비 한 마리가 꽃밭에 앉았는데
도대체 한 사람도
즐겨찾는 이 하나없네
하루 이틀 기다려도 도대체 사람없네
이것 참 속상해 속상해 못 살겠네
호랑나비야 날아봐 하늘 높이 날아봐
호랑나비야 날아봐 구름위로 숨어봐
호랑나비 한 마리가 꽃밭에 앉았는데
도대체 한 사람도
즐겨찾는 이 하나없네
호랑나비야 날아봐 하늘 높이 날아봐
호랑나비야 날아봐 구름위로 숨어봐
예예 숨어봐 예예 숨을까
예예 숨었다"
오빠는 잘 있단다,306,현숙,"너를 만나 사랑했다
행복 했었다
날 두고 떠나 갈 수 있나
잃어버린 세월에
내 이름 생각 난다면
오빠는 잘 있단다
지킬 수 없었던 약속
남자는 울었지
실패한 사랑에
내 이름을 지우고
이별 앞에 몸을 숨긴
오빠를 잊어다오
세월 속에서 오빠는 잘 있단다

너를 만나 사랑했다
행복 했었다
날 두고 떠나 갈 수 있나
잃어버린 세월에
내 이름 생각 난다면
오빠는 잘 있단다
지킬 수 없었던 약속
남자는 울었지
실패한 사랑에
내 이름을 지우고
이별 앞에 몸을 숨긴
오빠를 잊어다오
세월 속에서 오빠는 잘 있단다
지킬 수 없었던 약속
남자는 울었지
실패한 사랑에
내 이름을 지우고
이별 앞에 몸을 숨긴
오빠를 잊어다오
세월 속에서 오빠는 잘 있단다"
나성에 가면,499,권성희,"나성에 가면 편지를 띄우세요

사랑의 이야기 담뿍 담은 편지

나성에 가면 소식을 전해줘요

하늘이 푸른지 마음이 밝은지

즐거운 날도 외로운 날도

생각해 주세요

나와 둘이서 지낸 날들을

잊지 말아줘요

나성에 가면 편지를 띄우세요

함께 못가서 정말 미안해요

나성에 가면 소식을 전해줘요

안녕 안녕 내 사랑



나성에 가면 편지를 띄우세요

꽃모자를 쓰고 사진을 찍어보내요

나성에 가면 소식을 전해줘요

예쁜 차를 타고 행복을 찾아요

당신과 함께 있다하면은 얼마나

좋을까 어울릴거야 어디를 가도

반짝거릴텐데

나성에 가면 편지를 띄우세요

함께 못가서 정말 미안해요

나성에 가면 소식을 전해줘요

안녕 안녕 내 사랑

안녕 안녕 내 사랑

안녕 안녕 내 사랑"
찰랑찰랑,171,이자연,"찰랑찰랑 찰랑대네

잔에 담긴 위스키처럼



그모습이 찰랑대네

사랑이란 한잔술이던가



오오오 그대는 나를

취하게하는 사람이었고



가까이에서 이마음을

자꾸 흔들었어



촉촉히 젖은눈빛 하나로

이마음을 적셔주었어



그것이 사랑이라면

이순간

모든것 다 줄수있어



그것이 거짓없는 진실이라면



나는 나는

그대 잔속에서



찰랑 찰랑대는

술이 되리라



오오오 그대는 나를

취하게하는 사람이었고



가까이에서 이마음을

자꾸 흔들었어



촉촉히 젖은

눈빛 하나로





이마음을 적셔주었어



그것이 사랑이라면

이순간





모든것 다 줄수있어



그것이 거짓없는

진실이라면



나는 나는

그대 잔속에서



찰랑 찰랑대는

술이 되리라



나는 나는

그대 잔속에서



찰랑 찰랑대는

술이 되리라





그대 위하여"
거짓말,"1,059",조항조,"사랑했다는 그말도 거짓말
돌아온다던 그 말도 거짓말 세상의
모든 거짓말 다 해놓고 행여나를
찾아와 있을 너의 그마음도 다칠까
너의 자리를 난 또 비워둔다 이젠
더 이상 속아선 안되지 이젠 더
이상 믿어선 안되지 하지만 그게
말처럼 쉽지 않아 다시 한번만 더
나 너를 다시 한번만 더 너에게
나를 사랑할 기횔 주어본다 어떤
사랑으로 나의 용서에 답하련지 또
잠시 날 사랑하다 떠날 건지 마치
처음날 사랑하듯 가슴 뜨겁게
와있지만 난 왠지 그사랑이 두려워
오직 나만을 위한 그약속과
내곁에서 날 지켜준다는 말
이번만큼은 제발 변치않길
어떤사랑으로 나의 용서에
답하련지 또 잠시 날 사랑하다
떠날 건지 마치
처음날 사랑하듯 가슴 뜨겁게
와있지만 난 왠지 그사랑이 두려워
오직 나만을 위한 그약속과
내곁에서 날 지켜준다는 말
이번만큼은 제발 변치않길 오직
나만을 위한 그약속과 내곁에서 날
지켜준다는 말 이번만큼은 제발
변치않길"
사랑아 (2015 Ver.),510,장윤정,"안 돼요 안 돼 날 두고 떠나면 안 돼
그렇겐 못해 난 절대 보낼 순 없어
갈 테면 가봐 모든 걸 잊고 떠나봐
그땐 뒤돌아서 후회를 할 거야
희미한 기억 속에
너의 이름 불러도
다신 볼 수 없던 사랑한 사람
사랑아 나를 두고 떠나가지마
나만 두고 가려거든
다신 나를 찾지 마
언젠가 그대 나를 찾는다해도
그땐 내가 먼저 뒤돌아서
그댈 볼 수 없으니
안 돼요 안 돼 날 두고 떠나면 안 돼
그렇겐 못해 난 절대 보낼 순 없어
갈 테면 가봐 모든 걸 잊고 떠나봐
그땐 뒤돌아서 후회를 할 거야
희미한 기억 속에
너의 이름 불러도
다신 볼 수 없던 사랑한 사람
사랑아 나를 두고 떠나가지마
나만 두고 가려거든
다신 나를 찾지 마
언젠가 그대 나를 찾는다해도
그땐 내가 먼저 뒤돌아서
그댈 볼 수 없으니"
미운 사내,307,유지나,"순진한 여자의 가슴에다
돌을 던진 사내야
떠나버릴 사람이라면
사랑한다 말은 왜 했나
활짝 핀 꽃처럼 웃던 얼굴이
웬일인지 요즘 우울해졌네
순진한 내 가슴에
돌을 던진 사내야
미운 사내 미운 사내
얄미운 사내야
순진한 여자의 가슴에다
돌을 던진 사내야
떠나버릴 사람이라면
사랑한다 말은 왜 했나
활짝 핀 꽃처럼 웃던 얼굴이
웬일인지 요즘 우울해졌네
순진한 내 가슴에
돌을 던진 사내야
미운 사내 미운 사내
얄미운 사내야
미운 사내 미운 사내
얄미운 사내야"
보릿고개,604,지원이,"아야 뛰지 마라 배 꺼질라
가슴 시린 보릿고개 길
아야 뛰지 마라 배 꺼질라
가슴 시린 보릿고개 길
주린 배 잡고 물 한 바가지
배 채우시던 그 세월을 어찌 사셨소
초근목피의 그 시절
바람결에 지워져 갈 때
어머님 설움 잊고 살았던
한 많은 보릿고개여
풀피리 꺾어 불던 슬픈 곡조는
어머님의 한숨이었소
풀피리 꺾어 불던 슬픈 곡조는
어머님의 통곡이었소
어머님의 통곡이었소"
봉선화 연정,"7,236",이찬원,"손대면 톡하고
터질것만 같은 그대
봉선화라 부르리
더이상 참지못할 그리움울
가슴깊이 물들이고
수줍은 너의 고백에
내 가슴이 뜨거워
터지는 화산처럼
막을수 없는 봉선화 연정
손대면 톡하고
터질것만 같은 엄마
봉선화라 부르리
더이상 참지못할 외로움에
젖은 가슴 태우네
울면서 혼자 울면서
사랑한다 말해도
무정한 너는 너는
알지 못하네 엄마의 연정
봉선화 연정"
사랑보다 깊은 상처,"7,515",린,"오랫동안 기다려 왔어
내가 원한 너였기에
슬픔을 감추며 널 보내줬었지
날 속여 가면서
잡고 싶었는지 몰라
너의 눈물 속의 내 모습
아직까지 남아있어
추억을 버리긴 너무나 아쉬워
난 너를 기억해
이젠 말할게 내 오랜 기다림
너 떠나고 너의 미소 볼수 없지만
항상 기억할게 너의 그모든걸
사랑 보다 깊은 상처만 준 난
이젠 깨달았어
후회하고 있다는 걸
이젠 모두 떠나갔지만
나에게 넌 남아있어
추억을 감춘채 넌 울고 있었어
난 이젠 너에게
아무런 말도 할 수 없어
그런 넌 용서할지 몰라
부족했던 내모습을
넌 나를 지키며 항상 위로했었지
난 그런 너에게
이젠 이렇게 아픔만 남겼어
너 떠나고 너의 미소 볼수 없지만
항상 기억할게 너의 그 모든 걸
사랑 보다 깊은 상처만 준 난
이젠 깨달았어
후회하고 있다는걸
나는 상상했었지
나의 곁에 있는 널
이젠 모든 나의 꿈들을
너에게 줄게
너 떠나고 너의 미소 볼수 없지만
항상 기억할게 너의 그 모든걸
사랑보다 깊은 상처만 준 난
이젠 깨달았어 후회하고 있다는걸"
MY Way,"15,322",김호중,"And now the end is near
And so I face the final curtain
My friend I'll say it clear
I'll state my case of which I'm certain
I've lived a life that's full
I traveled each and every highway
And more much more than this
I did it my way
Regrets I've had a few
But then again too few to mention
I did what I had to do
And saw it through without exemption
I planned each charted course
Each careful step along the by way
And more much more than this
I did it my way
Yes there were times I’m sure you knew
When I bit off more than I Could Chew
But through it all when there was doubt
I ate it up and spit it out
I Faced it all And I stood tall
And did it my way
I’ve loved I’ve laughed and cried
I’ve had my fill my share of losing
And now as tears subside
I find it all so amusing
To think I did all that
And may I say Not in a shy way
Oh no Oh no not me
I did it my way
For what is a man
What has he got
If not himself then he has naught
To say the things he truly feels
And not the words of one who kneels
The record shows I took the blows
And did it my way"
고맙소,235,김산하,"이 나이 먹도록
세상을 잘 모르나보다
진심을 다해도
나에게 상처를 주네
이 나이 먹도록
사람을 잘 모르나보다
사람은 보여도
마음은 보이지 않아
이 나이 되어서
그래도 당신을 만나서
고맙소 고맙소
늘 사랑하오
못난 나를 만나서
긴 세월 고생만 시킨 사람
이런 사람 이라서
미안하고 아픈 사람
나 당신을 위해 살아가겠소
남겨진 세월도 함께 갑시다
고맙소 고맙소
늘 사랑하오"
지붕,611,남승민,"돌아보면 그대로 주저앉을 것 같아
입술 깨 물고 달린다
차 한 잔의 여유도
나에겐 배부른 사치일 뿐
들풀처럼 모진 인생을 살지만
내 등을 토닥여 주는
바람 한 점 있어
그래도 살 만한 세상인 거죠
그 바람은 바로 당신
날 지켜주는 한사람
태양처럼 찬란한 내일을 만들어 가요
천년만년 당신과 행복하게 살고파
서로를 지켜주면서
비가 와도 좋아요
당신이 나의 지붕이니까
그 바람은 바로 당신
날 지켜주는 한사람
태양처럼 찬란한 내일을 만들어 가요
천년만년 당신과 행복하게 살고파
서로를 지켜주면서
비가 와도 좋아요
당신이 나의 지붕이니까"
신 사랑고개,360,"딸부잣집(김연지,마리아,주미,트윈걸스,황우림)","미아리 눈물고개
님이 넘던 이별고개
아주 오래전에 미아리고개
울며불며 매달리던 눈물고개
오늘날에 현재 미아리고개
갈 테면 가라지
냅두는 고개
내가 뭐 잡을 줄 아니
천만의 만만의 콩떡
여자답게 상냥하게
보내는 거야
미아리 눈물고개
니가 떠난 이별고개
니가 없어도 남자는 많아
갈 테면 어서 가라지
행여 나에게 돌아올 생각
꿈에도 하지 말아줘
행여 나에게 돌아올 생각
꿈에도 하지 말아줘
닐리리"
진또배기,"2,270",양지은,"어촌마을 어귀에 서서
마을에 평안함을 기원하는
진또배기 진또배기 진또배기
오리 세 마리 솟대에 앉아
물 불 바람을 막아주는
진또배기 진또배기 진또배기
모진 비바람을 견디며
바다의 심술을 막아주고
말없이 마을을 지켜온
진또배기 진또배기
어 허야듸야
풍어와 풍년을 빌면서
일 년 내내 기원하는
진또배기 진또배기
진또배기 진또배기
허야듸야 허야듸야
허야듸야 허야듸야
오리 세 마리 솟대에 앉아
물 불 바람을 막아주는
진또배기 진또배기 진또배기
모진 비바람을 견디며
바다의 심술을 막아주고
말없이 마을을 지켜온
진또배기 진또배기
어 허야듸야 진또배기
어 허야듸야 얼 쑤"
잃어버린 정,"1,049",홍지윤,"당신의 고운 눈매에
할 말을 잊었지만은
냉정히 돌아선 무정한 사람은
눈물을 모르겠지요
말문이 막혀서인지
할 말을 잊었지만은
다정한 그날의 뜨거운 추억을
어떻게 잊을 수 있나
미소가 머물다 갈 시간도 없이
떠나는 사람이면
아쉬운 미련도
아쉬운 마음도
남기지 말아요
잃어버린 정이 그리워지면
그때는 어찌하나요
미소가 머물다 갈 시간도 없이
떠나는 사람이면
아쉬운 미련도 아쉬운 마음도
남기지 말아요
잃어버린 정이 그리워지면
그때는 어찌하나요"
미운사랑 (Cover Ver.),28,미스터 팡,"남몰래 기다리다가 가슴만 태우는 사랑
어제는 기다림에 오늘은 외로움
그리움에 적셔진 긴 세월
이렇게 살라고 인연을 맺었나
차라리 저 멀리 둘 걸
미워졌다고 갈 수 있나요
행여나 찾아 올까봐
가슴이 사랑을 잊지 못해
이별로 끝난다 해도
그 끈을 놓을 순 없어 너와 나 운명인거야
이렇게 살라고 인연을 맺었나
차라리 저 멀리 둘걸
미워졌다고 갈 수 있나요
행여나 찾아 올까봐
가슴이 사랑을 잊지 못해
이별로 끝난다 해도
그 끈을 놓을 순 없어 너와 나 운명인거야
그 끈을 놓을 순 없어 너와 나 운명인거야"
얼쑤,660,안성훈,"얼쑤
얼쑤 얼쑤
울고불고했던 지난날은 잊고
지지고 볶고 했던 그 여자는 잊고
다른 다른 사람 사람 만나요
요요요 요요 요요요요요
어떤 옷을 입고 갈까 고민 고민
큰 거울 앞에 이런저런 포즈포즈
지금 지금 만나 만나 러 가요
요요요 요요 요요요요요
굽이굽이 이 높은 구두 신고 사뿐히
걸어 걸어 가면 가면 저기 당신 보여요
달아 달아 밝은 달아 나 좀 예쁘게
잘 좀 비춰라 이 사람 내게 혹 가버리게
해야 해야 밝은 해야 나 좀 예쁘게
잘 좀 비춰라 이 사람 내게 혹 가버리게
얼쑤
얼쑤 얼쑤"
노부부의 노래,22,태진아,"강물처럼 유유히 흘러온 세월
구름처럼 흘러간 내 인생아
낯설기만 한 하루 또 하루가 가고
이 내 쉴 곳은 사랑하는 당신뿐
세월지나니 후회가 되오
좀더 따뜻하게 해줄것을
모두다 주고 싶은데
남은 날이 너무 짧아 미안하오 사랑하오
다시태어나도 사랑하오
세월 지나니 후회가 되오
좀더 따뜻하게 해줄것을
모두 다 주고 싶은데
남은 날이 너무 짧아 미안하오 사랑하오
다시태어나도 사랑하오
오래오래 곁에 있어주오"
막걸리 한잔,212,민수현,"온 동네 소문났던 천덕꾸러기
막내아들 장가가던 날
앓던 이가 빠졌다며 덩실더덩실
춤을 추던 우리 아버지
아버지 우리 아들 많이 컸지요
인물은 그래도 내가 낫지요
고사리 손으로 따라주는 막걸리 한잔
아버지 생각나네
황소처럼 일만 하셔도
살림살이는 마냥 그 자리
우리 엄마 고생시키는
아버지 원망했어요
아빠처럼 살긴 싫다며
가슴에 대못을 박던
못난 아들을 달래주시며
따라주던 막걸리 한잔
따라주던 막걸리 한잔
아장아장 아들 놈이 어느새 자라
내 모습을 닮아버렸네
오늘따라 아버지가 보고 싶어서
그날처럼 막걸리 한잔
아버지 우리 아들 많이 컸지요
인물은 그래도 내가 낫지요
고사리 손으로 따라주는 막걸리 한잔
아버지 생각나네
황소처럼 일만 하셔도
살림살이는 마냥 그 자리
우리 엄마 고생시키는
아버지 원망했어요
아빠처럼 살긴 싫다며
가슴에 대못을 박던
못난 아들을 달래주시며
따라주던 막걸리 한잔
따라주던 막걸리 한잔"
오라버니,712,진욱,"날 사랑 하신다 하니
정말 그러시다니
구름 타고 빛나는 하늘
훨훨 날아갑니다
날 사랑하신다 하니
정말 행복하여서
설레다 떠는 가슴은
아픈 줄도 모른답니다
오라버니 어깨에
기대어 볼래요
커다란 가슴에
얼굴을 묻고
지금 이대로 죽어도 여한 없어요
난 정말 여자라서 행복해요
오라버니
사랑한다 말해주세요
정신을 못 차릴 거야
오라버니 목소리에
울고 웃어요
내겐 영원한 오라버니
오라버니 어깨에
기대어 볼래요
커다란 가슴에
얼굴을 묻고
지금 이대로 죽어도 여한 없어요
난 정말 여자라서 행복해요
오라버니
사랑한다 말해주세요
정신을 못 차릴 거야
오라버니 목소리에
울고 웃어요
내겐 영원한 오라버니
내겐 영원한 오라버니"
비비각시,819,소리소,"이 세상 끝나는 그 끝에서라도
당신을 기다릴 테요
한 번 맺은 인연을
어찌 저버릴까요
처음 느낌 그대로
내 가슴에 남아 있는데
우리 둘의 만남은
우연이 아니예요
서로 간절히 원한
열망으로 이뤄진 거죠
세상이 우리를 갈라 놓아도
난 비비각시 되어
이 세상 끝나는 그 끝에서라도
당신을 기다릴 테요
오로지 당신만이
내가 사는 이유입니다
영원히 영원히
세상이 우리를 갈라 놓아도
난 비비각시 되어
이 세상 끝나는 그 끝에서라도
당신을 기다릴 테요
오로지 당신만이
내가 사는 이유입니다
영원히 영원히
영원히 영원히"
삼백리 한려수도,130,이미자,"노을 진 한산섬에 갈매기 날으니
삼백리 한려수도 그림 같구나
굽이굽이 바닷길에 배가 오는데
임 마중 섬색시의 풋가슴 속은
빨갛게 빨갛게
동백꽃처럼 타오르는데
바닷가에 타오른다네
달밝은 한산섬에 기러기 날으니
삼백리 한려수도 거울 같구나
굽이굽이 바닷길에 밤은 깊은데
섬색시 풋가슴의 피는 사랑은
빨갛게 빨갛게 동백꽃처럼 피어나네
바위틈에 피어난다네"
가까이하기엔 너무 먼 당신,"2,122",손태진,"아 당신은
당신은 누구시길래

내 맘 깊은 곳에
외로움 심으셨나요

그냥 스쳐 지나갈 바람이라면
모르는 타인들처럼
아무 말 말고 가세요

잊으려 하면 할수록 그리움이
더욱 더 하겠지만

가까이 하기엔 너무 먼 당신을 난
난 잊을테요

그냥 스쳐 지나갈 바람이라면
모르는 타인들처럼
아무 말 말고 가세요

잊으려 하면 할수록 그리움이
더욱 더 하겠지만

가까이 하기엔 너무 먼 당신을 난
난 잊을테요

잊으려 하면 할수록 그리움이
더욱 더 하겠지만

가까이 하기엔 너무 먼 당신을 난
난 잊을테요

난 잊을테요"
여기서,95,박성온,"사랑이 나를 울리기 전에
눈물이 나를 가두기 전에
떠나야 해 잊어야 해
여기서 돌아서야 해
아직도 못다 한 말이 너무나 많은데
이대로 지워야 하나
아 미련 같은 건
이제는 사치인 거야
당신이 날 못 버린다니
내가 먼저 떠날 수밖에

사랑이 나를 울리기 전에
눈물이 나를 가두기 전에
떠나야 해 잊어야 해
여기서 돌아서야 해
아직도 못다 한 말이 너무나 많은데
이대로 지워야 하나
아 미련 같은 건
이제는 사치인 거야
당신이 날 못 버린다니
내가 먼저 떠날 수밖에
당신이 날 못 버린다니
내가 먼저 떠날 수밖에"
백년의 약속,61,김란영,"내가 선택한 사랑의끈에 나의 청춘을 묶었다
당신께 드려야할 손에 꼭쥔
사랑을 이제서야 보낸다
내 가슴에 못질을 하는 현실의 무게 속에도
우리가 잡은 사랑의 향기속에
눈물도 이젠 끝났다
세상이 힘들때 너를만나 잘해주지도 못하고
사는게 바빠서 단한번도 고맙다는 말도 못했다
백년도 우린 살지못하고 언젠간 헤어지지만
세상이 끝나도 후회없도록 널 위해 살고싶다

삼십년쯤 지나 내 사랑이 많이 약해져 있을때
영혼을 태워서 당신앞에 나의 사랑을 심겠다
백년도 우린 살지 못하고 언젠간 헤어지지만
세상이 끝나도 후회없도록 널 위해 살고싶다
이세상에 너를 만나서 짧은 세상을 살지만
평생동안 한번이라도 널 위해 살고싶다
널 위해 살고싶다"
여인의 눈물,53,김란영,"1.이슬비는 나~아리고 그님은 가셨는데 하염없이 헤매이는 쓸쓸한~하아안 여인이여 한목`숨 다바`쳐 불태웠`던~허어언 그 사랑을 어이해 보내고 외로움에(흐느`끼며~허어) 혼자섰나(울고있나) ,,,,,,,,,,,2. 구슬같`은 눈물에 그님은 희미한데 스며드는 외로움을 삼키는~흐으은 여인이여 목메여 불러도 자취없는~흐으은 그 사람을 차라리 눈물로 달래`려고~호오오 울고있나."
슬퍼하지마,232,이승희,"아무말도 하지않는거야 나에게 말을 해줘
너에게 무슨일이 생긴건지 속시원히 말을 해줘
이 세상 모두가 변한다고해도 나는 너를 사랑해
너에게 나를준걸 후회는 안해 이대로 함께 있을께
사랑할수 있을때 사랑해야해
서로 후회하지 않도록 너의 곁에는 내가 있잖아
너를 지킬테니까 용서할수 있을때 용서해야해
가슴이 아프지 않도록 차라리 그것이 속편한거야
이젠 슬퍼하지마


사랑할수 있을때 사랑해야해
서로 후회하지 않도록 너의 곁에는 내가 있잖아
너를 지킬테니까 용서할수 있을때 용서해야해
가슴이 아프지 않도록 차라리 그것이 속편한거야
오~이젠 슬퍼하지마
이세상에 남자는 너하나 뿐인데
슬퍼하면 나는 어떡해 네가 힘이들면 내게로와
내가 널 사랑하겠어"
부초,147,최유나,"화려한 불빛 그늘에 숨어
사랑을 잊고 살지만
울고싶은 밤이면
당신생각 합니다
진정 나하나만 사 랑한 당신
강물같은 세월에
나는 꽃잎이 되어
떠다니는 사랑이 되어
차가운 거리를
떠돌다 가지만
당신 모습 따라오네요

바람이 불어 쓸쓸한 거리
어둠을 먹고 살지만
외로워진 밤이면
당신 생각합니다
진정 소중했던 나 만의 당신
강물같은 세월에
나는 꽃잎이 되어
떠"
애비,656,최백호,"가뭄으로 말라 터진
논바닥 같은 가슴이라면
너는 알겠니
비바람 몰아치는 텅빈 벌판에
홀로 선 솔나무 같은 마음이구나
그래 그래 그래 너무 예쁘다
새하얀 드레스에 내 딸 모습이
잘 살아야 한다 행복해야 한다
애비 소원은 그것뿐이다

아장 아장 걸음마가 엊그제 같은데
어느새 자라 내곁을 떠난다니
강처럼 흘러버린 그 세월들이
이 애비 가슴속엔 남아 있구나
그래 그래 그래 울지마라
고운 드레스에 얼룩이 질라
참아야 한다 참아야 한다
애비 부탁은 그것뿐이다"
바보 같지만,168,박상철,"1
당신 미워할 수 없는 사랑 내 가슴에 간직한 사랑
햇살처럼 너의 기억을 등에 지고 난 살아 갈 테야
가슴이 아파도 울지 않아요 눈물이 흘러도 닦지 않아요
내 가는 길엔 언제나 당신이 그림자 되어 남아 있을 테니까
바보 같지만 바보 같지만 그래도 난 널 사랑하는걸
바보 같지만 바보 같지만 그래도 난 널 사랑하는걸
비가 오면 오는 데로 눈이 오면 오는 데로
그렇게 그렇게 살아 갈 테야

2
가슴이 아파도 울지 않아요 눈물이 흘러도 닦지 않아요
내 가는 길엔 언제나 당신이 그림자 되어 남아 있을 테니까
바보같지만 바보같지만 그래도 난 널 사랑하는걸
바보 같지만 바보 같지만 그래도 난 널 사랑하는걸
비가 오면 오는 데로 눈이 오면 오는 데로
그렇게 그렇게 살아 갈 테야"
겨울 아침 창가에서,258,이창휘,"투명한 이슬이 나의창을 비추면

언젠가 내게 돌아오리라던

너의 그말에

나의 하루는 가슴이 떨려와

어쩌다 가끔은 눈내리는 아침에

눈을 밟으며 걸어오리라던

슬픈 그약속

이제는 제발 믿지 않게 해줘

너무 오래 아팠던거야 아무런 의미도없이

지난날을 그토록 오래 기다림을 주었었지만

사랑했던 기억만으로 널위해 기도할께

눈꽃처럼 창백해진 겨울아침 창가에서





어쩌다 가끔은 눈내리는 아침에

눈을 밟으며 걸어오리라던

슬픈 그약속

이제는 제발 믿지 않게 해줘

너무 오래 아팠던거야 아무런 의미도없이

지난날을 그토록 오래 기다림을 주었었지만

사랑했던 기억만으로 널위해 기도할께



눈꽃처럼 창백해진 겨울아침 창가에서

눈꽃처럼 창백해진 겨울아침 창가에서"
님아,194,진성,"내님은 어디에
어디에 있을고
하루 이틀기다려도
내 님은 오지않고
일년 이년 기다려도
내 님은 오지않네
어디에 있을고
어디에 숨었을고
내님은 어디에
어디에 숨었을고
서산에 해는 지고
또 하루가 가는데도
눈길 한번 주는 여인
그 어디도 볼수없고
늙어가는 이내청춘
한숨만 절로나네
어디에 있을고
어디에 숨었을고
내님은 어디에
어디에 숨었을고
내님은 어디에
어디에 숨었을고"
번지없는 주막,889,진해성,"문패도 번지수도 없는 주막에
궂은 비 내리는
이밤도 애절쿠려
능수버들 태질하는
창살에 기대여
어느날짜 오시겠오
울던 사람아
아주까리 초롱밑에 마주앉아서
따르는 이별주에
밤비도 애절쿠려
귀밑머리 쓰다듬어
맹세는 길어도
못믿겠오 못믿겠오
울던 사람아"
사랑은 무지개,145,유다은,"화끈한 빨간색 따뜻한 노란색
보고있어도 보고싶은 자기야이야
시크한 파란색
사차원 보라색
블링블링 일곱색깔 무지개
딴 여자에겐 숙맨인 남자
나에게만은 화끈한 남자
딴 여자에겐 차가운남자
나에게 자꾸자꾸 뽀뽀하는 남자
내가 슬픈땐 화끈하게
신상백을 질려주는 남자
내가 지칠땐 섹시하게
가슴이 콩닥콩닥 뛰게 하는 무지개
화끈한 빨간색 따뜻한 노란색
보고있어도 보고싶은 자기야이야
시크한 파란색 사차원 보라색
블링블링 일곱색깔 무지개
오오 오오 사랑은 빨주노초
파남보 무지개이야
오오 오오 사랑은 빨주노초
파남보 무지개
딴 여자에겐 재미없는 남자
나에게만은 다정한 남자
딴 여자에겐 시크한 남자
나에게 자꾸자꾸 키스하는 남자
내가 슬픈땐 화끈하게
신상구두를 질러주는 남자
내가 지칠땐 섹시하게
가슴이 콩닥콩닥 뛰게 하는 무지개
화끈한 빨간색 따뜻한 노란색
보고있어도 보고싶은 자기야이야
시크한 파란색 사차원 보라색
블링블링 일곱색깔 무지개
오오 오오 사랑은 빨주노초
파남보 무지개이야
오오 오오 사랑은 빨주노초
파남보 무지개
사랑은 말야 움직이는 거야
가슴이 콩닥콩닥 뛰게 하는거야
사랑은 말야 움직이는 거야
가슴이 콩닥콩닥 뛰게하는거
화끈한 빨간색 따뜻한 노란색
보고있어고 보고싶은 자기야이야
시크한 파란색 사차원 보라색
블링블링 일곱색깔 무지개
오오 오오 사랑은 빨주노초
파남보 무지개이야
오오 오오 사랑은 빨주노초
파남보 무지개"
연분,945,김양,"이쁜 정 고운 정
하다 못해 미운 정
쌓이고 쌓이니
천생연분 백년해로라
하늘이 주신 사랑
땅에서 인연 맺고
바다같이 품고 살고
이고 지고 사랑하리라
어여쁜 내 사랑
먼저 가지 말아요
꿈 같은 이 세상
오래도록 사랑합시다
구름 길 꽃 길에
하다 못해 가시밭길
둘이서 걷는 길
비단길이 따로 있더냐
하늘이 주신 사랑
땅에서 인연 맺고
바다같이 품고 살고
이고 지고 사랑하리라
어여쁜 내 사랑
먼저 가지 말아요
꿈 같은 이 세상
오래도록 사랑합시다
꿈 같은 이 세상
영원토록 사랑합시다"
효도합시다 (prod. 플레이사운드),"7,284",정동원,"여러분 여러분 효도합시다
가끔은 아이러브유
사랑한다 말합시다
나 하나 보면서 살아온 당신
늦기 전에 효도합시다
계절이 지나면 돌아오지만
당신의 세월은 멀어져가네
당신과 매일이 이별하는 날
이제라도 잘해야지 다짐합니다
여러분 여러분 효도합시다
사는 게 바빠도 전화 한 통 드립시다
나 하나 보면서 살아온 당신
늦기 전에 효도합시다
계절이 지나면 돌아오지만
당신의 세월은 멀어져가네
당신과 매일이 이별하는 날
이제라도 잘해야지 다짐합니다
여러분 여러분 효도합시다
그동안 고맙다 감사하다 말합시다
자신보다 날 먼저 지켜준 당신
미안해요 사랑합니다
늦기 전에 효도합시다"
망부석,"5,192",이찬원,"간밤에 울던 제비 날이
밝아 찾아보니
처마 끝엔 빈둥지만이
구구 만리 머나먼 길
다시 오마 찾아가나
저 하늘에
가물 거리네
헤에야 날아라
헤야 꿈이여
그리운 내 님 계신곳에
푸른 하늘에
구름도 둥실둥실 떠가네
높고 높은 저 산 너머로
내 꿈마저 떠가라
두리둥실 떠가라
오매불망 내 님에게로
깊은밤 잠못 이뤄
창문열고 밖을보니
초생달만 외로이 떴네
멀리 떠난 내님 소식
그 언제나
오실텐가 가슴 졸여
기다려지네
헤에야 날아라
헤야 꿈이여
그리운 내 님 계신곳에
달아래 구름도
둥실둥실 떠가네
높고 높은 저 산 너머로
내 꿈마저 떠가라
두리둥실 떠가라
오매불망 내 님에게로
달아래 구름도
둥실둥실 떠가네
높고 높은 저 산 너머로
내 꿈마저 떠가라
두리둥실 떠가라
오매불망 내 님에게로"
물레야,235,최향,"한밤이 지났느냐
돌아라 물레야
홀로 타는 등불마저
쓸쓸한 밤을
너 아니면 나는 어떡해
하루 이틀 기다린 님이
달이 가고 해가 가도
물레만 도네
기다려도 오지 않는
무심한 님이시여
돌아가는 물레야
한밤이 지났느냐
돌아라 물레야
홀로 타는 등불마저
쓸쓸한 밤을
너 아니면 나는 어떡해
하루 이틀 기다린 님이
달이 가고 해가 가도
물레만 도네
기다려도 오지 않는
무심한 님이시여
돌아가는 물레야"
다시 사랑한다면 (김필 Ver.) (MR),"9,377",임영웅,"다시 태어난다면 다시 사랑한다면
그때는 우리 이러지 말아요
조금 덜 만나고 조금 덜 기대하며
많은 약속 않기로 해요
다시 이별이 와도 서로 큰 아픔 없이
돌아설 수 있을 만큼
버려도 되는 가벼운 추억만
서로의 가슴에 만들기로 해요
이젠 알아요 너무 깊은 사랑은
외려 슬픈 마지막을 가져 온다는 걸
그대여 빌게요 다음 번의 사랑은
우리 같지 않길 부디 아픔이 없이
나
꼭 나보다 더 행복해져야만 해
많은 시간이 흘러 서로 잊고 지내도
지난 날을 회상하며
그 때도 이건 사랑이었다고
말할 수 있다면 그걸로 된 거죠
이젠 알아요 너무 깊은 사랑은
외려 슬픈 마지막을 가져 온다는 걸
그대여 빌게요 다음 번의 사랑은
우리 같지 않길 부디 아픔이 없이
이젠 알아요 영원할 줄 알았던
그대와의 사랑마저 날 속였다는 게
그보다 슬픈 건 나 없이 그대가
행복하게 지낼 먼 훗날의 모습
나
내 마음을 하늘만은 알기를"
약손,597,김다현,"세상에 다친 맘
낫는 약이 없을까
고단한 마음을
감출 길이 없구나
어릴 적 어미 품
배를 어루만지시던
약보다 따뜻한
그 손길이 생각난다
나아라 나아라
울 아가 울지 마라
나아라 나아라
세상에 지지 마라
엄마 손은 약손
울 아가 배는 똥배
엄마 손은 약손
울 아가 배는 똥배
나아라 나아라
울 아가 울지 마라
나아라 나아라
세상에 지지 마라
나아라 나아라
울지 마라
나아라
세상에 지지 마라
엄마 손은 약손
울 아가 배는 똥배
엄마 손은 약손
울 아가 배는 똥배
울 아가 배는 똥배"
목포행 완행열차,"2,643",김희재,"목포행 완행열차
마지막 기차 떠나가고
늦은 밤 홀로 외로이
한잔 술에 몸을 기댄다
우리의 사랑은 이제
여기까지가 끝인가요
우리의 짧은 인연도
여기까지가 끝인가요
잘가요 인사는 못해요
아직 미련이 남아서
언젠가 우리 다시 만나는 그날
그냥 편히 웃을 수 있게
우리의 사랑은 이제
여기까지가 끝인가요
우리의 짧은 인연도
여기까지가 끝인가요
잘가요 인사는 못해요
아직 미련이 남아서
언젠가 우리 다시 만나는 그날
그냥 편히 웃을 수 있게
그냥 편히 안을 수 있게"
지름길,105,금잔디,"흘러가는 구름아
어디로 가니
산을 넘고 물을 건너서
우리 님이 계신 곳 행여 가거든
내 말 전해 주려므나
그립다 그립다 이제 미워져
기다리지 않더라고
마음 변해 버렸더라고
그렇지만 행여나
우리 님이 그 말 듣고 울거들랑
나 있는 곳 살며시 전해주려마
지름길도 일러주려마
그립다 그립다 이제 미워져
기다리지 않더라고
마음 변해 버렸더라고
그렇지만 행여나 우리 님이
그 말 듣고 울거들랑
나 있는 곳 살며시 전해주려마
지름길도 일러주려마
나 있는 곳 살며시 전해주려마
지름길도 일러주려마
지름길도 일러주려마"
사모,159,장송호,"오소서 님이여 님이시여
촉촉히 젖은 입술로
바람에 업히어 구름에 실려
살짝이 오소서
오소서 님이여 님이시여
선바람 모습 그대로
풋서리길 말고 꽃길을 따라
살짝이 오소서
낙숫물에 머리를 감고
달빛에 머리를 빗고
님이 오시는 길목에 서서
사모하는 가슴앓이 아신다면은
오소서 님이여 님이시여
살짝이 오소서
낙숫물에 머리를 감고
달빛에 머리를 빗고
님이 오시는 길목에 서서
사모하는 가슴앓이 아신다면은
오소서 님이여 님이시여
잽싸게 오소서
오소서 님이여 님이시여
잽싸게 오소서"
당신이 원하신다면,"2,134",박현호,"당신이 원하신다면
저 하늘의 별을 따다 바치오리다
당신이 원하신다면
저 하늘의 달을 따다 바치오리다
수많은 사람 중에
하고 많은 사람 중에
하필이면 나를 만나
고생만 하는 당신
조금만 기다려줘
조금만 기다려줘
행복하게 해줄 거야
당신을 사랑하니까
당신이 원하신다면
내 마음의 별을 따다 바치오리다
당신이 원하신다면
내 마음의 달을 따다 바치오리다
수많은 사람 중에
하고 많은 사람 중에
하필이면 나를 만나
고생만 하는 당신
조금만 기다려줘
조금만 기다려줘
행복하게 해줄 거야
당신을 사랑하니까
조금만 기다려줘
조금만 기다려줘
행복하게 해줄 거야
당신을 사랑하니까
당신을 사랑하니까"
안돼요 안돼,133,고정우,"무슨말을 해야만이
내게로 오시렵니까
아무말을 하지 않는
이내맘을 모르시나요
이렇다 할 말도 없이
떠나려만 하신답니까
이가슴에 새긴정을
그대 어찌 모르십니까
안돼요 안돼 그리는 못합니다
울면서 애원했건만
스쳐간 세월이 나를 울리면
이 몸 홀로 어이 합니까
이렇다할 말도 없이
떠나려만 하신답니까
이가슴에 새긴정을
그대 어찌 모르십니까
안돼요 안돼 그리는 못합니다
울면서 애원했건만
스쳐가는 세월이 나를 울리면
이몸 홀로 어이 합니까
이몸 홀로 어이 합니까"
가지마 사랑아,74,김혜연,"그대는 어디 있나요 나 여기 남겨둔 채로
세월이 가도 지우지 못할
아픔만을 내게 준 사람
이별은 바람처럼 소리 없이 찾아왔지만
가지 마 가지 마 사랑아
나는 너를 잊을 수 없어
천년이 가도 마찬가지야
사랑아 제발 돌아올 수 없겠니 사랑아
여기서 기다릴 거야
이별은 바람처럼 소리 없이 찾아왔지만
가지 마 가지 마 사랑아
나는 너를 잊을 수 없어
천년이 가도 마찬가지야
사랑아 제발 돌아올 수 없겠니 사랑아
여기서 기다릴 거야
사랑아 제발 돌아올 수 없겠니 사랑아
여기서 기다릴 거야"
너나 나나,123,박성온,"너나 나나 너나 나나 너나

너나 나나 나나 너나 똑같은 인생
나나 너나 너나 나나 똑같은 세상
지지고 볶고 살아보아도
너나 나나 거기서 거기
네 거냐 내 거냐 따져보아도
너나 나나 거기서 거기
바람처럼 살아가다
바람처럼 사라지리라
낮은 곳에 내려놓고
웃으며 살아보자
너나 나나 나나 너나 똑같은 인생
나나 너나 너나 나나 똑같은 세상

너나 나나 나나 너나 수많은 사연
나나 너나 너나 나나 수많은 눈물
지지고 볶고 살아보아도
너나 나나 거기서 거기
네 거냐 내 거냐 따져보아도
너나 나나 거기서 거기
먼지처럼 살아가다
먼지처럼 사라지리라
낮은 곳에 내려놓고
웃으며 살아보자
너나 나나 나나 너나 수많은 사연
나나 너나 너나 나나 수많은 눈물
너나 나나 나나 너나 똑같은 인생
나나 너나 너나 나나 똑같은 세상
똑같은 세상"
무시로,177,나훈아,"이미 와버린 이별인데
슬퍼도 울지 말아요
이미 때늦은 이별인데
미련은 두지 말아요
눈물을 감추어요 눈물을 아껴요
이별보다 더 아픈게 외로움인데
무시로 무시로
그리울 때 그때 울어요
이미 돌아선 님이라면
미워도 미워 말아요
이미 약속된 이별인데
아무 말 하지 말아요
눈물을 감추어요 눈물을 아껴요
이별보다 더 아픈게 외로움인데
무시로 무시로 그리울때 그때 울어요"
오빠집에 놀러와,"1,035",이대원,"오늘 밤 니 사랑에 취하고 싶다
상큼한 칵테일처럼 톡 쏘는 여자
그녀의 섹시함에 나는 녹을 것 같아
가슴이 두근두근대
어쩌지 고민하며 살짝 튕기는 모습
이 오빠는 쓰러진다
너는 나의 여자야
오빠 집에 놀러와 오빠 집에 놀러와
사랑 하는 우리 님과 놀고 싶어라
오빠 집에 놀러와 오늘밤에 놀러와
택시를 타고 총알처럼 달려와
이 오빠 죽겄다
오늘 밤 니 모습에 취하고 싶다
우아한 백합처럼 가녀린 여자
그녀의 눈웃음에 나는 녹을 것 같아
가슴이 두근두근대
어쩌지 고민하며 살짝 튕기는 모습
이 오빠는 쓰러진다
너는 나의 여자야
오빠 집에 놀러와 오빠 집에 놀러와
사랑 하는 우리 님과 놀고 싶어라
오빠 집에 놀러와 오늘 밤에 놀러와
택시를 타고 총알처럼 달려와
오빠 집에 놀러와 오늘밤에 놀러와
우리집 비번 자기 생일 들어와
이 오빠 이 오빠 오빠 좀 살려라"
뿐이고,"6,235",영탁,"뿐이고 뿐이고 뿐이고
내사랑은 당신뿐이다
여기에 있어도 당신뿐이고
저기에 있어도 당신뿐이고
이 넓은 세상 어느 곳에 있어도
내사랑은 당신뿐이다
힘든 날은 두 어깨를 기대고 가고
좋은 날은 마주 보고 가고
비 바람 불면 당신 두 손을
내가 내가 붙잡고 가고
돈 없어도 당신뿐이고
돈 많아도 당신뿐이고
이 넓은 세상 어느 곳에 있어도
내사랑은 당신뿐이다
내사랑은 당신뿐이다
여기에 있어도 당신뿐이고
저기에 있어도 당신뿐이고
이 넓은 세상 어느 곳에 있어도
내사랑은 당신뿐이다
힘든 날은 두 어깨를 기대고 가고
좋은 날은 마주보고 가고
비 바람 불면 당신 두 손을
내가 내가 붙잡고 가고
돈 없어도 당신뿐이고
돈 많아도 당신뿐이고
이 넓은 세상 어느 곳에 있어도
내사랑은 당신뿐이다
뿐이고 뿐이고 뿐이고 당신뿐이다"
모두 잊어요,232,김범룡,"당신 저 달보며
무슨 생각하시나요
지나간 추억들은
이젠 사라졌어요
당신 흐르는 눈물은 닦아요
떠나간 님 그리워서
그리 슬퍼하나요
그날 처럼 비가오고
바람 몹시 부는날
하얀 우산 바쳐들고
님은 다시 오시겠죠
당신 저 달보며
무슨 생각하시나요
이제는 지난일은
모두 잊어버려요
라라라라 라라라 라라라
라라라라 라라라라 라라라
라라라
그날처럼 비가오고
바람 몹시 불던날
하얀 우산 바쳐들고
님은 다시 오시겠죠
당신 저 달보며
무슨 생각하시나요
이제는 지난일은
모두 잊어버려요
라라라라 라라라 라라라
라라라라 라라라라 라라라
라라라
라라라라 라라라 라라라"
왜 돌아보오 (윤복희),190,하윤주,"갈래면 가지 왜 돌아보오
갈래면 가지 왜 돌아보오
떠나갈 당신을 붙잡을줄 알고
갈래면 가지 왜 돌아보오
찢어지는 아픔을 느껴야 하나요
마음속에 눈물을 보아야 하나요
사랑한단 말을 마오 유행가 가사인줄 아오
갈래면 가지 왜 돌아봅니까.

지나간 일들을 잊으라니요
지나간 일들을 잊으라니요
사랑이 무슨 장난인가요
갈래면 가지 왜 돌아보오
찢어지는 아픔을 느껴야 하나요
마음속에 눈물을 보아야 하나요
사랑한단 말을 마오 유행가 가사인줄 아오
갈래면 가지 왜 돌아봅니까"
가라지,431,나훈아,"간다면 누가 너를
못 보낼 줄 알고
가라지 누가 너를
잡을 줄 알고
이렇게 날 울리고 가면
발 걸음 꽤나 가볍겠다
이렇게 날 버리고 가면
마음 꽤나 편하겠다
너 괴롭고 나 괴로운것을
왜 왜 너는 모르니
나 떠나면 나 외로운 것을
넌 넌 뻔히 알잔니
간다면 누가 너를
못 보낼 줄 알고
가라지 누가 너를
잡을 줄 알고

너 괴롭고 나 괴로운 것을
왜 왜 너는 모르니
너 떠나면 나 외로운 것을
넌 넌 뻔히 알잔니
간다면 누가 너를
못보낼 줄 알고
가라지 누가 너를
잡을 줄 알고"
밀양아리랑,297,유지나,"날좀보소 날좀보소 날~좀보소

동지 섣달 꽃본듯이 날좀보소

아리아리랑 스리스리랑 아라리가 났네

아리랑 고~개로 날 넘겨주소



정든님이 오시는데 인사를 못해

행주치마 입에 물고 입만 벙긋

아리 아리랑 스리스리랑 아라리가 났네

아리랑 고개로 날~넘겨주소



다틀렸네 다틀렸네 다~틀렸네

가마타고 시집가긴 다틀렸네

아리아리랑 스리스리랑 아라~리가 났네

아리랑 고~개~로 날 넘겨주소



다틀렸네 다틀렸네 다~틀렸네

당나귀타고 장가가기 다틀렸네

아리아리랑 스리스리랑 아라~리가 났네

아리랑 고~개로 날 넘겨주소"
당신께만,212,이은하,"나없으면 당신 마음
찬비가 내린다 했지
그 이야기 너무나 고와
내맘속에 감추었지
먼훗날 그 맘을 잊고서
내곁을 멀리 할때면
누가 안듣게 당신께만
그말 그말 들려주려요
사랑이란 마음속에
영원한 꽃이라지만
바람결에 덧없이 지는
그런꽃도 있으니까
먼훗날 그맘을 잊고서
내마음 아프게 하면
아무도 몰래 당신께만
그말 그말 들려주려요
그말 그말 들려주려요"
개나리 처녀,112,금잔디,"개나리 우물가에
사랑 찾는 개나리 처녀
종달새가 울어 울어
이팔청춘 봄이 가네
어허야 얼씨구 타는 가슴
요놈의 봄바람아
늘어진 버들가지 잡고서
탄식해도 낭군님 아니 오고
서산에 해 지네
개나리 우물가에
사랑 찾는 개나리 처녀
소쩍새가 울어 울어
내 얼굴에 주름지네
어허야 얼씨구 무정쿠나
지는 해 말 좀 해라
성황당 고개 마루
소 모는 저 목동아
지는 해 멀다 말고 내 품에 쉬려마"
내동생,"3,023",장민호,"세상에 하나 뿐인 내 동생
가슴을 파고드는 내 동생
처음 만난 순간부터
내 맘을 뺏어갔어
볼수록 매력 있는 내 동생
때론 오빠 같은 내 동생
곁에 있는 순간부터
나는 행복했어
이젠 외롭지 않아
이젠 슬프지 않아
나 믿고 의지할 동생이 있으니
날 위해 울어 줄 거고
날 위해 웃어 줄 테니
살아야 할 남은 인생
행복은 이제 부터야
세상에 둘도 없는 내 동생
사랑에 빠져드는 내 동생
처음 만난 순간부터
내 맘을 뺏어갔어
볼수록 매력 있는 내 동생
때론 오빠 같은 내 동생
함께 하는 순간부터
나는 행복했어
이젠 외롭지 않아
이젠 두렵지 않아
나 믿고 의지 할 동생이 있으니
날 위해 울어 줄 거고
날 위해 웃어 줄 테니
살아야 할 남은 인생
사랑은 이제 부터야
행복은 이제 부터야"
연상의 여인,179,나훈아,"이제는 잊어야 할 당신의 얼굴에서
수줍던 지난 날의 내 모습을 봅니다
내 젊음을 엮어서
내 영혼을 엮어서
사랑했던 여인
연상의 여인
못다한 사랑이
못다한 내 노래가
그리운 마음에서 당신 곁을 스치네
내 젊음을 엮어서
내 영혼을 엮어서
사랑했던 여인
연상의 여인
못다한 사랑이
못다한 내 노래가
그리운 마음에서
당신 곁을 스치네
당신 곁을 스치네"
풍각쟁이,466,미스미스터,"바람이 불면 부는대로 구름이 가면
가는대로 정처없는 우리네 인생
한도 많고 설움 많은
자네와 나는 삼류아닌 일류라네
오늘은 어디에서
마스카라 립스틱에
분단장을 곱게하고
한도 많고 설움 많은
당신과 나는 섹시한 풍각쟁이야
허야디야 허야디야
자네와 나는 빈손인것을
허야디야 허야디야
너나 나나 똑같은 인생
가슴 서린 북소리에
어제의 슬픔일랑 모두 잊고
신나게 놀아보세
눈이 오면 오는대로
비가 오면 오는대로
갈곳 많은 우리네 인생
한도 많고 설움 많은
자네와 나는 삼류 아닌 일류라네
오늘은 어디에서
꽃단장에 차려입고
한풀이를 풀어볼거나
한도 많고 설움 많은
당신과 나는 멋쟁이 풍각쟁이야
허야디야 허야디야
자네와 나는 빈손인것을
허야디야 허야디야
너나 나나 똑같은 인생
신명난 장구소리
오늘의 근심일랑
모두 잊고 신나게 놀아보세
가슴은 울지만 얼굴은 웃고있네
우리네 풍각쟁이
한도 많고 설움 많은
우리모두 모두가 풍각쟁이야"
신호등,"1,938",김영철,"빨간 불 내 맘이 빨간 불이야
빨간 불 내 맘이 빨간 불
아직 건너오지 마
내 맘이 빨간 불이야
아직 건너오지 마
내 맘이 빨간 불이야
남자 맘 다 아는 척 건너 오지 마
기다려 내 마음 정할 때까지
내 가슴이 용광로처럼 끓도록
사랑의 장작을 더 지펴줘요
사람들은 뻔한 사랑을 하고
또 특별한 추억을 소원하네
파란 불 내 맘이 파란 불이야
파란 불 내 맘이 파란 불
사랑의 신호를 찾아
건너와 지금이야
내 맘이 파란 불이야
여자 맘 다 안다고 건너는 남자
다쳐요 그러다가 큰코다쳐요
딱 기다려 연지곤지 바를 때까지
기다려요 무단횡단하지 말아요
파란 불 내 맘이 파란 불이야
파란 불 내 맘이 파란 불
사랑의 신호를 찾아
건너와 지금이야
내 맘이 파란 불이야
노란 불이 내 마음에 켜지면
내 맘 나도 모르겠지만
불러요 내 이름을
불러줘요 사랑해 한 마디와
내 맘이 파란 불이야
사랑의 신호를 찾아
건너와 지금이야
내 맘이 파란 불이야"
살아지더라,288,나상도,"가진 걸 다 잃었다고 사랑을 잃었다고
모든 게 끝이 아니야
세월 가니 살아지더라
인생이란 너도 나도
버티며 살아 가는 거
살아 있으니 살아지더라
깜깜해도 살아지더라
살다 보니 살아지더라
사기를 당했다고 배신을 당했다고
세상이 끝이 아니야
시간 가니 살아지더라
인생이란 너도 나도
버티며 살아 가는 거
죽지 못하니 살아지더라
어떻게든 살아지더라
살다 보니 살아지더라
세상살이 별거 없더라"
텔레파시,359,홍진영,"뚜뚜뚜 뚜루뚜뚜 뚜루
뚜뚜뚜 뚜루뚜뚜 뚜루
눈빛만 보아도
옷깃만 스쳐도
사랑의 텔레파시야
눈에 띄네 자꾸만
계속 시선이 가네
힐끔힐끔 쳐다보다
눈을 맞추네
날 향해 미소 짓고 있는 걸 다 알지만
모른 척 시침떼지
찰나의 짜릿하던 그 순간
눈이 마주친 순간
사랑해 전송
네 맘을 읽음
텔레파시는 5G
말 따윈 필요 없잖아
눈빛만 봐도
다 아는 느낌
넌 이제 내꺼가 될 거야
사랑의 텔레파시야
뚜뚜뚜 뚜루뚜뚜 뚜루
뚜뚜뚜 뚜루뚜뚜 뚜루
눈빛만 보아도
옷깃만 스쳐도
사랑의 텔레파시야
수많은 사람 중에
너만 보였단 말이야
너도 나와 똑같잖아
눈을 맞춰봐
내게로 올 듯 말듯 왜 넌 안절부절해
마음 가는 대로 해
닿을 듯 말 듯 한 우리 사이
눈이 마주친 순간
사랑해 전송
네 맘을 읽음
텔레파시는 5G
말 따윈 필요 없잖아
눈빛만 봐도
다 아는 느낌
넌 이제 내꺼가 될 거야
사랑의 텔레파시야
사랑해 전송
네 맘을 읽음
텔레파시는 5G
말 따윈 필요 없잖아
눈빛만 봐도
다 아는 느낌
넌 이제 내꺼가 될 거야
사랑의 텔레파시야
뚜뚜뚜 뚜루뚜뚜 뚜루
뚜뚜뚜 뚜루뚜뚜 뚜루
눈빛만 보아도
옷깃만 스쳐도
사랑의 텔레파시야"
무정 부르스,419,재하,"이제는 애원해도 소용없겠지
변해버린 당신이기에
내 곁에 있어 달라 말도 못 하고
떠나야 할 이 마음
추억 같은 불빛들이
흐느껴 우는 이 밤에
상처만 남겨두고 떠나갈 길을
무엇 하러 왔던가
자꾸만 바라보면 미워지겠지
믿어왔던 당신이기에
쏟아져 흐른 눈물 가슴에 안고
돌아서는 이 발길
사랑했던 기억들이
갈 길을 막아서지만
추억이 아름답게 남아 있을 때
미련 없이 가야지
추억 같은 불빛들이
흐느껴 우는 이 밤에
상처만 남겨두고 떠나갈 길을
무엇 하러 왔던가"
어허야,125,정다한,"네것도 아닌데 내것도 아닌데
무얼 그리 찾아 헤매나
네맘도 아닌데 내맘도 아닌데
내가 너를 잡을 수가 없구나
어허야 인생아 어허야 세상아
정답도 아닌 오답도 아닌
가는 청춘에 너털너털 웃어나 보세
네것도 아닌데 내것도 아닌데
무얼 그리 찾아 헤매나
네맘도 아닌데 내맘도 아닌데
내가 너를 잡을 수가 없구나
어허야 인생아 어허야 세상아
네탓도 아닌 내탓도 아닌
가는 세월에 너털너털 웃어나 보세
어허야 인생아 어허야 세상아
정답도 아닌 오답도 아닌
가는 청춘에 너털너털 웃어나 보세
너털너털 웃어나 보세"
훨훨훨,120,서지유,"사랑도 부질없어
미움도 부질없어
청산은 나를 보고
말없이 살라 하네
버려라 훨훨
벗어 버려라 훨훨
사랑도 미움도
버려라 벗어라 훨훨훨
아~ 아~
물같이 바람같이 살라 하네
물같이 바람같이 살라 하네"
고목나무,879,진해성,"내 사랑이 병들어서
나를 떠나가나요
가지 말라 애원하고
가지 말라 붙잡아도
이미 돌아선 사람
차라리 고목나무가 되어
이곳에서 살면은
언젠가는 먼 훗날 한 번쯤
나의 그늘 아래 쉬어 갈 거야
그래그래 살아 보자
세월 속에 그 얼굴은 변해서
서롤 알아보지 못한다 해도
보고 싶을 거예요

차라리 작은 등불이 되어
이곳에서 살면은
언젠가는 먼 훗날 한 번쯤
나의 빛이 길이 되어 줄 거야
그래그래 살아 보자
세월 속에 그 얼굴은 변해서
서롤 알아보지 못한다 해도
보고 싶을 거예요
보고 싶을 거예요"
망부석,403,최수호,"간밤에 울던 제비 날이 밝아 찾아보니
처마 끝엔 빈 둥지만이
구구 만리 머나먼 길
다시 오마 찾아가나
저 하늘에 가물 거리네
에헤야 날아라
헤이야 꿈이여
그리운 내 님 계신 곳에
푸른 하늘에 구름도
둥실둥실 떠가네
높고 높은 저 산 너머로
내 꿈마저 떠가라
두리둥실 떠가라
오매불망 내 님에게로
깊은 밤 잠 못 이뤄
창문 열고 밖을 보니
초생달만 외로이 떴네
멀리 떠난 내 님 소식
그 언제나 오시려나
가슴 졸여 기다려지네
에헤야 날아라
헤이야 꿈이여
그리운 내 님 계신 곳에
달아래 구름도
둥실둥실 떠가네
높고 높은 저 산 너머로
내 꿈마저 떠가라
두리둥실 떠가라
오매불망 내 님에게로
내 꿈마저 떠가라
두리둥실 떠가라
오매불망 내 님에게로
오매불망 내 님에게로
오매불망 내 님에게로"
그대 눈물이 마를 때,128,조용필,"우린 잊었다 하겠지
오랜 세월이 흐르면
서로 마음을 숨긴채
할 말을 다 못 하겠지
우린 변했다 하겠지
다시 발길을 돌리며
진정 아무도 모르는
아픔을 간직하겠지
그대 눈물이 마를 때
사랑도 끝나는 것
떠날 때 흘리던
그대의 눈물이 마르기 전에
나 그대 만나고 싶어
우린 괴로워 하겠지
오랜 세월이 흐르면
서로 잊은 척 하면서
남몰래 후회하겠지

그대 눈물이 마를 때
사랑도 끝나는 것
떠날 때 흘리던
그대의 눈물이 마르기 전에
나 그대 만나고 싶어
우린 괴로워 하겠지
오랜 세월이 흐르면
서로 잊은 척 하면서
남몰래 후회하겠지"
다 함께 차차차,"17,880",임영웅,"어차피 잊어야 할
사람이라면
돌아서서 울지마라
눈물을 거둬라
내일은 내일 또 다시
새로운 바람이 불거야
근심을 털어 놓고
다함께 차차차
근심을 털어 놓고
다함께 차차차
슬픔을 묻어놓고
다함께 차차차
슬픔을 묻어놓고
다함께 차차차
차차차 차차차
잊자 잊자 오늘만은
미련을 버리자
울지 말고
그래 그렇게
다함께 차차차
어차피 돌아서 간
사랑이라면
다시는 생각마라
눈물을 거둬라
내일은 내일 또 다시
새로운 바람이 불거야
근심을 털어놓고
다함께 차차차
근심을 털어놓고
다함께 차차차
슬픔을 묻어놓고
다함께 차차차
슬픔을 묻어놓고
다함께 차차차
차차차 차차차
잊자 잊자 오늘만은
미련을 버리자
울지 말고
그래 그렇게
다함께 차차차"
무인도,493,정훈희,"파도여 슬퍼말아라
파도여 춤을추어라
끝없는 몸 부림에
파도여 파도여 서러워 마라
솟아라 태양아
어둠을 해치고
찬란한 고독을 노래하라
빛나라 별들아
캄캄한 밤에도
영원한 침묵을 비춰다오
불어라 바람아
드높아라 파도여
파도여

솟아라 태양아
어둠을 해치고
찬란한 고독을 노래하라
빛나라 별들아
캄캄한 밤에도
영원한 침묵을 비춰다오
불어라 바람아
드높아라 파도여
파도여"
여인,191,소리새,"바람에 취해버린 꽃처럼
가로등 위에 있었죠
여인이여 내려치는 빗물을
어떻게 막으셨나요
어제는 밤거리에 홀로선
그림자를 바라보았죠
여인이여 비에 젖은 창문을
왜 닫으셨나요
그댄 왜 긴긴밤을
한번도 창가에서
기대 서있는 모습이
내게 보이질 않나
왜 잊으셨나요

어제는 밤거리에 홀로선
그림자를 바라보았죠
여인이여 비에 젖은 창문을
왜 닫으셨나요
그댄 왜 긴긴밤을
한번도 창가에서
기대 서있는 모습이
내게 보이질 않나
왜 잊으셨나요
왜 잊으셨나요"
계련,351,한승기,"그리워 보고싶은 사람
예전에 사랑했던 사람
아직 그곳에 살고있나
아직 날 기억하고 있나
차라리 만나지 말것을
이리도 아프게된다면
무정한 세월을 살지만
그대가 있어서 좋았네
세월아 걸음을 멈춰라
조금만 천천히 가다오
사랑했던 사람이
아직 나를 떠나지 않았단다
쓸쓸한 가을을 넘으려
이리도 많은 눈물 흘려
한사람을 사랑했지만
세월을 날 혼자 남겼네

세월아 걸음을 멈춰라
조금만 천천히 가다오
사랑했던 사람이
아직 나를 떠나지 않았단다
세월아 걸음을 멈춰라
조금만 천천히 가다오
사랑했던 사람을
아직 떠나보내지 못했단다
쓸쓸한 가을을 넘으려
이리도 많은 눈물 흘려
한사람을 사랑했지만
세월을 날 혼자 남겼네
한사람을 사랑했지만
세월을 날 혼자 남겼네"
세월의 장난,419,케빈 리,"별빛이 부서지는
바람부는 바닷가에서
그대를 만나 처음 사랑을 배웠고
그대 사랑으로 다시 태어났죠
세월의 장난으로
너무늦게 만난 우리는
밤이새도록 독한 사랑을 나눴고
독한 그사랑의 세월도 가네요
세월아 가 지마
세월아 가 지마
예쁜 우리님 얼굴에
주름살 남기지마
시간아 멈춰라
시간아 멈춰라
아픈 우리의 사랑아
이대로 멈춰다오
짧은 내생의 마지막 사랑
나 그댈위해 모든걸 바치겠소
당신을 사랑해요
예쁜 주름살이 나를 울려요

세월아 가 지마
세월아 가 지마
예쁜 우리님 얼굴에
주름살 남기지마
시간아 멈춰라
시간아 멈춰라
아픈 우리의 사랑아
이대로 멈춰다오
짧은 내생의 마지막 사랑
나 그댈위해 모든걸 바치겠소
당신을 사랑해요
예쁜 주름살이 나를 울려요
예쁜 주름살이 나를 울려요"
사랑해요,554,장윤정,"사랑해요 말로는 못 해도
이런 내 맘 꼭 전해지기를
이젠 내가 지켜 줄게요
평생 살아가는 동안에
내가 세상에 오던 날
뜨겁던 그대 눈물이
오늘도 날 살게 하네요
그대 정말 고마워요
살다가 힘이 들 때면
서운해 미워질 때면
그 날을 우리 기억하면서
나 평생 약속할게요
사랑해요 말로는 못 해도
이런 내 맘 꼭 전해지기를
이젠 내가 지켜 줄게요
평생 살아가는 동안에
바쁘게 살다가 보면
가끔은 소홀해져도
그대를 향한 나의 마음은
언제나 변하지 않죠
사랑해요 말로는 못 해도
이런 내 맘 꼭 전해지기를
이젠 내가 지켜 줄게요
평생 살아가는 동안에
사랑해요 세상이 변해도
이런 내 맘 늘 변치 않기를
영원토록 행복하기를
평생 살아가는 동안에
평생토록 지켜 줄게요
우리 살아가는 동안에"
바램,"1,886",노사연,"내 손에 잡은 것이 많아서
손이 아픕니다
등에 짊어진 삶의 무게가
온 몸을 아프게 하고
매일 해결해야 하는 일 때문에
내 시간도 없이 살다가
평생 바쁘게 걸어 왔으니
다리도 아픕니다
내가 힘들고 외로워 질 때
내 얘길 조금만 들어 준다면
어느 날 갑자기 세월의 한복판에
덩그러니 혼자 있진 않겠죠
큰 것도 아니고
아주 작은 한 마디
지친 나를 안아 주면서
사랑한다
정말 사랑한다는
그 말을 해 준다면
나는 사막을 걷는다 해도
꽃길이라 생각할 겁니다
우린 늙어가는 것이 아니라
조금씩 익어가는 겁니다
내가 힘들고 외로워 질 때
내 얘길 조금만 들어 준다면
어느 날 갑자기 세월의 한복판에
덩그러니 혼자 있진 않겠죠
큰 것도 아니고
아주 작은 한 마디
지친 나를 안아 주면서
사랑한다
정말 사랑한다는
그 말을 해 준다면
나는 사막을 걷는다 해도
꽃길이라 생각할 겁니다
우린 늙어가는 것이 아니라
조금씩 익어가는 겁니다
우린 늙어가는 것이 아니라
조금씩 익어가는 겁니다
저 높은 곳에 함께 가야 할 사람
그대 뿐입니다"
하얀 민들레,136,진미령,"나 어릴땐 철부지로 자랐지만
지금은 알아요 떠나는 것을
엄마품이 아무리 따뜻하지만
때가 되면 떠나요 할 수 없어요
안녕 안녕 안녕 손을 흔들며
두둥실 두둥실 떠나요
민들레 민들레처럼
돌아오지 않아요 민들레처럼
나 옛날엔 사랑을 믿었지만
지금은 알아요 믿지 않아요
눈물이 아무리 쏟아져 와도
이제는 알아요 떠나는 마음
조용히 나만 혼자 손을 흔들며
두둥실 두둥실 떠나요
민들레 민들레처럼
돌아오지 않아요 민들레처럼
민들레처럼"
분홍립스틱,586,작은별부부,"언제부턴가 그대를
그대를 처음 만난 날
남모르게 그려본 분홍립스틱
떨리던 마음같이 사랑스럽던 그 빛깔
말없이 바라보던 다정했던 모습
우리 사랑은 눈부시게
눈부시게 시작됐지만
이제는 지워진 분홍립스틱
지금은 떠나야할 사랑했었던 그 사람
이별은 슬프지만 보내야할 사람
오늘밤만은 그댈 위해서
분홍의 립스틱을 바르겠어요
그대 가슴에 지워지지 않는
분홍의 입술자욱
새기겠어요
내일이 오면 떠나야 하는
그대의 슬픈 눈을 들여다보면
눈물 방울이 얼굴을 적시고
분홍의 립스틱을 지워요
오늘밤만은 그댈 위해서
분홍의 립스틱을 바르겠어요
그대 가슴에 지워지지
않는 분홍의 입술자욱
새기겠어요
내일이 오면 떠나야 하는
그대의 슬픈 눈을
들여다보면 눈물 방울이
얼굴을 적시고
분홍의 립스틱을 지워요
오늘밤만은 그댈 위해서
분홍의 립스틱을 바르겠어요
그대 가슴에 지워지지 않는
분홍의 입술자욱
새기겠어요
내일이 오면 떠나야 하는
그대의 슬픈 눈을
들여다보면 눈물 방울이
얼굴을 적시고
분홍의 립스틱을 지워요
오늘밤만은 그댈 위해서
분홍의 립스틱을 바르겠어요
그대 가슴에 지워지지 않는
분홍의 입술자욱
새기겠어요"
보고픈 친구야,158,김성환,"여보게 한잔 하세나
봄이오면 춘삼월에
여름이면 오뉴월에
내 청춘 꽃피웠는데
가을되면 낙엽지고
겨울이면 찬 바람에
그럭저럭 잘도 왔구나
가진 것 없어도 친구가 있고
가슴에 항상 남아 있는데
보고픈 친구야
그리운 친구야
어디 있느냐
여보게 한잔 하세나
여보게 한잔 하세나
봄이오면 춘삼월에
여름이면 오뉴월에
내 청춘 꽃피웠는데
가을되면 낙엽지고
겨울이면 찬 바람에
그럭저럭 잘도 왔구나
가진 것 없어도 친구가 있고
가슴에 항상 남아 있는데
보고픈 친구야
그리운 친구야
어디 있느냐
여보게 한잔 하세나
가진 것 없어도 친구가 있고
가슴에 항상 남아 있는데
보고픈 친구야
그리운 친구야
어디 있느냐
여보게 한잔 하세나
여보게 한잔 하세나"
모정의 세월,109,나훈아,"동지 섣달 긴긴밤이
짧기만 한 것은
근심으로 지새우는
어머님 마음
흰 머리 잔 주름이
늘어만 가시는데
한 없이 이어지는
모정의 세월
아 가지많은 나무에
바람이 일듯
어머님 가슴에는
물결만 높네
길고긴 여름날이
짧기만 한 것은
언제나 분주한
어머님 마음
정성으로 기른 자식
모두들 가벼려도
근심으로 얼룩지는
모정의 세월
아 가지많은 나무에
바람이 일듯
어머님 가슴에는
물결만 높네"
그때 그 사람,288,심수봉,"비가오면 생각 나는 그 사람
언제나 말이 없던 그 사람
사랑의 괴로움을 몰래 감추고
떠난 사람 못 잊어서 울던 그 사람
그 어느 날 차 안에서 내게 물었지
세상에서 제일 슬픈 게 뭐냐고
사랑보다 더 슬픈 건 정이라며
고개를 떨구던 그때 그 사람
외로운 병실에서 기타를 쳐주고
위로하며 다정했던 사랑 한 사람
안녕이란 단 한마디 말도 없이
지금은 어디에서 행복할까
어쩌다 한번쯤은 생각해줄까
지금도 보고 싶은 그때 그 사람
외로운 내 가슴에 살며시 다가와서
언제라도 감싸주던 다정했던 사람
그러니까 미워하면 안되겠지
다시는 생각 해서도 안되겠지
철 없이 사랑인줄 알았었네
이제는 잊어야 할 그때 그 사람
이제는 잊어야 할 그때 그 사람"
잡초,745,김양,"이것저것 아무것도 없는
이것저것 아무것도 없는
잡초라네
아무도 찾지 않는 바람 부는 언덕에
이름 모를 잡초야
한 송이 꽃이라면
향기라도 있을 텐데
이것저것 아무것도 없는 잡초라네
발이라도 있으면은 님 찾아갈 텐데
손이라도 있으면은 님 부를 텐데
이것저것 아무것도 가진 게 없어
아무것도 가진 게 없네
아무도 찾지 않는 바람 부는 언덕에
이름 모를 잡초야
한 송이 꽃이라면
향기라도 있을 텐데
이것저것 아무것도 없는 잡초라네
발이라도 있으면은 님 찾아갈 텐데
손이라도 있으면은 님 부를 텐데
이것저것 아무것도 가진 게 없어
아무것도 가진 게 없네
아무도 찾지 않는 바람 부는 언덕에
이름 모를 잡초야
한 송이 꽃이라면
향기라도 있을 텐데
이것저것 아무것도 없는 잡초라네
이것저것 아무것도 없는 잡초라네
이것저것 아무것도 없는 잡초라네"
카스바의 여인,"7,027",영탁,"담배연기 희미하게
자욱한 카스바에서
이름마저 잊은채
나이마저 잊은채
춤추는 슬픈 여인아
그날 그카스바에
그날 그자리에서
처음만나 사랑을 하고
낯설은 내가슴에 쓰러져
한없이 울던 그사람
오늘밤도 눈물에 젖어
춤추는 카스바에 여인
- 연주중 -
외로움을 달래려고
찾아온 카스바에서
어디에서 본듯한
한번쯤은 만난듯한
춤추는 슬픈 여인아
그날 그 카스바에
그날 그 자리에서
처음 만나 사랑을 하고
낯설은 내가슴에 쓰러져
한없이 울던 그사람
오늘밤도 눈물에 젖어
춤추는 카스바에 여인"
사랑만 해도 모자라(Duet. 주현미),"1,181",김수찬,"내 나이 돼서야 그때야 이해하겠지
잔인한 세상을 어떻게 살아가는지
이해 못할 눈빛이 안쓰러워요
내 걱정하지 말아요
이제껏 잘해왔으니
오
만나면 언제나 서로가 걱정스러워
이래라저래라 생각이 바뀌길 바래
사랑해서 해대는 많은 말들이
상처로 돌아올 때가
더욱 더 많아지는 걸 몰라
나무라지 마세요
서로 살아가는 방식을
굳이 가르치려 말아요
이 세상에 나는 오직 한 사람
아무리 다르더라도 괜찮아요
내 맘을 열어 둘게요
그 어떤 목소리도 들어올 수 있도록
더이상 강요하지 않기로 해요
시간이 아깝잖아요
사랑만 해도 모자라
모든 게 불안해 그래서 혼란스러워
언제나 세상은 내 맘과 다르게 가요
그럴 거야 너처럼 나도 그랬어
하지만 시간은 항상
뭐든지 제자리를 찾게 해
걱정하지 마세요
서로 살아가는 방식을
굳이 설명하지 말아요
이 세상에 나는 오직 한 사람
아무리 다르더라도 괜찮아요
내 맘을 열어 둘게요
그 어떤 목소리도 들어올 수 있도록
더이상 강요하지 않기로 해요
시간이 아깝잖아요
사랑만 해도 모자라"
홍콩 아가씨,366,신미래,"별들이 소곤대는
홍콩의 밤거리
나는야 꿈을 꾸며
꽃 파는 아가씨
그 꽃만 사 가시는
그리운 영란꽃
아아아 꽃잎같이
다정스런 그 사람이면
그 가슴 품에 안겨
가고 싶어요
이 꽃을 사 가세요
홍콩의 밤거리
그 사람 기다리며
꽃 파는 아가씨
오늘도 하나 남은
애달픈 영란꽃
아아아 당신께서
사 가시면 첫사랑 인연
오늘도 꿈을 꾸는
홍콩 아가씨"
황혼의 문턱,"6,396",영탁,"축복받으면서 세상에 태어나
사랑을 받으며 나 자라왔어
교복을 입던 날 친구를 알게 됐고
우연히도 사랑이란 걸 알게 됐어
그렇게 처음 사랑을 하고
그러다 아픈 이별을 하고
맘이 아파 몇 날 몇일을 울던 내가
어느새 키 큰 어른이 되어
험난한 세상을 겪어보니
산다는 게 정말 쉬운 게 아니더라
평범한 사람과 사랑하게 됐고
눈물 겨웠었던 청혼을 받고
결혼식 하던 날 눈물짓고 있는
내 부모님 어느새 많이 늙으셨네
그렇게 나는 결혼을 하고
날 닮은 예쁜 아이를 낳고
그 녀석이 벌써 학교에 들어갔네
어느덧 세월은 날 불잡고
황혼의 문턱으로 데려와
옛 추억에 깊은 한숨만 쉬게 하네
거울에 비친 내 모습 보니
많이도 변했구나
할 수 있다면 다시 그때로
돌아가고 싶어
그렇게 나는 결혼을 하고
날 닮은 예쁜 아이를 낳고
그 녀석이 벌써 학교에 들어갔네
어느덧 세월은 날 붙잡고
황혼의 문턱으로 데려와
옛 추억의 깊은 한숨만 쉬게 하네
어느덧 세월은 날 붙잡고
황혼의 문턱으로 데려와
옛 추억에 깊은 한숨만 쉬게 하네
나 후회는 없어 지금도 행복해
아직도 나에겐 꿈이 있으니까"
참아주세요,224,오유진,"앗 뱀이다 뱀이다
몸에 좋고 맛도 좋은
뱀이다 뱀이다
요놈의 뱀을 사로잡아
우리 아빠 보약을 해드리면
아이고 우리 딸 착하구나
하고 좋아하실 거야
앗 개구리다 개구리다
몸에 좋고 맛도 좋은 개구리다 개구리다
요놈의 개구리를 사로잡아
우리 아빠 몸보신을 해드리면
아이고 우리 딸 착하구나
하고 좋아하실 거야
하지만 안돼요 왜
그러지 마세요 왜
아빠 참아주세요 싫어 싫어 싫어
산과 들에 뱀과 개구리가
씨가 말랐대요 진짜
싹쓸이 당했대요 정말
앗 똥개다 똥개다
몸에 좋고 맛도 좋은
똥개다 똥개다
요놈의 똥개를 때려잡아
우리 아빠 개소주를 해드리면
아이고 마누라 최고구나 하고
좋아하실 거야
앗 사슴이다 사슴이다
몸에 좋고 맛도 좋은
사슴이다 사슴이다
요놈의 사슴뿔을 잘라다가
우리 아빠 사슴피를 받아주면
아이고 마누라 최고구나 하고
좋아하실 거야
하지만 안 돼요 왜
그러지 마세요 왜
아빠 참아주세요 싫어 싫어 싫어
그런다고 남보다 오래 사나
소용없는 일이에요 진짜
부질없는 일이에요 정말
하지만 안돼요 왜
그러지 마세요 왜
아빠 참아주세요 싫어 싫어 싫어
산과 들에 뱀과 개구리가
씨가 말랐대요 진짜
싹쓸이 당했대요 정말"
그대 그리고 나,241,신승태,"푸른 파도를 가르는 흰 돛단배처럼
그대 그리고 나
낙엽 떨어진 그 길을 정답게 걸었던
그대 그리고 나
흰 눈 내리는 겨울을 좋아했던
그대 그리고 나
때론 슬픔에 잠겨서 한없이 울었던
그대 그리고 나
텅 빈 마음을 달래려 고개를 숙이던
그대 그리고 나
우린 헤어져 서로가 그리운
그대 그리고 나
때론 슬픔에 잠겨서 한없이 울었던
그대 그리고 나
텅 빈 마음을 달래려 고개를 숙이던
그대 그리고 나
우린 헤어져 서로가 그리운
그대 그리고 나"
안녕,"1,117",진해성,"우리 서로 멀리 떠나간대도
우리 서로 울지 않기로 하자
나는 너를 너는 나를 그리워하며
우리 서로 잊지를 말자
안녕 안녕 내 친구
안녕 안녕 내 사랑
안녕 정든 사람아
안녕 안녕 안녕
우리 서로 몸은 멀리 있어도
우리 서로 마음 변하지 말자
나는 너를 너는 나를 그리워하며
기도하며 살기로 하자
안녕 안녕 내 친구
안녕 안녕 내 사랑
안녕 정든 사람아
안녕 안녕 안녕
안녕 안녕 내 친구
안녕 안녕 내 사랑
안녕 정든 사람아
안녕 안녕 안녕
안녕 안녕 내 친구
안녕 안녕 내 사랑
안녕 정든 사람아
안녕 안녕 안녕"
가라그래 (Feat. 소연),631,정다경,"가라그래 그딴 사랑 같은 거
가라그래 다 잊어줄 테니까
울기는 싫어 까짓 그러라 그래
차라리 차라리 가라그래
주었다 다시 거둘 거면
첨부터 주지나 말지
이토록 깃털보다 가벼운
그런 게 사랑이니
오 모든 게 다 거짓말
어떻게 어떻게 어떻게 내게
가라그래 그딴 사랑 같은 거
가라그래 다 잊어줄 테니까
울기는 싫어 까짓 그러라 그래
차라리 차라리 가라그래
이렇게 힘들게 할거면
첨부터 오지도 말지
가슴이 뚫린 듯이 아파와
이런 게 이별이니
오 너밖에는 모른 날
어떻게 어떻게 어떻게 울려
가라그래 그딴 사랑 같은 거
가라그래 다 잊어줄테니까
울기는 싫어 까짓 그러라 그래
차라리 차라리 가라그래
가라그래 그런 사랑이라면
가라그래 더는 미련없다고
속지 않을래 까짓 그러라 그래
안녕히 안녕히 가라그래
안녕히 안녕히 가라그래"
서울의 모정,430,Xdinary Heroes,"희망의 새 아침이 밝아오면은
발걸음 가벼운 태양의 거리
푸르른 하늘을 쳐다보면서
오늘도 그대와 둘이서
남산의 오솔길을 걸어가면서
그리운 그 노래를 불러봅니다
흘러가는 강물 영원한 사랑
변함없는 내 사랑 그대여
그리운 서울 정다운 마음
반짝이는 눈동자
그리운 서울 불타는 가슴
언제 언제까지나
성당의 종소리가 들리는 저녁
네온의 바다에서 꿈을 꾸었네
물결에 흔들리는 조각배처럼
행복한 명동의 거리
그리운 서울 정다운 마음
반짝이는 눈동자
그리운 서울 불타는 가슴
언제 언제까지나
그리운 서울 정다운 마음
반짝이는 눈동자
그리운 서울 불타는 가슴
언제 언제까지나
그리운 서울 정다운 마음
반짝이는 눈동자
그리운 서울 불타는 가슴
언제 언제까지나
랄랄라 랄라 랄랄랄랄라
랄랄라 랄라 랄랄랄랄라
랄랄라 랄라 랄랄랄랄라
랄랄라 랄라 랄랄랄랄라
랄랄라 랄라 랄랄랄랄라
랄랄라 랄라 랄랄랄랄라
랄랄라 랄라 랄랄랄랄라
랄랄라 랄라 랄랄랄랄라"
안 볼 때 없을 때 (MR),"4,535",황영웅,"안 볼 때 혼자서 울지 마요
내 맘도 당신 땜에 슬퍼요
외로이 서 있는 당신 생각에
나 찢어질 듯 아프답니다
없을 때 혼자서 울지 마요
내 맘도 당신 땜에 슬퍼요
쓸쓸히 서 있는 당신 생각에
나 아무것도 못 한답니다
안 볼 때 지쳐도 날 잊지 말아요
빨리 돌아갈게요 슬퍼도 참아요
이미 와있다고 날 생각하면서
빨리 눈물 닦아요 그대여
없을 때 혼자서 울지 마요
나 무너질 듯 아프답니다
안 볼 때 지쳐도 날 잊지 말아요
빨리 돌아갈게요 슬퍼도 참아요
이미 와있다고 날 생각하면서
빨리 눈물 닦아요 그대여
없을 때 혼자서 울지 마요
나 무너질 듯 아프답니다
없을 때 혼자서 울지 마요
나 무너질 듯 아프답니다"
깜빡이 좀 켜고 들어와,67,김양,"친구처럼 지내자고 말했었잖아
나한테는 관심 없다 그랬었잖아
눈빛 쏘지 마 웃어주지 마
갑자기 이러시면
몰라 몰라 몰라요
화장 안 한 생얼굴로 바로 왔잖아
추리닝에 슬리퍼로 대충 왔잖아
꽃다발은 왜 목걸이는
왜 왜 하필 오늘인데
깜빡이 좀 켜고 들어와
급발진 말고
술김에 하지 말고
깜빡이 좀 켜고 들어와
내 가슴이 널 쏙 안아줄 테니
예쁜 여자 좋아한다 말했었잖아
착한 여자 어디 없냐 물었었잖아
끼 부리지 마 관심주지 마
자꾸만 이러시면
혼나혼나혼나요
떡진 머리 모자 쓰고 바로 왔잖아
집에서나 쓰던 안경 하고 왔잖아
자꾸 이러면 자꾸 이러면
불타는 난 어떡해
깜빡이 좀 켜고 들어와
급발진 말고
술김에 하지 말고
깜빡이 좀 켜고 들어와
내 가슴이 널 쏙 안아줄 테니
오랫동안 너의 사랑 기다리고 있었는데
최고 내가 안 예쁜 날 왜 고백을 하니
깜빡이 좀 켜고 들어와
심장에 나빠 너를 사랑하니까
반짝이는 눈을 바라봐
너뿐인 나를 너만 모르니까
빠져빠져빠져들어와
잡히지 말고 내게 빠져들어와
1분 1초 24시간
영원히 그대 꼭 안아줄 테니"
세월,278,조용필,"외로운 이마음을
쓸쓸한 내마음을
달랠길이 없어
뜨거운 눈물이 두뺨을 적셔
외로이 홀로 걸었네
세월은 흐르고 흘러
봄은 돌아와도
한번간 내사랑
나를 찾아 오려나
나를 버리고 떠나간 그 시절
돌아올까 돌아오려나
잊을수 없는 세월

세월은 흐르고 흘러
봄은 돌아와도
한번간 내사랑
나를 찾아 오려나
나를 버리고 떠나간 그 시절
돌아올까 돌아오려나
잊을수 없는 세월"
그랬었구나,106,정의송,"그랬었구나 내가 그랬었구나
마음의 상처 주었었구나
그랬었구나 내가 그랬었구나
깊은 실망을 안겨 주었었구나
미안하다 미안해 정말 미안해
나 혼자의 욕심을 부렸었구나
미안하다 미안해 정말 미안해
너에 대한 배려를 못했었구나 오
그랬었구나 내가 그랬었구나
나의 사랑이 많이 부족했구나
미안하다 미안해 정말 미안해
나 혼자의 욕심을 부렸었구나
미안하다 미안해 정말 미안해
너에 대한 배려를 못했었구나 오
그랬었구나 내가 그랬었구나
나의 사랑이 많이 부족했구나
그래 그래 그래 그래
내가 그랬었구나
그래 그래 그래 그래 그랬었구나
그랬었구나 내가 그랬었구나
너를 더 많이 아껴 줘야겠구나
너를 더 많이 사랑 해야겠구나"
그대는 나의 인생,156,조항조,"나 오직
그대를 사랑해
그 사랑
변하지 마오
우린
비밀이 없어요
꿈과 사랑을
나누어요
그대는 나의 인생
인생 인생
아직은
아쉬움도 있지만
그대는 나의 인생
인생 인생
우리는
선택했어요
나 오직
그대를 사랑해
그 사랑
변하지 마오
우린 모든 것
다 주어요
그댄 나의
인생이기에
밤밤 밤밤 밤밤
밤바바밤밤
밤밤 밤밤
밤밤 밤
그대는 나의 인생
인생 인생
아직은
아쉬움도 있지만
그대는 나의 인생
인생 인생
우리는
선택했어요
나 오직
그대를 사랑해
그 사랑
변하지 마오
우린 모든 것
다 주어요
그댄 나의
인생이기에
밤밤 밤밤 밤밤
밤바바밤밤
밤밤 밤밤 밤밤
밤바바밤밤
밤밤 밤밤 밤밤
밤바바밤밤
밤밤 밤밤 밤밤
밤바바밤밤 밤"
가시,31,강문경,"첫 단추 잘못끼워 어긋나고 말았나요
사랑의 백미라면 영원토록
둘이함께 사는거지

먹다가 목에걸린 가시같은
가시같은 내사랑이
뱉지도 삼키지도 못하는구나
아~어쩌다 가시가 되어
사랑이 나를 울리나

(후렴)

먹다가 목에걸린 가시같은
가시같은 내사랑이
뱉지도 삼키지도 못하는구나
아~어쩌다 가시가 되어
사랑이 날 울리나

사랑이 나를 울리나"
공존의 의미,30,김종환,"살아있는 동안에
사랑하는 사람을
얼만큼 행복하게
잘해 줄 수 있는지

내가 죽고 난 뒤에
날 사랑한 사람이
얼마동안이나
얼마동안이나 슬피 울 수 있는지

아파 누워 있을 때
퇴원할 때까지
밤새워 기대어 함께해 줄
사람이 얼마나 있었는지


내가 잘되어 있을 때
나를 찾는 사람들
얼마 동안이나 얼마동안이나
축하 할 수 있는지

지금 이 순간이
가장 행복 할 지도 몰라
잡히지 않는 걸
잡으려 애쓰면
세월이 나를 버리고
바쁘게 살다가
나 힘이 없을 땐
누가 곁에 있을까
모두가 떠나고 나 혼자 남으면
슬퍼서 울고 말겠지


마주보고 있을 땐
소중함을 모르지
그 귀한 사랑이 떠나버린 후에야
슬퍼하지 말아요


지금 이 순간이
가장 행복 할 지도 몰라
잡히지 않는 걸
잡으려 애쓰면
세월이 나를 버리고
바쁘게 살다가
나 힘이 없을 땐
누가 곁에 있을까
모두가 떠나고 나 혼자 남으면
슬퍼서 울고 말겠지

마주보고 있을 땐
소중함을 모르지
그 귀한 사랑이 떠나버린 후에야
슬퍼하지 말아요

그 귀한 사랑이 떠나버린 후에야
슬퍼하지 말아요"
촛불,289,Yong Pil Cho,"그대는 왜
촛불을 키셨나요

그대는 왜
촛불을 키셨나요

연약한 이 여인을
누구에게 말할까요
사랑의 촛불이여
여인의 눈물이여
너마저 꺼진다면
꺼진다면 꺼진다면
바람아 멈추어라
촛불을 지켜다오
바람아 멈추어라
촛불을 지켜다오
연약한 이 여인을
누가 누가 누가 지키랴

그대는 왜
촛불을 키셨나요

그대는 왜
촛불을 키셨나요

끝없는 그 이름을
누구에게 말할까요
철없는 촛불이여
외로운 불빛이여
너마저 꺼진다면
꺼진다면 꺼진다면
바람아 멈추어라
촛불을 지켜다오
바람아 멈추어라
촛불을 지켜다오
연약한 이 여인을
누가 누가 누가 지키랴"
노란 손수건,103,태진아,"손수건을 흔들면 님이 오신다기에
흔들었던 손수건 노란 손수건
뒤돌아보면 그리움에 고개 떨구고
뒤돌아보면 그리움에 울고 있겠지
세월 속에 빛이 바랜
님이 주신 노란 손수건
마른나무의 꽃은 지듯이
사랑은 떠나고
이별의 공간을 눈물로 채우며
이별의 시간을 미소에 담아
건네 준거야
님 오실 때 흔들어야지
노란 손수건

손수건을 흔들면 님이 오신다기에
흔들었던 손수건 노란 손수건
뒤돌아보면 그리움에 고개 떨구고
뒤돌아보면 그리움에 울고 있겠지
세월 속에 빛이 바랜
님이 주신 노란 손수건
마른나무의 꽃은 지듯이
사랑은 떠나고
이별의 공간을 눈물로 채우며
이별의 시간을 미소에 담아
건네 준거야
님 오실 때 흔들어야지
노란 손수건
마른나무의 꽃은 지듯이
사랑은 떠나고
이별의 공간을 눈물로 채우며
이별의 시간을 미소에 담아
건네 준거야
님 오실 때 흔들어야지
노란 손수건"
아직도 못다한 사랑,57,김란영,"오늘도 갈대밭에
저홀로 우는 새는
내마음을 알았나봐
쓸쓸한 바람에
아득히 밀려오는
또렷한 그 소리는
잃어버린 그옛날에
행복이 젖어있네
외로움에 지쳐버린 내마음을
어떻게 말로 다하나요
난몰라요 이가슴은
아직도 못다한사랑

지난밤 꿈속에서
저홀로 우는 여인
내마음을 알았나봐
쓸쓸한 바람에
아득히 밀려오는
또렷한 그 소리는
잃어 버린 그옛날에
행복이 젖어있네
외로움에 지쳐버린 내마음은
어떻게 말로 다하나요
난싫어요 돌아와요
아직도 못다한사랑
난싫어요 돌아와요
아직도 못다한사랑"
능금빛 순정,71,배호,"사랑이 그립거든 손짓을 해요
말못할 순정은 빨간 능금알
수줍어 수줍어 고개 숙이다
조용히 불러주는 능금빛 사랑


사랑을 따려거든 발돋음 해요
꽃바람 치면은 빨간 능금알
외로워 외로워 눈물 흘리다
말없이 떨어지는 능금빛 순정"
눈물을 감추고,91,나훈아,"<1절
눈물을 감추고 눈물을 감추고
이슬비 맞으며
나홀로 걷는 밤 길

비에 젖어 슬픔에 젖어
쓰라린 가슴에
고독이 넘쳐 넘쳐
내 야윈 가슴에 넘쳐흐른다

<2절
눈물을 감추고 눈물을 감추고
이슬비 맞으며
나홀로 걷는 밤 길

외로움에 젖고젖어
쓰라린 가슴에
슬픔이 넘쳐 넘쳐
내 야윈 가슴에 넘쳐흐른다"
기다리는 아픔,158,최유나,"고독한 이 가슴에
외로움을 심어주고
초라한 내 모습에
멍울을 지게 했다
함께한 시간보다
더 많이 가슴을 태웠고
사랑한 날보다도 더 많이 아파했다
아픔속에 지워야 할 사랑이면
고개숙인 향기마저 데려가지
눈을 떠도 감고 있는 내 그림자
그대에게 가고 있는데
날 위해 힘들다 말해줘
내가 기다릴 수 있게 해줄래
돌아와 베어진 가슴에
눈물이 마를 수 있게

아픔속에 지워야 할 사랑이면
고개숙인 향기마저 데려가지
눈을 떠도 감고 있는 내 그림자
그대에게 가고 있는데
날위해 힘들다 말해줘
내가 기다릴 수 있게 해줄래
돌아와 베어진 가슴에
눈물이 마를 수 있게
눈물이 마를 수 있게"
웃으며 삽시다,485,문연주,"인생살이 마음대로 되는게 있나
그럴땐 그럴땐 마음을 비우고
크게 한번 웃어요
이래 저래 살다 보면 한세상인걸
짜증 내고 화를 내면 무엇 하나요
인생사 세상사가
흘러 가는 강물 같더라
웃으며 웃으며 삽시다
세상살이 마음대로 되는게 있나
그럴땐 그럴땐 가슴을 열고서
크게 한번 웃어요
둥글 둥글 살다 보면 한세상인걸
짜증내고 화를 내면 무엇 하나요
인생사 세상사가
흘러 가는 강물 같더라
웃으며 웃으며 삽시다"
독도는 우리땅,"2,285",정광태,"울릉도 동남쪽 뱃길 따라 이 백리
외로운 섬 하나 새들의 고향
그 누가 아무리 자기네 땅이라고 우겨도
독도는 우리 땅
경상북도 울릉군 울릉읍 독도리
동경 백삼십이 북위 삼십칠
평균기온 십이도 강수량은 천삼백
독도는 우리 땅
오징어 꼴뚜기 대구명태 거북이
연어알 물새알 해녀 대합실
십칠만 평방미터 우물 하나 분화구
독도는 우리 땅
지증왕 십삼년 섬나라 우산국
세종실록지리지 오십쪽 세째줄
하와이는 미국 땅 대마도는 몰라도
독도는 우리 땅
러일전쟁 직후에 임자 없는 섬이라고
억지로 우기면 정말 곤란해
신라장군 이사부 지하에서 웃는다
독도는 우리 땅"
겨울장미,798,이은하,"철이없어 그땐 몰랐어요
그눈길이 무얼 말하는지
바람불면 그대 잊지못해
조용히 창문을열면서
나는생각해요
겨울에피는 흰장미여
아직도 나를 기다리나
감춰진 마음 보고싶어
햇살을 향해 피었는가
사랑의말 내게 들려줘요
그리움이 나를 반기도록
바람불면 그대 잊지못해
조용히 창문을 열면서
그대 기다려요
겨울에피는 흰장미여
아직도 나를 기다리나
감춰진 마음 보고싶어
햇살을 향해 피었는가
사랑의말 내게 들려줘요
그리움이 나를 반기도록
바람불면 그대 잊지못해
조용히 창문을 열면서
그대 기다려요"
남자는 배 여자는 항구,468,심수봉,"언제나 찾아오는 부두의 이별이
아쉬워 두 손을 꼭 잡았나
눈 앞에 바다를 핑계로 헤어지나
남자는 배 , 여자는 항구
보내주는 사람은 말이 없는데
떠나가는 남자가 무슨 말을 해
뱃고동 소리도 울리지마세요
하루하루 바다만 바라보다
눈물 지으며 힘없이 돌아오네
남자는 남자는 다 모두가 그렇게 다
이별의 눈물 보이고 돌아서면 잊어버리는
남자는 다 그래
매달리고 싶은 이별의 시간도
짧은 입맞춤으로 끝나면
잘가요 쓰린마음 아무도 몰라주네
남자는 배, 여자는 항구
아주 가는 사람이 약속은 왜 해
눈 멀도록 바다만 지키게 하고
사랑했었단 말은 하지도 마세요 -
못 견디게 니가 좋다고
달콤하던 말 그대로 믿었나
남자는 남자는 다 모두가 그렇게 다
쓸쓸한 표정짓고 돌아서선 웃어버리는
남자는 다 그래"
사랑은 어떻게 생겼을까,648,최진희,"사랑의 얼굴도 모르면서
누구나 사랑을 원하죠
그사랑을 만날수만 있다면
아껴둔맘 다 줄래요
사랑은 어떻게 생겼을까
만질수도 볼수도 없어
사랑은 어떻게 생겼을까
가만있어도 눈물이나요
그사람 지금 날찾고있을까
눈뜨면 항상 바라볼수 있는
그대의눈물 씻어줄 사람도
나였으면 참 좋겠어
사랑의 얼굴도 모르면서
누구나 그얼굴 보려해
그사랑을 볼수만 있다면
감쳐둔맘 다 줄래요
사랑은 어떻게 생겼을까
만질수도 볼수도 없어
사랑은 어떻게 생겼을까
가만있어도 눈물이나요
그사람 지금 날찾고있을까
눈뜨면 항상 바라볼수 있는
그대의눈물 씻어줄 사람도
나였으면 참 좋겠어
그사람 지금 날찾고있을까
눈뜨면 항상 바라볼수 있는
그대의눈물 씻어줄 사람도
나였으면 참 좋겠어
나였으면 참 좋겠어"
애정이 꽃피던 시절,111,나훈아,"첫사랑 만나던 그날 얼굴을 붉히면서
철없이 매달리며 춤추던 사랑의 시절
활짝 핀 백합처럼 우리사랑 꽃필때
아하 아하 아아아아
떠나버린 첫사랑 생각이 납니다
애정이 꽃피던 시절
첫 사랑 만나던 그날
행복을 꿈꾸면서
철없이 매달리며 춤추던 사랑의 시절
곱게 핀 장미처럼 우리사랑 꽃필때
아하 아하 아아아
잃어버린 첫사랑 생각이 납니다
애정이 꽃피던시절"
사랑의 접촉사고,84,전솔미 (Jeon Solmi),"잘나가던 내 인생에
깜빡이도 안 켜고
훅 들어온 당신
미안하단 말도 없이
그냥 가면 어떡해요
사랑은 쌍방과실
나도 알고 있어요
나도 책임 있죠
온다간다 말도 없이
사라지면 어떡해요
내 마음은 일방통행
당신 밖에 모르는데
내 사랑은 일방통행
당신밖에 모르는데
어디에 어디에 있나요
어디로 어디로 갔나요
아무리 아무리 찾아도
알 수가 없어요
무보험에 뺑소니
목격자도 없어요
사랑에 보험이 있나요
누가 내 사랑 좀 찾아주세요
잘나가던 내 인생에
깜빡이도 안 켜고
훅 들어온 당신
미안하단 말도 없이
그냥 가면 어떡해요
사랑은 쌍방과실
나도 알고 있어요
나도 책임 있죠
온다간다 말도 없이
사라지면 어떡해요
내 마음은 일방통행
당신 밖에 모르는데
내 사랑은 일방통행
당신밖에 모르는데
내사랑 어디에 있나요
내사랑 어디로 갔나요
아무리 아무리 찾아도
알 수가 없어요
무보험에 뺑소니
목격자도 없어요
사랑에 보험이 있나요
누가 내 사랑 좀 찾아주세요
연인들 보험도 있나요
사랑의 접촉사고가 났어요
아이쿠 나 사고낫또"
찌개,494,요요미,"구수한 된장찌개 아니면
톡 쏘는 김치찌개
어디서나 사랑 받는
찌개 같은 여자랍니다
얼큰한 동태찌개 아니면
담백한 부대찌개
수만 가지 무한 매력
팔색조 같은 여자예요
남자는 누가 뭐래도
사골 같은 사람이 제일 좋아요
끓이고 끓이면 진짜가 우러나오는
사골 같은 남자 어디 없나요
찌개 같은 여자 사골 같은 남자
그런 사람이 최고예요
언제나 질리지 않는
그런 여자 될래요
찌개 같은 여자 사골 같은 남자
그런 사람이 최고예요
볼수록 매력이 있는
그런 남자 와줘요
술 한 잔 생각날 때 아니면
입맛이 없어질 때
어디서나 사랑 받는
찌개 같은 여자랍니다
추운 날 배고플 때
따끈한 국물이 그리울 때
언제라도 곁에 있는
찌개 같은 여자랍니다
남자는 누가 뭐래도
사골 같은 사람이 제일 좋아요
시간이 지나도 절대로 질리지 않는
사골 같은 남자 어디 없나요
찌개 같은 여자 사골 같은 남자
그런 사람이 최고예요
언제나 질리지 않는
그런 여자 될래요
찌개 같은 여자 사골 같은 남자
그런 사람이 최고예요
볼수록 매력이 있는
그런 남자 와줘요
찌개 같은 여자 사골 같은 남자
그런 사람이 최고예요
언제나 질리지 않는
그런 여자 될래요
찌개 같은 여자 사골 같은 남자
그런 사람이 최고예요
언제나 질리지 않는
그런 여자 될래요
찌개 같은 여자 사골 같은 남자
그런 사람이 최고예요
볼수록 매력이 있는
그런 남자 와줘요"
머나먼 고향,"2,473",박서진,"머나먼 남쪽 하늘 아래 그리운 고향
사랑하는 부모 형제 이 몸을 기다려
천리타향 낯선 거리 헤매는 발길
한잔 술에 설움을 타서 마셔도
마음은 고향 하늘을 달려갑니다
천리타향 낯선 거리 헤매는 발길
한잔 술에 설움을 타서 마셔도
마음은 고향 하늘을 달려갑니다"
사랑했어요,"15,716",김호중,"돌아서 눈감으면 잊을까
정든 님 떠나가면 어이해
발길에 부딪히는 사랑의 추억
두 눈에 맺혀지는 눈물이여
이제와 생각하면 당신은
내 마음 깊은 곳에 찾아와
사랑은 기쁨보다 아픔인 것을
나에게 심어주었죠
사랑했어요 그땐 몰랐지만
이 마음 다 바쳐서
당신을 사랑했어요
이젠 알아요 사랑이 무언지
마음이 아프다는 걸
돌아서 눈감으면 잊을까
정든 님 떠나가면 어이해
발길에 부딪히는 사랑의 추억
두 눈에 맺혀지는 눈물이여
사랑했어요 그땐 몰랐지만
이 마음 다 바쳐서
당신을 사랑했어요
이젠 알아요 사랑이 무언지
마음이 아프다는 걸
돌아서 눈감으면 잊을까
정든 님 떠나가면 어이해
발길에 부딪히는 사랑의 추억
두 눈에 맺혀지는 눈물이여
발길에 부딪히는 사랑의 추억
두 눈에 맺혀지는 눈물이여"
첫사랑,243,장윤정,"그대를 처음 본 순간
내 가슴 너무 떨렸어요
그때 이미 예감했죠
사랑에 빠질 것을
그대의 몸짓
그대의 미소
다정스런 그대 목소리
나 어떡해요
숨이 멎을 것 같아
그대에게 빠져버렸어요
하루 온 종일
그대 생각 뿐이죠
내일 역시도
그리 보낼 거예요
손 내밀어 잡아주세요
이런 내 사랑
받아 주세요
그대의 몸짓
그대의 미소
다정스런 그대 목소리
나 어떡해요
숨이 멎을 것 같아
그대에게 빠져버렸어요
하루 온 종일
그대 생각 뿐이죠
내일 역시도
그리 보낼 거예요
손 내밀어 잡아주세요
이런 내 사랑
받아 주세요
이런 내 사랑
받아 주세요"
헤어지는 중입니다,"3,143",김희재,"햇살이 눈부셔 눈을 감고 말았죠
흐르던 눈물이 멈추질 않네요
가까스로 일어나도
다시 휘청거려요
이제는 정말 끝인가요
보란듯이 살거야
나약해지면 안돼
그 사람보다 더 행복해져야 돼
절대 뒤돌아 보지마
이런 못난 가슴아
왜 혼자서 난
멈출 줄 모르니
사랑해서 후회없다던
사랑해서 보내준다던
잔인한 거짓말
어떻게 그럴수 있어
사랑한다면
왜 이렇게 힘들게 하는지
이별했죠 이별한거 맞죠
심장이 미쳐서
아직도 착각하고 있나봐요
미련한 내가 나조차 너무 싫은데
서러움에 내 맘이 무너져요
정말 지운건 아닌지
덜컥 겁이 나 울죠
당신 없는 나 어떻게 살아요
사랑해서 후회없다던
사랑해서 보내준다던
잔인한 거짓말
어떻게 그럴 수 있어
사랑한다면
왜 이렇게 힘들게 하는지
이별했죠 이별한거 맞죠
심장이 미쳐서
아직도 착각하고 있나봐요
미련한 내가 나조차 너무 싫은데
서러움에 내 맘이 무너져요
정말 지운건 아닌지
덜컥 겁이 나 울죠
당신 없는 나 어떻게 살아요"
초혼,"2,979",김희재,"산산이 부서진 이름이여
허공 중에 헤어진 이름이여
불러도 대답없는 이름이여
부르다가 내가 죽을 이름이여
부르다가 내가 죽을 이름이여
심중에 남아있는 말 한마디는
끝 끝내 마저 하지 못하였구나
사랑했던 그 사람이여
사랑했던 그 사람이여
설움에 겹도록 부르노라
설움에 겹도록 부르노라
부르는 소리는 비켜 가지만
하늘과 땅 사이가 너무 넓구나
하늘과 땅 사이가 너무 넓구나
선 채로 이 자리에
돌이 되어도
부르다가 내가 죽을 이름이여
사랑했던 그 사람이여
사랑했던 그 사람이여
저녁 하늘 산마루에 걸리었다
사슴의 무리도 슬피운다
떨어져 나가 앉은 산 위에서
나는 그대 이름 부르노라
나는 그대 이름 부르노라"
당신편,"3,952",김희재,"꿈을 꾸며 들을까 몰라
나는 항상 당신 편인 걸
힘든 당신은 술이 물이고
내 맘은 물도 술인데
사랑한 당신 내 편인 당신
오늘도 고생 많았네
꿈을 꾸며 들어주세요
나는 항상 당신 편이요
영원토록 잊지 말아요
나는 항상 당신 편이야
꿈을 꾸며 들을까 몰라
나는 항상 당신 편인 걸
힘든 당신은 술이 물이고
내 맘은 물도 술인데
사랑한 당신 내 편인 당신
오늘도 고생 많았네
꿈을 꾸며 들어주세요
나는 항상 당신 편이요
영원토록 잊지 말아요
나는 항상 당신 편이야
사랑한 당신 내 편인 당신
오늘도 고생 많았네
꿈을 꾸며 들어주세요
나는 항상 당신 편이요
사는 내내 잊지 말아요
나는 항상 당신 편이야
나는 항상 당신 편이야"
안돼요 안돼,"6,124",이찬원,"무슨 말을 해야만이
내게로 오시렵니까
아무말을 하지 않는
이내 맘을 모르시나요
이렇다 할 말도 없이
떠나려만 하신답니까
이 가슴에 새긴 정을
그대 어찌 모르십니까
안돼요 안돼 그리는 못합니다
울면서 애원했건만
스쳐간 세월이 나를 울리면
이 몸 홀로 어이 합니까
그리워도 보고파
만날 수는 없는 겁니까
마음주고 떠나시니
이 내몸은 어이 하나요
이렇다할 말도 없이
떠나려만 하신답니까
이 가슴에 새긴 정을
그대 어찌 모르십니까
안돼요 안돼 그리는 못합니다
울면서 애원했건만
스쳐가는 세월이 나를 울리면
이몸 홀로 어이 합니까"
왜 돌아보오,388,김태연,"갈래면 가지 왜 돌아보오
갈래면 가지 왜 돌아보오
떠나갈 당신을 붙잡을 줄 알고
갈래면 가지 왜 돌아보오
찢어지는 아픔을 느껴야 하나요
마음속에 눈물을 보아야 하나요
사랑한다 말을 마오
유행가 가산 줄 아오
갈래면 가지 왜 돌아봅니까
지나간 일들을 잊으라니요
지나간 일들을 잊으라니요
사랑이 무슨 장난인가요
갈래면 가지 왜 돌아보오
찢어지는 아픔을 느껴야 하나요
마음속에 눈물을 보아야 하나요
사랑한다 말을 마오
유행가 가산 줄 아오
갈래면 가지 왜 돌아봅니까"
나의 영토,353,현진우,"어디 여자가 함부로
주방에 들어오려고 해
이곳은 나의 영토야
잘 생각 해봐 내가 힘이 센지
아니면 니가 더 힘이 센지
힘이 센 남편은 전골냄비를 들 테니
자기는 리모컨 들고 티비나 보면 돼
어디 여자가 함부로
주방에 들어오려고 해
이곳은 나의 영토야
음식도 내가 다할게
어디 여자가 함부로
세탁길 돌리려고 해
이것은 나의 도구야
잘 생각 해봐 군대 다녀 오면
남자는 각잡는 신이 되지
신이 된 남편은 빨래각을 잡을 테니
여신은 누워서 과일이나 먹으면 돼
어디 여자가 함부로
세탁길 돌리려고 해
이것은 나의 도구야
빨래는 내가 다 할게
사실 나도 알아
넌 내게 과분한 사람인걸
그런 너를 위해 언제나 최선을 다할게
값비싼 명품백 다이아는 못해줘도
뜨거운 이마음 당신만을 사랑할게
어디 여자가
함부로 주방에 들어오려고 해
이곳은 나의 영토야
힘들면 그냥 사먹자
명절날 음식 같이해
당신은 내 사랑이야"
공짜,186,강태풍,"당신의 사랑도 공짜
당신을 사랑하고 좋아하는 거 공짜
하늘땅 바람 소리 새소리 공짜
얼마나 좋으냐 내가 사는 이 세상
아낌없이 조건 없이 주는 게 많아
해와 달 별을 보며 꿈을 꾸는 거 공짜
산과 들에 피어나는 꽃도 공짜
무엇을 더 바래 욕심 없이 살면 되지
당신의 웃음도 공짜
당신의 사랑도 공짜
해와 달 별을 보며 꿈을 꾸는 거 공짜
산과 들에 피어나는 꽃도 공짜
무엇을 더 바래 욕심 없이 살면 되지
당신의 웃음도 공짜
당신의 웃음도 공짜"
사랑품,101,하이량,"너의 뒤에
내가 있잖아
너를 바라보는
내가 있잖아
이 세상에
하나밖에 없는 내 사랑
언제나 넌
그 자리인데
고마워 너를 위해
살아 가겠어
현실 앞에 숨지 않겠어
가슴으로 너를 품고
살아 갈 꺼야
미안해 널 힘들게 해서
이제 다시는
이제 다시는
잡은 손 놓지 않겠어
사는 동안에
사는 것처럼
널 위해 살다 살다가
남은 이 세상
다하는 그날
눈물로 말할지 몰라
내 곁에 있어줘서
행복했다고
당신을 사랑했다고
이제 다시는
이제 다시는
잡은 손 놓지 않겠어
사는 동안에
사는 것처럼
널 위해 살다 살다가
남은 이 세상
다하는 그날
눈물로 말할지 몰라
내 곁에 있어줘서
행복했다고
당신을 사랑했다고
당신을 사랑했다고"
여백,216,길병민,"얼굴이 잘생긴 사람은
늙어 가는 게 슬프겠지
마음에 주름이 있는 건
버리지 못한 욕심의 흔적
청춘은 붉은 색도 아니고
사랑은 핑크빛도 아니더라
마음에 따라서 변하는
욕심 속 물감의 장난이지
그게 인생인거야
전화기 충전은 잘 하면서
내 삶은 충전하지 못하고 사네
마음에 여백이 없어서
인생을 쫓기듯 그렸네
청춘은 붉은 색도 아니고
사랑은 핑크빛도 아니더라
마음에 따라서 변하는
욕심 속 물감의 장난이지
그게 인생인거야
전화기 충전은 잘 하면서
내 삶은 충전하지 못하고 사네
마음에 여백이 없어서
인생을 쫓기듯 그렸네
마지막 남은 나의 인생은
아름답게 피우리라"
당신이 좋아,231,장송호,"그대는 내 사랑
당신도 내 사랑
이 세상의 그 무엇도 쨉이 안되지
원앙이 따로 있나 우리가 원앙이지
환상의 해피한 원앙이지
아 꿀맛같은 그대 사랑에
내 인생을 걸었잖아
비가 와도 좋아 눈이 와도 좋아
바람 불어도 좋아
좋아좋아 당신이 좋아
아 꿀맛같은 그대 사랑에
내 인생을 걸었잖아
비가 와도 좋아 눈이 와도 좋아
바람 불어도 좋아
좋아 좋아 당신이 좋아
좋아 좋아 당신이 좋아"
유정천리,927,진해성,"가련다 떠나련다
어린 아들 손을 잡고
감자 심고 수수 심는
두메산골 내 고향에
못 살아도 나는 좋아
외로워도 나는 좋아
눈물 어린 보따리에
황혼빛이 젖어드네

가도 가도 끝이 없는
인생길은 몇 굽이냐
유정천리 꽃이 피네
무정 천리 눈이 오네"
59년 왕십리,293,김흥국,"왕십리 밤 거리에 구슬프게 비가 내리면
눈물을 삼키려 술을 마신다
옛사랑을~ 마신다
정주던 사람은 모두 떠나고
서울 하늘아래 나홀로
아~ 깊어가는 가을 밤만이
왕십리를 달래주네

왕십리 밤 거리에
구슬프게 비가 내리면
눈물을 삼키려 술을 마신다
옛 사랑을~ 마신다
정주던 사람은 모두 떠나고
서울 하늘아래 나홀로
아~ 깊어가는 가을 밤 만이
왕십리를 달래주네 아~ 깊어가는
가을 밤만이 왕십리를 달래주네"
눈동자,219,이승재,"그날 밤 이슬이 맺힌
눈동자 그 눈동자
가슴에 내가슴에 남아
외롭게 외롭게 울려만주네
안개 안개
자욱한 그날 밤 거리
다시 돌아올 날
기약없는 이별에
뜨거운 이슬 맺혔나
고독이 밀리는 밤이 오면
가슴속에 떠오르는
눈동자 그 눈동자
아 아 그리운 눈동자여

안개 안개
자욱한 그날 밤 거리
다시 돌아올 날
기약없는 이별에
뜨거운 이슬 맺혔나
고독이 밀리는 밤이 오면
가슴속에 떠오르는
눈동자 그 눈동자
아 아 그리운 눈동자여"
소양강 처녀,110,문희옥,"해 저문 소양강에 황혼이 지면
외로운 갈대밭에 슬피 우는 두견새야
열여덟 딸기 같은 어린 내 순정
너마저 몰라주면 나는 나는 어쩌나
아~ 그리워서 애만 태우는 소양강 처녀

동백꽃 피고 지는 계절이 오면
돌아와 주신다고 맹세하고 떠나셨죠!
이렇게 기다리다 멍든 가슴에
떠나고 안 오시면 나는 나는 어쩌나
아~ 그리워서 애만 태우는 소양강 처녀"
왜그래,301,나미애,"남자인 네가 참으면 안되니
사랑은 모든걸 용서하잖아
아무것도 아닌 일 갖고
왜 죄없는 사랑을 흔들어 놓니
가끔은 나를 놔주면 안되니
남자인 너도 그럴때 있잖아
그렇다고 우리의
사랑 변하진 않아
아무일 없어
왜 남자는 그래도 되고
여자는 안되는 거니
다 똑같은건데
가끔은 짜여진
그틀을 벗어나고 싶은데
왜 그래 제발
그러지마 너 자꾸 그러면 웃겨
날 가두려고 하지마
왜 그래 너의 사랑이
그렇게 자신이 없니
나에겐 너뿐인걸

남자인 네가 참으면 안되니
사랑은 모든걸 용서하잖아
아무것도 아닌 일 갖고
왜 죄없는 사랑을 흔들어 놓니
가끔은 나를 놔주면 안되니
남자인 너도 그럴때 있잖아
그렇다고 우리의 사랑
변하진 않아 아무일 없어
왜 남자는 그래도 되고
여자는 안되는거니
다 똑같은건데 가끔은 짜여진
그틀을 벗어나고 싶은데
왜 그래 제발 그러지마
너 자꾸 그러면 웃겨
날 가두려고 하지마
왜 그래 너의 사랑이
그렇게 자신이 없니
나에겐 너뿐인걸
왜 그래 제발 그러지마
너 자꾸 그러면 웃겨
날 가두려고 하지마
왜 그래 너의 사랑이
그렇게 자신이 없니
나에겐 너뿐이야"
재,293,장윤정,"타버린 내 마음을 그대에게 들킬까
가버린 시간들을 되돌릴 순 없는데
아프고 아린 가슴 쌓여만 가는 그리움
이토록 아파하고 그댈 그릴 거라면
그토록 사랑하고 그댈 담지 말 것을
쓰리고 시린 가슴 흩어져 버린 추억들
홀로 그대 숨결 묻어 있는
이 거리를 걸어도
이젠 차가웁게 식어 버린
그댈 느낄 수 없어
아아 숨이 멎을 듯
아아 삼킨 설움 토해내도
눈물에 맺힌 그댈
훔쳐낼 수도 없는
이런 내가 미워

홀로 그대 숨결
묻어 있는 이 거리를 걸어도
이젠 차가웁게 식어 버린
그댈 느낄 수 없어
아아 내 안에 스민 그댈
덜어낼 수가 없어요
바래질 때 까지만 기억에 남아줘요
그래야 내가 살아요
아아 숨이 멎을 듯
아아 삼킨 설움 토해내도
눈물에 맺힌 그댈
훔쳐낼 수도 없는
이런 내가 미워 이런 내가 미워"
이별의 부산정거장,556,남인수,"보슬비가 소리도 없이 이별 슬픈 부산정거장
잘 가세요 잘 있어요 눈물의 기적이 운다
한 많은 피난살이 설움도 많아
그래도 잊지 못할 판잣집이여
경상도 사투리의 아가씨가 슬피 우네
이별의 부산정거장

서울 가는 십이열차에 기대앉은 젊은 나그네
시름없이 내다보는 창밖에 기적이 운다
쓰라린 피난살이 지나고 보니
그래도 끊지 못할 순정 때문에
기적도 목이 메어 소리 높이 우는구나
이별의 부산정거장"
노을빛 서해대교,103,김상배,"돌아온다고 약속했는데
오지 않는 내 님이여
계절은 다시 바뀌는데
세월만 흘러가는데
나를 잊었나 길을 잊었나
바닷길이 너무 멀었나
돌아올 길 가까워진 서해대교엔
노을 빛이 곱기도 한데
갈매기 떼 슬피 울며
어디로 가나
내 님 소식 전해다오

수많은 세월 기다렸는데
오지 않는 내 님이여
차라리 잊자 다짐을 해도
잊을 수 없는 그 추억
온다는 약속 진정이었나
아무렇게 하는 말이었나
행여 올까 바라보는 서해대교엔
노을 빛이 곱기도 한데
오고가는 고깃배는 그대로인데
떠난 님은 언제 오나
나를 잊었나 길을 잊었나
바닷길이 너무 멀었나
돌아올 길 가까워진 서해대교엔
노을 빛이 곱기도 한데
갈매기 떼 슬피 울며
어디로 가나
내 님 소식 전해다오"
부르지마,70,유상록,"오늘밤 우연히 라 - 디오를 켤때
당신의 목소리가 - 흘러 - 나오고 --
잊은줄 알 - 았 - 었는데 - 잊혀졌 - 다 했는데

당신은 노 - 래를 만 - 들었 - 네요

언젠가 둘이서 보 - 았던 영화를
오늘은 나 혼자서 - 보고 - 있네 --
그때는 즐 - 거 - 웠는데 - 내손을 잡 - 았었는데
내옆의 빈 자리는 날 - 슬프 - 게 해

부르지마 부르지마 옛노 - 래를 -
하고픈 말 - 이 있어도 부르지마 부르지마
옛사 - 랑을 - 추억은 남 - 아 있잖아

언젠가 둘이서 걸 - 었던 이길을
오늘은 나 혼자서 - 걷고 - 있네
햇살은 눈 부 - 셨는데 우리를 비 - 추었는데
오늘은 나 혼자 비 - 를 맞고 가네

부르지마 부르지마 옛노 - 래를 -
하고픈 말 - 이 있어도 부르지마 부르지마
옛사 - 랑을 - 추억은 남 - 아 있잖아"
바람에 흔들리고 비에 젖어도,500,최진희,"지난날은 모두가 꿈이었던가 사랑은 허물어지고

조용히 돌아온 이 자리엔 나혼자 뿐인데 눈감으면

지금도 옆애있는것 그 손을 잡을 길 없어

눈물을 흘리며 떠나리라 잊어야 하리라

오늘도 바람에 흔들리는 내마음 찬비가 내리면

젖으려고 하는데 바람아 바람아 불어오지 말아라

찬비야 찬비야 내리지를 말아라



아 이제는 사라져간 사람이 아 이제는 멀어져간 추억을

왜 못잊나 바람에 흔들리고 비에 젖어도 내 너를 잊으리라

잊으리라



오늘도 바람에 흔들리는 내마음 찬비가 내리면 젖으려고

하는데 바람아 바람아 불어오지 말아라 찬비야 찬비야

내리지를 말아라



아 이제는 사라져간 사람이 아 이제는 멀어져간 추억을

왜 못잊나 바람에 흔들리고 비에 젖어도 내 너를 잊으리라

잊으리라"
사랑,315,장은숙,"보고파 하는 그 마음을
그리움이라 하면
잊고저 하는 그 마음을
사랑이라 말하리
두 눈을 감고 생각하면
지난 날은 꿈만 같고
여울져 오는 그 모습에
나는 갈 곳이 없네
사랑은 머물지 않는 바람
무심의 바위인가
시작도 없고 끝도 없는
어둠의 분신인가
세상에 다시 태어나
사랑이 찾아 오면
가슴을 닫고 돌아서
오던 길로 가리라

보고파 하는 그 마음을
그리움이라 하면
잊고저 하는 그 마음을
사랑이라 말하리
두 눈을 감고 생각하면
지난 날은 꿈만 같고
여울져 오는 그 모습에
나는 갈 곳이 없네
사랑은 머물지 않는 바람
무심의 바위인가
시작도 없고 끝도 없는
어둠의 분신인가
세상에 다시 태어나
사랑이 찾아 오면
가슴을 닫고 돌아서
오던 길로 가리라"
공,336,권윤경,"살다보면 알게 돼
일러주지 않아도
너나 나나 모두 다
어리석다는 것을
살다보면 알게 돼
알면 웃음이 나지
우리 모두 얼마나
바보처럼 사는지
잠시 왔다가는 인생
잠시 머물다갈 세상
백년도 힘든 것을
천년을 살 것처럼
살다보면 알게 돼
버린다는 의미를
내가 가진 것들이
모두 부질없다는 것을
살다보면 알게 돼
알고싶지 않아도
너나 나나 모두 다
미련하다는 것을
살다보면 알게 돼
알면 이미 늦어도
그런대로 살만한
세상이라는 것을
잠시 스쳐가는 청춘
훌쩍 가버리는 세월
백년도 힘든 것을
천년을 살 것처럼
살다보면 알게 돼
비운다는 의미를
내가 가진 것들이
모두 꿈이었다는 것을
모두 꿈이었다는 것을"
행복이란,189,조경수,"행복이 무엇인지 알 수는 없잖아요
당신 없는 행복이란 있을 수 없잖아요

이 생명 다 바쳐서 당신을 사랑하리
이 목숨 다 바쳐서 영원히 사랑하리

이별만은 말아줘요
내 곁에 있어줘요
당신 없는 행복이란 있을 수 없잖아요


사랑은 중한 것도 이제는 알았어요
당신 없는 사랑이란 있을 수 없잖아요

이 생명 다 바쳐서 당신을 사랑하리
이 목숨 다 바쳐서 영원히 사랑하리

이별만은 말아줘요
내 곁에 있어줘요
당신 없는 사랑이란 있을 수 없잖아요"
"분위기 좋고 (송대관, 신지)",370,송대관,"분위기 좋고좋고
느낌이 와요와요
준비는 됐어됐어 오메좋은거
분위기 좋고좋고
폼도 좋구나좋아
준비는 됐어됐어 나는행복해
봐요봐요 봐요봐요
아싸 이쁜 내사랑
보고싶어 갑니다가요
내가가요
당신만의 사랑이 되어
길은 멀어도 마음은 하나요
뜨거운 내마음 받아만 준다면
분위기 좋고좋고
느낌이 와요와요
준비는 됐어됐어 오메좋은거
분위기 좋고좋고
폼도 좋구나좋아
준비는 됐어됐어 나는행복해
내 인생에도 봄이 온다
내사랑에도 꽃이 핀다
분위기 좋고좋고
느낌이 와요와요
준비는 됐어됐어 오메 좋은거
분위기 좋고좋고
폼도 좋구나좋아
준비는 됐어됐어 나는행복해
봐요봐요 봐요봐요
아싸 이쁜
내사랑 보고싶어
갑니다가요
내가가요 당신만의 사랑이 되어
길은 멀어도 마음은 하나요
뜨거운 내마음 받아만 준다면
분위기 좋고좋고
느낌이 와요와요
준비는 됐어됐어 오메좋은거
분위기 좋고좋고
폼도 좋구나좋아
준비는 됐어됐어 나는행복해
사랑이 온다와요
옵니다 옵니다와요
느낌이 와요와요 오메좋은거
그님이 온다와요
좋구나 좋구나좋아
준비는 됐어됐어 나는행복해"
짝사랑하나봐,360,마이진,"짝사랑하고 있나봐
짝사랑하고 있나봐
사랑이란 감정을 건드려놓고
두근두근두근두근
설레게 하네요
이제와서 생각해봐도
볼수없는 당신이기에
오늘도 내일도
더욱더 보고파지네요
아 아직도
당신을 짝사랑하고 있나봐
짝사랑하고 있나봐
짝사랑하고 있나봐
짝사랑하고 있나봐
사랑이란 감정을 건드려놓고
두근두근두근두근
설레게 하네요
이제와서 생각해봐도
볼수없는 당신이기에
오늘도 내일도
더욱더 보고파지네요
아 아직도
당신을 짝사랑하고 있나봐
짝사랑하고 있나봐"
껄껄껄,240,현당,"사랑했다 미워했다
덧없이 세월이 갔다
너와 내가 함께 보냈던
그래도 그때가 좋았다
세상살이 인생살이
돌아보면 별것 아닌데
잘해줄걸 용서할걸
안아줄걸 그랬어
껄껄껄 아쉬움에
껄껄껄 웃으면서
인생은 흘러 가더라
사랑했다 미워했다
덧없이 세월이 갔다
너와 내가 함께 보냈던
그래도 그때가 좋았다
세상살이 인생살이
지나보면 별것 아닌데
잘해줄걸 용서할걸
안아줄걸 그랬어
껄껄껄 아쉬움에
껄껄껄 웃으면서
청춘은 흘러 가더라
세상살이 인생살이
돌아보면 별것 아닌데
잘해줄걸 용서할걸
안아줄걸 그랬어
껄껄껄 아쉬움에
껄껄껄 웃으면서
인생은 흘러 가더라
청춘은 흘러 가더라"
울고 넘는 박달재,918,진해성,"천둥산 박달재를
울고넘는 우리임아
물항라 저고리가
궂은비에 젖는구려
왕거미 집을 짓는
고개마다 구비마다
울었소 소리쳤소
이 가슴이 터지도록
부엉이 우는 산골
나를 두고 가는 임아
둘아올 기약이나
성황님께 빌고가소
도토리 묵을 싸서
허리춤에 달아주며
한사코 우는구나
박달재의 금봉이야"
몰라,623,나훈아,"객기는 부리지마
오기도 부리지마
사랑은 그렇게 우긴다고
되는 게 아니잖아
달콤한 사랑의 약속
그 약속 믿은 너는 바보
가장 큰 약속 그것은 사랑
웃기는 약속도 사랑
사랑엔 조건은 없어
사랑엔 이유도 없어
사랑은 아무도 몰라
몰라 몰라 몰라 몰라
몰라 몰라 몰라 몰라
몰라 몰라 몰라 몰라
몰라 몰라 몰라 몰라
원망은 하지도 마
누구도 탓 하지 마
이별은 사랑 뒤에 숨어있는
불청객 같은 거지
이 사람 이제는 내 꺼야
그 착각하는 너는 바보
가장 큰 행복 그것은 사랑
눈물을 주는 것도 사랑
사랑은 둘이서 하고
이별은 혼자가 되고
사랑은 누구도 몰라
몰라 몰라 몰라 몰라
몰라 몰라 몰라 몰라
몰라 몰라 몰라 몰라
몰라 몰라 몰라 몰라
몰라 몰라 몰라 몰라
몰라 몰라 몰라 몰라
몰라 몰라 몰라 몰라
몰라 몰라 몰라 몰라"
18세 순이,126,나훈아,"살구꽃이 필때면 돌아 온다던
내사랑 순이는 돌아올 줄 모르고
서쪽하늘 문틈새로 새어드는 바람에
떨어지는 꽃냄새가 나를 울리네
가야해 가야해 나는 가야해
순이 찾아 가야해
가야해 가야해 나는 가야해
순이 찾아 가야해
누가 이런 사람을 본 적 있나요
나이는 18세 이름은 순이
가야해 가야해 나는 가야해
순이 찾아 가야해
가야해 가야해 나는 가야해
순이 찾아 가야해
누가 이런 사람을 본 적 있나요
나이는 18세 이름은 순이
나이는 18세 이름은 순이"
위하여,424,조항조,"쓰디쓴 술잔을 비우고 또 비워봐도
내 가슴속 너만은 비울 수가 없구나
안녕이란 한마디 남기고 간 사람아
오늘도 널 채우고 또 비워본다
누가 나와 술 한잔 해주라
내가 사랑한 그녀를 위하여
함께 달리고 달리고
달리고 달려보자
눈물을 삼키고 아픈 가슴을 달래보자
진탕 마시고 마시고 마시고 마셔보자
내 곁을 떠나간 너에 행복을 위하여
빈 잔을 채우고 채우고 또 채워봐도
너의 사랑만큼은 채울 수가 없구나
미안하단 그 한마디
남기고 간 사랑아
오늘도 너에 그리움을 마셔본다
누가 나와 건배 좀 해주라
나에 슬픈 로맨스를 위하여
함께 달리고 달리고
달리고 달려보자
눈물을 삼키고 아픈 가슴을 달래보자
진탕 마시고 마시고 마시고 마셔보자
내 곁을 떠나간 너에 행복을 위하여
내 곁을 떠나간 너에 행복을 위하여"
가지마,"4,747",정동원,"꽃바람 타고 떠나 간데요
나를 두고 떠나 간데요
우리 인연은 여기까지가
끝이라 말을 하네요
울지도 마요 잡지도 마요
마음 편히 가게 해줘요
부탁하네요 애원 못하게
미련도 갖지 못하게
아무 말없이 뒷모습 보며
보내야만 하는 내가 너무 싫지만
어쩔 수 없는 내가 미워요
내가 잘못 했으니까요
사랑했지만 너무도 소홀 했던 나
그래서 나를 떠나는 이유를 알기에
가지마 날 떠나가지 말라고
애원도 못 한답니다
울지도 마요 잡지도 마요
마음 편히 가게 해줘요
부탁하네요 애원 못하게
미련도 갖지 못하게
아무 말없이 뒷모습 보며
보내야만 하는 내가 너무 싫지만
어쩔 수 없는 내가 미워요
내가 잘못 했으니까요
사랑했지만 너무도 소홀 했던 나
그래서 나를 떠나는 이유를 알기에
가지마 날 떠나가지 말라고
애원도 못 한답니다
아무 말없이 뒷모습 보며
보내야만 하는 내가 너무 싫지만
어쩔 수 없는 내가 미워요
내가 잘못 했으니까요
사랑했지만 너무도 소홀 했던 나
그래서 나를 떠나는 이유를 알기에
가지마 날 떠나가지 말라고
애원도 못 한답니다"
울엄마,"4,963",이찬원,"먼 고향 울엄마 고향
괜스레 눈물이 나요
살아 생전 불효한 자식
못난 자식 걱정에
정안수 떠놓고 잘되라고 빌던
울엄마
그 품속 그리워라
해 뜨고 까치가 울면
싸리문 바라보며
살아 생전 불효한 자식
못난 자식 걱정에
정안수 떠놓고 잘되라고 빌던
울엄마
그 품속 그리워라
먼 고향 울엄마 고향
괜스레 눈물이 나요
살아 생전 불효한 자식
못난 자식 걱정에
정안수 떠놓고 잘되라고 빌던
울엄마
그 품속 그리워라"
추억의 발라드,"2,626",김희재,"비가 오면 비를 맞고 걸어가요
잃어버린 추억을 찾아서
흔들리는 이 거리의
네온 불빛마저도
내겐 모두 눈물처럼 느껴져요
그대의 눈동자
나의 가슴속에 젖어올때
허무한 사랑을 알았어요
시간이 흘러도
지울 수가 없는 그대 모습
기다림은 너무 외로워요
이대로
그대 남기고 간 추억속에서
영원토록 잠이 들고 싶어요
이대로
그대 남기고 간 추억을 찾아
잃어버린 사랑을 찾아
계절따라 모든 것이 변해가도
마음만은 변하지 않아요
사랑했던 우리들의
작은 기억마저도
내겐 모두 꿈처럼 느껴져요
그대의 눈동자
나의 가슴속에 젖어올때
허무한 사랑을 알았어요
시간이 흘러도
지울 수가 없는 그대 모습
기다림은 너무 외로워요
이대로
그대 남기고 간 추억속에서
영원토록 잠이 들고 싶어요
이대로
그대 남기고 간 추억을 찾아
잃어버린 사랑을 찾아"
천상재회,332,성리,"그대는 오늘밤도 내게 올 순 없겠지
목메어 애타게 불러도
대답 없는 그대여
못다한 이야기는 눈물이 되겠지요
나만을 사랑했다는 말
바람결에 남았어요
끊을 수 없는 그대와 나의 인연은
운명이라 생각했죠
가슴에 묻은 추억의 작은 조각들
되돌아 회상하면서
천상에서 다시 만나면
그대를 다시 만나면
세상에서 못다했던 그 사랑을
영원히 함께 할래요
끊을 수 없는 그대와 나의 인연은
운명이라 생각했죠
가슴에 묻은 추억의 작은 조각들
되돌아 회상하면서
천상에서 다시 만나면
그대를 다시 만나면
세상에서 못다했던 그 사랑을
영원히 함께 할래요
천상에
천상에서 다시 만나면
그대를 다시 만나면
세상에서 못다했던 그 사랑을
영원히 함께 할래요
영원히 함께 할래요"
봉선화 연정,214,신승태,"손대면 톡 하고 터질 것만 같은 그대
봉선화라 부르리
더 이상 참지 못할 그리움을
가슴 깊이 물들이고
수줍은 너의 고백에
내 가슴이 뜨거워
터지는 화산처럼
막을 수 없는 봉선화 연정
울면서 혼자 울면서
사랑한다 말해도
무정한 너는 너는 알지 못하네
봉선화 연정
봉선화 연정"
7번 국도,"1,079",홍지윤,"해 뜨는 정동진에서 바닷길
7번국도 따라 끝이 없는 사랑 길
아프니까 사랑이랬지
잊으려 애를 쓰니 더 보고 싶더라
7번 국도 바닷길 따라
끝없는 나의 사랑 길
해 뜨는 정동진에서
뜨겁게 사랑도 했지
가다가 멈추어 보니
그때 그 포장마차
사연 많은 술 한 잔
무심한 갈매기 소리
내 마음 끼룩끼룩
보고 싶다 사랑아
해 뜨는 간절곶에서 바닷길
7번국도 따라 끝이 없는 사랑 길
해 뜨는 간절곶에서
뜨겁게 사랑도 했지
가다가 멈추어 보니
그때 그 포장마차
사연 많은 술 한 잔
무심한 갈매기 소리
내 마음 끼룩끼룩
보고 싶다 사랑아
무심한 갈매기 소리
내 마음 끼룩끼룩
보고 싶다 사랑아"
고목나무,"1,086",홍지윤,"내 사랑이 병들어서
나를 떠나가나요
가지 말라 애원하고
가지 말라 붙잡아도
이미 돌아선 사람
차라리 고목나무가 되어
이곳에서 살면은
언젠가는 먼 훗날 한 번쯤
나의 그늘 아래 쉬어 갈 거야
그래 그래 살아보자
세월 속에 그 얼굴은 변해서
서로를 알아보지 못한다 해도
보고 싶을 거예요
내 모양이 시들어서
나를 버리시나요
가지 말라 애원하고
가지 말라 붙잡아도
이미 돌아선 사람
차라리 작은 등불이 되어
이곳에서 살면은
언젠가는 먼 훗날 한 번쯤
나의 빛이 길이 되어 줄 거야
그래 그래 살아 보자
세월 속에 그 얼굴은 변해서
서로를 알아보지 못한다 해도
보고 싶을 거예요
보고 싶을 거예요"
회룡포,440,김태연,"내 것이 아닌 것을
멀리 찾아서
휘돌아 감은 거
그 세월이 얼마이더냐
물설고 낮설은
어느 하늘 아래
빈 배로 나 서있구나
세월아 그 욕심 더 해가는
이 세상이 싫어 싫더라
나 이제 그 곳으로 돌아 가련다
내 마음 받아 주는 곳
아 어머님 품 속 같은 그 곳
회룡포로 돌아 가련다
세월아 그 욕심 더 해가는
이 세상이 싫어 싫더라
나 이제 그 곳으로 돌아 가련다
내 마음 받아 주는 곳
아 어머님 품속 같은 그 곳
회룡포로 돌아 가련다
회룡포로 돌아 가련다"
3일간의 사랑,"6,767",이찬원,"그날이 언제였던가
기차에 몸을 싣고서
내가 늘 꿈꿔왔었던
여행을 떠났죠
우연히 같이 앉은 게
사랑의 시작이었죠
너무나 짧기만 했던
3일간의 사랑
끝없이 펼쳐진 바다
눈으로 속삭이던 말
오래전 연인들처럼
그렇게 깊어갔는데
지금은 어디에
추억의 레일 위에 남아 있어요 그대
눈에서 마음으로
마음에서 추억으로 남겨진 사랑
지금도 눈을 감으면
가끔씩 생각이 나요
또 다시 찾아가보면
그 사람 있을까
세월은 살같이 흘러
모두가 변해왔지만
난 아직 잊지 못해요
3일간의 사랑
끝없이 펼쳐진 바다
눈으로 속삭이던 말
오래전 연인들처럼
그렇게 깊어갔는데
지금은 어디에
추억의 레일 위에 남아 있어요 그대
눈에서 마음으로
마음에서 추억으로 남겨진 사랑
눈에서 마음으로
마음에서 추억으로 남겨진 사랑"
사는 게 그런 거지,"2,447",장민호,"빛나는 꿈을 안고 세상 위에 나섰건만
늦은 퇴근 차창에 기대어
피곤한 눈 감아본다
오늘을 산다는 것
고달프고 외로운 일
힘들어도 힘들다 못 하고
무얼 위해 달려가나
사는 게 그런 거지
맘대로 되진 않아
어떤 날은 무너졌다가
어떤 날은 웃었다가
사는 게 그런 거지
쉬운 게 하나 없어
세상살이란 게 그런 거더라
인생은 그런 거지
세상을 산다는 것
두렵고도 설레는 일
알 수 없는 내일의 끝에는
무엇이 날 기다리나
사는 게 그런 거지
맘대로 되진 않아
어떤 날은 무너졌다가
어떤 날은 웃었다가
사는 게 그런 거지
쉬운 게 하나 없어
세상살이란 게 그런 거더라
사는 게 힘겨워도
그래도 살아야지
이런 나를 믿고 기다린
내 사람이 있으니까
사는 게 그런 거지
그래서 사는 거지
다시 살게 하는 힘이 되더라
사랑은 그런 거지"
하얀 미소,258,마이진,"눈 내리는 크리스마스야
온통 하얗게 세상이 덮여있어
어린아이들처럼 하얀 눈 바라보며
함박웃음을 짓고 있어
너의 눈을 바라보고 있으면
내 마음은 온통 하얘질뿐야
추운 겨울날에도 그대 곁에 있을게
나의 손을 잡아요 놓지 않을게요
흰 눈이 내리고 추운 겨울 와도
항상 변하지 않는
그대의 하얀 미소가 너무 예뻐요
눈보라가 치고 꽁꽁 언다 해도
우린 변하지 않아
그대를 사랑해 주는 내가 있잖아
추운 겨울날에도 그대 곁에 있을게
나의 손을 잡아요 놓지 않을게요
흰 눈이 내리고 추운 겨울 와도
항상 변하지 않는
그대의 하얀 미소가 너무 예뻐요
눈보라가 치고 꽁꽁 언다 해도
우린 변하지 않아
그대를 사랑해 주는 내가 있잖아
겨울이 또 오고 봄이 다가와도
항상 변하지 않는
그대의 하얀 미소가 너무 예뻐요
여름이 또 오고 가을이 또 와도
우린 변하지 않아
그대를 사랑해 주는 내가 있잖아
그대를 사랑해 주는 내가 있잖아"
빙글빙글,"2,032",공훈,"그저 바라만 보고 있지
그저 눈치만 보고 있지
늘 속삭이면서도
사랑한다는 그 말을 못 해
그저 바라만 보고 있지
그저 속만 태우고 있지
늘 가깝지도 않고
멀지도 않은 우리 두 사람
그리워지는 길목에 서서
마음만 흠뻑 젖어 가네
어떻게 하나 우리 만남은
빙글빙글 돌고
여울져 가는 저 세월 속에
좋아하는 우리 사이 멀어질까 두려워
어떻게 하나 우리 만남은
빙글빙글 돌고
여울져 가는 저 세월 속에
좋아하는 우리 사이 멀어질까 두려워
그리워지는 길목에 서서
마음만 흠뻑 젖어 가네
젖어 가네
어떻게 하나 우리 만남은
빙글빙글 돌고
여울져 가는 저 세월 속에
좋아하는 우리 사이 멀어질까 두려워
어떻게 하나 우리 만남은
빙글빙글 돌고
여울져 가는 저 세월 속에
좋아하는 우리 사이(사랑해요)
좋아하는 우리 사이(땡큐)
좋아하는 우리 사이 멀어질까 두려워
좋아하는 우리 사이 멀어질까 두려워"
우연히,294,송민준,"나이트 클럽에서 우연히 만났네
첫사랑 그 여자를
추억에 흠뻑 젖어 함께 춤을 추었네
철없던 세월이 그리워
행복하냐 물었지 아무런 말도 없이
눈물만 뚝뚝뚝 흘리는 그 사람
난 벌써 용서 했다고
난 벌써 잊어 버렸다고
말을 해놓고 안아주었지
정말 정말 행복해야 된다고
난 벌써 용서 했다고
난 벌써 잊어 버렸다고
말을 해놓고 안아주었지
정말 정말 행복해야 된다고
정말 정말 행복해야 된다고"
효도합시다,305,나상도,"여러분 여러분 효도합시다
가끔은 아이러브유
사랑한다 말합시다
나 하나 보면서 살아온 당신
늦기 전에 효도합시다
여러분 여러분 효도합시다
가끔은 아이러브유
사랑한다 말합시다
나 하나 보면서 살아온 당신
늦기 전에 효도합시다
계절이 지나면 돌아오지만
당신의 세월은 멀어져가네
당신과 매일이 이별하는 날
이제라도 잘해야지 다짐합니다
여러분 여러분 효도합시다
사는 게 바빠도 전화 한 통 드립시다
나 하나 보면서 살아온 당신
늦기 전에 효도합시다
여러분 여러분 효도합시다
가끔은 아이러브유
사랑한다 말합시다
나 하나 보면서 살아온 당신
늦기 전에 효도합시다
계절이 지나면 돌아오지만
당신의 세월은 멀어져가네
당신과 매일이 이별하는 날
이제라도 잘해야지 다짐합니다
여러분 여러분 효도합시다
그동안 고맙다 감사하다 말합시다
자신보다 날 먼저 지켜준 당신
미안해요 사랑합니다
여러분 여러분 효도합시다
가끔은 아이러브유
사랑한다 말합시다
나 하나 보면서 살아온 당신
늦기 전에 효도합시다
늦기 전에
여러분
여러분
우리 모두 효도합시다"
동전 인생,110,김수찬,"바람 바람 끝자락
매달려 흘러간 청춘
돈이건만 값어치 약한
동전 같았던 내 과거
그 누가 알까
자존심을 내 목숨보다 더 사랑한
지난날 아픔 속에는
눈물방울 삼키며 오늘을 위하여
추억 밟고 나 여기 왔다
다시는 울지 않으리
바람 바람 끝자락
매달려 흘러간 청춘
돈이건만 값어치 약한
동전 같았던 내 설움
그 누가 알까
자존심을 내 목숨보다 더 사랑한
지난날 아픔 속에는
눈물방울 삼키며 오늘을 위하여
모진 세월 나 여기 왔다
인생은 이제부터야
눈물방울 삼키며 오늘을 위하여
모진 세월 나 여기 왔다
인생은 지금부터야
인생은 지금부터야
내 인생은 지금부터야"
황금꿩꿩,56,황민우,"내 인생에 단 한 번만 찾아온 시간
저 높이 날아올라 나에게 왔네

누구나 한번쯤은 생각하겠지
이게 나에 운명이였나

나도 한번 잘 살아보자
황홀한 금빛 인생

마지막 한번의 인생이라면
후회 없는 그런 인생 살다 가련다

꿩꿩 날아보자 지금부터 나만을 위한 인생
그 누가 뭐라하랴

날아보자 지금부터 나만을 위한 인생
후회 없이 날아가자

우리 한번 잘 살아보세
황홀한 금빛 인생

나 또한 마지막 인생이라면
후회 없는 나의 인생 가져가련다

꿩꿩 날아보자 지금부터 나만을 위한 인생
그 누가 뭐라하랴

날아보자 지금부터 나만을 위한 인생
후회 없이 날아가자

꿩꿩 날아보자 지금부터 나만을 위한 인생
그 누가 뭐라하랴

날아보자 지금부터 나만을 위한 인생
후회 없이 날아가자"
바람에 실려,359,하남석,"하늘을 나는 새들
푸른 저하늘 위에서
꿈따라 바람따라 날아서
희망을 찾아 가네
바람따라 떠나리 저 먼곳에
고향떠난 철새처럼
그리워 못 잊어 떠나면
사랑하는 내님 날 반기리
바람따라 떠나리 저먼곳에
고향떠난 철새처럼
그리워 못 잊어 떠나면
사랑하는 내님 날 반기리

바람따라 떠나리 저 먼곳에
고향떠난 철새처럼
그리워 못 잊어 떠나면
사랑하는 내님 날 반기리
사랑하는 내님 날 반기리"
막걸리 한잔,"4,776",이찬원,"온동네 소문 났던
천덕꾸러기
막내아들 장가 가던 날
앓던 이가 빠졌다며 덩실더덩실
춤을 추던 우리 아버지
아버지 우리 아들
많이 컸지요
인물은 그래도 내가 낫지요
고사리 손으로 따라주는
막걸리 한잔
아버지 생각나네
황소처럼 일만 하셔도
살림살이는 마냥 그 자리
우리 엄마 고생시키는
아버지 원망했어요
아빠처럼 살긴 싫다며
가슴에 대못을 박던
못난 아들을 달래주시며
따라주던 막걸리 한잔
따라주던 막걸리 한잔
황소처럼 일만 하셔도
살림살이는 마냥 그 자리
우리 엄마 고생시키는
아버지 원망했어요
아빠처럼 살긴 싫다며
가슴에 대못을 박던
못난 아들을 달래주시며
따라주던 막걸리 한잔
따라주던 막걸리 한잔"
나이테 사랑,89,김나희,"그대 내게 온날 그날부터
인연이라는 그 점을 찍고서
그대에게 향한 나의 사랑은
한바퀴 또 한바퀴야
얼마나 빙글빙글 돌았나
난 몰라 모르겠어요
사는 날까지 그대 가슴에
사랑 다 채울 수 있나
꽃보다 진한 향기에 취해
그대 그린 사랑을 따라
나이테 사랑 그려봅니다
빙빙 도는 나이테 사랑

그대 내게 온날 그날부터
인연이라는 그 점을 찍고서
그대에게 향한 나의 사랑은
한바퀴 또 한바퀴야
얼마나 빙글빙글 돌았나
난 몰라 모르겠어요
사는 날까지 그대 가슴에
사랑 다 채울 수 있나
꽃보다 진한 향기에 취해
그대 그린 사랑을 따라
나이테 사랑 그려봅니다
빙빙 도는 나이테 사랑

꽃보다 진한 향기에 취해
그대 그린 사랑을 따라
나이테 사랑 그려봅니다
빙빙 도는 나이테 사랑
빙빙 도는 나이테 사랑"
정의 마음,142,조용필,"흘러가는 저 구름은
정의 마음 일까요

지나가는 저 바람도
정의 마음 일까요
우연한 만남속에
가슴엔 꽃 피었고
짧았던 순간들을
슬픔으로 노래하네

쓴 웃음 지우며
별을 보고 한숨을
돌아서는 모습에
주저앉아 눈물을
불러본다 외쳐본다
그냥 그렇게
이별의 인사도 못한채
그냥 그렇게

저 하늘에 저 달빛은
정의 마음 일까요
파도치는 저 물결도
정의 마음 일까요
너와 나 만남속에
사랑은 꽃 피었고
뜨거운 입김으로
슬픔을 노래하네

쓴 웃음 지우며
별을 보고 한숨을
돌아서는 모습에
주저앉아 눈물을
불러본다 외쳐본다
그냥 그렇게
이별의 인사도 못한채
그냥 그렇게"
초연,432,김연숙,"먼 산 부엉이
밤새워 울어대고
앞내 물소리
가슴을 적실때
나는 사랑이
무언줄 알았네
그러나 당신은
나를두고 어딜갔나
아 아 그대를 기다리네
돌아와요 내게 돌아와요
기다리는 내 사랑

나는 사랑이
무언줄 알았네
그러나 당신은
나를두고 어딜갔나
아 아 그대를 기다리네
돌아와요 내게 돌아와요
기다리는 내 사랑"
겨울장미,157,심수봉,"철이 없어 그땐 몰랐어요
그 눈길이 무얼 말하는지
바람불면 그대 잊지못해
조용히 창문을 열면서 나는 기다려요
겨울에 피는 흰장미여
아직도 나를 기다리나
감춰진 마음보고싶어
햇살을 향해 피었는가
사랑의 말 내게 들려줘요
그리움이 나를 반기도록
바람불면 그대 잊지못해
조용히 창문을 열면서 나는 기다려요
겨울에 피는 흰장미여
아직도 나를 기다리나
감춰진 마음 보고싶어
햇살을 향해 피었는가
사랑의 말 내게 들려줘요
그리움이 나를 반기도록
바람불면 그대 잊지못해
조용히 창문을 열면서 나는 기다려요"
그여인,210,박강성,"꽃이 필땐 몰랐었던
그 여인의 사랑은
낙엽지는 가을밤에
그제야 난 알았네
추억속에 묻혀버린
그 여인의 사랑을
외로운 밤 지새우며
그제야 난알았네
철없던 시절이었지만
아아 사랑한 여인
바람에 날리는 낙엽처럼
아아 떠나간 여인
그 여인의 깊은 사랑을
못잊어 못잊어
철없던 시절이었지만
아아 사랑한 여인
바람에 날리는 낙엽처럼
아아 떠나간 여인
그 여인의 깊은 사랑을
못잊어 못잊어"
길 위에서 (드라마 '가족끼리 왜 이래' 삽입 곡),"2,021",최백호,"긴 꿈이였을까
저 아득한 세월이
거친 바람속을
참 오래도 걸었네
긴 꿈이였다면
덧없게도 잊힐까
대답없는 길을
나 외롭게 걸어왔네
푸른잎들 덮고
새들노래를 하던
뜰의 옷에 견딜
어여쁜 시간은 지나고
고마웠어요
스쳐간 그 인연들
아름다웠던 추억에
웃으며 인사를 해야지
아직 나에게
시간이 남았다면
이 밤 외로운
술잔을 가득히 채우리
푸른하늘 위로
옷은 날아오르고
꽃잎보다 붉던
내 젊은 시간은 지나고
기억할게요
다정한 그 얼굴들
나를 떠나는 시간과
조용히 악수를 해야지
떠나가야할
시간이 되었다면
이 밤 마지막
술잔에 입술을 맞추리
긴꿈이였을까
어디만큼 왔는지
문을 열고 서니
찬 바람만 스쳐가네
바람만 스쳐가네"
사랑아 내 사랑아,360,염수연,"사랑아 내 사랑아
나를 두고 어딜 갔나
밤이면 밤마다 그리워서
벼갯잎이 다 젖는단다
목련꽃도 언젠가는 시들겠네
향기도 지워지겠네
사랑아 내 사랑아
세월은 자꾸 가는데
지는 꽃도 내 마음 알고 있겠지
당신 맘을 기다리는 듯
사랑아 내 사랑아
나를 두고 어딜 갔나
밤이면 밤마다 그리워서
벼갯잎이 다 젖는단다
싸리꽃도 언젠가는 시들겠네
향기도 날아가겠네
사랑아 내 사랑아
청춘은 자꾸 가는데
부엉이도 나처럼 울고 있구나
떠난 님이 그리워서
사랑아"
첫사랑,283,민수현,"그리워 그리워 그립습니다
첫사랑 그 여인이
바라만 봐도 생각만 해도
설레이던 그 사람이
나에겐 첫사랑 첫사랑 여인
당신을 잊을 수 있나
세월아 세월아 청춘아
잠시 잠시 쉬어 가자
사나이 이 눈물은
너는 너는 모른다
그리워 그리워 그립습니다
첫사랑 그 여인이
바라만 봐도 생각만 해도
설레이던 그 사람이
나에겐 첫사랑 첫사랑 여인
내 어이 잊을 수 있나
세월아 세월아 청춘아
내 갈 길을 막지 마라
사랑의 이 눈물은
너는 너는 모른다
세월아 세월아 청춘아
잠시 잠시 쉬어 가자
사나이 이 눈물은
너는 너는 모른다
사나이 이 가슴을
너는 너는 모른다"
여여 (如如),"5,066",이찬원,"돌아보면 아쉬운 듯
살아가야지
살면은 그 얼마나
오래 산다고
일일 희비 아등바둥
그 세월 속에
오늘도 우리 인생
분주로구나
가진 사람
못 가진 사람
애당초 무엇하나 달랐더냐
있으면 있는 대로
없으면 없는 대로
살아가야지
좋으면 좋은 대로
싫으면 싫은 대로
우리 인생 여여지
오늘은 오늘이라
좋은 날이고
내일은 내일이라
좋은 날일세
마음속에 무거운 짐
던져 버리고
오늘도 웃음으로 살아나 보세
가진 사람
못 가진 사람
애당초 무엇하나 달랐더냐
있으면 있는 대로
없으면 없는 대로
살아가야지
좋으면 좋은 대로
싫으면 싫은 대로
우리 인생 여여지
좋으면 좋은 대로
싫으면 싫은 대로
우리 인생 여여지"
인생,"2,672",장민호,"운명이 나를 안고 살았나
내가 운명을 안고 살았나
굽이굽이 살아온 자욱마다
가시밭길 살아운 내 인생
다시 가라 하면 나는 못가네
마디마디 서러워서 나는 못가네
지는 해에 실려버린 내 사랑아
바람처럼 사라져간 내 인생아
아- 사랑이여 눈물이여
묻어버린 내 청춘이여
사랑은 다시 오라 나를 부르고
인생은 눈물 되어 나를 떠미네
다시 가라 하면 나는 못가네
마디마디 서러워서 나는 못가네
지는 해에 실려버린 내 사랑아
바람처럼 사라져간 내 인생아
아- 사랑이여 눈물이여
묻어버린 내 청춘이여
사랑은 다시 오라 나를 부르고
인생은 눈물 되어 나를 떠미네"
그대 앞에서,229,조항조,"이 넓은 세상 많은 사람 중에
운명이 허락한 사랑
그대 사랑이 되어 항상 기댈 수 있는
사람이라면 행복이겠지
내가 다시 태어나 그대만을 선택한
사람임을 알았나요
그대라고 부르는 낯선 이름 하나에
나는 또 울고 웃지요
그대 내 인생에 어떤 모습으로
내 마지막 곁에 서있을 건가요
난 세월에 옷을 껴입을 때마다
조금씩 약해지기에
하루를 살아도 처음 그모습으로
그대 앞에 난 서있을 게요
내가 다시 태어나 그대만을 선택한
사람임을 알았나요
그대라고 부르는 낯선 이름 하나에
나는 또 울고 웃지요
그대 내 인생에 어떤 모습으로
내 마지막 곁에 서있을 건가요
난 세월에 옷을 껴입을 때마다
조금씩 약해지기에
하루를 살아도 처음 그모습으로
그대 앞에 난 서있을 게요
하루를 살아도 처음 그모습으로
그대 앞에 난 서있을 게요"
너를 사랑하고도,"5,772",이찬원,"너를 사랑하고도 늘 외로운 나는
가눌 수 없는 슬픔에 목이 메이고
어두운 방구석에 꼬마인형처럼
멍한 눈 들어 창밖을 바라만 보네
너를 처음 보았던 그 느낌 그대로
내 가슴속에 머물길 원했었지만
서로 다른 사랑을 꿈꾸었었기에
난 너의 마음 가까이 갈수 없었네
저 산 하늘 노을은 항상 나의 창에
붉은 입술을 부딪쳐서 검게 멍들고
멀어지는 그대와 나의 슬픈 사랑은
초라한 모습 감추며 돌아서는데
이젠 더 이상 슬픔은 없어
너의 마음을 이제 난 알아
사랑했다는 그 말 난 싫어
마지막까지 웃음을 보여줘
저 산 하늘 노을은 항상 나의 창에
붉은 입술을 부딪쳐서 검게 멍들고
멀어지는 그대와 나의 슬픈 사랑은
초라한 모습 감추며 돌아서는데
이젠 더 이상 슬픔은 없어
너의 마음을 이제 난 알아
사랑했다는 그 말 난 싫어
마지막까지 웃음을 보여줘
이젠 더 이상 슬픔은 없어
너의 마음을 이제 난 알아
사랑했다는 그 말 난 싫어
마지막까지 웃음을 보여줘"
내 마음속 최고,"4,725",정동원,"누가 뭐라 해도 최고 최고
내 마음속에 최고
세상만사 다 제쳐두고
어디든 부르면 달려갈 거야
이 세상에 하나뿐인 그대
내 마음속에 저장
언제나 그댄 내 마음속 최고야
좋은 날 제일 먼저 생각나는 사람
맛있는 거 먹을 때 떠오르는 그 사람
만약에 그대가 없었더라면
난 어떻게 살았을까
그대가 있어서 참 다행이야
온 세상이 그대 향기로 가득 차고
나도 따라 덩실덩실 춤을 추고
언제나 그대는 영원한 기쁨이야
지금도 난 그댈 생각해
누가 뭐라 해도 최고 최고
내 마음속에 최고
세상만사 다 제쳐두고
어디든 부르면 달려갈 거야
이 세상에 하나뿐인 그대
내 마음속에 저장
언제나 그댄 내 마음속 최고야
눈 뜨면 제일 먼저 생각나는 사람
내 눈앞에 없으면 걱정되는 한 사람
언제나 내 곁에 있어 준다면
난 뭐든지 할 수 있어
그대가 있어서 참 고마워요
온 세상이 그대 향기로 가득 차고
나도 따라 덩실덩실 춤을 추고
언제나 그대는 영원한 기쁨이야
지금도 난 그댈 생각해
누가 뭐라 해도 최고 최고
내 마음속에 최고
세상만사 다 제쳐두고
어디든 부르면 달려갈 거야
이 세상에 하나뿐인 그대
내 마음속에 저장
언제나 그댄 내 마음속 최고야
누가 뭐라 해도 최고 최고
내 마음속에 최고
세상만사 다 제쳐두고
어디든 부르면 달려갈 거야
이 세상에 하나뿐인 그대
내 마음속에 저장
언제나 그댄 내 마음속 최고야
언제나 그댄 내 마음속 최고야"
라일락 꽃,758,안성훈,"눈부시던 지난 날 그 세월
너무 아름답던 당신의 그 얼굴
따스한 봄날의 기억들
그때 그 시절은 다 어디로 갔나
아아 라일락 꽃 필 때면
아아 봄바람 불어올 때면
추억이 비가 되어 흘러내리네
그날 그때가 난 그리워지네
바람처럼 스쳐간 그 시절
이젠 어디에도 불어오지 않아
따스한 봄날의 기억들
그때 그 시절은 다 어디로 갔나
아아 라일락 꽃 필 때면
아아 봄바람 불어올 때면
추억이 비가 되어 흘러내리네
그날 그때가 난 그리워지네
그날 그때가 난 그리워지네"
오너라 이리,213,요요미,"이리 오너라 이리 오너라 이리
나만을 사랑한댔지 세상엔 나뿐이랬지
평생을 나만 본댔지 내 곁을 지켜준댔지
날 위해 목숨 걸고서 새끼손가락 걸고서
내게로 와준 당신이 최고로 멋진 남자야
바늘 가는 길을 따라가는 실이
나와 그대여야 해
나는 그대님이 그댄 나의 님이
되는 걸로 약속해
오너라 이리 너 사랑하시면 이리 너
그러시면 이리 너 오늘 밤 이리 너
오너라 이리 날 꿈꾸시는 이리 너
날 홀리는 이리 너 날 부시는 이리 너
오너라 이리 오너라 이리
이리 오너라 이리
용기가 눈에 가득 배려가 품에 가득
듬직해 푸근해야 돼 나 하나뿐이어야 돼
그렇게 해준 당신이 최고로 멋진 남자야
바늘 가는 길을 따라가는 실이
나와 그대여야 해
나는 그대님이 그댄 나의 님이
되는 걸로 약속해
오너라 이리 너 사랑하시면 이리 너
그러시면 이리 너 오늘 밤 이리 너
오너라 이리 날 꿈꾸시는 이리 너
날 홀리는 이리 너 날 부시는 이리 너
오너라 이리 오너라 이리
이리 오너라 이리
이리 이리 이리"
내가 바보야,192,나상도,"내가 바보야
내가 바보야
잡지못한 내가 바보야
눈시울을 적시면서
그님에게 안녕하며
작별의 인사하고
이제와서 후회하며
울줄이야
가지말라 잡아볼걸
사랑한다 말해볼걸
이제와서 무슨 소용이야
내가 바보야
내가 바보야
잡지못한 내가 바보야
눈시울을 적시면서
떠나가는 당신에게
작별의 인사하고
이제와서 후회하며
올줄이야
뒤돌아 가는 당신
가지말라 잡아볼걸
이제와서 후회 할 줄이야
내가 바보야
내가 바보야
잡지못한 내가 바보야
잡지못한 내가 바보야"
사내,122,나상도,"큰 소리로 울면서 이 세상에 태어나
가진 것은 없어도 비굴하진 않았다
때론 사랑에 빠져 비틀댄 적 있지만
입술 한 번 깨물고 사내답게 웃었다
긴가민가하면서 조마조마하면서
설마설마하면서 부대끼며 살아온
이 세상을 믿었다 나는 나를 믿었다
추억 묻은 친구야 물론 너도 믿었다
한 때 철없던 시절 방황한적 있지만
소주 한잔 마시고 사내답게 잊었다
긴가민가하면서 조마조마하면서
설마설마하면서 부대끼며 살아온
이 세상을 믿었다 나는 나를 믿었다
추억 묻은 친구야 물론 너도 믿었다
미련 같은 건 없다 후회 역시도 없다
사내답게 살다가 사내답게 갈 거다
사내답게 갈 거다"
떴다 떴어(It's on),151,영기,"떴다 떴어 됐다 됐어
떴다 됐다 지금부터 시작이야
진짜가 왔다 가짜는 가라
지금부터 달려가 보자
아아아아 아니 날아가보자
오늘 밤엔 달이 뜨고-(뜨고뜨고)
낼 아침엔 해가 뜨고-(뜨고뜨고)
이 자리엔 내가 떴다-(야야야야)
나를 보면 가슴 콩닥-(콩닥콩닥)
너를 보며 미소 방긋-(방긋방긋)
걱정 근심 이젠 없다
떴다 떴어 됐다 됐어
떴다 됐다 지금부터 시작이야
진짜가 왔다 가짜는 가라
지금부터 달려가 보자
아아아아 아니 날아가보자
바람 따라 구름 따라-(따라따라)
동해 번쩍 서해 번쩍-(번쩍번쩍)
전국 팔도 내가 떴다-(야야야야)
나를 보면 가슴 두근-(두근두근)
너를 보며 윙크 찡긋-(찡긋찡긋)
걱정 근심 이젠 없다
떴다 떴어 됐다 됐어
떴다 됐다 지금부터 시작이야
진짜가 왔다 가짜는 가라
지금부터 달려가 보자
아아아아 아니 날아가보자
떴다 떴어 됐다 됐어
떴다 됐다 지금부터 시작이야
진짜가 왔다 가짜는 가라
지금부터 달려가 보자
아아아아 아니 날아가보자"
사랑은 달달하게,62,현숙,"뭉클뭉클 대는 사랑 있고
울렁 울렁 울렁 대는 사랑 있고
내 마음에 짠 내 눈길에 짠
니 가 있어 나는 좋아
오~ 마이 갓 내 청춘에 불을 댕긴
오땡큐 니가 있어 가슴 뛴다
레몬처럼 새콤하게 나를 유혹 하네
체리처럼 빨갛게 사랑은 달달 하게
오~ 마이 갓 내 청춘에 불을 댕긴
오땡큐 사랑은 달달 하게
뭉클뭉클 대는 사랑 있고
울렁 울렁 울렁 대는 사랑 있고
내 마음에 짠 내 눈길에 짠
니 가 있어 나는 좋아
오~ 마이 갓 내 청춘에 불을 댕긴
오땡큐 니가 있어 가슴 뛴다
레몬처럼 새콤하게 나를 유혹 하네
체리처럼 빨갛게 사랑은 달달 하게
오~ 마이 갓 내 청춘에 불을 댕긴
오땡큐 사랑은 달달 하게
레몬처럼 새콤하게 나를 유혹 하네
체리처럼 빨갛게 사랑은 달달 하게
오~ 마이 갓 내 청춘에 불을 댕긴
오땡큐 사랑은 달달 하게
오~ 마이 갓 내 청춘에 불을 댕긴
오땡큐 사랑은 달달 하게"
최고다 당신,609,안성훈,"당신이 최고랍니다
남자는 남자는요
너무나도 바보랍니다
당신이 없으면
당신이 없으면
아무 것도 못한답니다
좋아하냐고
물어보지 마세요
쑥스러워 말 못 합니다
잘나고 못나고
있고 없고
사랑하면 그만이지
첫 번째도 당신
두 번째도 당신
아아
나에게는 당신 뿐이랍니다
당신이 최고랍니다
여자는 여자는요
너무나도 바보랍니다
사랑한다고 말 안해주면
아무 것도 모른답니다
좋아하냐고
물어보지 마세요
부끄러워 말 못 합니다
잘나고 못나고
있고 없고
중요하지 않아요
첫 번째도 당신
두 번째도 당신
아아
나에게는 당신이 최고랍니다
당신이 최고랍니다
최고다 당신"
가버린 사랑,248,민수현,"백년해로 맺은 언약
마음속에 새겼거늘
무정할사 그대로다
나를 두고 어디 갔나
그대 이왕 가려거든
정마저 가져가야지
정을 두고 몸만 가니
남은 이 몸 어이 하리
백년해로 맺은 언약
마음속에 새겼거늘
무정할사 그대로다
나를 두고 어디 갔나
그대 이왕 가려거든
정마저 가져가야지
남은 이 몸 생각 말고
만수무강 하옵소서"
이력서,463,최수호,"세월아 세월아
걸음을 재촉 마라
하도 빨리가서
원망도 못했는데
왜 자꾸자꾸
등 뒤에서 나를 떠미나
말도 많고 탈도 많은
세상사라서
죽자 살자 욕심 많아
그 까짓 거 돈 모아도
둘러메고 짊어지고
갈 것도 아닐 텐데
훨 훨 훨
모두 털고
한 세상을 보냈더니
내 인생의 이력서
이것뿐이요
공연히 한 세상을
헤매었구나

세월아 세월아
걸음을 재촉 마라
하도 빨리 가서
원망도 못했는데
왜 자꾸자꾸
등 뒤에서 나를 떠미나
말도 많고 탈도 많은
세상사라서
죽자 살자 욕심 많아
그까짓 것 돈 모아도
둘러메고 짊어지고
갈 것도 아닐 텐데
훨 훨 훨
모두 털고
한 세상을 보냈더니
내 인생의 이력서
이것 뿐이요
공연히 한 세상을
헤매 였구나"
즐거운 인생,96,나상도,"천년을 살 것처럼
만년을 살 것처럼
옥신각신 전전반측
살아가는 우리네 인생
내 맘이 가는 대로
느낌이 오는 대로
멋지게 살아나 보자
어제 아니면 오늘이겠지
오늘 아니면 내일이겠지
아아아아아 우리네 인생
즐거운 인생

천년을 살 것처럼
만년을 살 것처럼
옥신각신 전전반측
살아가는 우리네 인생
내 맘이 가는 대로
느낌이 오는 대로
멋지게 살아나 보자
어제 아니면 오늘이겠지
오늘 아니면 내일이겠지
아아아아아 우리네 인생
즐거운 인생
아아아아아 우리네 인생
즐거운 인생"
카멜레온,451,박영규,"가까이 다가와 향기만 주고서
차갑게 변해버린
사랑의 카멜레온
설익은 가슴을 가슴을 젖여놓고
떠나가는 카멜레온
카멜레온 카멜레온 나의 사랑
사랑의 카멜레온
카멜레온 카멜레온 나의 사랑
사랑의 방랑자여

가까이 다가와 사랑만 주고서
차갑게 떠나버린
이별의 카멜레온
설익은 사랑을 사랑을 꺽어놓고
떠나가는 카멜레온
카멜레온 카멜레온 나의 사랑
사랑의 카멜레온
카멜레온 카멜레온 나의 사랑
이별의 방랑자여
카멜레온 카멜레온 나의 사랑
사랑의 카멜레온
카멜레온 카멜레온 나의 사랑
사랑의 방랑자여"
잠깐,"4,700",이찬원,"돌아서서 떠나갈 때 가더라도
잠깐 묻고 싶은 말이 있어요
왜 가는지 왜 가는지
떠나가는 이유라도 들어봅시다
사랑은 농담처럼
장난으로 생각하나요
웃는 내가 바보지
웃는 내가 바보야
웃는 내가 어리석지
도망치듯 달아나듯 가는 그대
잠깐 그럴 수가 있나요
가더라도 가더라도
마지막 술잔이나 비우고 가소
속 다르고 겉 달랐던
사랑한다 그 말을
믿은 내가 바보지
믿은 내가 바보야
믿은 내가 어리석지
잠깐"
Whisky On the Rock (Cover Ver.),22,여정인,"그날은 생일이었어 지나고 보니
나이를 먹는다는것 나쁜 것만은 아니야
세월의 멋은 흉내낼 수 없잖아
멋있게 늙는 건 더욱 더 어려워
비오는 그날 저녁 Cafe에 있었다
겨울 초입의 스웨터
창가에 검은 도둑고양이
감당 못하는 서늘한 밤의 고독
그렇게 세월은 가고 있었다
아름다운 것도 즐겁다는 것도
모두다 욕심일 뿐
다만 혼자서 살아가는 게
두려워서 하는 얘기
얼음에 채워진 꿈들이
서서히 녹아 가고 있네
혀끝을 감도는
whisky on the rock
모르는 여인의 눈길
마주친 시선의 이끌림
젖어 있는 눈웃음에
흐트러진 옷사이로
눈이 쫓았다 내 맘 나도 모르게
차가운 얼음으로 식혀야 했다
아름다운 것도 즐겁다는 것도
모두다 욕심일 뿐
다만 혼자서 살아가는 게
두려워서 하는 얘기
얼음에 채워진 꿈들이
서서히 녹아 가고 있네
혀끝을 감도는
whisky on the rock
아름다운 것도 즐겁다는 것도
모두다 욕심일 뿐
다만 혼자서 살아가는 게
두려워서 하는 얘기
얼음에 채워진 꿈들이
서서히 녹아 가고 있네
혀끝을 감도는
whisky on the rock"
안녕,93,배호,"후회하지 않아요
울지도 않아요
당신이 먼저 가버린뒤
나혼자 외로워지면
그때 빗속에 젖어
서글픈 가로등 밑을
돌아서며 남몰래
흐느껴울 안녕

후회하지 말아요
울지도 말아요
세월이 흘러 가버린뒤
못잊어 생각이 나면
그때 빗속에 젖어
서글픈 가로등 밑을
찾아와서 다시 또
흐느껴울 안녕 -"
너는 내 남자,504,한혜진,"꽉 낀 청바지 갈아입고
거리에 나섰다
오늘 따라 보고 싶어
너무나 보고 싶어
그 카페를 찾아갔지만
너의 모습은 보이지 않았어
너를 의식 못한 내 방식 대로
사랑한 탓으로 왠지 너를
놓칠 것 같은 예감 때문에
돌아오는 길이 난 무척 힘들었어
내가 미워도 한 눈 팔지 마
너는 내 남자
그래도 언제나 너는 내 남자
다시 한 번 마음 돌려
내게로 돌아와
오늘 따라 보고 싶어
너무나 보고 싶어
그 카페를 찾아갔지만
너의 모습은 보이지 않았어
너를 이해 못한 내 방식 대로
사랑한 탓으로 왠지 너를
놓칠 것 같은 예감 때문에
돌아오는 길이 난 무척 힘들었어
내가 미워도 한 눈 팔지 마
너는 내 남자 그래도
언제나 너는 내 남자
너를 의식 못한 내 방식대로
사랑한 탓으로 왠지 너를
놓칠 것 같은 예감 때문에
돌아오는 길이 난 무척 힘들었어
내가 미워도 한 눈 팔지 마
너는 내 남자
그래도 언제나 너는 내 남자"
추억의 소야곡,176,배호,"다시 한번 그 얼굴이 보고싶어라
몸부림 치며 울며 떠난 사람아
저 달이 밝혀주는 이 창가에서
이 밤도 너를 찾는 이 밤도
너를 찾는 노래 부른다
바람결에 너의 소식 전해 들으면
행복을 비는 마음 애달프구나
불러도 대답 없는 흘러간 사랑
차라리 잊으리라
차라리 잊으리라 맹세 슬프다"
니가 왜 울어,898,진해성,"아 아 아 아 이별의 차표
이미 끊어 놓은사람
가랑가랑 맺힌눈물
사랑장난 다쳐놓고
울기는 니가 왜 울어
다시 올 사람이면 언젠가는 오겠지
아니 올 사람이면 어차피 안올거야
눈물도없이 인사도없이
그냥 갔다가
운명이 다시 내곁으로 가라하면은
모른척 와 다오 모든걸 털어버리고
털털 털어 버리고
아 아 아 아 이별의 차표
이미 끊어 놓은사람
사뿐사뿐 가벼운걸음
돌아온다 말해놓고
가기도 잘도 가는데
다시 올 사람이면 언젠가는 오겠지
아니 올 사람이면 어차피 안올거야
눈물도없이 인사도없이
그냥 갔다가
운명이 다시 내곁으로 가라하면은
모른척 와 다오 모든걸 털어버리고
털털 털어 버리고
털털 털어 버리고"
몰랐네,716,우연이,"언제까지나 이렇게 참아야하는지
사랑한 사람을 곁에두지 못하고
먼발치에서 바라보며 살아온
여자의 슬픈 이야기
차라리 우리 만나지말껄 못본채
지나쳐 버릴껄
이것이 나에 운명이 될줄 몰랐네
정말 몰랐네
사랑한 것도 죄가 될줄은 몰랐네
정말 몰랐네
수많은 밤을 이렇게 참아야 하는지
사랑한 이마음 전하지도 못하고
먼발치에서 기다리며 살아온
남자의 슬픈 이야기
차라리 우리 만나지말껄 못본채
지나쳐 버릴껄
이것이 나에 운명이 될줄 몰랐네
정말 몰랐네
사랑한 것도 죄가 될줄은 몰랐네
정말 몰랐네
사랑한 것도 죄가 될줄은 몰랐네
정말 몰랐네"
우지마라 (트로트),"1,256",김양,"우지마라 우지마라
사랑이란 다 그런거다
저마다 아픈 사연 가슴에 묻고 살지
미련일랑 남기지 말어라
정해진 운명이야 팔자라 거니
달려라 외길인생 후회는 없다
가지 많은 나무에 바람 잘 날 없구나
우지마라 우지를 말어라
묻지마라 묻지마라
인생이란 다 그런거다
가다가 힘이 들면 한번쯤 쉬어가지
미련일랑 남기지 말어라
정해진 운명이야 팔자라 거니
달려라 외길인생 후회는 없다
가지 많은 나무에 바람 잘 날 없구나
묻지마라 묻지를 말어라
정해진 운명이야 팔자라 거니
달려라 외길인생 후회는 없다
가지 많은 나무에 바람 잘 날 없구나
우지마라 우지를 말어라
우지마라 우지를 말어라"
님 그리워,144,나훈아,"물어물어 찾아왔소
그님이 계시는곳
차거운 밤바람은 몰아치는데
그님은 보이지 않네
저달 보고 물어본다
님계신 곳을
울며불며 찾아봐도
그님은 간곳이 없네
물어물어 찾아왔소
그님이 계시는곳
차거운 밤바람도 멀어지는데
그님은 오시지 않네
저별 보고 물어본다
님계신 곳을
울며불며 찾아봐도
그님은 간곳이 없네"
머나먼 고향,135,나훈아,"머나먼 남쪽 하늘 아래 그리운 고향
사랑하는 부모 형제 이 몸을 기다려
천리타향 낯선 거리 헤매는 발길
한잔 술에 설움을 타서 마셔도
마음은 고향 하늘을 달려갑니다
천리타향 낯선 거리 헤매는 발길
한잔 술에 설움을 타서 마셔도
마음은 고향 하늘을 달려갑니다"
다듬이,152,손빈아,"겨울밤 창살넘어로
어머님의 다듬이 소리
한숨소리가 담장을 넘어
긴긴밤을 어이할꺼나
세상살이 고달퍼도
시집살이보다야
대추나무 방망이는
온방을 울리고
장독대에 숨어울던
그 세월이 그 얼마더냐
어머님의 다듬이 소리
수수대 걸려있는
처머밑에 바람이 울고
부엉이소리가 온산을 깨우고
긴긴밤을 어이할꺼나
세상살이 고달퍼도
시집살이보다야
대추나무 방망이로
온방을 울리고
장독대에 숨어울던
그 세월이 그얼마더냐
어머님의 다듬이 소리
세상살이 고달퍼도
시집살이보다야
대추나무 방망이로
온방을 울리고
장독대에 숨어울던
그 세월이 그얼마더냐
어머님의 다듬이 소리"
고목나무,74,장욱조,"저산마루 깊은밤 산새들도 잠들고
우뚝선고목이 달빛아래 외롭네
옛사람 간곳없다 올일도 없지마는
만날날 기다리며 오늘이 또간다
가고 또가면 기다린 그날이
오늘일것 같구나
저산마루 깊은밤 산새들도 잠들고
우뚝선고목이 달빛아래 외롭네."
SUNNY,"31,627",임영웅,"Sunny
Yesterday my life
was filled with rain
Sunny
You smiled at me
And really eased the pain
The dark days are gone
And the bright days are here
My Sunny one shines so sincere
Sunny
One so true I love you
Sunny
Thank you for the sunshine bouquet
Sunny
Thank you for the love
you brought my way
You gave to me
your all and all
Now I feel ten feet tall
Sunny
One so true I love you
Sunny
Thank you for the truth
you let me see
Sunny
Thank you for the facts
from A to Z
My life was torn like
a windblown sand
And the rock was formed
when you held my hand
Sunny
One so true I love you
오늘 신나게 춤추고 싶은분들
지금 바로 전화주세요
사랑의 콜센타
Sunny
Thank you for the smile
upon your face
Sunny
Thank you for the gleam
that shows its grace
You're my spark of nature's fire
You're my sweet complete desire
Sunny
One so true I love you
I love you
I love you
I love you"
흥부자,"20,810",임영웅,"흥부자 부자 흥부자가 왔어요
한번뿐인 인생길에 놀다갑시다
흥부자부자부자 우리가 흥부자
스트레스 쌓이면 병이 난데요
참는것도 한두번이지
친구만나 술도한잔
님과함께 여행가고
즐겁게 살아갑시다
흥부자 부자 흥부자가 왔어요
근심걱정 모두모두 날려버려요
흥부자 부자 흥부자가 왔어요
한번뿐인 인생길에 놀다갑시다
흥부자부자부자 우리가 흥부자
스트레스 쌓이면 병이 난데요
참는것도 한두번이지
친구만나 술도한잔
님과함께 여행가고
즐겁게 살아갑시다
흥부자 부자 흥부자가 왔어요
근심걱정 모두모두 날려버려요
흥부자 부자 흥부자가 왔어요
한번뿐인 인생길에 놀다갑시다
흥부자부자부자 우리가 흥부자
흥부자부자부자 우리가 흥부자"
옆집누나 EDM REMIX,232,파스텔걸스,"옆집 누나랍니다
얼굴도 마음씨도 착한
알고 보면 정도 많고
귀여운 여자랍니다
울적하다면 와요
집에 놀러 와요 라면 끓여줄게요
고민 있다면 와요
소주 한잔하며 뭐든지 다 들어줄게
날 보러 와요
보고 싶을 땐 날 보러 와요
누나가 생각날 땐 언제든
옆집 누나랍니다
얼굴도 마음씨도 착한
알고 보면 정도 많고
귀여운 여자랍니다
어디 아프면 와요
누나 손은 약손 내가 호 해줄게요
외로울 때면 와요
아무 때나 좋아 내가 곁에 있어줄게
오오 날 보러 와요
보고 싶을 땐 오오 날 보러 와요
누나가 생각날 땐 언제든
옆집 누나랍니다
얼굴도 마음씨도 착한
알고 보면 정도 많고
귀여운 여자랍니다
이쁜 누나랍니다
볼수록 매력 있는 여자
성격 하난 끝내주는
옆집 누나랍니다
다 주고 싶어 모두 주고 싶어
당신 향한 내 마음
나에게 와요 오늘 밤에 와요
내가 안아줄게요
착한 누나랍니다
영원히 변치 않을 여자
당신만을 사랑하는
당신의 여자랍니다
옆집 누나랍니다"
신라의 달밤,"1,241",진해성,"아 신라의 밤이여
불국사의 종소리 들리어온다
지나가는 나그네야
걸음을 멈추어라
고요한 달빛 어린
금오산 기슭에서
노래를 불러보자
신라의 밤 노래를
아 신라의 밤이여
화랑도의 추억이 새롭구나
푸른 강물 흐르건만
종소리는 끝이 없네
화려한 천년 사직
간 곳을 더듬으며
노래를 불러보자
신라의 밤 노래를"
꽃바람 여인,"6,243",영탁,"가슴이 터질 듯한
당신의 그 몸짓은
날 위한 사랑일까
섹시한 그대 모습
한 모금 담배연기
사랑을 그리며
한 잔의 샴페인에
영혼을 팔리라
세월에 향기인가
다가선 당신은
꽃바람 여인인가
나만의 사랑
사랑의 노예가
되어 버렸어
어쩔 수 없었네
꽃바람 여인
가슴이 터질 듯한
당신의 그 몸짓은
날 위한 사랑일까
섹시한 그대 모습
한 모금 담배연기
사랑을 그리며
한 잔의 샴페인에
영혼을 팔리라
세월에 향기인가
다가선 당신은
꽃바람 여인인가
나만의 사랑
사랑의 노예가
되어 버렸어
어쩔 수 없었네
꽃바람 여인
사랑의 노예가
되어 버렸어
어쩔 수 없었네
꽃바람 여인"
형 (兄),"7,904",영탁,"삶이란 시련과 같은 말이야
고개 좀 들고 어깨 펴 짜샤
형도 그랬단다 죽고 싶었지만
견뎌 보니 괜찮더라
맘껏 울어라 억지로 버텨라
내일은 내일의 해가 뜰테니
바람이 널 흔들고 소나기 널 적셔도
살아야 갚지 않겠니
더 울어라 젊은 인생아
져도 괜찮아 넘어지면 어때
살다 보면 살아가다 보면
웃고 떠들며 이 날을 넌 추억할 테니
세상에 혼자라 느낄테지
그 마음 형도 다 알아 짜샤
사람을 믿었고 사람을 잃어버린 자
어찌 나뿐이랴
맘껏 울어라 억지로 버텨라
내일은 내일의 해가 뜰 테니
더 울어라 젊은 인생아
져도 괜찮아 넘어지면 어때
살다 보면 살아가다 보면
웃고 떠들며 이 날을 넌 추억할 테니
세상이 널 뒤통수 쳐도
소주 한잔에 타서 털어버려
부딪히고 실컷 깨지면서 살면
그게 인생 다야 넌 멋진 놈이야"
울면서 후회하네,164,남승민,"순정을 다 바쳐서 믿었던 그 사람
사랑의 낙서만 남기고 떠나갔네
사랑이 이렇게도
괴로운 줄 왜 몰랐을까
빼앗긴 내 마음을
찾을 수도 없으면서
울면서 후회하네
아아 스쳐만 지나갈 걸
그냥 그대로 있을 걸
당신 앞에 머뭇거린 내가 미워서
울면서 후회하네
이 마음 다 바쳐서 믿었던 그 사람
사랑의 상처만 남기고 떠나갔네
슬픔이 이렇게도
아픈 것을 왜 몰랐던가
상처 난 내 마음을
달랠 수도 없으면서
울면서 후회하네
아아 차라리 스칠 것을
쳐다보지 말 것을
당신 앞에 서성거린 내가 미워서
울면서 후회하네
빼앗긴 내 마음을
찾을 수도 없으면서
울면서 후회하네
아아 스쳐만 지나갈 걸
그냥 그대로 있을 걸
당신 앞에 머뭇거린 내가 미워서
울면서 후회하네
울면서 후회하네"
매화,316,길병민,"갸름한 그 얼굴에
수줍은 미소지으며
이슬처럼 초롱한
눈동자에 여인 매화
나풀대는 긴머리결 내 볼을
간지럽힐때
사랑을 간직한채 그대앞에
꽃이 되고 싶어라
꺼지지않는 사랑의 불씨
그대가슴에 심어놓고
마르지않는 사랑의 샘에
목을 축이며 살아가리
여인아 여인아 나의 여인 매화
여인아 여인아 사랑한다 매화
나풀대는 긴머리결 내 볼을
간지럽힐때
사랑을 간직한채 그대앞에
꽃이 되고 싶어라
꺼지지않는 사랑의 불씨
그대가슴에 심어놓고
마르지않는 사랑의 샘에
목을 축이며 살아가리
여인아 여인아 나의 여인 매화
여인아 여인아 사랑한다 매화
사랑한다 매화"
와봐,39,서지오,"와봐 와봐 와봐 오늘 내게 와봐
너의 맘에 문을 열고 내게 와봐
와봐 와봐 와봐 오늘 내게 와봐
모르는 척 못이긴 척 내게 와봐
왜 너는 모르니 너만 바라보잖아
왜 나를 모르니 너만 사랑하잖아
쭈삣쭈삣 망설이지마
남자답게 내게 다가와
지금 내게 말을 해봐 사랑한다고
오늘은 내게 말해줘 너 아닌 다른사람 안된다고
지금 내게 어서 내게 말을 해봐
와봐 와봐 와봐 오늘 내게 와봐
너의 맘에 문을 열고 내게 와봐

와봐 와봐 와봐 오늘 내게 와봐
너의 맘에 문을 열고 내게 와봐
와봐 와봐 와봐 오늘 내게 와봐
모르는 척 못이긴 척 내게 와봐
왜 너는 모르니 너만 바라보잖아
왜 나를 모르니 너만 사랑하잖아
쭈삣쭈삣 망설이지마
남자답게 내게 다가와
지금 내게 말을 해봐 사랑한다고
오늘은 내게 말해줘 너 아닌 다른사람 안된다고
지금 내게 어서 내게 말을 해봐
와봐 와봐 와봐 오늘 내게 와봐
너의 맘에 문을 열고 내게 와봐
와봐 와봐 와봐 오늘 내게 와봐
모르는 척 못이긴 척 내게 와봐"
거문고야,268,민수현,"내 청춘이 못 가게
붙잡아보자

오동잎 떨어진 달 밝은 밤에
너하고 나하고
이 밤이 가지 못하게
붙잡아보자
뚱따리뚱땅 뚱따리뚱땅
거문고야
내 청춘이 못 가게
여섯줄을 퉁겨라

새파란 청춘 내 청춘을
어이 보내놓고
내가 너를 붙잡고 있으니
님이 생각난다
보고픈 내 님이
거문고야 여섯줄을 퉁겨라

달아나는 밤을 붙잡고
너를 붙잡고
뚱따리뚱땅 뚱따리뚱땅땅

오동잎 떨어진 달 밝은 밤에
너하고 나하고
이 밤이 못 가게
붙잡아보자

오동잎 떨어진 달 밝은 밤에
너하고 나하고
이 밤이 가지 못하게
붙잡아보자
뚱따리뚱땅 뚱따리뚱땅
거문고야
내 청춘이 못 가게
여섯줄을 퉁겨라

새파란 청춘 내 청춘을
어이 보내놓고
내가 너를 붙잡고 있으니
님이 생각난다
보고픈 내 님이
거문고야 여섯줄을 퉁겨라

달아나는 밤을 붙잡고
너를 붙잡고
뚱따리뚱땅 뚱따리뚱땅땅
오동잎 떨어진 달 밝은 밤에
너하고 나하고
이 밤이 못 가게
붙잡아보자
내 청춘이 못 가게
붙잡아보자"
토닥토닥,"1,905",신유,"당신이 있는 곳에도
봄날은 찾아옵니까

봄날에 떨어진 꽃잎은
나의 작은 안부입니다

여름날에 아무 예고 없이
소나기 내리는 것은

저세상에 못다 한 사랑
서러운 이유겠지요

그리워 그리워라
서러워 서러워라

단 한 번 보신다면
맘 놓고 울고 싶어라

토닥토닥 토닥토닥

나를 안고 울어주세요
두 번 다시 놓지 마세요

당신이 있는 곳에도
가을은 찾아옵니까

가을에 떨어진 낙엽은
메마른 내 눈물입니다

겨울날에 그저 하염없이
흰 눈이 내리는 것은

저세상에 못다 한 꿈이
부서진 이유겠지요

그리워 그리워라
서러워 서러워라

단 한 번 보신다면
맘 놓고 울고 싶어라

토닥토닥
토닥토닥

나를 안고 울어주세요
두 번 다시 놓지 마세요"
뭔데 또 그래,26,최정훈,"아 대체 이게 무슨 소리 아이엠 쏘리
우리 사이 무슨 사이 고멘나사이
좀 부족해 보여도
좀 모자라 보여도
나름 괜찮은 남자잖아

항상 그런 식이란 얘기는 이제는 그만
또 변했다는 그 얘기도 이제는 그만
이 정도면 됐지
그때 얘긴 왜 꺼내

우리 처음 만났을 때를 생각해 봐
그때 우리 너무 좋았었잖아
그러지 말고 웃어봐
인상 좀 쓰지 말고

아 뭔데 또 그래 (아 뭔데)
아 뭔데 또 그래 (뭐 뭔데)
아무리 기막히고
아무리 화가 나도
말을 해 줘야 알지

갑자기 왜 이래 (왜 이래)
갑자기 왜 이래 (왜 왜 이래)
얼굴만 쳐다봐선
니 속을 어찌 알아
말을 해줘야 알지
아 뭔데 또 그래

이젠 하다 하다 하루 종일 너의 잔소리
아주 그냥 끝내주는 뻔한 그 소리
매력이 없길 해
외모가 빠지길 해
그냥 백 점 만점이잖아

아 나 같은 남자있음 나와보라 그래
아 왠만한 남자들은 다 나처럼 그래
이 정도면 됐지
그때 얘긴 왜 꺼내

우리 처음 만났을 때를 생각해 봐
그때 우리 너무 좋았었잖아
그러지 말고 웃어봐
인상 좀 쓰지 말고

아 뭔데 또 그래 (아 뭔데)
아 뭔데 또 그래 (뭐 뭔데)
아무리 기막히고
아무리 화가 나도
말을 해 줘야 알지

갑자기 왜 이래 (왜 이래)
갑자기 왜 이래 (왜 왜 이래)
얼굴만 쳐다봐선
니 속을 어찌 알아
말을 해줘야 알지
아 뭔데 또 그래

(아 뭔데 뭐 뭐 뭔데)
(아 뭔데)"
단심이,412,미현,"세월 가면 잊을 거라고
그 누가 말을 했던가
한 번 준 마음인데
그리 쉽게 잊을 수 있나
돌아와요 돌아와요 나의 곁으로
사연일랑 묻지 않을게요
얼마나 당신을 사랑했으면
지금도 잊지 못해요
세월 가면 잊을 거라고
그 누가 말을 했던가
한 번 준 마음인데
그리 쉽게 잊을 수 있나
돌아와요 돌아와요 나의 곁으로
사연일랑 묻지 않을게요
얼마나 당신을 사랑했으면
지금도 잊지 못해요
돌아와요 돌아와요 나의 곁으로
사연일랑 묻지 않을게요
얼마나 당신을 사랑했으면
지금도 잊지 못해요"
오늘은 트위스트,49,윤태화,"우리 가슴을 뛰게 만드는
트위스트 춤을 춥시다

눈치 보지 말고 좀 더 신나게
내게로 가까이 오세요

사랑 타령 하지 말고
사탕발림 하지 말고

오늘만은 우리 모두
신나 신나 흔들흔들 춤을 춰요

근심걱정 날려 스트레스 털고
오늘은 맘대로 우리 맘대로

추차 추자 추자 트위스트
추자 추자 추자 트위스트

발바닥이 땀나게 춰요
신나게 고고 즐겁게 트위스트 춥시다


우리 가슴을 뛰게 만드는
트위스트 춤을 춥시다

눈치 보지 말고 좀 더 신나게
내게로 가까이 오세요

사랑 타령 하지 말고
사탕발림 하지 말고

오늘만은 우리 모두
신나 신나 흔들흔들 춤을 춰요

근심걱정 날려 스트레스 털고
오늘은 맘대로 우리 맘대로

추차 추자 추자 트위스트
추자 추자 추자 트위스트

발바닥이 땀나게 춰요
신나게 고고 즐겁게 트위스트 춥시다
신나게 고고 즐겁게 트위스트 춥시다"
꼭! 한번만,172,박윤경,"당신을 한 번만
한 번만이라도
만나고 싶어요
세월이 그렇게
흘러갔어도 난 아직
잊지 못해요
철없던 나의
나의 가슴에
당신은 깊은 정을
남겨 놓은채
그렇게 냉정하게
떠나갔어도
당신을
미워하지 않았어요
너무 너무 나
사랑했던 사람을
어떻게 잊을 수
있나요

당신을 우연히
우연히 만나면
말하고 싶어요
세월이 그렇게
흘러갔어도 당신을
사랑했다고
철없던 나의
나의 가슴에
당신은 깊은 정을
남겨 놓은채
그렇게 냉정하게
떠나갔어도
당신을
미워하지 않았어요
세월이 가면
그땐 당신도
나를 용서할테니까
세월이 가면
그땐 당신도
나를 용서할테니까"
당신이 최고야,51,이창용,"당신이 최고야 당신이 최고야 나에겐 당신이 최고야
당신을 처음만난 그순간 나는나는 알았어
당신이 내반쪽이란걸
행복하게 행복하게 해줄거야 머리에서 발끝까지
세상에서 가장 멋있게
당신을 위해서라면 아낌없이 줄꺼야
내모든걸 다 줄꺼야
기대해도 좋아 믿어도 좋아
변함없을 테니까 당신이 최고 당신이 최고야"
사나이 가슴에 비가 내리네,81,김상배,"돌아서서 그냥 갔어요
이젠 꿈이라 생각해요
비오는 거리 충무로에서
아 왜 망설이시나요
여자의 마음은 다 그런건가요
남자의 가슴에 못을 박고서
울기만 하긴가요
아아아아 당신은
아 이 마음 모르나요
사나이 가슴에
비가 내려요
충무로에도
비만 내려요

돌아서서 그냥 갔어요
이젠 잊는다 생각해요
비오는 거리 충무로에서
아 왜 떠나지 못해요
여자의 마음은 다 그런건가요
남자의 가슴에 못을 박고서
울기만 하긴가요
아아아아 당신은
아 이 마음 모르나요
사나이 가슴에
비가 내려요
충무로에도
비만 내려요"
비 내리는 경부선,62,배호,"경부선고속도로 비가내린다
가신님의눈물인가차창에흘러내린다
경상도길 충청도길 비내리는 천안삼거리
장대같이쏘다지는비는 가신님의눈물인가"
애수의 소야곡,468,남인수,"운다고 옛사랑이 오리요만은
눈물로 달래보는 구슬픈 이밤
고요히 창을 열고 별빛을 보면
그누가 불러주나 휘파람 소리
차라리 잊으리라 맹세하건만
못생긴 미련인가 생각하는 밤
가슴에 손을 얹고 눈을 감으면
애타는 숨결마저 싸늘하구나"
이제는,241,서울패밀리,"지난날 그리워하는 것은
아쉬움이야
바람속을 걸어가는
너의 모습처럼
나는 이제 모든것을
잊어야만 하네
그렇게 좋던 그날이
그렇게 사랑한 날이
이제는 사라져 가고
슬픔만 남아버렸네
이렇게 그리운 날을
이렇게 못잊는 날을
이제는 잊어버렸나
이제는 지워버렸나
그리워 되뇌이는 것은
사랑일거야
바람속에 피어나는
한 송이 꽃처럼
이따금씩 되살아나
생각나게 하네
그렇게 좋던 그날이
그렇게 사랑한 날이
이제는 사라져 가고
슬픔만 남아버렸네
이렇게 그리운 날을
이렇게 못잊는 날을
이제는 잊어버렸나
이제는 지워버렸나
모든 얘기들
이제 잊어야 하네
그 슬픈 얼굴도
그 사람 이젠 떠나갔기에
그렇게 좋던 그날이
그렇게 사랑한 날이
이제는 사라져 가고
슬픔만 남아버렸네
이렇게 그리운 날을
이렇게 못잊는 날을
이제는 잊어버렸나
이제는 지워버렸나
그렇게 좋던 그날이
그렇게 사랑한 날이
이제는 사라져 가고
슬픔만 남아버렸네
이렇게 그리운 날을
이렇게 못잊는 날을
이제는 잊어버렸나
이제는 지워버렸나"
춤추는 탬버린,651,현숙,"훌라훌라훌라 훌라훌라훌라
훌라춤을 춘다 탬버린
훌라훌라훌라 훌라훌라훌라
훌라춤을 춘다 탬버린
오늘 밤도 낯선 거리
낯선 사람들로 가득 찬
네온 불로 유혹하는
도시의 밤거리
떠나간 그 사람 18번이 생각 나
노래방에 나를 닮은
탬버린을 흔들고
불러 보는 이 노래는
그 사람 18번
훌라춤에 난 노래하는
춤추는 탬버린
훌라훌라훌라 이 밤이 가도록
춤추는 탬버린
훌라훌라훌라 훌라훌라훌라
훌라춤을 춘다 탬버린
훌라훌라훌라 훌라훌라훌라
훌라춤을 춘다 탬버린
오늘 밤도 낯선 거리
낯선 사람들로 가득찬
네온 불로 유혹하는
도시의 밤거리
떠나간 그 사람 18번이 생각 나
노래방에 나를 닮은
탬버린을 흔들고
불러 보는 이 노래는
그 사람 18번
훌라춤에 난 노래하는
춤추는 탬버린
훌라훌라훌라 이 밤이 가도록
춤추는 탬버린
불러 보는 이 노래는
그 사람 18번
훌라춤에 난 노래하는
춤추는 탬버린
훌라훌라훌라 이 밤이 가도록
춤추는 탬버린"
무정,162,이호섭,"울지 않아 서럽지 않아
까짓 것 잊으면 그만
쏟아지는 비에 젖어
울기는 내가 왜 울어
가슴은 아파도 눈물은
눈물은 꾹 참고 살 거야
가라지 뭐 마음대로 해 보라지 뭐
울지 않아 서럽지 않아
너 없으면 못 살 줄 알고
당신께 목 맬 줄 알고
이 세상에 좋은 사람
너 하나 뿐이라더냐
가슴은 아파도 눈물은
눈물은 꾹 참고 살거야
가라지 뭐 마음대로 해보라지 뭐
울지 않아 서럽지 않아"
이 좋은 세상에,252,정연순,"사랑도 지나가고 세월도 지나가고 인생도 지나겠지만ㅡㅡ
한번준 정 되돌릴수없잖아 이ㅡ좋은 세상에
사는게 모두가 다 그런거라고 말ㅡ들은 쉽게하지만ㅡㅡ
너없이 사는세상 너없는 이세상이
나ㅡ만 혼자 무슨의미 무슨행복있겠니ㅡㅡㅡ

돌아볼 세월이야 막걸리 한사발에 내인생 술안주겠지만ㅡㅡ
한번준 정 되돌릴수없잖아 이ㅡ좋은 세상에
사는게 모두가 다 그런거라고 말ㅡ들은 쉽게하지만ㅡㅡ
너없이 사는세상 너없는 이세상이
나만 혼자 무슨 의미 무슨행복있겠니ㅡㅡㅡ
너없이 사는세상 너없는 이세상이
나만 혼자 무슨의미 무슨행복 있겠니ㅡㅡㅡ"
모래시계,657,나훈아,"채깍채깍 자동시계는
어김없이 가지만
내깔겨둔 모래시계는
세월 멈추고 있네
세월아 가는 저 세월아
사정없이 가는 세월아
뚜벅뚜벅 나는 걷는데
뛰어 가네 세월은
힘도 좋아 세월은
반짝반짝 눈부신 아침
저녁으로 가는데
내팽겨둔 모래시계는
세월 붙들고 있네
청춘아 가는 내 청춘아
싸가지도 없는 청춘아
꾸벅꾸벅 나는 조는데
잠도 없네 세월은
힘도 좋아 세월은
짜잔짜잔 길을 비켜라
잘난 세월 가신다
너는 가라 모래시계는
대꾸조차도 없네
인생아 아픈 내 인생아
돌아갈 수 없는 인생아
꼬불꼬불 힘든 인생길
잘도 가네 세월은
힘도 좋아 세월은"
나미야,161,수경이,"이제 다 끝난 거 맞죠
이대로 안녕인 거 맞죠
사랑했다고 계속 말하는 당신
난 대체 뭐가 되나요
이제 다 끝난 거 맞죠
지난 날 그 사람 그리웠나요
아무것도 못해요
난 마음이 아파서
그저 너를 기다려요
이렇게 날 두고 가는
네가 미워 죽겠어
날 떠난 네가 정말 미워 죽겠어
널 사랑했다고 많이 좋아했다고
님에서 남이 되어 떠나가나요
이렇게 날 두고 가는
네가 미워 죽겠어 정말로
날 떠난 네가 정말
미워 죽겠어 다 싫어
네가 내 마지막 사랑이 되길
간절히 기다린 죄 그 벌로 난
이젠 남이 된 거 맞죠
이게 마지막인 거 맞죠
미안했다고 계속 말하는 당신
난 대체 뭐가 되나요
이젠 더 없는 거 맞죠
떠나간 그 사람 그리웠나요
아무것도 못해요
난 마음이 아파서
그저 너를 기다려요
이렇게 날 두고 가는
네가 미워 죽겠어
날 떠난 네가 정말 미워 죽겠어
널 사랑했다고 많이 좋아했다고
님에서 남이 되어 떠나가나요
이렇게 날 두고 가는
네가 미워 죽겠어 정말로
날 떠난 네가 정말
미워 죽겠어 다 싫어
네가 내 마지막 사랑이 되길
간절히 기다린 죄
이렇게 날 두고 가는
네가 미워 죽겠어
날 떠난 네가 정말 미워 죽겠어
내 마지막 사랑 남은 내 독사랑
님에서 남이 되어 떠나가나요
이렇게 날 두고 가는
네가 미워 죽겠어 정말로
날 떠난 네가 정말
미워 죽겠어 다 싫어
네가 내 마지막 사랑이 되길
간절히 기다린 죄 그 벌로 난"
인생역,320,신유,"사랑아 이 가슴에
이별을 던지지 마라
너만을 사랑했던
이 마음은 변할 수 없어
쓰디쓴 술잔에다
술잔에다 눈물을
눈물을 타 마시고
아무리 취해봐도
당신은 내 사랑
만나자 만나자 다시 만나자
돌아돌아 인생 역에서
사랑아 이 가슴에
눈물을 던지지 마라
너만을 갖고 싶은
이 마음은 변할 수 없어
차디찬 술잔에다
술잔에다 이별을
이별을 타 마시고
아무리 생각해도
당신은 내 여자
만나자 만나자 다시 만나자
돌아돌아 인생 역에서"
단둘이서,113,남진,"어디로 가려하나요
물어도 돼요 아 아 아 아
둘이서 갈데는 많아
첫 배를 타고 떠나갈 거야
깜빡 거리는 불빛보다 아름다운
어린 눈을 보며 애써 달래보는 말
여기에 있기에 아까운 여자야
너를 내가 찜했어
좋아 좋아요 나는요
당신뿐인 한 여자
내일은 여객터미널 단둘이서
어디로 가려하나요
물어도 돼요 아 아 아 아
둘이서 갈데는 많아
첫 배를 타고 떠나갈 거야
깜빡 거리는 불빛보다 아름다운
어린 눈을 보며 애써 달래보는 말
여기에 있기에 아까운 여자야
너를 내가 찜했어
좋아 좋아요 나는요
당신뿐인 한 여자
내일은 여객터미널 단둘이서
내일은 여객터미널 단둘이서"
전선야곡,437,한태웅,"아 아
그 목소리 그리워
가랑잎이 휘날리는 전선의 달밤
소리없이 내리는 이슬도 차가운데
단잠을 못이루고 돌아눕는 귓가에
장부의 길 일러주신
어머님의 목소리
아아아 그 목소리 그리워
정안수 떠놓고서 이 아들의 공비는
어머님의 흰머리가
눈부시어 울었소
아아아 쓸어안고 싶었소"
꽃,"8,975",영탁,"날 찾아 오신 내님 어서 오세요
당신을 기다렸어요
라이 라이야
어서오세요 당신의 꽃이 될래요
어디서 무엇하다 이제 왔나요
당신을 기다렸어요
라이 라이야
어서오세요 당신의 꽃이 될래요
사랑의 꽃씨를 뿌려 기쁨을 주고
서로 행복 나누면
니이 라이 라이 라이 라이야
당신은 나의 나무가 되고
니이 라이 라이 라이 라이야
나는 당신의 꽃이 될래요
날 찾아오신 내님 어서 오세요
당신을 기다렸어요
라이 라이야
어서오세요 당신의 꽃이 될래요
어디서 무엇하다 이제 왔나요
당신을 기다렸어요
라이 라이야
어서오세요 당신의 꽃이 될래요
사랑의 꽃씨를 뿌려 기쁨을 주고
서로 행복 나누면
니이 라이 라이 라이 라이야
당신은 나의 나무가 되고
니이 라이 라이 라이 라이야
나는 당신의 꽃이 될래요
나는 당신의 꽃이 될래요"
본능적으로,"7,233",이찬원,"본능적으로 느껴졌어
넌 나의 사람이 된다는 걸
처음 널 바라봤던 순간
찰나의 전율을 잊지 못해
Oh oh oh oh oh oh
좋은 사람인진 모르겠어
미친 듯이 막 끌릴 뿐이야
섣부른 판단일지라도
왠지 사랑일 것만 같아
Oh oh oh oh oh oh
내가 택했던 그녀를 난 믿겠어
내가 택했던 그 밤을
내 생 최고의 사랑일지
미친 사랑의 시작일지
해봐야 아는 게 사랑이지
이제 우리 시작할까
Oh oh oh oh oh oh
운전 하다가 널 봤는데
사고가 날 뻔했어 좋아 파란
불이떴어
너에게 난 go 했고 그 S line에
난 자석처럼 끌려
나도 모르게 침을 한방울 흘려
오해하지마 나는 속물 아냐
사랑을 가능케 하는 건 본능이야
우연인지 운명인지 나는 너의
앞에 왔어
계산 같은 건 전부 다
내가 택했던 그녀를 난 믿겠어
내가 택했던 그 밤을
내가 택했던 그 밤을 난 믿겠어
그 황홀했던 순간을
내 생 최고의 사랑이든
미친 사랑의 시작이든
절대 후회는 없을 거야
이제 우리 시작할까
Oh oh oh oh oh oh
그래 느낌이야
이건 본능이야
Oh oh oh oh oh oh"
순천만 연가,481,재하,"순천만 갈대밭에
바람에 지친 낮달은
누구를 기다리나
마음만 서럽다
미워해선 안 될 사람
나 홀로 우는 이 밤
그리워서 못 잊어서
가슴만 애태우다가
아 맴도는 그 얼굴
잿빛하늘로 가려지고
아 그리다 지우다
지우지 못한 그 얼굴
미워해선 안 될 사람
나 홀로 우는 이 밤
그리워서 못 잊어서
가슴만 애태우다가
아 맴도는 그 얼굴
잿빛하늘로 가려지고
아 그리다 지우다
지우지 못한 그 얼굴
지우지 못한 그 얼굴"
동백아가씨,"1,115",홍지윤,"헤일 수 없이 수많은 밤을
내 가슴 도려내는 아픔에 겨워
얼마나 울었던가 동백아가씨
그리움에 지쳐서 울다가 지쳐서
꽃잎은 빨갛게 멍이 들었소
동백꽃잎에 새겨진 사연
말 못 할 그 사연을 가슴에 안고
오늘도 기다리는 동백아가씨
가신님은 그 언제 그 어느날에
외로운 동백꽃 찾아 오려나"
좌33우33 (Feat. 미스터 붐 박스),409,미스티,"노래 불러줘요 노래 불러줘요
이 다음엔 오빠차례
노래 안부르면 노래 안부르면
토라져 버릴거야
찐이야도 한잔해도
아무상관없어요
나를 위해 숨겨왔던
애창곡을 불러줘
다 같이 좌33 우33 돌리고
빙글빙글 빙글빙글 돌리고
거기 잠깐 빼지말고
신나게 노라조 요
다 같이 좌33 우33 돌리고
말춤으로 뛰어다녀봐
마무리는 모두 다 신나게
아모르 파티
노래 불러줘요 노래 불러줘요
이 다음엔 언니차례
노래 안부르면 노래 안부르면
토라져 버릴거야
따르릉도 어머나도
아무상관없어요
나를 위해 숨겨왔던
애창곡을 불러줘
다 같이 좌33 우33 돌리고
빙글빙글 빙글빙글 돌리고
거기 잠깐 빼지말고
신나게 노라조 요
다 같이 좌33 우33 돌리고
말춤으로 뛰어다녀봐
마무리는 모두 다 신나게
아모르 파티
안동역에서 막걸리한잔
별빛 같은 나의 사랑아
좌33 우33 돌리고
빙글빙글 빙글빙글 돌리고
거기 잠깐 빼지말고
신나게 노라조 요
다 같이 좌33 우33 돌리고
말춤으로 뛰어다녀봐
마무리는 모두 다 신나게
아모르 파티
마무리는 모두 다 신나게
아모르 파티"
가인,"2,524",장민호,"아무 말 못하고
그냥 울기만 했지
힘겨운 이별 앞에 멍하니 서서
그대 처음부터 날 사랑하지 않았네
잠시 내 옆에서 서 있었을 뿐
난 그대가 나의 삶이라 믿어 왔지
그대를 위해서 난 사는 거라고
하지만 그대는 내가 원했던 사랑
단 한번도 주지 않았네
사랑 앞에 더 이상 무릎 꿇진 않겠어
더 이상의 슬픔은 없을 테니까
그대가 날 버리고
떠나간 뒤에라도
다시 누군가 사랑할 수 있으니
사랑이여 이젠 내가 달려갈 테니
거기서 조금만 기다려줘
난 그대가 나의 삶이라 믿어 왔지
그대를 위해서 난 사는 거라고
하지만 그대는 내가 원했던 사랑
단 한번도 주지 않았네
사랑 앞에 더 이상 무릎 꿇진 않겠어
더 이상의 슬픔은 없을 테니까
그대가 날 버리고 떠나간 뒤에라도
다시 누군가 사랑할 수 있으니
사랑이여 이젠 내가 달려갈 테니
거기서 조금만 기다려줘
사랑이여 이젠 내가 움직일 테니
거기서 조금만 기다려줘"
송인,196,김정민,"바람에 날리는 저 꽃잎 보며
동그라미 그려보다가
오늘밤 꿈속에 나를 찾을까
시린 가슴만 애태우죠
바람아 바람아 닿을 수 없는
그 길 따라가다
고달픈 걸음에 눈물 고이면
몰래 나 대신 훔쳐다오
옷깃에 가려진 저 달빛처럼
기약 없이 기다리다가
밤새워 흐르는 눈물조차
행여 짐 될까 감추었죠
바람아 바람아 닿을 수 없는
그 길 따라가다
고달픈 걸음에 눈물 고이면
몰래 나 대신 훔쳐다오
바람아 바람아 닿을 수 없는
그 길 따라가다
고달픈 걸음에 눈물 고이면
몰래 나 대신 훔쳐다오
나 대신 훔쳐다오
바람아~~~
이 마음 전해다오"
인연,879,김용필,"이제는 두 번 다시
사랑 때문에 울지 않으리
이제는 두 번 다시
나는 너를 보내지 않으리
사랑 때문에
괴로웠던 지난 날들은
이제는
이제는
모두 끝이야
수많은 사람 만나 만나서
내 모든 걸 다 주어봐도
때가 되면 떠나버리는
무정한 사람이더라
인연이라는 것은
때가 되어야만 만나지는 것
지난 날을 괴로워 말자
언젠간 너도 괴로울 테니까
때가 되면 떠나버리는
무정한 사람이더라
지난 날은 괴로워 말자
언젠간 너도 괴로울 테니까"
갈무리,"2,102",손태진,"내가 왜 이러는지 몰라
도대체 왜 이런지 몰라
꼬집어 말할 순 없어도
서러운 마음 나도 몰라
잊어야 하는 줄은 알아
이제는 남인 줄도 알아
알면서 왜 이런지 몰라
두 눈에 눈물 고였잖아
이러는 내가 정말 싫어
이러는 내가 정말 미워
이제는 정말 잊어야지
오늘도 사랑 갈무리
이래선 안 되는 줄 알아
지나간 꿈인 줄도 알아
그런 줄 뻔히 알면서도
마음을 잡지 못하잖아
이러는 내가 정말 싫어
이러는 내가 정말 미워
다시는 생각 말아야지
오늘도 사랑 갈무리"
엄마아리랑,745,송가인,"엄마아리랑 아리랑
아리아리랑 아라리요
아들딸아 잘 되거라
밤낮으로 기도한다
엄마 아리랑
사랑하는 내 아가야
보고 싶다 우리 아가
천년만년 지지 않는 꽃이 피는구나
아 리 랑 아 리 랑
사랑 음 사랑 음 엄마 아리랑
아리아리랑 아라리요
쓰리쓰리랑 아라리요
우리 엄마 사랑은 아리랑
엄마 아리랑
엄마아리랑 아리랑
아리아리랑 아라리요
우리 엄마 무병장수
정성으로 기원하오
엄마 아리랑
사랑하는 내 어머니
보고 싶소 울 어머니
서산마루 해가 지고 달이 뜨는구나
아 리 랑 아 리 랑
사랑 음 사랑 음 엄마아리랑
아리아리랑 아라리요
쓰리쓰리랑 아라리요
우리 엄마 사랑은 아리랑
엄마 아리랑
아 리 랑 아 리 랑
사랑 음 사랑 음
엄마 엄마
우리 어머니 아 리 랑
에야디야 에헤라디야디야
에야디야 에헤라디야디야
에야디야 에헤라디야디야
엄마 아리랑"
미안해서 미안해서,95,박성온,"당신을 아프게 하고
살아온 지난날들이
얼마나 괴로웠는지
이 마음 모를 겁니다
겉으론 말은 안 해도
당신의 깊은 사랑을
알아요 그 맘 알아요
얼마나 생각했는지
그 깊은 속도 모르고
철없이 살아온 지난날들이
미안해서 미안해서
용서를 빌어봅니다
당신이 곁에 있어
내가 있다는 생각에 눈물이 나요

겉으론 말은 안 해도
당신의 깊은 사랑을
알아요 그 맘 알아요
얼마나 생각했는지
그 깊은 속도 모르고
철없이 살아온 지난날들이
미안해서 미안해서
용서를 빌어봅니다
당신이 곁에 있어
내가 있다는 생각에 눈물이 나요
생각에 눈물이 나요"
목마른 사슴,163,장윤정,"당신이 앞에 있으면

왜 나는 울고 싶은지

한마디 듣고 싶은 그 한마디에
가슴은 까맣게 타네요

목마른 사슴처럼 서러운 마음
사랑한다고 사랑한다고
왜 말을 못해요 왜 말을 못해요
이렇게 가슴은 타들어 가는데

당신만 앞에 있으면

왜 나는 바보가 되는지

맴돌다 맴돌다가 발길 돌리는
내 자신 내가 미워요

미칠듯 그리움에 죽을것 같아
사랑한다고 사랑한다고
왜 말을 못해요 왜 말을 못해요
이렇게 가슴은 까맣게 타는데

목마른 사슴처럼 서러운 마음
사랑한다고 사랑한다고
왜 말을 못해요 왜 말을 못해요
이렇게 가슴은 타들어 가는데"
탱자탱자,101,고정우,"여기까지 날 데려 와놓고
밥 한번 사주지 않았다
하자는 대로 다 했는데
술 한잔 권하지 않았다
세월은 언제나 말도 없이
나를 나를 빙빙 돌면서
한눈 팔면 뒤통수 치지
잘못 살면 거지 만들지
딱 한번 사는 인생
허투루 살지말자
탱자 탱자 탱자 탱자
살지를 말자
여기까지 날 데려 와놓고
밥 한번 사주지 않았다
하자는 대로 다 했는데
술 한잔 권하지 않았다
세월은 언제나 말도 없이
나를 나를 빙빙 돌면서
한눈 팔면 뒤통수 치지
잘못 살면 거지 만들지
딱 한번 사는 인생
허투루 살지말자
탱자 탱자 탱자 탱자
살지를 말자
한눈 팔면 뒤통수 치지
잘못 살면 거지 만들지
딱 한번 사는 인생
허투루 살지말자
탱자 탱자 탱자 탱자
살지를 말자
탱자 탱자 탱자 탱자
살지를 말자"
울엄마,83,박성온,"먼 고향 울 엄마 고향
괜스레 눈물이 나요
살아생전 불효한 자식
못난 자식 걱정에
정안수 떠놓고 잘 되라고 빌던
울 엄마
그 품속 그리워라
해 뜨고 까치가 울면
싸리문 바라보며
살아생전 불효한 자식
못난 자식 걱정에
정안수 떠놓고 잘 되라고 빌던
울 엄마
그 품속 그리워라

먼 고향 울 엄마 고향
괜스레 눈물이 나요
살아생전 불효한 자식
못난 자식 걱정에
정안수 떠놓고 잘 되라고 빌던
울 엄마
그 품속 그리워라"
와스레나이,82,김홍남,"Wasurenai
Wasurenai
난 그대가
Kakera Kakera
Kioku no kakera ga
아파 Itai aitai

Wasurenai
Wasurenai
난 그대가
Kakera Kakera
Kioku no kakera ga
아파 Itai aitai"
정열의 꽃,194,김수희,"정열의 꽃 피었다 가슴에 내가슴에
정열의 꽃 피었다 가슴에 내가슴 속에 피었다
그대 사랑 참이슬로 뿌리를 내리고
밤풀벌레 소리로 그대이름 외우며
달과 별을 헤이면서 사랑을 만들고
세상속의 빛을 모아 정열의 꽃 피웠죠
고마워요 절 지켜줘서 난 너무 행복해요
이제서야 끝이보인 서로의 시작앞에
산소처럼 너무 깨끗한 공기처럼 너무 투명한
이런 사랑 갖게해준 당신을 사랑해요
오늘은 찐찐하게 키스해 줘요~

정열의 꽃 피었다 가슴에 내가슴에~~~
정열의 꽃 피었다~ 가슴에 내가슴 속에 피었다
그대 사랑 참이슬로 뿌리를 내리고
밤풀벌레 소리로 그대이름 외우며
달과 별을 헤이면서 사랑을 만들고
세상속의 빛을 모아 정열의 꽃피웠죠
고마워요 절 지켜줘서 난 너무 행복해요
이제서야 끝이보인 서로의 시작앞에
산소처럼 너무 깨끗한 공기처럼 너무 투명한
이런 사랑 갖게 해준 당신을 사랑해요
오늘은 찐찐하게 키스해줘요
당신을 사랑해요 오늘은 찐찐하게 키스해줘요"
신토불이,209,배일호,"너는 누구냐
나는 누구냐
이땅에 태어난
우리 모두 신토불이
신토불이 신토불이 신토불이야
압구정 강남거리 여기는 어디냐
순이는 어디가고
미스리만 있느냐
쇼윈도의 마네킹이
외제품에 춤을 추네
쌀이야 보리야 콩이야 팥이야
우리 몸엔 우리껀데
남의 것을 왜 찾느냐
고추장에 된장 김치에 깍두기
잊지마라 잊지마
너와 나는 한국인
신토불이 신토불이 신토불이야

너는 누구냐
나는 누구냐
이땅에 태어난
우리모두 신토불이
신토불이 신토불이 신토불이야
영등포 명동거리 여기는 어디냐
순이는 어디가고
미스김만 있느냐
진열장의 마네킹이
외제품에 춤을 추네
쌀이야 보리야 콩이야 팥이야
우리 몸엔 우리껀데
남의 것을 왜 찾느냐
고추장에 된장 김치에 깍두기
잊지마라 잊지마
너와 나는 한국인
신토불이 신토불이
신토불이야 신토불이야"
안개속으로 가버린 사랑,195,배호,"사랑이라면 하지말것을

처음 그 순간

만나던 날부터 괴로운 시련

그칠줄 몰라

가슴 깊은 곳에 참았던 눈물이

야윈 두뺨에

흘러 내릴때 안개속으로

가버린 사랑



루루 루루루 루루 루루루리루

루루 루루루 루루루 루루루리루

괴로운 시련 그칠줄 몰라

가슴 깊은곳에 참았던 눈물이

야윈 두뺨에

흘러 내릴때 안개 속으로

가버린 사랑"
최진사댁 셋째딸,76,나훈아,"건너 마을에 최진사댁에
딸이 셋 있는데
그 중에서도 셋째 따님이
제일 예쁘다던데
아따 그 양반 호랑이라고
소문이 나서
먹쇠도 얼굴 한 번
밤쇠도 얼굴 한 번 못 봤다나요
그렇다면 내가
최진사 만나뵙고 넙죽 절하고
아랫마을 사는
나훈아 놈이라고
말씀 드리고 나서
염치 없지만
셋째따님을 사랑하오니
사윗감 없으시면
이몸이 어떠냐고 졸라봐야지
다음 날 아침 용기를 내서
뛰어 갔더니만
먹쇠란 놈이
눈물을 흘리면서
엉금엉금 기면서
아침 일찍이
최진사댁에 문을 두드리니
얘기도 꺼내기 전
볼기만 맞았다고 넋두리 하네
아이구 아야
그렇지만 나는
대문을 활짝 열고 뛰어 들어가
요즘 보기드문 사윗감 왔노라고
말씀 드리고 나서
육간대청에 무릎 꿇고서
머리 조아리니
최진사 호탕하게
껄껄껄 웃으면서 좋아하시네
으흐흐허허하하하

웃는 소리에 깜짝 놀라서
머리를 들어보니
최진사 양반 보이지 않고
구경꾼만 보였네
아따 이제는 틀렸구나 하고
일어서려니까
셋쩨 딸 사뿐사뿐
내게로 걸어와서 절을 하네요
얼씨구나 좋다
지화자 절씨구 땡이로구나
천하의 호랑이
최진사 사위되고
예쁜 색시 얻으니
먹쇠란 놈도 밤쇠란 놈도
나를 보면은
일곱개 복중에서
한개가 맞았다고 놀려대겠지"
잊혀지지 않아요,205,우순실,"아무것도 모르던 내게
수줍음에 떨던 내게
사랑한단 그 말을 처음
속삭여 준 그 사람
한 번쯤은 우연하게
마주칠 수도 있을텐데
애가 타게 기다렸건만
인연이 없나봐
세월이 흘러 가 생각하니
그 순간이 너무 아쉬워
언젠가 그대를 만난다면
대답해야지
사랑한다고
그 사람 이름은 잊었지만
얼굴 마저 잊어 버렸지만
날 사랑한단 그 말 한 마디
잊히질 않아요

세월이 흘러 가 생각하니
그 순간이 너무 아쉬워
언젠가 그대를 만난다면
대답해야지
사랑한다고
그 사람 이름은 잊었지만
얼굴 마저 잊어 버렸지만
날 사랑한단 그 말 한 마디
잊히질 않아요
잊히질 않아요"
천년을 빌려준다면 (2012 Ver.),"1,080",조항조,"당신을 사랑하고
정말 정말 사랑하고
그래도 모자라면
당신을 위해
무엇이든 다 해주고 싶어
만약에 하늘이
하늘이 내게
천년을 빌려 준다면
그 천년을 당신을 위해
사랑을 위해
아낌없이 모두 쓰겠소
당신을 사랑하고
너무 너무 사랑하고
그래도 모자라면
당신을 위해
원하는 것 다 해주고 싶어
어느날 하늘이
하늘이 네게
천년을 빌려준다면
그 천년을 당신을 위해
사랑을 위해
아낌없이 모두 쓰겠소
만약에 하늘이
하늘이 네게
천년을 빌려 준다면
그 천년을 당신을 위해
사랑을 위해
아낌없이 모두 쓰겠소"
님 (창살없는 감옥),276,박재란,"목숨보다 더 귀한 사랑이건만
창살 없는 감옥인가 만날 길 없네
왜이리 그리운지 보고 싶은지
못 맺을 운명 속에 몸부림치는
병들은 내 가슴에 비가 내리네
서로 만나 헤어진 이별이건만
맺지 못할 운명인가 어이 하려나
쓰라린 내 가슴은 눈물에 젖어
애달피 울어봐도 맺지 못할 것
차라리 잊어야지 잊어야 하나"
팔자,384,강문경,"꿈에서 깨어 보니
10년 전이 였다면
당신은 무슨 일을
하고 싶으신가요
지나왔던 10년을
당신이 알고 있다면
같은 길을 걷진 않겠지
천만에 천만에
그렇게는 살 수 없네
이 고생을
내가 왜 하나
돈이라도
원 없이 벌어서
팔자 한번 고쳐 보겠네
다시 한번만
10년만 젊어도
이렇게는 살지 않겠네
만약에 이 세상을
두 번 다시 산다면
당신은 무엇으로
살고 싶으신가요
살아왔던 과거를
당신이 알고 있다면
그대로는 살진 않겠지
천만에 천만에
그렇게는 살 수 없네
내 팔자에 내가 왜 속나
이름이라도 원 없이 날려서
팔자 한번 고쳐보겠네
아니 정말로 5년만 젊어도
이렇게는 살지 않겠네
하다 못 해서 3년만 젊어도
이렇게는 살지 않겠네
아자"
남자는 말합니다,237,금잔디,"여행 갑시다 나의 여자여
하나 뿐인 나의 여자여
상처투성이
병이 들어 버린 당신
여행가서 낫게 하리다
나란 사람 하나만 믿고
같이 살아온
바보 같이 착한 사람아
남자는 말합니다
고맙구요 감사해요
오직 나만 아는 사람아
안아봅시다 나의 여자여
하나 뿐인 나의 여자여
고운 얼굴에 쓰여진
슬픈 이야기
오늘 밤에 지워 봅시다
나란 사람 하나만 믿고
같이 살아온
바보 같이 착한 사람아
남자는 말합니다
고맙구요 감사해요
오직 나만 아는 사람아"
정 끊는 약,461,류계영,"아무것도 필요 없어
당신의 사랑이면 돼
어쩌다 사랑에 빠져
내 정에 울지요
사랑이 병이 되었네
이러지도 저러지도
못 할거라면
정 끊는 약을 내게 주세요
그 사랑의 끈을 잡고서
그 사랑을 놓지 못하고
이렇게 가슴 아플걸
정 끊는 약이 있다면
정 끊는 약이 있다면
누가 내게 줄 수 있나요
아무것도 필요 없어
당신의 사랑이면 돼
어쩌다 사랑에 빠져
내 정에 울지요
사랑이 병이 되었네
이러지도 저러지도
못 할거라면
정 끊는 약을 내게 주세요
그 사랑의 끈을 잡고서
그 사랑을 놓지 못하고
이렇게 가슴 아플걸
정 끊는 약이 있다면
정 끊는 약이 있다면
누가 내게 줄 수 있나요
그 사랑의 끈을 잡고서
그 사랑을 놓지 못하고
이렇게 가슴 아플걸
정 끊는 약이 있다면
정 끊는 약이 있다면
누가 내게 줄 수 있나요"
하늘눈물,344,동후,"하늘 눈물이 내 가슴을 적시네
그 사람 잊지 말라고
사랑이란게 이토록 가슴 아픈
사연이 될 줄 몰랐네
어쩌면 좋아요 어떡하면 되나요
내가 너무 사랑 했나봐
잊으려 애를 쓰면 더욱 생각나는 사람
가지마요 내 사랑 혼자 가진 마세요
나 그대 없인 못 살아요
어쩌면 좋아요 어떡하면 되나요
내가 너무 사랑 했나봐
잡으려 애를 쓰면 더욱 멀어져간 사람
가지마요 내사랑 혼자 가진 마세요
나 그대 없인 못 살아요
나 그대 없인 못 살아요"
바나나차차 트로트,738,금잔디,"바나나 차차 바나나 차차
다같이 랄랄랄 랄라 차차
바나나 차차 바나나 차차
다같이 랄랄랄 랄라 후
울어머님 바나나나
진짜 맛나 어머님도 차차
울아버님 바나나나
사주세요 아버님도 차차
오 길으면 기기 차라차차차
먹으면 힘이 으라차차차
할머니도 할아버지도
모두 모두 모여라
바나나 차차 바나나 차차
다같이 랄랄랄 랄라 차차
바나나 차차 바나나 차차
다같이 랄랄랄 랄라 후
노랑노랑 바나나나
너무 예뻐 다같이 차차
오라버니 바나나나
힘을 내요 모두 다 차차
오 길으면 기기 차라차차차
먹으면 힘이 으라차차차
도련님들도 아가씨들도
모두 모두 모여라
바나나 차차 바나나 차차
다같이 랄랄랄 랄라 차차
바나나 차차 바나나 차차
다같이 랄랄랄 랄라 후
사랑해요 사랑해요
오빠 오빠빠 사랑해요
바나나 차차 바나나 차차
다같이 랄랄랄 랄라 후
OK"
대박 날 테다,"2,355",장민호,"오늘은 또 몇 시에 집에 가
칼퇴가 웬 말 눈치싸움 실패했어
매일 똑같은 하루 속에
숨이 막힐 것 같은 나지만
잘 봐 곧 좋은 날 올 테니까
Oh 대박 대박 대박 나에게로 와라
크게 한번 터트려보자
그대로 나를 따라 따라와 니가 위너다
빨리빨리 따라와
좋아 청춘아 좋아 힘을 내봐
웃자 세상아 대박 날 테다
숨죽이고 오늘도 난 버텨
며칠만 참자 월급이면 해결된다
잘하면 니 덕 잘못하면
나를 탓하냐 만만해 내가
잘 봐 곧 터질 날 올 테니까
Oh 대박 대박 대박 나에게로 와라
크게 한번 터트려보자
그대로 나를 따라 따라와 니가 위너다
빨리빨리 따라와
좋아 청춘아 좋아 힘을 내봐
웃자 세상아 대박 날 테다
Oh 대박 대박 대박 나에게로 와라
크게 한번 터트려보자
그대로 나를 따라 따라와 니가 위너다
빨리빨리 따라와
좋아 청춘아 좋아 힘을 내봐
웃자 세상아 대박 날 테다
대박 날 테다
대박 날 테다"
대세남,"3,844",임창정,"저 건물이 내 명의야
지갑도 빵빵한거 아까 봤잖아
꾸물대면 그냥 놓치는거야
좀처럼 볼 수 없는 대세남을
한 번만 안아주세요 나를
당신 말고 다 가진 늑대를
향기가 날 거에요
불란서 퍼퓸이니까
왜 자꾸 궁금한가요 그게
어디에 혼자 살고 있는지
걸친 내 옷 만으론
설명이 안되던 가요
내 차는 먼저 보냈어
당신과 이 밤을 찢으려
택시를 타는것도 낭만이잖아
버스도 운치있잖아
저 건물이 내 명의야
그 뒤쪽 커다란 건물도 내거야
의심하면 시작 못하는거야
좀처럼 볼수없는 대세남과
내 곁에 가까이 와요 좀 더
당신 말고 다 가진 늑대죠
향기가 날 거에요
이태리 명품이니까
왜 자꾸 궁금한가요 그게
통장의 잔고는 잘 몰라요
한도초과라는 말 그건 뭐 먹는건가요
기사는 먼저 보냈어
당신과 둘만 있고 싶어서
걷다가 보면은 사랑이 시작될거야
새벽동이 트기전에
저 건물이 내 명의야
지갑도 빵빵한거 아까 봤잖아
꾸물대면 그냥 놓치는 거야
좀처럼 볼수없는 대세남을
내 차는 먼저 보냈어
당신과 이 밤을 찢으려
택시를 타는 것도 낭만이잖아
버스도 운치 있잖아
저 건물이 내 명의야
그 뒤쪽 커다란 건물도 내거야
의심하면 시작 못하는거야
좀처럼 볼 수없는 대세남과
좀처럼 볼 수없는 대세남과
띠리 디 띠리 디 띠리 띠리리리리리"
너무합니다+아내에게 바치는 노래,"13,347",김희재,"[김희재_너무합니다]
너무합니다 너무합니다 당신은 너무합니다
마지막 한 마디 그 말은 나를 사랑한다고
돌아올 당신은 아니지만 진실을 말해줘요
떠날 땐 말없이 떠나가세요 날 울리지 말아요
너무합니다 너무합니다 당신은 너무합니다

[임영웅_아내에게 바치는 노래]
젖은 손이 애처로워 살며시 잡아본 순간
거칠어진 손마디가 너무나도 안타까웠소
시린 손 끝에 뜨거운 정성 고이 접어 다져온 이 행복
여민 옷깃에 스미는 바람 땀방울로 씻어온 나날들
나는 다시 태어나도 당신만을 사랑하리라"
내사랑 내곁에,"9,774",김호중,"나의 모든 사랑이 떠나가는 날이
당신의 그 웃음 뒤에서
함께하는데
철이 없는 욕심에 그 많은 미련에
당신이 있는 건 아닌지
아니겠지요
시간은 멀어 집으로 향해가는데
약속했던 그대만은
올 줄을 모르고
애써 웃음지으며 돌아오는 길은
왜 그리도 낯설고 멀기만 한지
저 여린 가지 사이로
혼자인 날 느낄때
이렇게 아픈 그대 기억이 날까
내 사랑 그대 내 곁에 있어줘
이 세상 하나뿐인 오직 그대만이
힘겨운 날에 너마저 떠나면
비틀거릴 내가 안길 곳은 어디에
저 여린 가지 사이로
혼자인 날 느낄때
이렇게 아픈 그대 기억이 날까
내 사랑 그대 내 곁에 있어줘
이 세상 하나뿐인 오직 그대만이
힘겨운 날에 너마저 떠나면
비틀거릴 내가 안길 곳은 어디에
비틀거릴 내가 안길 곳은 어디에
비틀거릴 내가 안길 곳은 어디에"
진또배기 (Jinttobaegi),901,안예은,"허야듸야 허야듸야
허야듸야 허야듸야
허야듸야 허야듸야
얼 쑤
어촌마을 어귀에 서서
마을에 평안함을 기원하는
진또배기 진또배기 진또배기
오리 세 마리 솟대에 앉아
물 불 바람을 막아주는
진또배기 진또배기 진또배기
모진 비바람을 견디며
바다의 심술을 막아주고
말없이 마을을 지켜온
진또배기 진또배기
어
허야듸야
풍어와 풍년을 빌면서
일 년 내내 기원하는
진또배기 진또배기 진또배기
배 띄워라 노를 저어라
파도가 노래한다 춤을 춘다
진또배기 진또배기 진또배기
진또배기
허야듸야 허야듸야 허야듸야 허야듸야
띠리리리 띠띠리 띠리리리
허어
오리 세 마리 솟대에 앉아
물 불 바람을 막아주는
진또배기 진또배기
진또배기
풍악을 울려라 만선이다
신나게 춤을 추자 풍년이다
진또배기 진또배기
진또배기 진또배기
허야듸야 허야듸야 허야듸야
허야듸야 허야듸야 얼쑤"
갈채,"6,822",영탁,"나는 지쳐있을거야
니가 내곁에 없었으니
하지만 이제부터 항상 난 둘이야
지쳐 쓰러져도 좋아
니가 일으켜줄테니까
언제나 너를 떠올릴거야
어둠속에 내버려져 지내왔던 나날들
날 괴롭히던 아픈기억
이제는 지울 수 있어
지금부터 눈을 뜰거야
세상 아주 작은 곳까지
맑은 눈으로 바라보게 날 도와줘
힘겹던 내 생애 커다란 힘을 전해준
너의 따스했던 조그만 손을 내밀어줘
나는 무너지지 않아
니가 내 옆에 있을테니
언제나 너를 떠올릴거야
어둠속에 내버려져 지내왔던 나날들
날 괴롭히던 아픈기억
이제는 지울 수 있어
지금부터 눈을 뜰거야
세상 아주작은 곳까지
맑은 눈으로 바라보게 날 도와줘
힘겹던 내생애 커다란힘을 전해준
너의 따스했던 조그만 손을 내밀어줘
지금까지 살아왔던건
나의 진실한 삶이 아냐
지금껏 숨을 겨우 이어온것 뿐이야
힘겹던 내 생애 커다란 힘을 전해준
너의 따스했던 조그만 손을 내밀어줘
너의 따스했던 조그만 손을 내밀어줘"
존재의 이유,178,김종환,"언젠가는
너와 함께 하겠지
지금은 헤어져 있어도
네가 보고 싶어도
참고 있을 뿐이지
언젠간 다시 만날테니까
그리 오래 헤어지진 않아
너에게 나는 돌아갈거야
모든 걸 포기하고
네게 가고 싶지만
조금만 참고 기다려줘
알 수 없는 또 다른 나의 미래가
나를 더욱 더 힘들게 하지만
네가 있다는 것이
나를 존재하게 해
네가 있어 나는 살 수 있는거야
조금만 더 기다려
네게 달려 갈테니
그때까지 기다릴 수 있겠니
그래 다시 시작하는 거야
조금 늦는다고 바뀌는 건 없겠지
남자란 떄로 그 무엇을 위해서
모든 것을 버릴 떄도 있는거야
너는 이해할 수 있겠지
정말 미안해
널 힘들게 해서
하지만 너무 슬퍼하지는 마
너의 곁에 항상 내가 있을 테니까
우리의 미래를 위해
슬퍼도 조금만 참아줘
내가 이렇게 살아갈 수 있는 이유는
네가 있기 떄문이야 널 사랑해
저녁 늦게 나는 잠이 들었지
너를 생각할 시간도 없이
너무나 피곤해서
쓰러져 잠이 들었지
나는 왜 이렇게 사는 거야
눈을 뜨면 또 하루가 가고
내 손엔 작은 너의 사진뿐
너를 다시 만나면 꼭 안고 놓지 않으리
헤어져 있던 시간 만큼
알 수 없는 또 다른 나의 미래가
나를 더욱 더 힘들게 하지만
네가 있다는 것이
나를 존재하게 해
네가 있어 나는 살 수 있는거야
조금만 더 기다려
네게 달려 갈테니
그때까지 기다릴 수 있겠니
조금만 더 기다려
네게 달려 갈테니
그때까지 기다릴 수 있겠니"
가는 세월,321,영지,"가는 세월 그 누구가
잡을 수가 있나요
흘러가는 시냇물을
막을 수가 있나요
아가들이 자라나서
어른이 되듯이
슬픔과 행복 속에
우리도 변했구료
하지만 이것만은
변할 수 없어요
새들이 저 하늘을
날아서 가듯이
달이 가고
해가 가고
산천초목 다 바뀌어도
이내 몸이 흙이 되도
내 마음은 영원하리
하지만 이것만은
변할 수 없어요
새들이 저 하늘을
날아서 가듯이
달이 가고
해가 가고
산천초목 다 바뀌어도
이내 몸이 흙이 되도
내 마음은 영원하리
하지만
이것만은
변할 수 없어요
새들이 저 하늘을
날아서 가듯이
달이 가고
해가 가고
산천초목 다 바뀌어도
이내 몸이 흙이 되도
내 마음은 영원하리
이내 몸이 흙이 되도
내 마음은 영원하리"
애수,405,재하,"아직도 모르겠어 난 정말
꿈이라 생각해야 하는지
너 떠난 그 길목에서
널 기다리는데
세월 모두 흘러가나
잊혀진 건 아닌데
되돌아오는 그 길은 너무나도 멀었어
널 매일 생각했어
보이지 않는 환상을 쫓고 있어
그리워 목이 메어
눈물 흘려도 눈물 닦아도
언젠간 돌아올 거라 믿었는데
그대여 제발 내게로 돌아와 줘요
내 마음 오직 그대뿐인걸
꿈속에서도 눈을 떠봐도
온통 너의 모습 그뿐인걸
널 매일 생각 했어
보이지 않는 환상을 쫓고 있어
그리워 목이 메어
눈물 흘려도 눈물 닦아도
언젠간 돌아올 거라 믿었는데
그대여 제발 내게로 돌아와 줘요
내 마음 오직 그대뿐인걸
꿈속에서도 눈을 떠봐도
온통 너의 모습
언젠가 돌아올 거라 믿었는데
그대여 제발 내게로 돌아와 줘요
내 마음 오직 그대뿐인걸
꿈속에서도 눈을 떠봐도
온통 너의 모습
그뿐인걸"
사랑해요,"2,274",양지은,"사랑해요 말로는 못해도
이런 내 맘 꼭 전해지기를
이젠 내가 지켜줄게요
평생 살아가는 동안에
내가 세상에 오던 날
뜨겁던 그대 눈물이
오늘도 날 살게 하네요
그대 정말 고마워요
살다가 힘이 들 때면
서운해 미워질 때면
그 날을 우리 기억하면서
나 평생 약속할게요
사랑해요 말로는 못해도
이런 내 맘 꼭 전해지기를
이젠 내가 지켜줄게요
평생 살아가는 동안에
바쁘게 살다가 보면
가끔은 소홀해져도
그대를 향한 나의 마음은
언제나 변하지 않죠
사랑해요 말로는 못해도
이런 내 맘 꼭 전해지기를
이젠 내가 지켜줄게요
평생 살아가는 동안에
사랑해요 세상이 변해도
이런 내 맘 늘 변치 않기를
영원토록 행복하기를
평생 살아가는 동안에
평생토록 지켜줄게요
우리 살아가는 동안에"
해운대 밤바다,377,허찬미,"해운대 밤바다 밤마다 생각나
사랑에 취했나 해운대 밤바다
부산에 갈매기가 날아
덩달아 내 마음도 날아
거기 있던 너
눈이 부셔서
미쳐버릴 것 같아
웬만해 넘어가지 않는데
네가 처음인 거야
알면서도 모르는 척
밀당하면 난 몰라요
왜 왜 자꾸만
날 날 보면서
헤 헤 웃기만 해
지금 거기로 갈래요
이 밤을 찢을래요
해운대 밤바다 밤마다 생각나
사랑에 취했나 해운대 밤바다
해변을 사뿐히 걸어
해지는 노을이 멋져
네온사인이 찬란해지고
밤이 깊어져만 가
바닷바람 살랑살랑거리고
내 맘은 설레어오네
사랑 향기 뿜뿜나게
손이라도 잡아봐요
왜 왜 자꾸만
날 날 보면서
헤 헤 웃기만 해
지금 거기로 갈래요
이 밤을 찢을래요
해운대 밤바다 밤마다 생각나
사랑에 취했나 해운대 밤바다
사랑에 취했나 해운대 밤바다
해운대 밤바다"
누망(縷望),225,나훈아,"파란 나비가 꽃밭에 머문다
반지꽃을 만진다
보랏빛 향기에 취하여
날개를 접은 채로 꿈을 꾼다
훨훨 훨 날아라 파란 나비야
더 높이 날아라 파란 나비야
파란 나비가 사랑을 구한다
눈부시게 춤춘다
잠시 핀 무지개 사이로
꿈꾸던 사랑 찾아 나래 친다
파란 나비가 풀섶에 멈춘다
안개꽃에 숨는다
새하얀 꽃잎이 눈부셔
날개를 접은 채로 수줍는다
훨훨 훨 날아라 파란 나비야
더 멀리 날아라 파란 나비야
파란 나비가 노을을 마신다
저녁별을 헤인다
야래 향 내음을 맡으며
꿈같은 예쁜 사랑 누망한다"
그대여 변치마오,426,김중연,"오-
그대여 변치 마오
오-
그대여 변치 마오
오 그대여 변치 마오
오 그대여 변치 마오
불타는 이 마음을 믿어주세요
말 못하는 이 마음을 알아주세요
그 누가 이 세상을 다 준다 해도
당신이 없으면 나는 나는 못살아
수많은 세월이 흐른다 해도
당신만을 당신만을
기다리며 살아갈 테야
불타는 이 마음을 믿어주세요
말 못하는 이 마음을 알아주세요
그 누가 이 세상을 다 준다 해도
당신이 없으면 나는 나는 못살아
수많은 세월이 흐른다 해도
당신만을 당신만을
기다리며 살아갈 테야
살아갈 테야
살아갈 테야
그대여 변치마오"
고향으로 가는 배,144,정다한,"고향으로 가는 배
꿈을 실은 작은 배
정을 잃은 사람아
고향으로 갑시다
산과 산이 마주서
소곤대는 남촌에
아침 햇살 다정히
풀잎마다 반기는
고향으로 가는 배
꿈을 실은 작은 배
정을 잃은 사람아
고향으로 갑시다
산비둘기 쌍쌍이
짝을 찾는 남촌에
피리 부는 목동의
옛 노래가 그리운
고향으로 가는 배
꿈을 실은 작은 배
정을 잃은 사람아
고향으로 갑시다
고향으로 갑시다"
흥부자,379,유소년부,"흥부자 부자 흥부자가 왔어요
근심 걱정 모두 모두 날려버려요
흥부자 부자 흥부자가 왔어요
한 번뿐인 인생길에 놀다 갑시다
흥부자 부자부자 우리가 흥부자
스트레스 쌓이면 병이 난대요
참는 것도 한두 번이지
친구 만나 콜라 한 잔
님과 함께 여행 가고
즐겁게 살아갑시다
흥부자 부자 흥부자가 왔어요
근심 걱정 모두 모두 날려버려요
흥부자 부자 흥부자가 왔어요
한 번뿐인 인생길에 놀다 갑시다
흥부자 부자부자 우리가 흥부자
스트레스 쌓이면 병이 난대요
참는 것도 한두 번이지
친구 만나 우유 한 잔
님과 함께 여행 가고
즐겁게 살아갑시다
흥부자 부자 흥부자가 왔어요
근심 걱정 모두 모두 날려버려요
흥부자 부자 흥부자가 왔어요
한 번뿐인 인생길에 놀다 갑시다
흥부자 부자 흥부자가 왔어요
근심 걱정 모두 모두 날려버려요
흥부자 부자 흥부자가 왔어요
한 번뿐인 인생길에 놀다 갑시다
흥부자 부자부자 우리가 흥부자
흥부자 부자부자 우리가 흥부자"
서울의 밤,122,한강,"네온이 춤을 추는
서울의 밤-거리
그 님의 손을 잡고
행복에 젖어 거닐던 거-리
그님은 떠나가고
나혼자 외로운데
어디서 들려오는 사랑의 속삭임이
내 마음 울리네
잊지 못할 서울의 밤
첫사랑 님을 만난 곳
잊지 못할 서울의 밤
님 또한 떠나버린 곳
네온도 울다-
네온도 울다
말없이 꺼져버린
서울의 밤-이-여
잊지 못할 서울의 밤
첫사랑 님을 만난 곳
잊지 못할 서울의 밤
님 또한 떠나버린 곳
네온도 울다-
네온도 울다
말없이 꺼져버린
서울의 밤-이-여
네온도 울다-
네온도 울다
말없이 꺼져버린
서울의 밤-이-여"
영종도 갈매기,740,진욱,"갈매기 슬피 우는 해변
나 홀로 하염없이 거니네
끝없는 수평선 저 너머로
그리운 그대 모습 떠올라
노을빛 곱게 물든 해변
나란히 거닐었던 그대여
그 추억 모두 잊어버렸나
노을빛 그 때처럼 고운데
조개 껍질 건네주며
예쁜 진주 사온다던 약속
까맣게 잊어버렸나
행여 내가 내가 미워졌나
오늘 쯤 그대 돌아오려나
지금이 바로 그 순간일까
영종도 공항에는 오늘도
수 많은 사람들이 오는데
조개 껍질 건네주며
예쁜 진주 사온다던 약속
까맣게 잊어버렸나
행여 내가 내가 미워졌나
오늘 쯤 그대 돌아오려나
지금이 바로 그 순간일까
영종도 공항에는 오늘도
수 많은 사람들이 오는데
수 많은 사람들이 오는데"
친구같은 연인처럼 (A lover like a friend),306,정미애,"이 사진은 당신과 처음 데이트하던 날
흩날리던 꽃잎처럼 당신 아름다웠소

이 사진은 당신과 함께 부부가 되던 날
울아버지 어머니 눈물 기억이 납니다

여보 여보 이사진 기억하오
금쪽같은 첫 아이 태어나던 날

그래 그래 한없이 꿈만 같아
모든게 행복했던 날

아 당신은 누구 시길래
오랜 세월 내 곁에 있어 주셨나
남은 세월 우리 함께 걸어가요
친구 같은 연인처럼

아아 연인 같은 친구처럼

여보 여보 이사진 기억하오
하나뿐인 딸아이 시집가던 날

그래 그래 당신 참 바보같이
서럽게 울기만 했죠

아 당신은 누구 시길래
오랜 세월 내 곁에 있어 주셨나
남은 세월 우리 함께 걸어가요
친구 같은 연인처럼

아아 연인 같은 친구처럼

때로는 미웠지만
또다시 믿음으로

영원히 함께 해요"
고독한연인,159,김수희,"고개들어 나를봐요
슬퍼하지 말아요
무슨 말을 하려는지
난 벌써 알고 있어요
오늘만은 정말이지
날 울리지 말아요
예전처럼 한번만 더
날 꼭 안아주세요
아무리 몸부림쳐도
헤어져야 하는데
어차피 떠날 사람을
붙잡을 수 있나
아무런 말도 하지 말아요
책임질 수 없다면
사랑의 슬픔도
사랑의 아픔도
모르는 사람들처럼

아무리 몸부림쳐도
헤어져야 하는데
어차피 떠날 사람을
붙잡을 수 있나
아무런 말도 하지 말아요
책임질 수 없다면
사랑의 슬픔도
사랑의 아픔도
모르는 사람들처럼
사랑의 슬픔도
사랑의 아픔도
모르는 사람들처럼"
군산항아 (2017 Ver.),153,철희,"바람에 날리는 눈꽃처럼
내 사랑 당신은 날아가 버렸어요
군산항에 울려 퍼지는
뱃고동 소리는
내 마음을 슬프게 하네요
어제도 오늘도 군산항 부둣가에
떠나간 그 님을 기다린다
군산항아 갈매기야
이 내 마음 들리거든 그 님에게
소식 좀 전해 전해다오
바람에 날리는 눈꽃처럼
내 사랑 당신은 날아가 버렸어요
군산항에 울려 퍼지는
뱃고동 소리는
내 마음을 슬프게 하네요
어제도 오늘도 군산항 부둣가에
떠나간 그 님을 기다린다
군산항아 갈매기야
이 내 마음 들리거든 그 님에게
소식 좀 전해 전해다오
어제도 오늘도 군산항 부둣가에
떠나간 그 님을 기다린다
군산항아 갈매기야
이 내 마음 들리거든 그 님에게
소식 좀 전해 전해다오
소식 좀 전해 전해다오"
사랑했어요,429,김다현,"돌아서 눈감으면 잊을까
정든님 떠나가면 어이해
발길에 부딪히는 사랑의 추억
두눈에 맺혀지는 눈물이여
이제와 생각하면 당신은
내마음 깊은 곳에 찾아와
사랑은 기쁨보다 아픔인 것을
나에게 심어주었죠
사랑했어요 그땐 몰랐지만
이마음 다바쳐서 당신을 사랑했어요
이젠 알아요 사랑이 무언지
마음이 아프다는 걸
돌아서 눈감으면 잊을까
정든님 떠나가면 어이해
발길에 부딪히는 사랑의 추억
두눈에 맺혀지는 눈물이여
사랑했어요 그땐 몰랐지만
이마음 다바쳐서 당신을 사랑했어요
이젠 알아요 사랑이 무언지
마음이 아프다는 걸
돌아서 눈감으면 잊을까
정든님 떠나가면 어이해
발길에 부딪히는 사랑의 추억
두눈에 맺혀지는 눈물이여
발길에 부딪히는 사랑의 추억
두눈에 맺혀지는 눈물이여"
부초 같은 인생,94,박성온,"내 인생 고달프다 울어본다고
누가 내 맘 알 리요
어차피 내가 택한 길이 아니냐
웃으면서 살아가 보자
천 년을 살리요
몇 백 년을 살다 가리요
세상은 가만있는데
우리만 변하는 구려
아아아아 아아아아
부초 같은 우리네 인생
아아아아아 우리네 인생

한 걸음 길을 걷다 돌아다보니
보랏빛 내 인생
웃으며 걸어왔던 길이 아니냐
후회 없이 살아가 보자
천 년을 살리요
몇 백 년을 살다 가리요
세상은 가만있는데
우리만 변하는 구려
아아아아 아아아아
부초 같은 우리네 인생
아아아아아 우리네 인생
아아아아아 우리네 인생"
네박자,430,송대관,"네가 기쁠때 내가 슬플때
누구나 부르는 노래
내려보는 사람도 위를보는 사람도
어차피 쿵짝이라네

쿵짝쿵짝 쿵짜자 쿵짝 네박자 속에
사랑도 있고 이별도 있고 눈물도 있네
한구절 한고비 꺽어 넘을때
우리네 사연을 담는
울고웃는 인생사 연극같은 세상사
세상사 모두가 네박자 쿵짝

쿵짝 쿵짝 쿵짜자 쿵짝 네박자 속에
사랑도 있고 이별도 있고 눈물도 있네
짠짠 짜리라라 짠짠짠
짜자 짜리리라라 짜라짜

나 그리울때 너 외로울때
혼자서 부르는 노래
내가 잘난 사람도 지가 못난 사람도
어차피 쿵짝이라네

쿵짝쿵짝 쿵짜작 쿵짝 네박자 속에
사랑도 있고 이별도 있고 눈물도 있네
한구절 한고비 꺽어 넘을때
우리네 사연을 담는
울고 웃는 인생사 소설 같은 인생사
세상사 모두가 네박자 쿵짝 -"
아빠의 청춘,795,오기택,"이세상의 부모마음
다같은 마음
아들딸이 잘되라고
행복하라고
마음으로 빌어주는
박영감인데
노랭이라 비웃으며
욕하지마라
나에게도 아직까지
청춘은 있다 헤이
원더풀 원더풀
아빠의 청춘
부라보 부라보
아빠의 인생

세상구경 서울구경
참좋다마는
돈있어야 제일이지
없으면 산통
마음착한 며느리를
내몰라보고
황소고집 부리다가
큰코다쳤네
나에게도 아직까지
꿈이야 있다
원더풀 원더풀
아빠의 청춘
부라보 부라보
아빠의 인생"
빗속을 둘이서,78,김란영,"너의맘 깊은곳에
하고싶은 말있으면
고개들어 나를보고
살며시 얘기하렴
정녕말을 못하리라
마음깊이 새겼다면
오고가는 눈빛으로
나에게 전해주렴

아무도없는 여기서
저돌담 끝까지
다정스런 너와내가 손잡고

이 빗속을 걸어갈까요
둘이서 말없이 갈까요
아무도없는 여기서
저돌담 끝까지
다정스런 너와 내가 손잡고"
새벽비,177,혜은이,"새벽비가 주룩주룩
저 길을 적시네
새벽비가 주룩주룩
지붕을 적시네
빅빅빅빅 기적이 울리면
이제 정말 나는 갑니다
새벽비가 주룩주룩
창문을 적시네
새벽비가 주룩주룩
얼굴을 적시네
빅빅빅빅 여운을 남기고
새벽차는 떠나갑니다
아하 아하하 하
사랑하고 있는데
아하 아하하 하
내 마음 어디로 가나
비를 뚫고 칙칙칙칙
기차는 달려가네
정을 두고 칙칙칙칙
한없이 달려가네
빅빅빅빅 메아리를 남기고
이제 정말 나는 갑니다

아하 아하하 하
사랑하고 있는데
아하 아하하 하
내 마음 어디로 가나
비를 뚫고 칙칙칙칙
기차는 달려가네
정을 두고 칙칙칙칙
한없이 달려가네
빅빅빅빅 메아리를 남기고
이제 정말 나는 갑니다
이제 정말 나는 갑니다
이제 정말 나는 갑니다
이제 정말 나는 갑니다"
어디서 무엇이 되어 다시 만나랴,86,유심초,"저렇게 많은 별들중에
별하나가 나를 내려본다
이렇게 많은 사람중에
그 별 하나를 쳐다본다
밤이 깊을수록 별은
밝음속에 사라지고
나는 어둠속으로 사라진다
이렇게 정다운 너하나 나하나는
어디서 무엇이 되어 다시 만나랴
너를 생각하면 문득
떠오르는 꽃한송이
나는 꽃잎에 숨어서 기다리리
이렇게 정다운 너하나 나하나는
나비와 꽃송이 되어 다시 만나자

밤이 깊을수록 별은
밝음속에 사라지고
나는 어둠속으로 사라진다
이렇게 정다운 너하나 나하나는
어디서 무엇이 되어 다시 만나랴
너를 생각하면 문득
떠오르는 꽃한송이
나는 꽃잎에 숨어서 기다리리
이렇게 정다운 너하나 나하나는
나비와 꽃송이 되어 다시만나자"
님의 향기,792,김란영,"밤새 갈바람 잠을 잔 듯이
조용한 바람인 듯 눈을 감으면
님의 모습인가 향기인 듯한
생각에 눈시울 적셔옵니다

이별이 아닌데도 님이 떠난 후
텅빈 가슴 어쩔 수 없어요
견디기 힘든 아픔만

까맣게 태워버린 밤 너무 허전해
뜨거운 가슴으로 길을 나서도
막상 갈곳이 없어요

못다준 사랑의 아쉬움이 가슴에 남아있는데
오직 그대곁에 머물고 있는
사랑하는 내 마음

이별이 아닌데도 님이 떠난 후
텅빈 가슴 어쩔 수 없어요
견디기 힘든 아픔만

까맣게 태워버린 밤 너무 허전해
뜨거운 가슴으로 길을 나서도
막상 갈곳이 없어요

못다준 사랑의 아쉬움이 가슴에 남아있는데
오직 그대곁에 머물고 있는
사랑하는 내 마음

사랑하는 내 마음 -"
뿔났어 (Trot Ver.),193,라니,"살랑살랑 애교많은 내가 좋아
짧은 치마 어울리는 내가 좋아
날 보려는 사람들이 줄을 섰죠
오늘도 대박이예요

그대만 왜 몰라요
이런 날 왜 몰라요
아무나 날 사귈 수 없다는 걸
질투나도 아닌 척
좋으면서 싫은 척
이런 날 놓치고서 울지마요

뿔났어 뿔났어 약올리지마
왔다갔다 헷갈려 그러지마요
뿔났어 뿔났어 장난치지마
비단같은 내 맘에 대못 박지 마요
뿔났어 뿔났어 야이야이야
뿔났어 뿔났어 그러지마요
뿔났어 뿔났어 야이야이야
뿔났어 뿔났어 상처주지마요

찰랑찰랑 긴머리가 너무 좋아
예쁜 얼굴 착한 몸매 보러와요
관광버스 대절해도 모자라죠
한 눈에 기절이예요

그대만 왜 몰라요
이런 날 왜 몰라요
아무나 날 사귈 수 없다는 걸
질투나도 아닌 척
좋으면서 싫은 척
이런 날 놓치고서 울지마요

뿔났어 뿔났어 약올리지마
왔다갔다 헷갈려 그러지마요
뿔났어 뿔났어 장난치지마
비단같은 내 맘에 대못 박지 마요
뿔났어 뿔났어 야이야이야
뿔났어 뿔났어 그러지마요
뿔났어 뿔났어 야이야이야
뿔났어 뿔났어 상처주지마요

뿔났어 뿔났어 대못 박지 마요"
수리수리술술,494,서지오,"수리수리술술 잘 풀릴 거야
당신 사랑 내 사랑을
두 가슴에 담아서
흔들어 흔들어 비비고 비비고
맛있게 비비면
세상 모든 일이 거짓말처럼
수리수리술술 잘 풀릴 거야
사랑이 아파 눈물이 나는 날도
세상살이 힘이 들어도
당신과 내가 마음을 기대고
흔들어 흔들어 비비고 비비면
잘 풀릴 거야 세상 모든 일이
수리수리술술 잘 풀릴 거야
우리들의 사랑도 잘 풀릴 거야
수리수리술술 잘 풀릴 거야
수리수리수리수리
수리수리술술 잘 풀릴 거야
당신 사랑 내 사랑을
두 가슴에 담아서
흔들어 흔들어 비비고 비비고
밤새도록 비비면
세상 모든 일이 거짓말처럼
수리수리술술 잘 풀릴 거야
가슴이 아파 눈물이 나는 날도
세상이 아파 몸살이 나도
당신과 내가 마음을 기대고
흔들어 흔들어 비비고 비비면
잘 풀릴 거야 세상 모든 일이
수리수리술술 잘 풀릴 거야
우리들의 사랑도 잘 풀릴 거야
수리수리술술 잘 풀릴 거야
두 손을 잡고 밤새도록 비비고
수리수리술술"
나를 살게하는 사랑 (Trot Ver.),644,금잔디,"나를 살게하는 사랑
아무 이유없는 사랑
거기에 있어요 멀어지지마요
내가 아파 할게요
바라보는것도 사랑
기다리는것도 사랑
그리움에 가슴이 저린것도
내겐 사랑입니다
나를 살게하는 사랑
아무 이유없는 사랑
거기에 있어요 멀어지지마요
내가 아파할게요
계절이 오듯이 그래
매일 숨쉬듯이 그래
이유없이 시작한 이마음은
그래 사랑입니다
나를 살게하는 사랑
아무 이유없는 사랑
거기에 있어요 멀어지지마요
내가 아파할게요
그댈 사랑합니다"
삼천포 아가씨,"2,343",박서진,"비내리는 삼천포에
부산배는 떠나간다
어린 나를 울려놓고
떠나는 내님이여
이제가면 오실 날짜
일년이요 이년이요
돌아와요 네 돌아와요
네 삼천포 내 고향으로
조개껍질 옹기종기
포개놓은 백사장에
소꼽장난 하던시절
잊었나 님이시여
이배타면 부산마산
어디든지 가련 만은
기다려요 네 기다려요
네 삼천포 아가씨는"
감사,476,나훈아,"바람만 스쳐가도 아팠던 세월
추웠던 겨울은 가고
따스한 봄 향기로
소리 없이 내 곁에 다가왔네
밤하늘에 달빛마저 숨죽이고
숨어 울던 지난 세월 속에
눈물로 얼룩졌던
그 세월에 슬픔을 감사하리
상처 입은 그 사랑이
주름진 세월이 되고
구부러진 가지 끝에서
새싹이 피어나듯이
아픔의 기억들이 이제는 감사되어
노래하며 달래네
그 아팠던 추억들이
아픔의 기억이 되고
엎질러진 술잔 사이로
후회마저 사치스러운
가슴에 묻힌 슬픔 이제는 감사되어
내 노래가 되었네"
엄지 척,"2,467",양지은,"엄지 엄지 척
엄지 엄지 척
자상하고 다정다감해
보면 볼수록 알면 알수록
매력이 넘쳐요
엄지 엄지 척
엄지 엄지 척
천생연분 내 사랑이에요
그냥 좋아요 왠지 좋아요 엄지 척
평범하고 편안한 속이 깊은 이 남자
사람 냄새가 풍겨서 좋아요
성실하고 진실한 믿음직한 내 남자
당신을 정말로 사랑해
엄지 엄지 척
엄지 엄지 척
자상하고 다정다감해
보면 볼수록 알면 알수록
매력이 넘쳐요
엄지 엄지 척
엄지 엄지 척
천생연분 내 사랑이에요
그냥 좋아요 왠지 좋아요 엄지 척
오늘보다 내일을 약속하고 싶어요
꿈과 희망이 있어서 좋아요
평생토록 나만을 지켜준다 말해요
당신을 영원히 사랑해
엄지 엄지 척
엄지 엄지 척
자상하고 다정다감해
보면 볼수록 알면 알수록
매력이 넘쳐요
엄지 엄지 척
엄지 엄지 척
천생연분 내 사랑이에요
그냥 좋아요 왠지 좋아요 엄지 척
엄지 엄지 척
엄지 엄지 척
자상하고 다정다감해
보면 볼수록 알면 알수록
매력이 넘쳐요
엄지 엄지 척
엄지 엄지 척
천생연분 내 사랑이에요
그냥 좋아요 왠지 좋아요 엄지 척
사랑해요 내 사랑 엄지 척
엄지 척"
카사노바,533,최수호,"사랑을 이야기할 때
내 눈을 바라봐 줘요
그대의 눈빛 속에
나 지금 어디 있나요
당신 땜에 아파요
아야야 아야야
잊지 못할 키스로
또다시 날 믿게 해줘
그댄 카사노바 카사노바
미치도록 뜨겁게
정말 사랑해요 사랑했어요
섹시한 남자 그 남자
그댄 카사노바 카사노바
사랑 장난인가요
잠깐 반짝반짝 그런 건가요
라이터 불을 켠 만큼

폭풍처럼 강하게
때로는 초콜릿처럼
아슬아슬 녹일 듯
사랑을 속삭여주던
당신 땜에 아파요
아야야 아야야
잊지 못할 키스로
또다시 날 믿게 해줘
그댄 카사노바 카사노바
미치도록 뜨겁게
정말 사랑해요 사랑했어요
섹시한 남자 그 남자
그댄 카사노바 카사노바
사랑 장난인가요
잠깐 반짝반짝 그런 건가요
라이터 불을 켠 만큼
그댄 카사노바 카사노바
그댄 카사노바 카사노바"
여백,43,김종환,"얼굴이 잘생긴 사람은
늙어 가는 게 슬프겠지
아무리 화려한 옷을 입어도
저녁이면 벗게 되니까
내 손에 주름이 있는 건
길고 긴 내 인생에 훈장이고
마음에 주름이 있는 건
버리지 못한 욕심에 흔적
청춘은 붉은 색도 아니고
사랑은 핑크빛도 아니더라
마음에 따라서 변하는
욕심 속 물감의 장난이지
그게 인생인거야
전화기 충전은 잘 하면서
내 삶은 충전하지 못하고 사네
마음에 여백이 없어서
인생을 쫓기듯 그렸네
청춘은 붉은 색도 아니고
사랑은 핑크빛도 아니더라
마음에 따라서 변하는
욕심 속 물감의 장난이지
그게 인생인거야
전화기 충전은 잘 하면서
내 삶은 충전하지 못하고 사네
마음에 여백이 없어서
인생을 쫓기듯 그렸네
마지막 남은 나의 인생은
아름답게 피우리라"
카페인 그녀,180,윤준협,"아메리카노 아이스 아메리카노
차가운 그 느낌이 좋아
아무리 뭐라케도 좋아
핫할 때는 핫하게 차가울 땐 차갑게
내 마음을 사로잡는 그녀는 카페인
오 카페인 카페인 카페인 카페인처럼
심장에 녹아내려 두근 두근 두근
몰라 몰라 몰랐네 이런 사랑일 줄
오 제길 카페인 러버 예
클나 클났다 정말 클나 클났다
밤새도록 잠 못 자는 일
향 진한 에스프레소 같아
그윽하게 향기롭게 날 채워주고
지루했던 날들에 그녀는 카페인
오 카페인 카페인 카페인 카페인처럼
심장에 녹아내려 두근 두근 두근
몰라 몰라 몰랐네 이런 사랑일 줄
오 제길 카페인 러버
오 카페인 카페인 카페인 (카페인)
오 오 오 오 예 예
몰라 몰라 몰랐네 이런 사랑일 줄
오 제길 카페인 러버
내 사랑 카페인 그녀"
하루끝에,68,윤태화,"오늘도 웃었어요 그래야 하니까
지금 짓는 이 표정은 숨길수록 좋은걸요
입술을 깨물어도 터지는 이 눈물로
당신 앞에서 이렇게 하소연하네

지친 하루끝에 내가 작아질 때
그나마 당신 있어 내가 사나 봐

하루끝에 당신 만나면 내 당신 품에 그저 안기면 걱정도 멈춤 슬픔도 멈춤 약한 마음 멈추고 살아야 할 이유를 느껴요
외로운 나를 안아주면은

눈물은 뚝하자 다짐하고서
당신 품에 잠이 듭니다

하루끝에 당신 만나면 내 당신 품에 그저 안기면 걱정도 멈춤 슬픔도 멈춤 약한 마음 멈추고 살아야 할 이유를 느껴요
외로운 나를 안아주면은
약해지면 안되지 다짐하고서
당신 품에 잠이 듭니다
당신 품에 잠이 듭니다"
눈이 내리네,347,이숙,"눈이 나리네
당신이 가 버린 지금
눈이 나리네
외로워지는 내 마음
꿈에 그리던
따뜻한 미소가
흰 눈 속에 가려져
보이지 않네
하얀 눈을 맞으며
걸어가는 그 모습
애처로이 불러도
하얀 눈만 내리네
라 라 라 라
라 라 라 라 라 라
라 라 라 라
라 라 라 라 라 라
눈이 내리는
외로운 이 밤을
눈물로 지새우는
나는 외로운 소녀
하얀 눈을 맞으며
떠나 버린 이 길에
하얀 눈만 내리네
수북 수북 쌓이네
하얀 눈만 내리네
수북 수북 쌓이네
라 라 라 라
라 라 라 라 라 라
라 라 라 라
라 라 라 라 라 라"
빗속의 여인,497,김추자,"잊지 못 할 빗속에 여인
그 여인을 잊지 못 하네
노오오란 레인코드에
검은 눈동자 잊지 못 하네
다정하게 미소지며..
검은 우산을 받쳐주네
내리는 빗방울 바라보며
말없이 말없이 걸었네
잊지 못 할 빗속에 여인
그 여인을 잊지 못 하네

다정하게 미소지며..
검은 우산을 받쳐주네
내리는 빗방울 바라보며
말없이 말없이 걸었네
잊지 못 할 빗속에 여인
그 여인을 잊지 못 하네"
정 하나 준 것이,276,현당,"가슴이 답답해서
창문을열고
새벽 찬바람 마셔봐도
님인지 남인지
올건지 말건지
이밤도 다가고
새벽달 기우네
내 너를 잊으리라
입술깨물어도
애꿎은 가슴만 타네
정 하나준것이
이렇게 아픈줄 몰랐네
아 몰랐네

가슴이 답답해서
창문을열고
새벽 찬바람 마셔봐도
님인지 남인지
올건지 말건지
이밤도다가고
새벽달기우네
내 너를 잊으리라
입술깨물어도
애꿎은 가슴만 타네
정 하나준것이
이렇게 아픈줄 몰랐네
아 몰랐네
정 하나준것이
이렇게 아픈줄 몰랐네
아 몰랐네"
고향 가는길,139,김용임,"열차야 달려가자 버스야 달려가자
목단꽃이 붉게피는 그리운 고향으로
부모 형제 기다리는
친구들이 기다리는
추석이 좋아 설날이 좋아
웃음꽃 피네
아 아 아 내 고향으로 열차야 가자
열차야 쉬어가자 버스야 쉬어가자
채송화가 곱게피는 그리운 고향으로
부모 형제 반겨주는
친구들이 반겨주는
추석이 좋아 설날이 좋아
웃음꽃 피네
아 아 아 내 고향으로 버스야 가자
아 아 아 내 고향으로 열차야 가자"
보고싶은 여인아,485,조용필,"한손에 술잔을 들고서 마음엔 여인을 담고
세월을 마셔 보노라 그날을 되새기면서
내눈가에 이슬이 젖고 흩어진 머리위로 흘러내리는
궂은비는 궂은비는 내맘에 눈물인가요

지금은 없네 지금은 가고없네 떠나가버린 여인아
보고싶은 여인아

파도같은 정을 남기고 돌아선 그대의모습
옛날을 남겨 놓고서 진정떠나야만 했나
보고싶은 여인의 서글픈 모습이 떠오르며는
정에취해 정에취해 서럽게 울어도보자"
당돌한 여자,431,서주경,"일부러 안 웃는거 맞죠
나에게만 차가운거 맞죠
알아요 그대 마음을
내게 빠질까봐 두려운거죠
그대는 그게 매력이예요
관심없는 듯한 말투 눈빛
하지만 그대 시선을
나는 안보고도 느낄 수 있죠
집으로 들어가는 길인가요
그대의 어깨가 무거워보여
이런 나 당돌한가요
술 한잔 사주실래요
야이야이야이야이
날 봐요
우리 마음 속이지는 말아요
날 기다렸다고
먼저 얘기하면
손해라도 보나요
야이야이야이야이
말해요
그대 여자 되달라고 말해요
난 이미 오래 전
그대 여자이고 싶었어요
애인이 없다는거 맞죠
혹시 숨겨둔 건 아니겠죠
믿어요 그대의 말을
행여 있다해도 양보는 싫어
그대는 그게 맘에 들어
여자 많을듯한 겉 모습에
사실은 아무에게나
마음 주지않는 그런 남자죠
집으로 들어가는 길인가요
그대의 어깨가 무거워보여
이런 나 당돌한가요
술 한잔 사주실래요
야이야이야이야이
날 봐요
우리 마음 속이지는 말아요
날 기다렸다고
먼저 얘기하면
손해라도 보나요
야이야이야이야이
말해요
그대 여자 되달라고 말해요
난 이미 오래 전
그대 여자이고 싶었어요"
바다가 육지라면,813,홍지윤,"얼마나 멀고 먼지
그리운 서울은
파도가 길을 막아
가고파도 못 갑니다
바다가 육지라면
바다가 육지라면
배 떠난 부두에서
울고 있지 않을 것을
아아 바다가 육지라면
이별은 없었을 것을
어제 온 연락선은
육지로 가는데
할 말이 하도 많아
하고파도 못합니다
이 몸이 철새라면
이 몸이 철새라면
뱃길에 훨훨 날아
어데론지 가련만은
아아 바다가 육지라면
눈물은 없었을 것을"
어서 말을 해,226,김연숙,"너너는 바보야 그를 잡고 말을 못하면
너는 바보야 사랑한단 한마디
그를 잡고 말을 못 하면 떠나가버려
어서 말을 해 흔적없는 거리 거리마다
말 못하는 사람들 뿐이야 정만 주면
무슨 소용이 있나 가고나면
울고말 것을 미워하면 무슨
소용 있나 가고나면 후회할것을

흔적없는 거리 거리마다 말 못하는
사람들 뿐이야 정만 주면 무슨
소용이 있나 가고나면 울고말것을
미워하면 무슨 소용 있나
가고 나면 후회할 것을
어서 말을 해 어서 말을 해
어서 말을 해 어서 말을 해
어서 말을 해 어서 말을 해
어서 말을 해 어서 말을 해
어서 말을 해 어서 말을 해"
찻잔의 이별,74,최유나,"그대와 나의 찻잔이 자꾸만 식어 가는데
뜨겁던 우리 찻잔이 싸늘히 식어 가는데
우리는 말을 잊었네 할 말은 서로 많은데
마시는 것도 잊었네 가슴은 타고 있는데
그렇게도 뜨거웠는데 그렇게도 행복했는데
무슨 잘못으로 이렇게 싸늘하게 식어 버렸나
이제는 식은 찻잔에 이별을 타서 마시고
조용히 일어서야지 눈물을 보이기 전에

그렇게도 뜨거웠는데 그렇게도 행복했는데
무슨 잘못으로 이렇게 싸늘하게 식어 버렸나
이제는 식은 찻잔에 이별을 타서 마시고
조용히 일어서야지, 눈물을 보이기 전에
눈물을 보이기 전에"
나무와 새,147,진시몬,"진달래가 곱게 피던 날
내 곁에 날아오더니
작은 날개 가만히 접어서
내 마음에 꿈을 주었죠
이젠 서로 정이 들어서
떨어져 살수 없을 때
외로움을 가슴에 안은 채
우린 서로 남이 된 거죠
신록이 푸르 던 날도
어느덧 다 지나가고
내 모습은 이렇게 내 모습은 이렇게
야위어만 가고 있어요
내 마음은 이렇게 내 마음은 이렇게
병이 들어가고 있어요
아픈 마음 달래가면서
난 누굴 기다리나요
하염없이 눈물이 자꾸만
잎새 되어 떨어지는데

신록이 푸르 던 날도
어느덧 다 지나가고
내 모습은 이렇게 내 모습은 이렇게
야위어만 가고 있어요
내 마음은 이렇게 내 마음은 이렇게
병이 들어가고 있어요
아픈 마음 달래가면서
난 누굴 기다리나요
하염없이 눈물이 자꾸만
잎새 되어 떨어지는데
하염없이 눈물이 자꾸만
잎새 되어 떨어지는데"
고독한 남자,128,조원석,"나나나나나나 나나나나나나나
언제나 난 고독한 남자니까
나는 나는 니가 좋아
그냥 그냥 니가 좋아
너 좋은 이유
아무 이유 없잖아
못생겨서 날 버렸니
돈이 없어 날 버렸니
날 버린 이유
아무 이유 없잖아
널 만나 사랑을 배웠는데
이별이 보너스라니
울지마 괜찮아
난 터프하니까
이 세상 여자 너밖에 없냐
갈테면 가라 갈테면 가라
올테면 와라 올테면 와라
오늘도 난 술 한잔에
내 몸을 적신다
갈테면 가라 갈테면 가라
올테면 와라 올테면 와라
언제나 난 고독한 남자니까
아직도 불타는 내 가슴에
그대여 소화기를 뿌려주오
갈갈이 찢긴 내 가슴을
그대여 딱풀로 붙여주오
너 땜에 구멍난 카드 값
그대여 반만 매꿔주오
난 사랑에 굶주린
고독한 남자라니까
나는 나는 니가 좋아
그냥 그냥 니가 좋아
너 좋은 이유
아무 이유 없잖아
못생겨서 날 버렸니
돈이 없어 날 버렸니
날 버린 이유
아무 이유 없잖아
널 만나 행복을 맛봤는데
눈물이 디저트라니
웃어봐 좋잖아 또 시작하면 돼
이 세상 여자 너 밖에 없냐
갈테면 가라 갈테면 가라
올테면 와라 올테면 와라
오늘도 난 술 한잔에
내 몸을 적신다
갈테면 가라 갈테면 가라
올테면 와라 올테면 와라
언제나 난 고독한 남자니까
나나나나나나 나나나나나나나
언제나 난 고독한 남자니까"
뜨거운 안녕,481,쟈니리,"또 다시 말해주오 사랑하고 있다고
별들이 다정히 손을 잡는 밤
기어이 가신다면 헤어집시다
아프게 마음 새긴 그 말 한마디
보내고 밤마다 울음이 나도
남자답게 말하리라 안녕이라고
뜨겁게 뜨겁게 안녕이라고
또 다시 말해주오 사랑하고 있다고
비둘기 나란히 구구 대는데
기어이 떠난다면 보내 드리리
너무도 깊이 맺힌 그 날밤 입술
긴긴 날 그리워 몸부림 쳐도
남자답게 말하리라 안녕이라고
뜨겁게 뜨겁게 안녕이라고"
꽃나비사랑,346,이상번,"랄라라라라 난나라랄라
내 사랑 꽃나비 사랑
꽃나비가 되어 날아가고파
그대 품에 안기고 싶어
살랑살랑대며 외면한 당신
내 품에 돌아와 줘요
산이 높아 내게 못 오시나
길이 멀어 못오나
야이야이야 나는 알아요
당신의 그 마음을
꽃나비가 되어서 날아와줘요
내사랑 꽃나비 사랑
꽃나비가 되어 날아가고파
그대 품에 안기고 싶어
산들산들 부는 바람에 실어
내사랑 전해주고파
강이 깊어 내게 못 오시나
길이 멀어 못오나
야이야이야 나는 알아요
당신의 그 마음을
꽃나비가 되어서 날아와줘요
내사랑 꽃나비 사랑
랄라라라라 난나라랄라
내 사랑 꽃나비 사랑
꽃나비가 되어 날아가고파
그대 품에 안기고 싶어
살랑살랑대며 외면한 당신
내 품에 돌아와 줘요
산이 높아 내게 못 오시나
길이 멀어 못오나
야이야이야 나는 알아요
당신의 그 마음을
꽃나비가 되어서 날아와줘요
내사랑 꽃나비 사랑
야이야이야 나는 알아요
당신의 그 마음을
꽃나비가 되어서 날아와줘요
내사랑 꽃나비 사랑
내사랑 꽃나비 사랑"
가거라 삼팔선,875,진해성,"아 산이 막혀 못 오시나요
아 물이 막혀 못 오시나요
다 같은 고향 땅을 가고 오련만
남북이 가로 막혀 원한 천리길
꿈마다 너를 찾아
꿈마다 너를 찾아
삼팔선을 탄한다
아 꽃필때나 오시려느냐
아 눈올때나 오시려느냐
보따리 등에 매고 넘는 고개길
산새도 나와 함께 울고 넘었지
자유여 너를 위해
자유여 너를 위해
이 목숨을 바친다"
해운대 엘레지,"1,004",진해성,"언제까지나 언제까지나
헤어지지 말자고
맹세를 하고 다짐을 하던
너와 내가 아니냐
세월이 가고 너도 또 가고
나만 혼자 외로이
그 때 그 시절 그리운 시절
못 잊어 내가 운다
백사장에서 동백섬에서
속삭이던 그 말이
오고 또가는 바닷물타고
들려오는 지금도
이제는 다시 두번 또 다시
만날길이 없다면
못난 이별을 던져버리자
저 바다 멀리 멀리"
천생연분,298,나훈아,"인연이라는 강물위에다
부부라는 배 띄워놓고
당신이라는 이름으로
같은 배를 탄 사람
행복도 가득 꿈도 가득
사랑까지 가득싣고서
두 마음 하나로
꽁꽁 묶어서
세월을 저어갑니다.

인생이라는 강물위에다
천생연분 배 띄워놓고
당신도 여보 나도 여보
같은 배를 탄 사람
행복도 시작 꿈도 시작
이별없는 사랑도 시작
두 몸을 하나로 꽁꽁 묶어서
세월을 저어갑니다.
두 마음 하나로 꽁꽁 묶어서
세월을 저어갑니다."
이따 이따요,866,강예슬,"가끔은 짧은 치마를 입고
가끔은 짙은 화장을 하면
아주 낯선 시선들이
하나 둘 다가와요
여자니 미소 한 번 건네고
여자니 한 번쯤은 튕기고
마지못해 대답해주면
어느새 내게로 와
안 돼 안 돼 좀 이따 이따 이따요
그래 그래 더 이따 이따 이따요
우린 아직 모르는 게 너무나 많아요
안 돼 안 돼 더 다가오지 마세요
그래 그래 더 조그만 더 천천히
정말 나를 원한다면 아껴주세요
처음엔 달콤한 말뿐이죠
이래도 저래도 다 좋대요
남자들은 똑같아요
조금만 천천히요
오늘은 손만 잡아 줄래요
입술은 나중에 허락할래
나의 마음까지 안아줄
그런 남자를 원해
안 돼 안 돼 좀 이따 이따 이따요
그래 그래 더 이따 이따 이따요
여자 맘을 몰라주는
남자는 싫어요
안 돼 안 돼 오늘은 여기까지만
그래 그래 너무 서두르지 마요
정말 나를 원한다면
아 아아
아 아아
아 아아
아 아아
아 껴주세요
아껴줘요"
당신이 아니었다면,417,성리,"내 생애 당신이 아니었다면
어찌 꽃이라 하겠소
모진 세월도 거친 풍랑도
어찌 견뎌왔겠소
젊은 청춘 뜨겁게 덤볐던 세상속에도
당신과 맞잡은 손이라 행복하오
아 아 아 당신이어서
다 아 아 이만큼 왔잖소
모진 내 삶에 꿈길을 내어
당신이 있기에 예까지 올 수 있었소
지금의 당신이 아니었다면 내 삶이
삶이라 하겠소
기역 한 자도 쉼표 한 쉼도
어찌 쓸 수 있겠소
눈물 속에 써내린 내 인생 책만 수백권
그 중에 당신이 있어서 충분했소
아 아 아 당신이어서
다 아 아 이만큼 왔잖소
모진 내 삶에 꿈길을 내어
당신이 있기에 예까지 올 수 있었소
금보다 값진 눈물 내 꿈을 수놓아 준
당신 인생을 그 어떤 보화로
내 생애 다 갚겠소
아 아 아 당신이어서
다 아 아 이만큼 왔잖소
당신이 아니었다면 아니었다면
어찌 아득한 저 길 위를 나홀로 걸었겠소
아 아 아 아 아 아 당신이어서
다 아 아 이만큼 왔잖소
당신이 아니었다면 아니었다면
어찌 아득한 저 길 위를 걸어왔겠소
당신 하나면 충분하오 영원토록"
진정인가요,170,김연자,"미련 없다 그 말이 진정인가요
냉정했던 그 마음이 진정인가요
바닷가를 거닐며 수놓았던 그 추억
잊을 수가 있을까요
돌아설 때 눈물짓던 당신이라면
영원토록 영원토록
죽어도 못 잊을 겁니다
잊어달라 그 말이 진정인가요
돌아서던 그 마음이 진정인가요
오솔길을 거닐며 주고받던 그 사랑
잊을 수가 있을까요
돌아설 때 울음 참던 당신이라면
잊으려도 잊으려도
죽어도 못 잊을 겁니다
오솔길을 거닐며 주고받던 그 사랑
잊을 수가 있을까요
돌아설 때 울음 참던 당신이라면
잊으려도 잊으려도
죽어도 못 잊을 겁니다"
인생이란 꿈이라오,"2,759",장민호,"이제 다시 뒤돌아가기엔
너무 멀리 와버린
인생이란 아득한 길
눈물이 나도
후회는 하지 않아요
쏟아지는 빗줄기처럼
내 갈 길을 막아선
운명이란 이름 앞에
흔들릴 때마다
가리라 가리라
이대로 떠나리라
인생이란 꿈이라오
지금 여기 어디쯤인지
정신없이 달려온
구비 구비 길목마다
추억 많아도
뒤돌아 가지 않아요
쏟아지는 빗줄기처럼
내 앞길을 막아선
운명이란 이름 앞에
흔들릴 때마다
가리라 가리라
이대로 떠나리라
인생이란 꿈이라오
쏟아지는 빗줄기처럼
내 갈 길을 막아선
운명이란 이름 앞에
흔들릴 때마다
가리라 가리라
이대로 떠나리라
인생이란 꿈이라오"
사랑의 밧줄,172,트둥이(이송연&오유진),"밧줄로 꽁꽁
밧줄로 꽁꽁
단단히 묶어라
내 사랑이 떠날 수 없게
사랑의 밧줄로 꽁꽁 묶어라
내 사랑이 떠날 수 없게
당신 없는 세상은 단 하루도
나 혼자서 살 수가 없네
바보같이 떠난다니
바보같이 떠난다니
나는 나는 어떡하라고
밧줄로 꽁꽁
밧줄로 꽁꽁
단단히 묶어라
내 사랑이 떠날 수 없게
밧줄로 꽁꽁
밧줄로 꽁꽁
단단히 묶어라
사랑의 밧줄로 꽁꽁 묶어라
그 사람이 떠날 수 없게
당신 없는 세상은 나 혼자서
아무것도 할 수가 없네
나를 두고 떠난다니
나를 두고 떠난다니
정말 정말 믿을 수 없어
밧줄로 꽁꽁
밧줄로 꽁꽁
단단히 묶어라
그 사람이 떠날 수 없게
밧줄로 꽁꽁
밧줄로 꽁꽁
단단히 묶어라
밧줄로 꽁꽁
밧줄로 꽁꽁
단단히 묶어라
내 사랑이 떠날 수 없게
내 사랑이 떠날 수 없게
내 사랑이 떠날 수 없게"
안 돼요 안 돼,481,재하,"무슨 말을 해야 만이
내게로 오시렵니까
아무말도 하지 않는
이 내 맘을 모르시나요
이렇다 할 말도 없이
떠나려만 하신답니까
이 가슴에 새긴 정을
그대 어찌 모르십니까
안돼요 안돼
그리는 못합니다
울면서 애원했건만
스쳐가는 세월이
나를 울리면
이 몸 홀로 어이합니까
그리워도 보고파도
만날 수는 없는 겁니까
마음 주고 떠나시면
이 내 맘은 어이 하나요
이렇다 할 말도 없이
떠나려만 하신 답니까
이 가슴에 새긴 정을
이 가슴에 새긴 정을
그대 어찌 모르십니까
안돼요 안돼
그리는 못합니다
울면서 애원했건만
스쳐가는 세월이
나를 울리면
이 몸 홀로 어이합니까
스쳐가는 세월이
나를 울리면
이 몸 홀로 어이합니까"
안동역에서,615,김다현,"바람에 날려버린 허무한 맹세였나
첫눈이 내리는 날 안동역 앞에서
만나자고 약속한 사람
새벽부터 오는 눈이 무릎까지 덮는데
안 오는건지 못 오는건지
오지 않는 사람아
안타가운 내 마음만 녹고 녹는다
기적소리 끊어진 밤에
어차피 지워야 할 사랑은 꿈이였나
첫눈이 내리는 날 안동역 앞에서
만나자고 약속한 사람
새벽부터 오는 눈이 무릎까지 덮는데
안 오는건지 못 오는건지
대답 없는 사람아
기다리는 내 마음만 녹고 녹는다
밤이 깊은 안동역에서
기다리는 내 마음만 녹고 녹는다
밤이 깊은 안동역에서"
미안해서 미안해서,165,신유,"당신을 아프게 하고
살아온 지난날들이
얼마나 괴로웠는지
이 마음 모를 겁니다
겉으론 말은 안해도
당신의 깊은 사랑을
알아요 그 맘 알아요
얼마나 생각했는지
그 깊은 속도 모르고
철없이 살아온 지난날들이
미안해서 미안해서
용서를 빌어봅니다
당신이 곁에 있어
내가 있다는 생각에 눈물이나요
겉으론 말은 안해도
당신의 깊은 사랑을
알아요 그 맘 알아요
얼마나 생각했는지
그 깊은 속도 모르고
철없이 살아온 지난날들이
미안해서 미안해서
용서를 빌어봅니다
당신이 곁에 있어
내가 있다는 생각에 눈물이나요
생각에 눈물이나요"
밥만 잘 먹더라 (Cover Ver.),35,미스터 팡,"사랑이 떠나가도
가슴에 멍이 들어도
한 순간뿐이더라
밥만 잘 먹더라
죽는 것도 아니더라
눈물은 묻어둬라
당분간은 일만 하자
죽을 만큼 사랑한
그녀를 알았단 그 사실에 감사하자
이미 지난 일 말하면 뭐해
돌릴 수 없는데
괜히 아픈 가슴만
다시 들춰내서 뭐해 쓸데없게
태어나서 딱 세번만 울게
허락된다는데
괜히 허튼 일들에
아까운 눈물 낭비 말자 오
사랑이 떠나가도
가슴에 멍이 들어도
한 순간뿐이더라
밥만 잘 먹더라
죽는 것도 아니더라
눈물은 묻어둬라
당분간은 일만 하자
죽을만큼 사랑한
그녀를 알았단 그 사실에 감사하자
아주 가끔 니 생각이 나서
슬퍼지려 하면
친구들과 술 한잔
정신없이 취하련다 다 잊게
미워한다고 뭐 달라지나
그냥 사랑할게
단지 볼 수 없단걸
견딜 만큼만 생각할게 오
눈물은 묻어둬라
당분간은 일만 하자
죽을만큼 사랑한
그녀를 알았단 그 사실에 감사하자
바람이 지나간다
시리게 나를 울린다
억지로 참아봐도
자꾸 목이 메어 니 이름을 불러본다"
영동부르스,101,무룡,"헤어지기 싫어서 애태우던 그날 밤
피 눈물에 얼룩진 그대의 모습
어차피 떠나야 할 인연이기에
미련 없이 보냈건만
잊지 못할 그 추억
그날 밤 터미널엔 비가 내렸지
아아 영동 아아 영동 영동부르스
그대와 만나던 곳 서초동 주점에는
들창문을 때리는 밤 비 소리 뿐
되돌아올 수 없는 그대이지만
술잔을 마주 잡고
행복만을 빌었소
그 누가 불러주나 추억의 노래
아아 영동 아아 영동 영동부르스
아아 영동 아아 영동 영동부르스"
미워요,225,박민수,"여자 여자 여자의
눈물이 미워요
죽도록 사랑하면서
두 번 다시 만나지 못해
보고싶단 말도
한 마디 전하지 못한 채
세월은 자꾸 변해만 가는데
잊으려고 애를 써도 못 잊고
술잔을 붙잡고
사랑의 노래를 붙잡고
여자 여자 여자의
눈물이 미워요
따르고 싶었지만
그럴 수가 없었어요
언젠가는 찾아주겠죠
산 넘고 바다 건너
어젯밤 꿈에 당신을 보았죠
다시 한 번 뜨겁게 사랑을 해주던
마지막 그 모습이
오늘 밤 또 나를 울리네
여자 여자 여자의
작별이 미워요
바보 같은 남자랍니다
단 한 번의 추억만을 간직한
그래도 당신만이
당신만이 사랑이에요
여자 여자 여자의
약속이 미워요
여자 여자 여자의
약속이 미워요"
솔직 이별,270,김수찬,"솔직하게 솔직하게
막힘없이 이런 이별 솔직하게
나떠나서 불행하길
물 떠놓고 매일 기도해
솔직하게 솔직하게
나 놓친 거 후회하길
나만한 사람 절대 없다는 걸
뼈저리게 느끼길
헤어진 연인들이
행복을 빌어준다는
그 말을 난 이해 할 수 없어
1도 이해 못해
다른 사랑 시작해도
내 생각이 자주나길
나만큼 네게 잘해줄 사람 없어
결국 후회하길
사랑하니까 떠난다는 그 말
변명 따윈 필요 없어
사랑하니까 보내준단 그 말
날 더 비참하게 만들어
솔직하게 솔직하게
막힘없이 이런 이별 솔직하게
나떠나서 불행하길
물 떠놓고 매일 기도해
솔직하게 솔직하게
나 놓친 거 후회하길
나만한 사람 절대 없다는 걸
뼈저리게 느끼길
떠논 물이 말라가도
내 바램은 변치 않아
하루하루 슬퍼하길
내 맘은 변치 않아
사랑하니까
떠난다는 그 말
변명 따윈 필요 없어
사랑하니까
보내준단 그 말
날 더 비참하게 만들어
솔직하게 솔직하게
막힘없이
이런 이별 솔직하게
나 떠나서 불행하길
물 떠놓고 매일 기도해
솔직하게 솔직하게
나 놓친 거 후회하길
나만한 사람 절대 없다는 걸
뼈저리게 느끼길
땅을 치며 후회하길"
아이 좋아라,951,진해성,"아이 좋아라 아이 좋아라
예쁜 내 님 아이 좋아라
이리 봐도 내 사랑
저리 봐도 내 사랑
아이좋아 아이좋아라
당신께 사랑을 받기 위해
이 세상에 내가 왔어요
맞잡은 이 손 놓지말 아요
꼭 안아주세요
아이 좋아라 예쁜 내님아

아이 좋아라 아이 좋아라
예쁜 내 님 아이 좋아라
이리 봐도 내 사랑
저리 봐도 내 사랑
아이 좋아 아이 좋아라
당신께 사랑을 받기 위해
이 세상에 내가 왔어요
맞잡은 이 손 놓지 말아요
꼭 안아주세요
아이 좋아라 예쁜 내 님아
맞잡은 이 손 놓지 말아요
꼭 안아주세요
아이 좋아라 예쁜 내 님아"
머나먼 고향,246,신성,"머나먼 남쪽 하늘 아래
그리운 고향

사랑하는 부모형제
이 몸을 기다려

천리타향 낯선 거리
헤매는 발길

한잔 술에 설움을
타서 마셔도

마음은 고향 하늘을
달려갑니다

천리타향 낯선 거리
헤매는 발길

한잔 술에 설움을
타서 마셔도

마음은 고향 하늘을
달려갑니다"
송학사,425,김태곤,"""산모퉁이 바로 돌아
송학사 있거늘
무얼 그리 갈래갈래
깊은 산 속 헤매냐
밤벌레의 울음 계곡
별빛 곱게 내려 앉나니
그리운 맘 님에게로
어서 달려가 보세
밤벌레의 울음 계속
별빛 곱게 내려 앉나니
그리운 맘 님에게로
어서 달려가 보세
어서 달려가 보세
어서 달려가 보세



"""
사랑은 고맙고 이별은 미웁고,62,김성기 (바다새),"사랑하다 헤어지면 이별
이별하다 또 만나면 운명
그러다가 헤어지면 숙명
내가 만든 선택인 것을
난 이미 정해진 숙명 때문에
우리가 또다시 헤어져야 하는가
사랑하는 것도 맘대로
이별하는 것도 맘대로
할 수 있는 거라면
사랑은 고맙고 이별은 미웁고
우연히 만나는 사랑도 필연인 것을
옷깃만 스쳐 가도 인연
스치다가 또 만나면 운명
그러다가 사랑하면 숙명
내가 만든 선택인 것을
난 이미 정해진 숙명 때문에
우리가 또다시 헤어져야 하는가
사랑하는 것도 맘대로
이별하는 것도 맘대로
할 수 있는 거라면
사랑은 고맙고 이별은 미웁고
우연히 만나는 사랑도 필연인 것을
옷깃만 스쳐 가도 인연
스치다가 또 만나면 운명
그러다가 사랑하면 숙명
내가 만든 선택인 것을
내가 만든 선택인 것을"
즐거운 인생,84,채윤,"천년을 살 것처럼
만년을 살 것처럼
옥신각신 전전반측
살아가는 우리네 인생
내 맘이 가는 대로
느낌이 오는 대로
멋지게 살아나 보자
어제 아니면 오늘 이겠지
오늘 아니면 내일 이겠지
아 아 아 아 아 우리네 인생
즐거운 인생
천년을 살 것처럼
만년을 살 것처럼
옥신각신 전전반측
살아가는 우리네 인생
내 맘이 가는 대로
느낌이 오는 대로
멋지게 살아나 보자
어제 아니면 오늘 이겠지
오늘 아니면 내일 이겠지
아 아 아 아 아 우리네 인생
즐거운 인생
아 아 아 아 아 우리네 인생
즐거운 인생"
님과 함께,469,에녹,"멋쟁이 높은 빌딩 으시대지만
유행 따라 사는 것도 제멋이지만
반딧불 초가집도 님과 함께면
나는 좋아 나는 좋아 님과 함께면
님과 함께 같이 산다면
저 푸른 초원 위에
그림 같은 집을 짓고
사랑하는 우리 님과
한 백 년 살고 싶어
봄이면 씨앗 뿌려
여름이면 꽃이 피네
가을이면 풍년 되어
겨울이면 행복하네
멋쟁이 높은 빌딩 으시대지만
유행 따라 사는 것도 제멋이지만
반딧불 초가집도 님과 함께면
나는 좋아 나는 좋아 님과 함께면
님과 함께 같이 산다면
저 푸른 초원 위에
그림 같은 집을 짓고
사랑하는 우리 님과
한 백 년 살고 싶어
멋쟁이 높은 빌딩 으시대지만
유행 따라 사는 것도 제멋이지만
반딧불 초가집도 님과 함께면
나는 좋아 나는 좋아 님과 함께면
님과 함께 같이 산다면
저 푸른 초원 위에
그림 같은 집을 짓고
사랑하는 우리 님과
한 백 년 살고 싶어
봄이면 씨앗 뿌려
여름이면 꽃이 피네
가을이면 풍년 되어
겨울이면 행복하네 겨울이면 행복하네
멋쟁이 높은 빌딩 으시대지만
반딧불 초가집도 님과 함께면
나는 좋아 나는 좋아 님과 함께면
님과 함께 같이 산다면
저 푸른 초원 위에
그림 같은 집을 짓고
사랑하는 우리 님과
한 평생 살고 싶어
이 백 년 살고 싶어
천년만년 살고 싶어"
단현 (끊어진 사랑),172,김수희,"이미 끊어져버린
미련 하나 바라고
청춘이 지나버린
무정한 시간 무정한 이름
우리 악연의 고리를
이쯤에서 끊어 버리자
세월의 울타리를 건너 가면서
너도 가슴을 칠거다

이미 끊어져버린
미련 하나 바라고
청춘이 지나버린
무정한 시간 무정한 이름
우리 악연의 고리를
이쯤에서 끊어 버리자
세월의 울타리를 건너 가면서
너도 가슴을 칠거다

눈물흘려도 슬프지 않고
가슴이 무너져도
미워할수 없던
그런 우리가 없는데
세상은 굴러간다
그러나 날마다 사는 일과
날마다 죽는 일을
어떻게 목숨처럼 사랑한
너에게 배워야 하나
배워야 하나
우리 악연의 고리를
이쯤에서 끊어 버리자
세월의 울타리를 건너 가면서
너도 가슴을 칠거다"
애원,164,전영록,"달빛이 유난히도
밝던 그 어느 날
그 애와 나는 서로를
알 수 있었지
바람이 거세게
불던 그 어느 날
그 애와 나는 영원을
맹세했었지
하지만 그 애는
떠나 버렸고
남겨진 내 모습은
너무나도 처량한데
알 수 없어요 정말
내가 왜 우는건지
그 애가 왜 나를
잊어야만 하는지

하지만 그 애는
떠나 버렸고
남겨진 내 모습은
너무나도 처량한데
알 수 없어요 정말
내가 왜 우는건지
그 애가 왜 나를
잊어야만 하는지"
당신의 눈물,77,태진아,"어제밤 잠든 그대
바라보던 내 눈엔
한줄기 뜨거운 눈물이
흐르고 말았소
그렇게 살아온 긴 세월동안
외로워도 힘들어도 말도 못하고
아 당신은 언제나 눈물을
감추고 있었나

세상이 날 버리고
돌아갈 곳 없는데
괜찮단 그 말 한마디에
난 울고 말았소
언제나 말없이 기다려 준 당신
미안해서 아무말도
할 순 없지만
아 당신은 언제나 눈물을
감추고 있었나
아 당신은 언제나 눈물을
감추고 있었나"
남자답게 사는 법,234,김영배,"크게 한번 웃어봐
멀리 앞을 바라봐
나 혼자면 어때하고 생각해
남자답게 그렇게

술 마시지 않기
방황하지 않기
다짐했던 나지만
앞에 가는 연인
너무 다정해서
내 마음이 흔들려
나에게도 한때
사랑했던 여인
추억들도 많지만
내 곁에서 이미
떠나간지 오래야
지금 이 시간
내가 슬퍼한다고 해도
누구 하나 위로해줄
사람 없잖아
앞만 보고 걸어가
멀리 앞을 바라봐
내 모습이
성공으로 빛날때
사랑해도 늦지는 않아
크게 한번 웃어봐
멀리 앞을 바라봐
나 혼자면 어때하고 생각해
남자답게 그렇게

지금 이 시간
내가 슬퍼한다고 해도
누구 하나 위로해줄
사람 없잖아
앞만 보고 걸어가
멀리 앞을 바라봐
내 모습이
성공으로 빛날때
사랑해도 늦지는 않아
크게 한번 웃어봐
멀리 앞을 바라봐
나 혼자면 어때하고 생각해
남자답게 그렇게
크게 한번 웃어봐
멀리 앞을 바라봐
나 혼자면 어때하고 생각해
남자답게 그렇게"
아씨,138,이미자,"옛날에 이 길은 꽃가마 타고
말탄 님 따라서 시집가던 길
여기던가 저기던가
복사꽃 곱게 피어있던 길
한 세상 다하여 돌아가는 길
저무는 하늘가에 노을이 섧구나

옛날에 이 길은 새색시 적에
서방님 따라서 나들이 가던 길
어디선가 저만치서
뻐꾹새 구슬피 울어대던 길
한 세상 다하여 돌아가는 길
저무는 하늘가에 노을이 섧구나"
열두줄,131,김용임,"가슴을 뜯는 가야금 소리

달빛 실은 가야금 소리

한 줄을 퉁기면 옛 님이 생각 나고

또 한 줄을 퉁기면 술맛이 절로 난다

둥기 당기 둥기 당기 당

둥기 당기 둥기 당기 당

사랑 사랑 내 사랑아

어화둥둥 내 사랑아

열두줄 가야금에 실은 그 사연

어느 누가 달래 주리요



가슴을 뜯는 가야금 소리

구곡간장 애 타는 소리

한 줄을 퉁기면 옛 님이 생각 나고

또 한 줄을 퉁기면 술맛이 절로 난다

둥기 당기 둥기 당기 당

둥기 당기 둥기 당기 당

사랑 사랑 내 사랑아

어화둥둥 내 사랑아

열두줄 가야금에 실은 그 사연

어느 누가 달래 주리요"
떠나는 님아,46,오승근,"가려거든 울지 말아요
울려거든 가지 말아요
그리워 못 보내는 님
못 잊어 못 보내는 님
당신이 떠나고 나면
미움이 그치겠지만
당신을 보내고 나면
사랑도 끝이 난다오
님아 못 잊을 님아
님아 떠나는 님아
두 눈에 가득 이슬이 맺혀
떠나는 나의 님아
가려거든 울지 말아요
울려거든 가지 말아요
그리워 못 보내는 님
못 잊어 못 보내는 님
님아 못 잊을 님아
님아 떠나는 님아
두 눈에 가득 이슬이 맺혀
떠나는 나의 님아
가려거든 울지 말아요
울려거든 가지 말아요
그리워 못 보내는 님
못 잊어 못 보내는 님
못 잊어 못 보내는 님"
님의 향기,202,임수정,"밤새 갈바람 잠을 잔듯이
조용한 바람인듯 눈을 감으면
님의 모습인가 향기인 듯 한 생각에
눈시울 적셔옵니다
이별이 아닌데도 님이 떠난 후
텅 빈 가슴 어쩔 수 없어요
견디기 힘든 아픔만 까맣게
태워버린 밤
너무 허전해 뜨거운 가슴으로
길을 나서도
막상 갈 곳이 없어요
못 다준 사랑의 아쉬움이
가슴에 남아 있는데
오직 그대 곁에 머물고 있는
사랑하는 내 마음
까맣게 태워버린 밤 너무 허전해
뜨거운 가슴으로 길을 나서도
막상 갈 곳이 없어요
못 다준 사랑의 아쉬움이
가슴에 남아 있는데
오직 그대 곁에 머물고 있는
사랑하는 내 마음
사랑하는 내 마음"
정말좋았네,534,김소유,"사랑 그사랑이 정말 좋았네
세월 그 세월이 가는줄도 모르고
불타던 두 가슴에 그정을 새기면서
사랑을 주고 사랑을 받고 그밤이 좋았네
사랑 그 사랑이 정말 좋았네
사랑 그 사랑이 정말 좋았네
이별 그 이별이 오는줄도 모르고
푸르던 두 가슴에 참사랑 새기면서
마음을 주고 마음을 받고 그때가 좋았네
사랑 그 사랑이 정말 좋았네
정말 좋았네"
아무라도,327,노사연,"외로운 난 바보야
사랑할 그대 없는
이토록 아름다운 계절 쓸쓸히 음
한사람 있긴해도
말 할 수는 없어요
그 사람마저 가면 어쩌라고
아무라도 그대가 되어서
사랑 할 수는 없는 건가요
그럼 그대가 아무가 되어서
사랑 할 수는 없는 건가요
비가오는 날이면
그대 더욱 생각나요
사랑스런 그대 얼굴이 생각나요
어두웠던 내 맘에 아침햇살 드려줄
그런 사랑이 내겐 필요해요
아무라도 그대가 되어서
사랑 할 수는 없는 건가요
그럼 그대가 아무가 되어서
사랑 할 수는 없는 건가요
그댈 사랑하고 싶어요"
59년 왕십리,319,김흥국,"왕십리 밤거리에
구슬프게 비가 내리면
눈물을 삼키려
술을 마신다
옛 사랑을 마신다
정 주던 사람은
모두 떠나고
서울하늘 아래 나 홀로
아아 깊어 가는
가을밤만이
왕십리를 달래주네
왕십리 밤거리에
구슬프게 비가 내리면
눈물을 삼키려
술을 마신다
옛 사랑을 마신다
정 주던 사람은
모두 떠나고
서울하늘 아래 나 홀로
아아 깊어 가는
가을밤만이
왕십리를 달래주네
아아 깊어 가는
가을밤만이
왕십리를 달래주네"
울긴 왜 울어,127,나훈아,"울지마 울긴왜울어
고까짖것 사랑때문에
비속을 거닐며
추억일랑 씻어버리고
한잔술로 잊어버려요
어차피 인생이란
이별이 아니더냐
울지마 울긴왜울어
바보처럼 울긴왜울어
울지마 울긴왜울어
고까짖것 미련때문에
흐르는 강물에
슬픔일랑 던저버리고
돌아서서 웃어버려요
어차피 인생이란
연극이 아니더냐
울지마 울긴왜울어
바보처럼 울긴왜울어"
"스며드나,봄","1,419",홍진영,"뚜뚜뚜 뚜뚜뚜
설레이는 이 마음은 무엇일까요
이유 없이 웃고는 하죠
두근대는 내 가슴이 들릴 것 같아
조심스레 숨겨두었죠
라라라 손을 잡아요
라라라 눈을 보아요
운명인가요 우리
사랑이 불어불어와
내 안에 불어불어와
그대와 꽃 길 걸으며
사랑이 스며들어요
꽃물이 스며들어요
이 손 놓지 말아요
뚜뚜뚜 뚜뚜뚜
꿈만 같은 이 시간이 다시 올까요
지금처럼 곁에 있어요
라라라 손을 잡아요
라라라 눈을 보아요
운명인가요 우리
사랑이 불어불어와
내 안에 불어불어와
그대와 꽃 길 걸으며
사랑이 스며들어요
꽃물이 스며들어요
이 손 놓지 말아요
라라라 라라라라라
서로를 바라보아요
우리는 인연인가요
사랑이 스며들어요
꽃물이 스며들어요
이 손 놓지 말아요
뚜뚜뚜 뚜뚜뚜"
벤치,675,김나희,"내 무릎에 털썩 앉아봐
언제나 너의 벤치로 살 거야
아무 때라도 허전하면
내 가슴에다 기대봐
가다가 길 가다가
피곤해지면 내게 와
너만이 나의 주인이잖아
너만 쉬어 가도록
너 올 때까지 기다릴게
비를 맞고 와도 돼
술 취해서 와도 돼
나는야 너의 벤치야
아침 일찍 와도 돼
저녁 늦게 와도 돼
나는야 너의 벤치야
나는야 너의 벤치야"
슬픈 영혼식(For Your Soul),"6,361",조성모,"아마 오셨을텐데
우릴 위해 축복해 줄 사람들
그냥 그렇게 믿어
우리밖에 없다고 여기면 안돼
이제 서약해야 해
일생동안 사랑하겠노라고
넌 대답 안해도 돼
내가 두 번 말하면 되니까
눈물 흘린 거니
내품에 안은 니 사진이 젖었어
왜 좋은 날에 울어 너까지 이제
마지막 니 소원이었잖아
너 가는 길에 보내 주려해
널 위한 이 반지 잃어 버리지마
손에 꼭 쥐고 가 언제가 니곁에
가게 되는 날
그때 내가 너의 손에 끼울게
넌 마음 편히 먼저가
이제 가는 거니
쓸쓸한 바람소리 문득 들렸어
나 없이 먼 길 혼자 갈 수 있겠니
그 길에 나 데려가면 안되니
첫 눈 오거나 비 오는 밤엔
가끔씩 들려줘
해마다 오늘은 꼭 다녀가야해
나의 창가에 나의 꿈 속에
잠시라도 너 가는 길에
보내 주려해
널 위한 이 반지 잃어 버리지마
손에 꼭 쥐고 가 언젠가 니곁에
가게 되는 날
그때 내가 너의 손에 끼울게
나 늦더라도 기다려"
비내리는 영동교,133,주현미,"밤비 내리는 영동교를
홀로 걷는 이 마음
그 사람은 모를 거야
모르실 거야
비에 젖어 슬픔에 젖어
눈물에 젖어
하염없이 걷고 있네
밤비 내리는 영동교
잊어 야지 하면서도
못 잊는 것은
미련 미련
미련 때문인가 봐
밤비 내리는 영동교를
헤매도는 이 마음
그 사람은 모를 거야
모르실 거야
비에 젖어 슬픔에 젖어
아픔에 젖어
하염없이 헤매이네
밤비 내리는 영동교
생각 말자 하면서도
생각하는 건
미련 미련
미련 때문인가 봐
생각 말자 하면서도
생각하는 건
미련 미련
미련 때문인가 봐"
분홍립스틱,344,은가은,"언제부턴가 그대를
그대를 처음 만난 날
남모르게 그려본 분홍립스틱
떨리던 마음같이 사랑스럽던 그 빛깔
말없이 바라보던 다정했던 모습
우리 사랑은 눈부시게
눈부시게 시작했지만
이제는 지워진 분홍립스틱
지금은 떠나야할 사랑했었던 그 사람
이별은 슬프지만 보내야 할 사람
오늘밤만은 그댈 위해서
분홍의 립스틱을 바르겠어요
그대 가슴에 지워지지 않는
분홍의 입술자국
새기겠어요
내일이 오면 떠나야 하는
그대의 슬픈 눈을 들여다보면
눈물 방울이 얼굴을 적시고
분홍의 립스틱을 지워요
오늘밤만은 그댈 위해서
분홍의 립스틱을 바르겠어요
그대 가슴에 지워지지 않는
분홍의 입술자국
새기겠어요
내일이 오면 떠나야 하는
그대의 슬픈 눈을 들여다보면
눈물 방울이
얼굴을 적시고
분홍의 립스틱을 지워요
오늘밤만은 그댈 위해서
분홍의 립스틱을 바르겠어요
그대 가슴에 지워지지 않는
분홍의 입술자국
새기겠어요
내일이 오면 떠나야 하는
그대의 슬픈 눈을
들여다보면 눈물 방울이
얼굴을 적시고
분홍의 립스틱을 지워요"
사랑의 초인종,"1,827",양지은,"그대여 사랑의 사랑의 사랑의
초인종을 눌러주세요
그대가 원하면 원하면 원하면
언제든지 눌러주세요
아아아아아아아
내 마음을 열어주세요
못 생겨도 좋아
돈 없어도 좋아
나만 사랑해 줄 한 남자
아무에게나 쉬운 여자 아니죠
아무에게나 여는 여자 아니죠
그대라면 그대라면 내 모든걸 줄래요
그대 눈빛은 너무 따뜻한걸요
그대 입술은 너무 짜릿한걸요
딩동 딩동 딩동 딩동 눌러주세요
그대여 사랑의 사랑의 사랑의
초인종을 눌러주세요
그대가 원하면 원하면 원하면
언제든지 눌러주세요
아아아아아아아
내 마음을 열어주세요
못 생겨도 좋아
돈 없어도 좋아
나만 사랑해 줄 한 남자
그대 향기는 너무 포근한걸요
그대 말투는 너무 달콤한걸요
딩동 딩동 딩동 딩동 눌러주세요
그대여 사랑의 사랑의 사랑의
초인종을 눌러주세요
그대가 원하면 원하면 원하면
언제든지 눌러주세요
아아아아아아아
내 마음을 열어주세요
못 생겨도 좋아
돈 없어도 좋아
나만 사랑해 줄 한 남자
힘들고 지칠 때 외롭고 슬플 때
내게 오면 되요
사랑의 힘으로 그댈 낫게 해줄
그대만의 여자
그대여 사랑의 사랑의
사랑의 초인종을 눌러주세요
그대가 원하면 원하면
원하면 언제든지 눌러주세요
아아아아아아아
내 마음을 열어주세요
못 생겨도 좋아 돈 없어도 좋아
나만 사랑해 줄 한 남자
언제라도 좋아 그대라면 좋아
내 사랑"
육십령,"5,924",정동원,"꼬불꼬불 고갯길을 넘어가는 구름아
민초의 애환 서린 험산준령 고개여
장수육십리 함양육십리
굽이굽이 육십령
야속한 이 세월도 쉬어 가자
아아아아 육십령고개
백두대간 고갯길을 넘어가는 바람아
서늘한 가슴 여며 돌아앉은 길이여
사랑육십리 이별육십리
울고 웃던 육십령
야속한 이 세월도 쉬어 가자
아아아아 육십령고개
웃으며 일령 울며 일령
인생 이순 육십령
야속한 이 세월도 쉬어가자
아아아아 육십령고개
아아아아 육십령고개"
보고 싶은 얼굴,811,최수호,"내 사랑 어디쯤에 있나
밤은 더 외로워만 지고
눈으로 주고받던 말이
손으로 느껴지는데
수없이 많은 밤은 가고
마음은 그대 향해 있어
서글퍼 눈물이 흘러도
보고 싶은 얼굴
메마른 가슴 끌어안고
정들은 사람 그리면서
혼자서 지새우는 밤에
보고 싶은 사람
라라라라라라라라라
라라라라라라라라라
라라라라라라라라라
보고 싶은 사람
수없이 많은 밤은 가고
마음은 그대 향해 있어
서글퍼 눈물이 흘러도
보고 싶은 얼굴"
보약같은 친구,515,안성훈,"같이 가세 보약같은 친구야
아침에 눈을 뜨면
제일 먼저 생각나는
자네는 좋은 친구야
피한방울 섞이지 않은
우리 두 사람
전생에 인연일거야
자식보다 자네가 좋고
돈보다 자네가 좋아
자네와 난 보약같은 친구야
아아아 사는 날까지
같이 가세 보약같은 친구야
같이 가세 보약같은 친구야
사랑도 해봤고
이별도 해봤지
사는 거 별거 없더라
언제갈지 모르는 인생
우리 둘이서
웃으며 살아가보자
자식보다 자네가 좋고
돈보다 자네가 좋아
자네와 난 보약같은 친구야
아아아 사는 날까지
같이 가세 보약같은 친구야
같이 가세 보약같은 친구야
보약같은 친구
친구"
조약돌 사랑,426,안성훈,"잔잔한 내 가슴에
조약돌을 던져 놓고
본체만체 돌아서는
무정한 사람아
이렇게 나를 두고
떠나갈 바엔
잔잔한 내 가슴에
조약돌은 왜 던져
아아아 당신이 던져 놓은
사랑의 조약돌

외로운 내 가슴에
조약돌을 던져 놓고
본체만체 돌아서는
얄미운 사람아
이렇게 나를 두고
떠나갈 바엔
잔잔한 내 가슴에
조약돌은 왜 던져
아아아 당신이 던져 놓은
사랑의 조약돌"
잡초,281,나훈아,"아무도 찾지않는
바람부는 언덕에
이름 모를 잡초야
한송이 꽃이라면
향기라도 있을텐데
이것저것 아무것도 없는
잡초라네
발이라도 있으면은
님 찾아갈텐데
손이라도 있으면은
님 부를텐데
이것저것 아무것도
가진게 없어
아무것도 가진게 없네
아무도 찾지않는
바람부는 언덕에
이름 모를 잡초야
한송이 꽃이라면
향기라도 있을텐데
이것저것 아무것도 없는
잡초라네

아무도 찾지않는
바람부는 언덕에
이름 모를 잡초야
한송이 꽃이라면
향기라도 있을텐데
이것저것 아무것도 없는
잡초라네
발이라도 있으면은
님 찾아갈텐데
손이라도 있으면은
님 부를텐데
이것저것 아무것도
가진게 없어
아무것도 가진게 없네
아무도 찾지않는
바람부는 언덕에
이름 모를 잡초야
한송이 꽃이라면
향기라도 있을텐데
이것저것 아무것도 없는
잡초라네
이것저것 아무것도 없는
잡초라네
이것저것 아무것도 없는
잡초라네
이것저것 아무것도 없는
잡초라네"
사랑의 굴레,248,임희숙,"흐르지않는 우리의가슴에
아쉬운것은 사랑이었을뿐
두번다시 부르지 못할
가슴은 채워져가고
사랑이 돌아오지 않아도
말없이 단념 하지만
풀리지 않는 이운명은
사랑의 굴레였나요"
미움인지 그리움인지,434,Nami (나미),"잊어야한다고 다짐하면서
돌아섰던 가슴속에
미움인지 그리움인지
알 수 없는 그대생각
잊으면 모두 그만인 것을
왜 이렇게 잊지 못할까
오지 않을 그 사람을
행여 올까 기다리는
바보 같은 미련일까

생각을 말자고 다짐하면서
방황했던 지난세월
미움인지 그리움인지
떠나지 않는 그 모습
잊으라 그 한마디남기고
떠나버린 그 사람인데
기다리면 무엇 하나
애태우면 무엇 하나
이젠 모두 잊어야지"
꽃바람,142,박상철,"꽃바람 꽃바람~

그대는 나에게 꽃바람

내마음 흔들어 놓은 꽃바람

바보가 되고 말았어요 나 그대 사랑하니까



(x2)

누군가를 사랑하면 이렇게 눈이 머나요

단 한 사람 당신이기에 사랑에 눈을 떴어요

가면 가는대로 오는대로

그까짓 사랑이 뭐길래

이렇게 아프고 괴로운지 내맘 나도 몰라요



그대는 나에게 꽃바람

내마음 흔들어 놓은 꽃바람

바보가 되고 말았어요 나 그대 사랑하니까

(반복)



나 그대 사랑하니까, 나 그대 정말 사랑하니까~~"
고장난 벽시계,"1,213",강진,"세월아 ! 너는 어찌 돌아도 보지 않느냐 ?

너를 속인 사람보다

니가 더욱 야속 하더라.

한두번 사랑 땜에 울고 갔더니

저만큼 가버린 세월

고장남 벽시계는 멈추었는데

저세월은 고장도 없네.





청춘아 ! 너는 어찌 모른척 하고 있느냐 ?

너를 버린 사람보다

니가 더욱 무정 하더라.

뜬구름 쫓아 가다 돌아 봤더니

어느새 흘러간 청춘

고장난 벽시계는 멈추었는데

저세월은 고장도 없네."
당신 때문에,491,정정아,"당신 때문에 우는게 아니야
내린 비에 젖었을 뿐이야
상처만 남기고 떠난 님인데
바보처럼 내가 왜울어
어쩌다가 함께 듣던
노래가 들리면 혹시라도
눈물이 나겠지만 그건
아마도 눈이 시려서 흘러내린
눈물일 겁니다 나도
몰래 흐르는 눈물
당신때문에 우는게 아니야
내린 비에 젖었을 뿐이야
추억만 남기고 떠난 님인데
바보처럼 내가 왜울어
어쩌다가 함께했던
그때가 생각나 하염없이
눈물이 나겠지만 그건
아마도 내가 미워서 흘러내린
눈물일 겁니다 나도
몰래 흐르는 눈물
나도 몰래 흐르는 눈물"
사나이 눈물,290,이자연,"흘러가는 뜬구름은 바람에 가고
허무한 내 청춘은 세월에 가네
취한 김에 부르는 노래
끝도 없는 인생의 노래
아아 뜨거운 눈물 사나이 눈물
웃음이야 주고받을 친구는 많지만
눈물로 마주 앉을 사람은 없더라
취한 김에 부르는 노래
박자 없는 인생의 노래
아아 뜨거운 눈물 사나이 눈물
돌아보면 그다지도 먼 길도 아닌데
저만큼 지는 노을 날보고 웃네
취한 김에 껄껄 웃지만
웃는 눈에 맺힌 눈물은
아아 뜨거운 눈물 사나이 눈물"
안돼요,99,마마사라 (MaMasarah),"사랑에 빠져 본 적이 있나요
아무것도 모르는 그 사람에게
내 앞에 다가오는 당신 모습에
내 가슴은 왜 이렇게 뛰는지
당신도 나를 바라 보네요
아무것도 모르는 나란 사람을
살며시 미소짓는 당신 모습에
내 마음을 빼앗겨 버렸네
사랑한단 말은 하지 않아도
당신대신 내가 해주고
두손을 마주 잡고서 영원토록
살고 싶은데 안돼요
아니아니 안돼요
다른 사람은 찾지 말아요
당신곁엔 내가 있어요
우리사랑 영원하도록
사랑한단 말은 하지 않아도
당신대신 내가 해주고
두손을 마주 잡고서 영원토록
살고 싶은데 안돼요
아니아니 안돼요
다른 사람은 찾지 말아요
당신곁엔 내가 있어요
우리사랑 영원하도록
안돼요 아니아니 안돼요
다른 사람은 찾지 말아요
당신곁엔 내가 있어요
우리사랑 영원하도록
우리사랑 영원하도록"
라라라,"20,048",임영웅,"그대는 참 아름다워요
밤 하늘의 별빛보다 빛나요
지친 나의 마음을 따뜻하게 감싸줄
그대 품이 나의 집이죠
세찬 바람 앞에서
꺼질듯한 내 사랑도
잘 참고서 이겨내줬어요
정말 눈물나도록 고마운 맘 아나요
그대 내곁에 살아줘서
사랑해요 사랑해요
내가 그대에게 부족한걸 알지만
세월에 걷다보면 지칠때도 있지만
그대의 쉴곳이 되리라
사랑해요 고마운 내 사랑
평생 그대만을 위해 부를 이노래
사랑 노래 함께 불러요
둘이서 라라라
그대 쳐진 어깨가 내맘을 아프게하죠
잘 해준것도 없는 나라서
그대의 고운 손이 세월에 변했어요
못지켜줘서 미안해요
사랑해요 사랑해요
내가 그대에게 부족한걸 알지만
세월을 걷다보면 지칠때도 있지만
그대의 쉴곳이 되리라
사랑해요 고마운 내 사랑
평생 그대만을 위해 부를 이노래
사랑노래 함께 불러요
둘이서 라라라
고마워요 고마워요
그대 자신보다 나를 아껴준 사랑
세상이 등 돌려도 누가 뭐라고 해도
내가 그대 지켜줄게요
사랑해요 소중한 내사랑
평생 그대만을 위해 부를 이노래
사랑노래 함께 불러요
둘이서 라라라
그대 품이 나의 집이죠 영원히 라라라"
서른이면,"7,710",영탁,"서른이면 나도 취직해서
장가를 갈거라고 생각했지
내 부모님과 내 집사람과
오손도손 살아 갈거라고
돌아보면 다시 같은 자리
시간은 너무 빨리 흘러갔어
내 집 살라고 모아둔 통장엔
몇 푼 안된 돈만 있는
내 나이 서른 되어
많은 고민들로 복잡한 머리와
수많은 기대가 나를 억누르고
터질 것만 같은 답답한 마음은
서른이란 나이가
너무 빨리 온거야
내년이면 우리 아버지도
환갑을 바라보실 연세인데
이 못난 자식 잘 되라시며
걱정살에 주름만 늘고
돌아보면 다시 같은 자리
시간은 너무 빨리 흘러갔어
내 장가 밑천 모아둔 통장엔
몇 푼 안된 돈만 있는
내 나이 서른 되어
많은 고민들로 복잡한 머리와
수많은 기대가 나를 억누르고
터질 것만 같은 답답한 마음은
서른이란 나이가
많은 고민들로 복잡한 머리와
수많은 기대가 나를 억누르고
터질 것만 같은 답답한 마음은
서른이란 나이가
너무 빨리 온거야"
빈지게,219,별사랑,"바람속으로 걸어왔어요
지난날의 나의 청춘아
비틀거리며 걸어왔어요
지난날의 사랑아
돌아보면 흔적도 없는
인생길은 빈 술잔
빈지게만 덜렁 매고서
내가 여기 서있네
아 나의 청춘아 아 나의 사랑아
무슨 미련 남아 있겠니
빈지게를 내려놓고 취하고 싶다
술아 내 맘 알겠지
바람속으로 걸어왔어요
지난날의 나의 청춘아
비틀거리며 걸어왔어요
지난날의 사랑아
돌아보면 흔적도 없는
인생길은 빈 술잔
빈지게만 덜렁 매고서
내가 여기 서있네
아 나의 청춘아 아 나의 사랑아
무슨 미련 남아 있겠니
빈지게를 내려놓고 취하고 싶다
술아 내 맘 알겠지
빈지게를 내려놓고 취하고 싶다
술아 내 맘 알겠지"
소녀여,"6,269",정동원,"못다 피운 봉선화여
꽃 피기 전에 울지 마오
눈물을 흘리기엔 어여쁜 눈을
바라보는 내가 여기 있지 않소
꿈꾸는 소녀여 소란한 인생
님이 계신 곳에 쉬어가듯
그 많은 꿈들을 이루며
나와 벗 삼아 가시오
여린 소녀여 굽이진 인생
한 오백 년을 살아도
늘 곁에 있어 줄
내 삶 속 그대의 어깨에
편히 기대겠소
비바람에 젖지 않고
피는 꽃들이 어디 있겠소
천천히 걷다 보면 지친 하루를
반겨주는 소녀 여기 있지 않소
꿈꾸는 소녀여 소란한 인생
한 오백 년을 살아도
늘 곁에 있어 줄
내 삶 속 가득한 소녀여
가는 세월 또 어떠하리
가진 게 없다 해도 어떠하리
낯선 이 세상 속에
서로 믿을 수 있는 내 사람아
꿈꾸는 소녀여 소란한 인생
님이 계신 곳에 쉬어가듯
그 많은 꿈들을 이루며
나와 벗 삼아 가시오
여린 소녀여 굽이진 인생
한 오백 년을 살아도
늘 곁에 있어 줄
내 삶 속 그대의 어깨에
편히 기대겠소"
누가 울어,"5,944",정동원,"소리 없이 흘러내리는
눈물 같은 이슬비
누가 울어 이 한 밤
잊었던 추억인가
멀리 가버린 내 사랑은
돌아올 길 없는데
피가 맺히게
그 누가 울어 울어
검은 눈을 적시나
하염없이 흘러내리는
눈물 같은 이슬비
누가 울어 이 한 밤
잊었던 상처인가
멀리 떠나간 내 사랑은
기약조차 없는데
애가 타도록
그 누가 울어 울어
검은 눈을 적시나
멀리 떠나간 내 사랑은
기약조차 없는데
애가 타도록
그 누가 울어 울어
검은 눈을 적시나
검은 눈을 적시나"
위하여 (Rock Mix),209,요요미,"술이 들어간다 술이 들어간다
우리들의 사랑이 들어간다
잔이 채워진다 잔이 채워진다
우리들의 사랑이 채워진다
술이 돌아간다 술이 돌아간다
우리들의 인생이 돌아간다
정이 돌아간다 정이 돌아간다
우리들의 우정이 돌아간다
술 채워라
슬픔과 고통 가득 채워서
마셔라
마시고 털어내라
위하여
우리의 젊음 가득담아서
외치자 소리쳐 보자
채워라 채워라 오늘을 위해
달려라 달려라 내일을 위해
술이 들어간다 술이 들어간다
우리들의 사랑이 들어간다
잔이 채워진다 잔이 채워진다
우리들의 사랑이 채워진다
술이 돌아간다 술이 돌아간다
우리들의 인생이 돌아간다
정이 돌아간다 정이 돌아간다
우리들의 우정이 돌아간다
술 채워라
슬픔과 고통 가득 채워서
마셔라
마시고 털어내라
위하여
우리의 젊음 가득담아서
외치자 소리쳐 보자
채워라 채워라 오늘을 위해
달려라 달려라 내일을 위해
채워라 채워라 젊음을 위해
달려라 달려라 우리의사랑을 위해
우리의사랑을 위해
위하여"
가지말아라,186,성리,"외로이 남은 나무가
마치 내 모습 같아
내게로 와서 유일하게 남긴 건
그대가 내게 준 사랑뿐
가지 말아라 가지 말아라
바람아 불지 마라 불지 말아라
꺼져만 가는 내 사랑 지켜야 한다
그래야 내가 사는 길이다
마지막 보이는 그대의 눈물을 알아
남겨진 내 걱정보다는 너만 생각해
하늘이 그대를 잠시만 지켜준다면
내가 그대를 찾을게
이슬비 내리는 날 나를 떠나는
그대를 내 눈에 담을게
가지 말아라 가지 말아라
바람아 불지 마라 불지 말아라
꺼져만 가는 내 사랑 지켜야한다
그래야 내가 사는 길이다
마지막 보이는 눈물의 의미를 알아
고맙고 고마워 그래서 너무 미안해
마지막 숨소리 힘없는 그대 미소를
내가 잊을 순 없잖아
이슬비 내리는 날 나를 떠나는
그대를 내 눈에 담을게
이슬비 내리는 날 나를 떠나는
그대를 내 눈에 담을게"
계절 끝에 달린 인생,40,배진아,"사랑도 청춘도
계절끝에 달렸구나
미련 많은 사연안고
서성이는 못난 인생아
한번만이라도 다시 못 올길
웃으면서 살아가보자
내 사랑아 내 님아
부족한 듯 살아보자
계절끝에 달린 인생아
사랑도 청춘도 계절끝에 달렸구나
미련 많은 사연안고
서성이는 못난 인생아
한번만이라도 다시 못 올길
웃으면서 살아가보자
내 사랑아 내 님아
부족한 듯 살아보자
계절끝에 달린 인생아
내 사랑아 내 님아
부족한 듯 살아보자
계절끝에 달린 인생아
계절끝에 달린 인생아"
나야 나,396,김중연,"바람이 분다 길가에 목롯집
그냥 가긴 서운하잖아
바람이 분다 길가에 목롯집
그냥 가긴 서운하잖아
나 한 잔 자네 한 잔 권커니
한 번은 내 세상도 오겠지
아자 내가 뭐 어때서
나 건들지 마 운명아 비켜라
이 몸께서 행차하신다
때로는 깃털처럼 휘날리며
때로는 먼지처럼 밟히며
아자 하루를 살아냈네
나야 나야 나
나야 나야 나
밤늦은 골목길 외쳐보아도
젖은 그림자 바람에 밀리고
거리엔 흔들리는 발자국
어둠은 내리고 바람 찬데
아자 괜찮아 나 정도면
때로는 깃털처럼 휘날리며
때로는 먼지처럼 밟히며
아자 하루를 살아냈네
나야 나야 나
나야 나
나야 나야 나
밤늦은 골목길 외쳐보아도
젖은 그림자 바람에 밀리고
거리엔 흔들리는 발자국
어둠은 내리고 바람 찬데
아자 괜찮아 나 정도면
아자 괜찮아 나 정도면
아자 괜찮아 우리 정도면
아자!"
사랑쟁이,284,김수찬,"사랑쟁이
나는 사랑쟁이
예나 지금이나 나는 변치않는
한결같이 뛰는 심장
나는 사랑쟁이
골목대장 개구쟁이
친구들 사랑도 받았었지
나팔바지 통기타로
새침떼기 사랑도 받았었지
우리 우정 변치말자
우리 사랑 변치말자
그런 사랑들이 나에게도 있었지 아마
사랑쟁이
나는 사랑쟁이
예나 지금이나 나는 변치않는
한결같이 뛰는 심장
나는 사랑쟁이
골목대장 말썽쟁이
회초리 사랑도 받았엇지
연애편지 상사병에
가슴아픈 사랑도 받았었지
우리 우정 변치말자
우리 사랑 변치말자
그런 사랑들이 나에게도 있었지 아마
사랑쟁이
나는 사랑쟁이
예나 지금이나 나는 변치않는
한결같이 뛰는 심장
나는 사랑쟁이
세월이가도
변치않는
예나 지금이나 결코 변치않는
한결같이 뛰는 심장
나는 사랑쟁이
나는 사랑쟁이"
당신,"2,110",손태진,"내 품에 안기어
곤히 잠든 그대여
어느덧 그대 눈가에도
주름이 졌네
내 가슴에 묻혀
꿈을 꾸는 그대여
야위어진 그댈 바라보니
눈물이 솟네
고왔던 여자의 순정을
이 못난 내게 바쳐두고
한마디 원망도 않은채
긴 세월을 보냈지
난 맹세하리라
고생 많은 당신께
이 생명 다하는 날까지
그대를 사랑하리
고왔던 여자의 순정을
이 못난 내게 바쳐두고
한마디 원망도 않은채
긴 세월을 보냈지
난 맹세하리라
고생 많은 당신께
이 생명 다하는 날까지
그대를 사랑하리
이 생명 다하는 날까지
그대를 사랑하리"
사랑병,48,서지오,"몹쓸놈의 사랑병에 난 취해 버렸어
살려줘요 살려줘요 나를 나를 살려 줘요
아무것도 할수없는 날 살려 줘요 살려 줘요
그까짓껏 사랑땜에 아파하는 바보같은날
사랑이떠나면 모래성같은것
숼곳마저 모두 사라지고 마는것
사랑이란 상처가 너무 너무 아파요
어딜가면 고치나요 몹쓸놈의 마음의병
고쳐주는 곳은 없나요"
사랑하는 당신께,162,이호섭,"피곤에 지쳐
잠이 든 당신곁에
이렇게 누워
지난 날을 생각하니
나도 몰래 흐르는 눈물
나밖에 모르는 당신
자식밖에 모르는 당신
그것도 모르고
투정만 하는
내가 밉기도 하련만
아-
당신은 웃음으로
감싸주는 착한 당신
당신만을 사랑해요

앞 뒤도 멋진 인생도
되돌아 볼 겨를도 없이
바쁘게 살아온 당신
생각하면 안쓰런 눈물
나 밖에 모르는 당신
가정밖에 모르는 당신
그것도 모르고
투정만 하는
내가 밉기도 하련만
아- 당신은
말 한마디 불평 하나
하지 않는
당신만을
사랑해요"
내장산,204,한봄,"동녘바람 불어오면
곱게 물든 내장산아
저녘 노을 붉게 타면
고운 애기단풍은
어이해 떨어지나
망부석의 사연인가
서리서리 눈물인가
내장산 쇠북소리 밤새도
둥지를 찾아 날개를 접는다
가을빛 물들면 애기단풍 지면은
찾아올까나 어느 고운임
나를 찾아 올까나 내장산으로
남녘바람 깊어지면
내 마음도 깊어만 간다
법당 앞 댓돌 위에 새하얀 고무신
깊어가는 가을달빚
망부석의 사연인가
서리서리 눈물인가
내장산 쇠북소리 밤새도
둥지를 찾아 날개를 접는다
가을빛 물들면 애기단풍 지면은
찾아올까나 어느 고운임
나를 찾아 올까나 내장산으로"
보약같은 친구,"2,012",박서진,"아침에 눈을뜨면 제일먼저 생각나는
자네는 좋은 친구야
피한방울 섞이지 않은 우리 두사람
전생에 인연일거야
자식보다 자네가 좋고
돈보다 자네가 좋아
자네와 난 보약같은 친구야
아 아 아 사는날까지
같이가세 보약같은 친구야
사랑도 해봤고 이별도 해봤지
사는거 별거 없더라
언제갈지 모르는 인생 우리 둘이서
웃으며 살아가보자
자식보다 자네가 좋고
돈보다 자네가 좋아
자네와 난 보약같은 친구야
아 아 아 사는날까지
같이가세 보약같은 친구야"
소양강 처녀,"6,519",영탁,"해 저문 소양강에 황혼이 지면
외로운 갈대밭에 슬피 우는 두견새야
열여덟 딸기 같은 어린 내 순정
너 마저 몰라주면 나는 나는 어쩌나
아 그리워서 애만 태우는
소양강 처녀
해 저문 소양강에 황혼이 지면
외로운 갈대밭에 슬피 우는 두견새야
열여덟 딸기 같은 어린 내 순정
너 마저 몰라주면 나는 나는 어쩌나
아 그리워서 애만 태우는
소양강 처녀"
부디 오래오래,985,김중연,"차가운 바람이 불어올 때면
감기 걸릴라 걱정하시고
내 나이 몇인데
차 조심해라 잘 먹어라
잔소리하네
세월이 흘러서
그 고운 얼굴에
어느새 주름이 늘었소
부디 오래오래
내게 머물러 주오
부디 오래오래 내
사랑 받아주오
항상 주기만 한 그 사랑
다 받을 때까지
오래오래 살아주오
세월이 흘러서
그 고운 얼굴에
어느새 주름이 늘었소
부디 오래오래
내게 머물러 주오
부디 오래오래
내 사랑 받아주오
항상 주기만 한 그 사랑
다 받을 때까지 오래오래 오래오래
살아주오
내 사람아 부디 오래오래
행복할 수 있도록
이제 아무 걱정 말고 그냥 내 곁에서
변함 없이 지금처럼 남아주오
이 세상 끝나는 날까지
평생 내 곁에서 아프지 말고
오래오래 살아주오"
누망,"1,025",진해성,"파란 나비가 꽃밭에 머문다
반지꽃을 만진다
보랏빛 향기에 취하여
날개를 접은 채로 꿈을 꾼다
훨훨훨 날아라 파란 나비야
더 높이 날아라 파란 나비야
파란 나비가 사랑을 구한다
눈부시게 춤춘다
잠시 핀 무지개 사이로
꿈꾸던 사랑 찾아 나래 친다
훨훨훨 날아라 파란 나비야
더 멀리 날아라 파란 나비야
파란 나비가 노을을 마신다
저녁 별을 헤인다
야래 향 내음을 맡으며
꿈같은 예쁜 사랑 누망한다
누망한다
누망한다"
천방지축,44,문희옥,"워째 그라요 아 워째 그라요
시방 날 울려 놓고
떠나갈바엔 사랑한다고
뭐 땀새 그랬당가요
워째 그라요 아 워째 그라요
내 맴을 울려 놓고
싫어졌다고 미워졌다고
요로콤 해야 쓰겄소
통발에 미꾸라지 빠지듯이
요리조리 요리조리 천방지축
아 나가말이여 당신 때문에
울고 지샌 겁난 세월을
아신당가요 모르신당가요
참말로 야속 하구만요
떠나갈바엔 사랑한다고
뭐 땀새 그랬당가요

워째 그라요 아 워째 그라요
시방도 기다리는데
돌아온다는 기약도 없이
뭐 땀새 그랬당가요
워째 그라요 아 워째 그라요
싸게 싸게 오시지 않고
싫어졌다고 미워졌다고
요로콤 해야 쓰겄소
솔발기 거미줄에 줄타 듯
요리조리 요리조리 천방지축
아 나가말이여 당신 때문에
기다려온 겁난 세월을
아신당가요 모르신당가요
참말로 야속 하구만요
떠나갈바엔 사랑한다고
뭐 땀새 그랬당가요"
나 같은건 없는건가요,"1,441",SUPER JUNIOR-T (슈퍼주니어 T),"Yeah This is the Super stage
Super size Uh Let's go
내게 다시 돌아오란
말은 하지 않아
하지만 나 너 아니면
안된다는거 알잖아
그때 그래 니가 그렇게 말했잖아
영원하기로 Uh 사랑한다고
그대여 떠나가나요
다시 또 볼 수 없나요
부디 나에게 사랑한다고
한 번만 말해주세요
제발 부탁이 있어요
이렇게 떠날거라면 가슴속에 둔
내 맘 마저도 그대가 가져가세요
혼자 너 없이 살 수 없을거라
그대도 잘 알잖아요
비틀거리는 내 모습을 보면
그대 맘도 아프잖아요
그대만 행복하면 그만인가요
더 이상 나 같은건 없는건가요
한 번만 나를 한 번만
나를 생각 해 주면 안되나요
Haha what's up
Are you ready for this
Super Trot ho
Yeah uh Yeah uh Yeah uh
지칠대로 지쳐버린
마음 속 깊이 패인 상처
스쳐 지나가는 추억에 또 쓰러져
죄인처럼 고개숙여 지나쳐
미안하단 말도 행복하란 말도
나에게는 별로 힘이 될 수 없죠
그렇게 쉽게 떠나가는 그대
그대 맘에 나 같은건 없는 건가요
혼자 너없이 살 수 없을거라
그대도 잘 알잖아요
비틀거리는 내 모습을 보면
그대 맘도 아프잖아요
그대만 행복하면 그만인가요
더 이상 나같은건 없는건가요
한번만 나를 한번만
나를 생각 해 주면 안되나요
그래도 떠나가네요
붙잡을수는 없겠죠
부디 나에게 사랑했다고
한 번만 말해주세요
다시 다시 너를 두 번 다시
사랑하지 않겠다고
다짐하고 다짐해도
잊지 못해 돌아 와
애원하고 널 생각하고 저 하늘에
간절히 기도하면 이뤄질까
나에게 와 줘 날 바라봐 줘
날 사랑해 줘
날 안아줘 널 느끼게 해줘
나에게 와 줘 날 바라봐 줘
비틀거리지 않게
우리 영원할 수 있게"
스타킹,276,장윤정,"순진한 마음도 어리숙한 마음도
놀리면 정말 싫어요
겉으론 만만하지 않아도
순진한 여자라구요
12시까지 집에 들어가야 하는데
헤어지기는 너무나 아쉬워요
보일듯 말듯 스타킹
스타킹 예쁜 스타킹
그대 마음을 완전히 사로잡을 거예요
바람에 날리는 스커트
스커트 미니 스커트
한번만 나를 봐주면 흠뻑 빠질거예요

멈출수가 없어 움직일수도 없어
왜 나를 흔들어 놔요
겉으론 무심한척 보여도
애타는건 나라구요
12시까지 집에 들어가야 하는데
헤어지기는 너무나 아쉬워요
보일듯 말듯 스타킹
스타킹 예쁜 스타킹
그대 마음을 완전히 사로잡을 거예요
바람에 날리는 스커트
스커트 미니 스커트
한번만 나를 봐주면 흠뻑 빠질 거예요
보일듯 말듯 스타킹
스타킹 예쁜 스타킹
그대 마음을 완전히 사로잡을 거예요
바람에 날리는 스커트
스커트 미니 스커트
한번만 나를 봐주면 흠뻑 빠질 거예요"
창부타령 / 태평가,63,김용임,"아니
아니 놀진 못 하리라
창문을 닫혀도 스며드는 달빛
마음을 달래도 파고드는 사랑
사랑이 달빛이냐
달빛이 사랑인가
텅빈 내 가슴 속엔
사랑만 가득 고여있네
사랑 사랑이라니
사랑이란 것이 그 무엇이냐
알다가도 모르겠네
얼씨구나 절씨구나
내 사랑이지
사랑 사랑 참사랑아
짜증은 내어서 무엇 하나
성화를 내어서 무엇 하나
인생 일장춘몽인데
아니나 놀고서 무엇 하리
니나노
닐리리야 닐리리야 니나노
얼싸 좋아 얼씨구나 좋다
벌 나비는 이리 저리 펄펄
꽃을 찾아서 날아든다
꽃을 찾는 벌 나비는
향기를 쫓아서 날아들고
황금 같은 꾀꼬리는
버들 사이로 왕래한다
니나노
닐리리야 닐리리야 니나노
얼싸 좋아 얼씨구나 좋다
벌 나비는 이리저리 펄펄
꽃을 찾아서 날아든다"
꽃마차,876,진해성,"노래하자 꽃서울
춤추는 꽃서울
아카시아 숲속으로
꽃마차는 달려간다
하늘은 오렌지색
꾸냥의 귀걸이는 한들한들
손풍금 소리 들려온다
방울소리 울린다
울퉁불퉁 꽃서울
꿈꾸는 꽃서울
알콤삼삼 아가씨들
콧노래가 들려온다
한강물 출렁출렁
숨쉬는 밤하늘엔 별이 총총
섹소폰소리 들려온다
노래소리 들린다"
오빤용,720,지나유,"오빤용 오빤용
아침에 눈을 떴을때 문자와있길
하루에 한번씩은 꼭 전화해주길
어려운 부탁 바라는것도 아닌데
손가락이라도 부러졌나요
친구들 만나러갈 때 연락해주길
늦은밤 다른 여자는 만나지말길
그래요 이제 많은거 바라지않아
그동안 많이 참아왔어요
오빤용 오빤용
오빤 내맘을 몰라요
오빤용 오빤용
오빤 여자를 몰라요
오빤용 오빤용
오빤 사랑을 몰라요
오빠는 왜 모르실까요
오빤용 오빤용
오빤용 오빤용
오빤용 오빤용
오빠는 왜 모르실까요
다툴 때 미안하단 말 먼저해주길
힘들 때 넓은 가슴에 날 안아주길
어려운 부탁 바라는 것도 아닌데
혹시 친구로 느껴지나요
사랑해 이한마디는 아끼지말길
미안해 헤어지잔말 꺼내지말길
그래요 이제 많은거 바라지않아
그동안 많이 참아왔어요
오빤용 오빤용
오빤 내맘을 몰라요
오빤용 오빤용
오빤 여자를 몰라요
오빤용 오빤용
오빤 사랑을 몰라요
오빠는 왜 모르실까요
처음엔 나밖에 모른다더니
갑자기 등돌리면서
오리발 내미는 너
미워요 오빠는 내가 쉬운가봐
오빤용 오빤용
오빤용 오빤용
오빤 내맘을 몰라요
오빤용 오빤용
오빤 여자를 몰라요
오빤용 오빤용
오빤 사랑을 몰라요
오빠는 왜 모르실까요
오빤용 오빤용
오빤용 오빤용
오빤용 오빤용
오빠는 왜 모르실까요"
당신이 필요합니다,150,강자민,"꽃 비가 내리는 날에 오세요
어서 어서 내게 오세요
깊은 밤에 달빛처럼 나의 창가에
살며시 다가오세요
당신이 그리운 날에 오세요
하루 종일 생각나는 날
보고파서 보고파서 사무치는 날
나에게 돌아오세요
사랑아 사랑아
예쁜 꽃 비가 날리는 날에 그대 돌아와
날 품에 안아줘 사랑아
한때는 밉고 밉고 한없이 미웠는데
오늘은 너무나 보고 싶어요
사랑한단 말을 원 없이 하고 싶은데
당신은 어디 있나요
꽃 비가 흩날리는 오늘밤 내게 와요
당신의 사랑이 필요합니다
꿈이라도 당신 품에서
잠들 수 있게 돌아와줘요
아무 말 하지 말고 내게 오세요
나는 나는 기다립니다
당신 한 사람을 끝내 기다립니다
나에게 돌아오세요
당신이 그리운 날에 오세요
하루 종일 생각나는 날
보고파서 보고파서 사무치는 날
나에게 돌아오세요
사랑아 사랑아
예쁜 꽃 비가 날리는 날에 그대 돌아와
날 품에 안아줘 사랑아
한때는 밉고 밉고 한없이 미웠는데
오늘은 너무나 보고 싶어요
사랑한단 말을 원 없이 하고 싶은데
당신은 어디 있나요
꽃 비가 흩날리는 오늘밤 내게 와요
당신의 사랑이 필요합니다
꿈이라도 당신 품에서
잠들 수 있게 돌아와줘요
꽃 비가 흩날리는 오늘밤 내게 와요
당신의 사랑이 필요합니다
꿈이라도 당신 품에서
잠들 수 있게 돌아와줘요
돌아와줘요"
청춘을 돌려다오,165,나훈아,"청춘을 돌려다오 젊음을 다오
흐르는 내 인생에 애원이란다
못다한 그 사랑도 태산 같은데
가는 세월 참을 수는 없지 않느냐
청춘아 내 청춘아 어딜 갔느냐
청춘을 돌려다오 젊음을 다오
흐르는 내 인생에 애원이란다
지나간 그 옛날이 어제 같은데
가는 세월 막을 수는 없지 않느냐
청춘아 내 청춘아 어딜 갔느냐"
자시삼경,169,김다나,"나는 좋소 나는 좋소
님 계신 이 세상이 나는 좋소
사랑 싣고 산들바람에
두둥실 님과 함께 두리 두리둥실
자시삼경 깊은 밤에
우리 내 님 불러내어
찔레가시 탱자가시
지게지게 베어다가
가시 울타리 둘러 엮어서
나랑 님이랑 단꿈을 꿀란다
행복하오 행복하오
님 계신 이 세상이 행복하오
사랑 싣고 산들바람에
두둥실 님과 함께 두리 두리둥실
자시삼경 깊은 밤에
우리 내 님 불러내어
찔레가시 탱자가시
지게지게 베어다가
가시 울타리 둘러 엮어서
나랑 님이랑 단꿈을 꿀란다
단꿈을 꿀란다"
미워하지 않으리,"2,350",박서진,"목숨 걸고 쌓아올린
사나이의 첫사랑
그라스에 아롱진 그 님의 얼굴
피보다 진한 사랑 여자는 모르리라
눈물을 삼키며 미워하지 않으리
피에 맺힌 애원도 몸부림을 쳐봐도
한번가신 그님이 다시 올 소냐
사나이 붉은 순정 그님은 모르리라
입술을 깨물며 미워하지 않으리"
동반자,749,옥진욱,"잘 살고 못 사는 건
타고난 팔자지만
당신만을 사랑해요
영원한 동반자여
당신은 나의 동반자
영원한 나의 동반자
내 생애 최고의 선물
당신과 만남이었어
잘 살고 못 사는 건
타고난 팔자지만
당신만을 사랑해요
영원한 동반자여
영원한
잘 살고 못 사는 건
타고난 팔자지만
당신만을 사랑해요
영원한 동반자여
당신만을 사랑해요
영원한 동반자여
영원한 동반자여
영원한 동반자여"
운명에게,326,장윤정,"위스키 한잔에 취해
블루스 음악에 취해
술 때문인지 그리움인지
가슴이 젖어 온다
비켜간 사랑은 이제
사랑이 아니었음을
술 때문인지 그리움인지
가슴이 아파 온다
철 지난 사랑이
아쉬워 울게 하고
슬픔에 한잔
그리움 한잔
사랑아 나 또 취한다
위스키 한잔에 취해
블루스 음악에 취해
술 때문인지 그리움인지
가슴이 젖어 온다
비켜간 사랑은 이제
사랑이 아니었음을
술 때문인지 그리움인지
가슴이 아파 온다
철 지난 사랑이
아쉬워 울게 하고
슬픔에 한잔
그리움 한잔
사랑아 나 또 취한다
운명아 나 또 취한다"
Gimme! Gimme!,"16,781",임영웅,"사랑이 듬뿍담긴 편지를 받았어
편지와 함께 한아름 꽃도 받았어
꽃다발 속에 담긴 너의
그 마음이 정말 좋았어 sexy
oh 너를 기다리다가 그냥
돌아왔어
돌아오는 그 길이 너무 외로웠어
밤하늘에 뜬 별이
내 가슴에 떨어지네
사랑이라고 말해
언제나 나를 사랑한다고
달려와 내 가슴에 안겨줄
너를 기다리는 나에게로
oh Gimme Gimme Gimme
Gimme Gimme Gimme
사랑을 Tell me Tell me Tell me
Tell me Tell me Tell me
나에게 깊이 깊이 깊이 깊이
깊이 깊이
남겨둘 사랑을 찾아서
날 떠나간
희미해진 기억속에
니가 남긴 사랑을
향기로운 그입술에 잊지못할
추억은 다시 돌아올거야
내 가슴의 운명처럼
이제 너도 내게 날
돌아와 달라는 사실을
나 너무 외로워
나 너만 있으면 되는데
기회는 지금 있어 지겨워 하지마
나도 지금 너처럼 지 쳐 가
순정을 다 바쳐서 너를
사랑했어
뜨거운 그 날 밤도 우리
시를 썼고
그렇게 아름다운 여자는 세상에
처음이었어 kiss me
그후로 오랬동안 너무 행복했고
사랑의 장난으로 우린 헤어졌지
나의 눈에 눈물이 가슴속에
떨어지네
사랑이라고 말해
언제나 나를 사랑한다고
달려와 내가슴에 안겨줄
너를 기다리는 나에게로
oh Gimme Gimme Gimme
Gimme Gimme Gimme
사랑을 Tell me Tell me Tell me
Tell me Tell me Tell me
나에게 깊이 깊이 깊이 깊이
깊이 깊이
남겨둘 사랑을 찾아서
날 떠나간
희미해진 기억속에 니가
남긴 사랑을
향기로운 그입술에 잊지못할
추억은 다시 돌아올거야
내가슴의 운명처럼
Make me a baby
Make me be
you alright girl
I just like the way
You are sexy baby
Want make you grow
oh tonight girl
내사랑을 그대에게 원 투 쓰리
oh Gimme Gimme Gimme
Gimme Gimme Gimme
사랑을 Tell me Tell me Tell
me Tell me Tell me Tell me
나에게 깊이 깊이 깊이
깊이 깊이 깊이
남겨둘 사랑을 찾아서
날 떠나간
희미해진 기억속에 니가
남긴 사랑을
향기로운 그입술에 잊지못할
추억은 다시 돌아올거야
내가슴의 운명처럼"
고장난 벽시계,"1,610",홍지윤,"세월아 너는 어찌
돌아도 보지 않느냐
나를 속인 사랑보다
니가 더욱 야속하더라
한 두번 사랑 땜에 울고 났더니
저만큼 가버린 세월
고장난 벽시계는 멈추었는데
저 세월은 고장도 없네
청춘아 너는 어찌
모른 척 하고 있느냐
나를 버린 사람보다
니가 더욱 무정하더라
뜬구름 쫒아가다 돌아 봤더니
어느새 흘러간 청춘
고장난 벽시계는 멈추었는데
저 세월은 고장도 없네
고장난 벽시계는 멈추었는데
저 세월은 고장도 없네"
봄날은 간다,"1,136",양지은,"연분홍 치마가 봄바람에 휘날리더라
오늘도 옷고름 씹어가며
산제비 넘나드는 성황당 길에
꽃이 피면 같이 웃고
꽃이 지면 같이 울던
알뜰한 그 맹세에 봄날은 간다
새파란 풀잎이 물에 떠서 흘러가더라
오늘도 꽃편지 내던지며
청노새 짤랑대는 역마차 길에
별이 뜨면 서로 웃고
별이 지면 서로 울던
실없는 그 기약에 봄날은 간다"
따라따라와 (Prod. by 영탁),"5,774",김희재,"날 따라따라와
날 따라따라와
착한 척은 그만 예쁜 척도 그만
너도 이미 모두 알고 있잖아
그대만을 원해 바로 오늘 밤에
이젠 외로워할 필요 없는 걸
오 우리 사랑 One more time
숨이 차올 때까지
날 따라따라와
날 바라바라봐
너와 나 둘이서 또 밤새 춤추는 거야
꼭 잡고 따라와
꼭 나만 바라봐
이 밤이 새도록 난 너를 사랑할 거야
랄랄라라랄라 랄랄라라랄라
랄랄라랄랄랄랄라라라라
랄랄라라랄라 랄랄라라랄라
랄랄라랄랄랄랄라라라라
아닌 척은 그만 부끄러운 척 그만
너도 이미 생각하고 있잖아
그대만을 원해 바로 오늘 밤에
이제 우리 둘만의 시간인 걸
오 우리 사랑 One more time
숨이 차올 때까지
날 따라따라와
날 바라바라봐
너와 나 둘이서 또 밤새 춤추는 거야
꼭 잡고 따라와
꼭 나만 바라봐
이 밤이 새도록 난 너를 사랑할 거야
랄랄라라랄라 랄랄라라랄라
랄랄라랄랄랄랄라라라라
랄랄라라랄라 랄랄라라랄라
랄랄라랄랄랄랄라라라라
날 따라따라와"
사랑의 미로,"1,137",박창근,"그토록 다짐을 하건만
사랑은 알 수 없어요
사랑으로 눈 먼 가슴은
진실 하나에 울지요
그대 작은 가슴에 심어 준 사랑이여
상처를 주지 마오 영원히
끝도 시작도 없이
아득한 사랑의 미로여
흐르는 눈물은 없어도
가슴은 젖어 버리고
두려움에 떨리는 것은
사랑의 기쁨인가요
그대 작은 가슴에 심어 준 사랑이여
상처를 주지 마오 영원히
끝도 시작도 없이
아득한 사랑의 미로여
때로는 쓰라린 이별도
쓸쓸히 맞이하면서
그리움만 태우는 것이
사랑의 진실인가요
그대 작은 가슴에 심어 준 사랑이여
상처를 주지 마오 영원히
끝도 시작도 없이
아득한 사랑의 미로여"
미운정 고운정,155,류원정,"미운 정 고운 정 다 들었는데
이제 와 떠난대요
바보처럼 믿었던
내가 바보인가요
그대를 잊으려 잊으려 해도
가슴을 콕콕 찌르는데
그대를 지우려 지우려 해도
자꾸만 생각나는데
왜 이럴까 왜 이러는 걸까
가슴이 말을 안 듣는네
미운 정 고운 정 다 줬던
내가 아아 바보인가요
미운 정 고운 정 다 들었는데
이제 와 떠난대요
바보처럼 믿었던
내가 바보인가요
그대를 잊으려 잊으려 해도
가슴을 콕콕 찌르는데
그대를 지우려 지우려 해도
자꾸만 생각나는데
왜 이럴까 왜 이러는 걸까
가슴이 말을 안 듣는네
미운 정 고운 정 다 줬던
내가 아아 바보인가요
왜 이럴까 왜 이러는 걸까
가슴이 말을 안 듣는네
미운 정 고운 정 다 줬던
내가 아아 바보인가요
내가 아아 바보인가요"
당돌한여자 cover,17,미스터 팡,"일부러 안 웃는 거 맞죠
나에게만 차가운 거 맞죠
알아요 그대 마음을
내게 빠질까봐 두려운 거죠
그대는 그게 매력이예요
관심없는 듯한 말투 눈빛
하지만 그대 시선을
나는 안보고도 느낄 수 있죠
집으로 들어가는 길인가요
그대의 어깨가 무거워 보여
이런 나 당돌한가요
술 한 잔 사주실래요
야이 야이 야이 야이 날 봐요
우리 마음 속이지는 말아요
날 기다렸다고 먼저 얘기하면
손해라도 보나요
야이 야이 야이 야이 말해요
그대 여자 되달라고 말해요
난 이미 오래전
그대 여자이고 싶었어요
애인이 없다는 거 맞죠
혹시 숨겨둔 건 아니겠죠
믿어요 그대의 말을
행여 있다 해도 양보는 싫어
그대는 그게 맘에 들어
여자 많은 듯한 겉모습에
사실은 아무에게나
마음 주지 않는 그런 남자죠
집으로 들어가는 길인가요
그대의 어깨가 무거워 보여
이런 나 당돌한가요
술 한 잔 사주실래요
야이 야이 야이 야이 날 봐요
우리 마음 속이지는 말아요
날 기다렸다고
먼저 얘기하면
손해라도 보나요
야이 야이 야이 야이 말해요
그대 여자 되달라고 말해요
난 이미 오래전
그대 여자이고 싶었어요"
장녹수,157,노지훈,"가는세월 바람타고
흘러가는 저 구름아
수많은 사연담아
가는 곳이 어드메냐
구중궁궐 처마끝에
한맺힌 매듭 엮어
눈물강 건너서
높은 뜻 걸었더니
부귀도 영화도
구름인 양 간 곳 없고
어이타 녹수는
청산에 홀로 우는가
어이타 녹수는
청산에 홀로 우는가
청산에 홀로 우는가"
퐁당퐁당,207,별사랑,"기차 타고 칙칙폭폭 오시렵니까
비를 타고 퐁당퐁당 오시렵니까
기다리다 기다리다 목이 빠져서
그댈 보러 삐용삐용 내가 갑니다
쭉쭉 주루룩쭉쭉 달려갑니다
짠짠 짠하게 안아주세요
쭉쭉 주루룩쭉쭉 달려갑니다
보고싶어 보고싶어 내가 갑니다
차를 타고 뛰뛰빵빵 오시렵니까
바람 타고 폴락폴락 오시렵니까
기다리다 기다리다 목이 빠져서
그댈 보러 삐용삐용 내가 갑니다
쭉쭉 주루룩쭉쭉 달려갑니다
짠짠 짠하게 안아주세요
쭉쭉 주루룩쭉쭉 달려갑니다
보고싶어 보고싶어 내가 갑니다
달려갑니다
가요가요 나는 가요
차를 타고 뛰뛰빵빵 오시렵니까
바람 타고 폴락폴락 오시렵니까
기다리다 기다리다 목이 빠져서
그댈 보러 삐용삐용 내가 갑니다
쭉쭉 주루룩쭉쭉 달려갑니다
짠짠 짠하게 안아주세요
쭉쭉 주루룩쭉쭉 달려갑니다
보고싶어 보고싶어 내가 갑니다
쭉쭉 주루룩쭉쭉 달려갑니다
짠짠 짠하게 안아주세요
쭉쭉 주루룩쭉쭉 달려갑니다
보고싶어 보고싶어 내가 갑니다
달려갑니다
가요가요 나는 가요
가요가요 나는 가요"
거짓말,166,신성,"사랑했다는 그 말도 거짓말
돌아온다던 그 말도 거짓말
세상의 모든 거짓말 다 해놓고
행여 나를 찾아와 있을
너의 그 마음도 다칠까
너의 자리를 난 또 비워둔다
이젠 더 이상 속아선 안 되지
이젠 더 이상 믿어선 안 되지
하지만 그게 말처럼 쉽지 않아
다시 한번만 더 나 너를
다시 한번만 더 너에게
나를 사랑할 기횔 주어본다
어떤 사랑으로
나의 용서에 답하련지
또 잠시 날 사랑하다 떠날 건지
마치 처음 날 사랑하듯
가슴 뜨겁게 와 있지만
난 왠지 그 사랑이 두려워
오직 나만을 위한 그 약속과
내 곁에서 날 지켜준다는 말
이번만큼은 제발 변치 않길
어떤 사랑으로
나의 용서에 답하련지
또 잠시 날 사랑하다 떠날 건지
마치 처음 날 사랑하듯
가슴 뜨겁게 와 있지만
난 왠지 그 사랑이 두려워
오직 나만을 위한 그 약속과
내 곁에서 날 지켜준다는 말
이번만큼은 제발 변치 않길
오직 나만을 위한 그 약속과
내 곁에서 날 지켜준다는 말
이번만큼은 제발 변치 않길"
아이라예,986,진해성,"니 내를 사랑하나 아이라예
거라먼 싫어하나 아이라예
아이라예 아이라예 수줍어하던
그 사람이 생각이 난다
손목 한번 잡는 것도
눈치 보였고
언불생심 키스까지
천만의 말씀
몰라예 아이라예 부끄러버예
보고 싶다 부산 아가씨

내 니를 우째하꼬 모릅니더
거라먼 누가 아노 모릅니더
모릅니더 모릅니더 얼굴 붉히던
첫사랑이 그리워진다
철철 끓는 타는 가슴
콩닥거렸고
보다덤고 싶었지만
천만의 말씀
몰라예 아이라예 부끄러버예
보고 싶다 부산 아가씨
몰라예 아이라예 부끄러버예
보고 싶다 부산 아가씨"
밤에 피는 장미,129,세가수,"외로운 밤엔 나 홀로 걸었네 가슴 속에 피는 한 잎 떨어진
상처만이 남아있는 한 떨기 장미처럼 슬픈 내 영혼
그러나 또 낮이 되면서도 잊혀진 지난날 그리워
가슴의 뜨거운 마음도 나의 슬픈 그 장미

아하 밤에 피는 장미 나의 사랑 장미같은 사랑
돌아오지 못 할 시절 한 떨기 사랑 장미같은 사랑
아하 밤에 피는 장미 나의 사랑 장미같은 사랑
돌아오지 못 할 계절 한 떨기 사랑 장미같은 사랑



외로운 밤엔 나 홀로 걸었네 가슴 속에 피는 한 잎 떨어진
상처만이 남아있는 한 떨기 장미처럼 슬픈 내 영혼
그러나 또 낮이 되면서도 잊혀진 지난날 그리워
가슴의 뜨거운 마음도 나의 슬픈 그 장미

아하 밤에 피는 장미 나의 사랑 장미같은 사랑
돌아오지 못 할 시절 한 떨기 사랑 장미같은 사랑
아하 밤에 피는 장미 나의 사랑 장미같은 사랑
돌아오지 못 할 계절 한 떨기 사랑 장미같은 사랑

아하 밤에 피는 장미 나의 사랑 장미같은 사랑
돌아오지 못 할 시절 한 떨기 사랑 장미같은 사랑


장미"
울 아버지,174,민수현,"내가 내가 가는 이 길은
우리 아버지가 먼저 가신 길
내가 흘린 땀보다
더 많은 땀을 흘리시며
닦아놓은 그 길을 내가 갑니다

이제 또 내 자식이 따라오겠죠
나름대로 꿈을 꾸면서
물이 아래로 흘러내리듯
사랑은 내리 사랑이라 하시던 말씀
이 나이에 알았습니다

그 사랑 뒤에 흘리신
아버지의 눈물을
이 나이에 알았습니다
고맙습니다 고맙습니다 아 울 아버지

내가 내가 가는 이 길은
우리 아버지가 먼저 가신 길
내가 흘린 땀보다
더 많은 땀을 흘리시며
닦아놓은 그 길을 나도 갑니다

오늘따라 아버지가 그립습니다
떠나가신 빈자리가 너무도 커서
세상이치가 다 그런거다
내 어깨를 감싸주며 하시던 말씀
그 마음을 알았습니다

그 사랑 뒤에 흘리신
아버지의 눈물을
이 나이에 알았습니다
고맙습니다 고맙습니다 아 울 아버지
고맙습니다 고맙습니다 아 울 아버지"
나를 울리는 사랑,68,안소정,"왜 하필 내 사랑인지
왜 하필 나였었는지
견디기 조차 힘든 세월은
왜 나를 울게 하는지
사랑도 나를 떠나고
내 마음 쉴 곳도 없네
나 혼자서는 힘이 들어요
자꾸만 눈물이 나요
오 나의 사람아
오늘도 하루해가 저물어 가네요
다시 또 찾아 오는 이 밤은
또 나를 나를 울리겠지요
사랑하는 나의 사람아
부디 행복하게 잘 살아야 해
살다가 힘이 들면은
다시 또 나를 찾아줘요

오 나의 사람아
오늘도 하루해가 저물어 가네요
다시 또 찾아 오는 이 밤은
또 나를 나를 울리겠지요
사랑하는 나의 사람아
부디 행복하게 잘 살아야 해
살다가 힘이 들면은
다시 또 나를 찾아줘요"
대찬인생,218,박현빈,"박차고 태어나서
겁날게 뭐가있냐
깨지고 박살나도
제대로 한판붙어봐
딱한번 인생인데
기죽고 살지마라
가슴을 활짝펴고
멋있게 사는거야
세상만사 그런거지
가끔은 꼬일 때도 있지
소주한잔 걸치고 이렇게 소리쳐봐
한번죽지 두번죽냐 덤빌테면
모두 덤벼봐
깡으로 치자면
둘째가라면 섭섭해
한번뽑은 칼이라면
찔러야지 호박이라도
까지것 어떠냐 목숨한번 걸어봐
대차게 살기위해
이땅에 태어났다
실패를 하더라도
뼈빠지게 한번 살아봐
뛰는놈 머리위로
나는놈 있다지만
그런건 상관없어
오십보 백보니까
청춘이야 갔다지만
불같은 열정 없다지만
그렇다고 내인생
파김치 된건아냐
한번죽지 두번죽냐
덤빌테면 모두 덤벼봐
깡으로 치자면 둘째가라면 섭섭해
한번뽑은 칼이라면
찔러야지 호박이라도
까지것 어떠냐 목숨한번 걸어봐
까지것 어떠냐
목숨한번 걸어봐"
즐거운 인생 (2015 Ver.),126,오승근,"난 오늘도 이렇게 청춘이란다
세월도 나를 비켜 가는구나
겸손한 듯 하지만
사랑도 하고 싶어
아직도 난 청춘이니까
예전처럼 친구들과 수다도 떨고
노래하고 춤도 추면서
나를 떠난 첫사랑의
뒷 얘기도 하고
영화처럼 즐거운 인생
이렇게 오늘도 하루가 또 가지만
내일은 다시 태양이 뜬다
난 오늘도 이렇게 청춘이란다
세월도 나를 비켜 가는구나
겸손한 듯 하지만
사랑도 하고 싶어
아직도 난 청춘이니까
예전처럼 친구들과 술 한 잔 하고
노래하고 춤도 추면서
나를 떠난 첫사랑의
뒷 얘기도 하고
영화처럼 즐거운 인생
이렇게 오늘도 하루가 또 가지만
내일은 다시 태양이 뜬다
내일은 다시 태양이 뜬다"
생각이나네요,55,문희옥,"생각이 나네요
생각이 나네요
추억속에 그 사람이
나 없이는 못 산다던
그 사람이 생각이 나네요
지금은 어디에서
그 어디서 살고 있는지
그리워도 보고파도
만날수 가 없는 그 사람
그 사람이 생각이 나네요
생각이 나네요
생각이 나네요
추억속에 그 사람이
나 없이는 못 산다던
그 사람이 생각이 나네요
지금은 어디에서
그 어디서 살고 있는지
그리워도 보고파도
만날수 가 없는 그 사람
그 사람이 생각이 나네요
그리워도 보고파도
만날수가 없는 그 사람
그 사람이 생각이 나네요"
밥사는 사람,31,남진,"세상에 제일 고마운 사람
나누는 사람 거기 누구요.
사랑의 손길로 보듬어 주는
아름다운 사람
세상에 제일 멋있는 사람
밥사는 사람 거기 누구요.
마음이 따뜻해
정이 넘치는 아름다운 사람
인연을 소중히 생각해
사람을 유난히 좋아해
마음을 열고(사랑해) 가슴을 열고 사랑해
가족이라 친구라 챙기는 사람
혼자 살기도 힘든 세상에
하루 살기도 벅찬 세상에
오늘도 웃으며 밥사는 사람
당신좋아 사랑해
인연을 소중히 생각해
사람을 유난히 좋아해
마음을 열고(사랑해) 가슴을 열고 사랑해
가족이라 친구라 챙기는 사람
혼자 살기도 힘든 세상에
하루 살기도 벅찬 세상에
오늘도 웃으며 밥사는 사람
당신좋아 사랑해
오늘도 웃으며 밥사는 사람
당신좋아 사랑해"
빨간 립스틱,130,설운도,"빨간 립스틱 외로움을
유리잔에 남기고
떠나간 사람 야속한 사람
내곁에서 멀어진 사람
아직도 내가슴에
가슴에 남아있는
그 추억을 담아보려고
애를 썼지만
술잔에 가득 어둠만 남았네
너는 믿을수가 없었어
너는 견딜수가 없었어
깊은밤 카페문을 나서는
빨간 립스틱 여인아
빨간 립스틱 외로움을
유리잔에 남기고
떠나간 사람 야속한 사람
내곁에서 멀어진 사람
아직도 내가슴에
가슴에 남아있는
그 추억을 담아보려고
애를 썼지만
술잔에 가득 어둠만 남았네
너는 믿을수가 없었어
너는 견딜수가 없었어
깊은밤 카페문을 나서는
빨간 립스틱 여인아"
길면 3년 짧으면 1년,142,주현미,"안녕하며 돌아서는 그대두눈에
슬픈이슬 맺히는걸 나는 보았네
가면은 아니오고
모른체 있는것은 아니지만은
길면3년 짧으면1년
잠깐만 당신곁을 떠나있는 것이라오
외로워도 참고살아요
그리워도 참고살아요
아아 돌아갈 그날까지

안녕하며 돌아서는 그대입술에
슬픈미소 머금은걸 나는보았네
가시면 아니오고
모른체 있는것은 아닌줄 알지만
길면3년 짧으면1년
잠깐만 당신곁을 떠나있는 것이라오
외로워도 참고살아주
그리워도 참고살아주
아아 돌아올 그날까지"
편지 (With SG워너비-채동하),516,장윤정,"그대를 생각하면 자꾸만 눈물이 나요
언제나 변함없는 그대 사랑에 난 해줄게 없네요

그대여 울면 안되요 내가 더 가슴이 아파요
날 보며 미소 짓는 그대 생각에 나는 행복하네요

보고싶을때 달려갈께요 그대를 사랑해요
기억해요 우리 처음 만났었던 날
기억해요 서로 헤어짐을 아쉬워 하던
약속해요 우리 함께 살아가는 날까지
그 마음 변치 않길 -

보고싶을땐 달려 갈께요 그대를 사랑해요
기억해요 우리 처음 만났었던 날
기억해요 서로 헤어짐을 아쉬워하던
약속해요 우리 함께 살아가는 날까지
그 마음 변치 않길

그 마음 변치 않길 -"
우수,158,나훈아,"맺지 못할 인연일랑 생각을 말자
마음의 다짐을 받고 또 받아
한백번 달랬지만 어쩔 수 없네
잊으려해도 잊지못할
그대 모습 그려볼 때
밤비는 끝없이 소리없이
내 마음 들창가에 흘러내린다

맺지못할 사랑일랑 생각을 말자
아쉬움 미련만 남고 또 남아
잊으려 했었지만 잊을 길 없네
빗줄기속에 추억실어
그대 이름 불러볼 때
밤비는 끝없이 하염없이
마음의 슬픔처럼 흘러내린다"
남자의 눈물,87,정의송,"1.이별의 밤을 새우고 바람처럼 떠나간 당신 그렇게도 정을 주며 사랑했던 사람인데 소리치며 통곡한들 소용 있나요 그까짓껏 사랑이란 바람인 것을 가거라 가거라 정마저 가거라 하아아~~아 사랑을 태워버린 남자의 눈물 ,,,,,,,,,,,,,,,2. 이별의 ~~~~~고 구름처럼 떠나간 당신 그렇게도 ~~~~~며 기약했던 사람인데 가슴치며 통곡한들~~~~~~~사랑이란 바람 같은것 가거라~~~~라 아주 멀리 가거라 하아아~~아 가슴을 태워버린 남~~~~물."
하이난 사랑,559,권성희,"코발트 빛 바다 우거진 야자수 아래
아롱만 해변에서
처음 만난 남국의 아가씨
칵테일 한잔 두잔
정들어 가는 하이난의 밤
분위기에 취해서
그 사랑에 취해서
잊을 수 없는 정든밤이여
부서지는 파도 소리에
둘이서 새긴 그사랑
젊음이 불타는 하이난의 밤
아~ 아~ 잊지 못할 하이난의 밤

검푸른 파도가 춤추는 야자수 아래
아롱만 해변에서
처음 만난 남국의 그사랑
연분홍 와인잔에
정들어 가는 하이난의 밤
분위기에 취해서
그 사랑에 취해서
잊을 수 없는 정든밤이여
부서지는 파도 소리에
둘이서 새긴 그사랑
젊음이 불타는 하이난의 밤
아~ 아~ 깊어가는 하인난의 밤
깊어가는 하인난의 밤"
먼 훗날,174,둘 다섯,"가랑잎 한잎 두잎
들창가에 지던 날
그 사람 나에게
작별을 고했었네
먼훗날 또 다시 만날거라고
그렇게 말할땐 손을 잡았네
가랑잎 한잎 두잎
들창가에 지던날
함박눈 소리없이 내리던 밤에
그 사람 나에게
작별을 고했었네
세월이 가면은 잊을 거라고
그렇게 말할땐 함께 울었네
함박눈 소리없이 내리던 밤에
가랑잎 한잎 두잎
들창가에 지던날"
바보같은 남자,257,이주영,"바보같은 남자인가요
사랑한단 말도 못하고
속으로만 울음 참던 당신은
용기 없는 남자인가요
가슴속에 수 놓았던 사랑의 불꽃
활짝 한번 열면 될 것을
새까맣게 애가 타도
한마디 말도 못하고
아니야 아니야
남자가 아니야
그런 당신 바보같은 남자
바보같은 남자인가요
사랑한단 말도 못하고
속으로만 울음 참던 당신은
용기 없는 남자인가요
가슴속에 수 놓았던 사랑의 불꽃
활짝 한번 열면 될 것을
새까맣게 애가 타도
한마디 말도 못하고
아니야 아니야
남자가 아니야
그런 당신 바보같은 남자
그런 당신 바보같은 남자"
꽃바람 여인,281,진성,"1.가슴이 터질 듯한 당신의 그 몸짓은 날` 위한 사랑일까 섹시한 그대 모습 @한 모금 담배 연기 사~아하랑을그리며 한 잔의 샴페인에 영혼`을 팔~하아알리라 세월에 향기인가 다가서는 당신은 꽃바람 여인인가 나만의사랑 사랑의 노예가 되어 버렸어 어쩔 수 없~허업었네 꽃바람 여~어어인 ,,,,,,,,,,2. 영혼의 사랑인가 숨이 막혀 오네요 망가진 내 모습은 어쩔 수 없는 사랑 한~~~~인."
차표한장,157,송대관,"차표 한장 손에 들고
떠나야 하네
예정된 시간표대로 떠나야하네
너는 상행선 나는 하행선
열차에 몸을 실었다
사랑했지만 갈길이 달랐다
이별의 시간표대로 떠나야했다
달리는 차창에 비가 내리네
그리움이 가슴을 적시네
너는 상행선 나는 하행선
추억이 나를 울리네

차표 한장 손에 들고
떠나야 하네
예정된 시간표대로 떠나야하네
너는 상행선 나는 하행선
열차에 몸을 실었다
사랑했지만 갈길이 달랐다
이별의 시간표대로 떠나야했다
달리는 차창에 비가 내리네
그리움이 가슴을 때리네
너는 상행선 나는 하행선
추억이 나를 울리네
사랑했지만 갈길이 달랐다
이별의 시간표대로 떠나야했다
달리는 차창에 비가 내리네
그리움이 가슴을 때리네
너는 상행선 나는 하행선
추억이 나를 울리네"
보디가드,139,소명,"힘들고 지치면 나를 찾아와
내 가슴으로 들어와
만만치 않은 세상살이에
나 나 당신 지킨다
총알 화살 쌩 쌩 쌩 날아들면
이 한몸 던진다 다 막아낸다
천둥 번개 쾅 쾅 쾅 내려 치면
날 잡아 꽉 잡아
사랑의 보디가드
여기도 저기도 사랑은 있지
하지만 오직 당신뿐
장미를 닮은 빨간 입술에
나 나 인생을 건다
총알 화살 쌩 쌩 쌩 날아들면
이 한몸 던진다 다 막아낸다
천둥 번개 쾅 쾅 쾅 내려 치면
날 잡아 꽉 잡아
사랑의 보디가드
날 잡아 꽉 잡아
사랑의 보디가드
당신의 보디가드야"
카츄샤의 노래,319,장윤정,"마음대로 사랑하고
마음대로 떠나버린
첫사랑 도련님과
정든 밤을 못 잊어
얼어붙은 마음 속에
모닥불을 피워 놓고
오실 날을 기다리는
가엾어라 카츄샤
찬바람은 내 가슴에
흰 눈은 쌓이는데
이별의 슬픔 안고
카츄샤는 흘러간다
진정으로 사랑하고
진정으로 보내드린
첫사랑 맺은 열매
익기 전에 떠났네
내가 지은 죄이기에
끌려가고 끌려가도
죽기 전에 다시 한번
보고파라 카츄샤
찬바람은 내 가슴에
흰 눈은 쌓이는데
이별의 슬픔 안고
카츄샤는 흘러간다"
고향이 좋아,305,김상진,"타향도 정이 들면
정이 들면 고향이라고
그 누가 말했던가
말을 했던가
바보처럼 바보처럼
아니야 아니야
그것은 거짓말
향수를 달래려고
술이 취해 하는 말이야
아아아아 타향은 싫어
고향이 좋아
타향도 정을 두면
정을 두면 고향이라고
그 누가 말했던가
말을 했던가
바보처럼 바보처럼
아니야 아니야
그것은 거짓말
님 생각 고향생각
달래려고 하든 말이야
아아아아 타향은 싫어
고향이 좋아"
고삐,441,유현상,"고삐를 잡아 고삐를 잡아
고삐를 잡아 고삐를 잡아
고삐를 잡아 고삐를 잡아
잡아 잡아 고삐를 잡아
가는 세월 고삐를 잡아
아쉽잖아 정말 싫잖아
이렇게 보내지는 마
아직은 매력있고
폼 잡을 나인데
저 세월이 심술 부려
어서 가자 하네
세월아 너무 빨리 가지를 마라
이 오빠가 너무 숨 차다
고삐를 잡아 고삐를 잡아
고삐를 잡아 고삐를 잡아
고삐를 잡아 고삐를 잡아
잡아 잡아 고삐를 잡아
가는 세월 고삐를 잡아
웃고 있잖아 울기는 싫어
내 사랑 놓치긴 싫어
아직은 매력 있고
사랑 할 나인데
저 세월은 핑계 많아
자꾸 가려 하네
세월아 너무 빨리 가지를 마라
이 언니가 너무 숨 차다
아직은 매력 있고
폼 잡을 나인데
저 세월이 심술 부려
어서 가자 하네
세월아 너무 빨리 가지를 마라
이 언니가 너무 숨 차다
이 오빠가 너무 숨 차다
고삐를 잡아"
알쏭달쏭,59,파스텔걸스,"되는 일 하나도 없단 말
그런 말 하지 마요
뜻대로 되는 일 없어 도
엄마 슬퍼마세요
다 잘될거야 입맞추던
당신의 미소가 보고싶어요
한숨 쉬지마요 그러지 마요
내겐 당신 뿐이니까
인생은 알쏭달쏭 알쏭달쏭
난 정말 모르겠어요
알콩달콩 알콩달콩
그렇게 살고싶어요
난 나나 난 나나 나나
난 슬픔은 털어 넘기고
난 나나 난 나나 나나
난 사랑을 노래할래요
맘 먹은 대로 안 풀려도
아빠 힘들어마세요
산다는게 그런 거래요
오늘도 힘내세요
잘 할 수 있어 안아주던
당신의 품속이 그리워요
포기 하지마요 그러지 마요
내가 여기 있으니까
인생은 알쏭달쏭 알쏭달쏭
난 정말 모르겠어요
알콩달콩 알콩달콩
그렇게 살고싶어요
난 나나 난 나나 나나
난 슬픔은 털어 넘기고
난 나나 난 나나 나나
난 사랑을 노래할래요
기합 기합 얼쑤
돌고 돌아 빙글빙글
결국엔 다 같은 것을
남들과 비교하지마요
그냥 날 안아주세요
난 특별한 걸
막 화려한 걸
바라는게 아니야
내겐 당신뿐 정말 사랑해
인생은 알쏭달쏭 알쏭달쏭
난 정말 모르겠어요
알콩달콩 알콩달콩
그렇게 살고싶어요
난 나나 난 나나 나나
난 슬픔은 털어 넘기고
난 나나 난 나나 나나
난 사랑을 노래할래요
인생은 알쏭달쏭 알쏭달쏭
난 정말 모르겠어요
알콩달콩 알콩달콩
그렇게 살고싶어요
난 나나 난 나나 나나
난 슬픔은 털어 넘기고
난 나라 난 난 나나
난 사랑을 노래할래요"
오르락내리락,448,신유,"오르락내리락 세상을 살다 보면
잘 될 때 있으면
안 될 때도 있는 거야
오르락내리락 살다가 지칠 때면
다시 한번 일어나 보자
정상을 바라보면서
누구나 똑같이 주어진 인생이라면
움츠려 있지만 마라
어차피 넘어야 할 산이 아니더냐
당당히 살아가보자
오르락내리락 세상을 살다 보면
잘 될 때 있으면
안 될 때도 있는 거야
오르락내리락 살다가 지칠 때면
다시 한번 일어나 보자
정상을 바라보면서
누구나 똑같이 주어진 인생이라면
움츠려 있지만 마라
어차피 넘어야 할 산이 아니더냐
당당히 살아가보자
오르락내리락 세상을 살다 보면
잘 될 때 있으면
안 될 때도 있는 거야
오르락내리락 살다가 지칠 때면
다시 한번 일어나 보자
정상을 바라보면서
정상을 바라보면서"
아침의 나라에서,"1,705",임도형,"모두가 다정한 친구처럼
모두가 다정한 형제처럼
우리의 가슴이 열리는 곳
오 서울코리아 아
사랑이 넘치는 거리에서
바람이 시원한 강변에서
일류의 꿈들이 피어난다
오 서울코리아 아
푸른 하늘에
나부끼는 깃발은 음
세계가 하나로
뭉쳐지는 평화의 손길
모이자 모이자
아침의 나라에서
모이자 모이자
우리함께 달리자
모이자 모이자
아침의 나라에서
모이자 모이자
우리함께 달리자"
아모르파티,"6,540",이찬원,"산다는게 다 그런거지
누구나 빈손으로와
소설같은 한 편의 얘기들을
세상에 뿌리며 살지
자신에게 실망 하지마
모든걸 잘할 순 없어
오늘보다 더 나은 내일이면 돼
인생은 지금이야
아모르파티
아모르파티
아모르파티
인생이란 붓을 들고서
무엇을 그려야 할지
고민하고 방황하던
시간이 없다면 거짓말이지
말해뭐해 쏜 화살처럼
사랑도 지나 갔지만
그 추억들 눈이 부시면서도
슬펐던 행복이여
나이는 숫자 마음이
진짜 가슴이 뛰는 대로 가면돼
이제는 더이상 슬픔이여 안녕
왔다갈 한번의 인생아
연애는 필수 결혼은 선택
가슴이 뛰는대로 가면 돼
눈물은 이별의 거품일 뿐이야
다가올 사랑은 두렵지 않아
아모르 파티 아모르파티
말해뭐해 쏜 화살처럼
사랑도 지나 갔지만
그 추억들 눈이 부시면서도
슬펐던 행복이여
나이는 숫자 마음이
진짜 가슴이 뛰는 대로 가면돼
이제는 더이상 슬픔이여 안녕
왔다갈 한번의 인생아
연애는 필수 결혼은 선택
가슴이 뛰는대로 가면 돼
눈물은 이별의 거품일 뿐이야
다가올 사랑은 두렵지 않아
아모르 파티 아모르파티
아모르 파티"
여백,632,남승민,"얼굴이 잘생긴 사람은
늙어 가는 게 슬프겠지
아무리 화려한 옷을 입어도
저녁이면 벗게 되니까
내 손에 주름이 있는 건
길고 긴 내 인생에 훈장이고
마음에 주름이 있는 건
버리지 못한 욕심에 흔적
청춘은 붉은 색도 아니고
사랑은 핑크빛도 아니더라
마음에 따라서 변하는
욕심 속 물감의 장난이지
그게 인생인거야
전화기 충전은 잘 하면서
내 삶은 충전하지 못하고 사네
마음에 여백이 없어서
인생을 쫓기듯 그렸네
청춘은 붉은 색도 아니고
사랑은 핑크빛도 아니더라
마음에 따라서 변하는
욕심 속 물감의 장난이지
그게 인생인거야
전화기 충전은 잘 하면서
내 삶은 충전하지 못하고 사네
마음에 여백이 없어서
인생을 쫓기듯 그렸네
마지막 남은 나의 인생은
아름답게 피우리라"
선물,393,양지원 (YangJiwon),"그대가 나와 만난건
세상이 준 가장 큰선물
그대가 있기에 내가 있고
내가 존재 하는 이유야
커피를 마셔도 맛있고
술 한잔 해도 즐겁고
그대없는 세상에 살기 싫어서
이렇게 노래 부르죠
그대를 보면 가슴이 떨려서
아무말도 못하겠어요
첫눈에 반한건 실순가요
제가 많이 부족한가요
인생에 동반잔가요
그대는 내 삶의 유일한 사람
이 세상 끝까지 함께 할 사람
그대와 함께 할래요
그대를 보면 가슴이 떨려서
아무말도 못하겠어요
첫눈에 반한건 실순가요
제가 많이 부족한가요
인생에 동반잔가요
그대는 내 삶의 유일한 사람
이 세상 끝까지 함께 할 사람
그대와 함께 할래요
그대와 함께 할래요"
립스틱 짙게 바르고,455,재하,"내일이면 잊으리
내일이면 잊으리
내일이면 잊으리 꼭 잊으리
립스틱 짙게 바르고
사랑이란 길지가 않더라
영원하지도 않더라
아침에 피었다가 저녁에 지고 마는
나팔꽃보다 짧은 사랑아
속절없는 사랑아
마지막 선물 잊어 주리라
립스틱 짙게 바르고
별이 지고 이 밤도 가고 나면
내 정녕 당신을 잊어 주리라
아침에 피었다가 저녁에 지고 마는
나팔꽃보다 짧은 사랑아
속절없는 사랑아
마지막 선물 잊어 주리라
립스틱 짙게 바르고
별이 지고 이 밤도 가고 나면
내 정녕 당신을 잊어 주리라
별이 지고 이 밤도 가고 나면
내 정녕 당신을
잊어 주리라"
한 판 뜨자,286,박현빈,"사랑은 게임이 아니야
내 스펙은 좀 구려 보여도
네 앞에선 슈퍼맨이야 워
그러니까 사랑 한 판 어때
그까이꺼 부족하면 어때
찐 찐하게 딱 한 판 뜨자
다비드상 뺨치는 뿅 가는 비주얼에
얼굴맛집
어깨깡패 슈트발 기가 맥히는 남자
얼굴맛집
사실은 그런 남자 아니지만
널 향한 사랑만은 넘치다 못해
사방팔방 펑펑 튀어 네 가슴에도
콕 하고 박혔다
우물쭈물하다 놓치면
쓰디쓴 눈물만 흘리는 거야
내가 볼 땐 지금이 딱인데 최고의 타이밍
사랑은 게임이 아니야
내 스펙은 좀 구려 보여도
네 앞에선 슈퍼맨이야 워
그러니까 사랑 한 판 어때
그까이꺼 부족하면 어때
찐 찐하게 딱 한 판 뜨자
어딜 가든 뭘 하든 힙 터지는 패션에
시선강탈
갖고픈 건 뭐든지 Flex 해버리는 나
시선강탈
솔직히 그런 남자 못하지만
널 향한 열정만은 뜨겁다 못해
이리저리 활활 타서 네 마음에도
핫 하게 데였다
우물쭈물하다 놓치면
쓰디쓴 눈물만 흘리는 거야
내가 볼 땐 지금이 딱인데 최고의 타이밍
사랑은 게임이 아니야
내 스펙은 좀 구려 보여도
네 앞에선 슈퍼맨이야 워
그러니까 사랑 한판 어때
그까이꺼 부족하면 어때
찐 찐하게 딱 한 판 뜨자
찐 찐하게 딱 한 판 뜨자"
상사화,452,김다현,"모란이 피면 모란으로
동백이 피면 넌 다시 동백으로
나에게 찾아와 꿈을 주고
너는 또 어디로 가버리나
인연이란 끈을 놓고 보내긴 싫었다
향기마저 떠나보내고
바람에 날리는 저 꽃잎 속에
내 사랑도 진다
아 모란이 아 동백이
계절을 바꾸어 다시 피면
아 세월이 휭 또 가도
내 안에 그대는 영원하리
모란이 피면 모란으로
동백이 피면 넌 다시 동백으로
나에게 찾아와 꿈을 주고
너는 또 어디로 가버리나
인연이란 끈을 놓고 보내긴 싫었다
향기마저 떠나보내고
바람에 날리는 저 꽃잎 속에
내 사랑도 진다
아 모란이 아 동백이
계절을 바꾸어 다시 피면
아 세월이 휭 또 가도
내 안에 그대는 영원하리"
사는 동안,180,신성,"있으면 있는 대로
없으면 없는 대로
내 몫만큼 살았습니다

바람 불면 흔들리고
비가 오면 젖은 채로

이별 없고 눈물 없는
그런 세상 없겠지만은

그래도 사랑하고
웃으며 살고 싶은

고지식한 내 인생
상도 벌도 주지 마오

기쁘면 기쁜 대로
슬프면 슬픈 대로
뿌린 만큼 살으렵니다

가진 만큼 아는 만큼
배운 대로 들은 대로

가난 없고 그늘 없는
그런 세상 없겠지만은

그래도 사랑하고
웃으며 살고 싶은

고지식한 내 인생
상도 벌도 주지 마오

그래도 사랑하고
웃으며 살고 싶은

고지식한 내 인생
상도 벌도 주지 마오"
오빠만 믿어,"2,143",박서진,"오빠 한번 믿어봐
너만 바라보리라
평생토록 내가
안아줄게
네 마음 외로울 때
아파서 눈물 날 때
언제나 기댈
넓은 가슴 줄게
한 번을 사랑해도
천 번을 사랑해도
너를 택하고
널 위해 살리
오빠 말만 믿어라
손만 잡아도 좋아
속 보이는 말이 아냐
오빠 한 번 믿어 봐
너만 바라보리라
평생토록
내가 안아줄께
한 번을 사랑해도
천 번을 사랑해도
너를 택하고
너를 위해 살리
오빠 말만 믿어라
손만 잡아도 좋아
속 보이는 말이 아냐
오빠 한 번 믿어 봐
너만 바라보리라
평생토록 내가
안아줄게
오빠 이 오빠는
세상을 다 줘도
너와 바꾸지 않으리
오빠 너만 원한다
너 때문에 웃는다
너 없이는 나도 없다
오빠 한번 믿어 봐
너만 바라보리라
평생토록 내가
안아줄게
남자답게 내 말
책임질게"
꽃,537,진욱,"날 찾아오신 내 님 어서 오세요
당신을 기다렸어요
라이 라이야 어서 오세요
당신의 꽃이 될래요
어디서 무엇하다 이제 왔나요
당신을 기다렸어요
라이 라이야 어서 오세요
당신의 꽃이 될래요
사랑의 꽃씨를 뿌려 기쁨을 주고
서로 행복 나누면
니이 라이 라이 라이 라이야
당신은 나의 나무가 되고
니이 라이 라이 라이 라이야
나는 당신의 꽃이 될래요

날 찾아오신 내 님 어서 오세요
당신을 기다렸어요
라이 라이야 어서 오세요
당신의 꽃이 될래요
어디서 무엇하다 이제 왔나요
당신을 기다렸어요
라이 라이야 어서 오세요
당신의 꽃이 될래요
사랑의 꽃씨를 뿌려 기쁨을 주고
서로 행복 나누면
니이 라이 라이 라이 라이야
당신은 나의 나무가 되고
니이 라이 라이 라이 라이야
나는 당신의 꽃이 될래요
나는 당신의 꽃이 될래요"
처녀뱃사공,731,송가인,"낙동강 강바람이 치마폭을 스치면
군인 간 오라버니 소식이 오네
큰애기 사공이면 누가 뭐라나
늙으신 부모님을 내가 모시고
에 헤야 데 헤야 노를 저어라
삿대를 저어라
낙동강 강바람이 앞가슴을 헤치면
고요한 처녀 가슴 물결이 이네
오라비 제대하면 시집보내마
어머님 그 말씀에 수줍어질 때
에 헤야 데 헤야 노를 저어라
삿대를 저어라
에 헤야 데 헤야 노를 저어라
삿대를 저어라"
복받을거야,59,류원정,"복받을 거예요 착한 사람아
복받을 거예요 나의 사랑아
너무 너무 고마운 사람

인정 많고 눈물 많고 속 깊은 사람
그 사람이 내 사랑이 되었답니다
가진 건 좀 부족해도 마음은 부자
내 마음을 가져간 사람

누구에게 말 못했던 기막힌 사연
내 일처럼 들어주고 아픔 나누며
세상살이 힘이 들어 상처 난 가슴
날 웃게 만든 사람

복받을 거예요 착한 사람아
복받을 거예요 나의 사랑아
너무 너무 고마운 사람

인정 많고 눈물 많고 속 깊은 사람
그 사람이 내 사랑이 되었답니다
네모처럼 모난 내가 당신을 만나
둥글게 변했어요


인정 많고 눈물 많고 속 깊은 사람
그 사람이 내 사랑이 되었답니다
가진 건 좀 부족해도 마음은 부자
내 마음을 가져간 사람

누구에게 말 못했던 기막힌 사연
내 일처럼 들어주고 아픔 나누며
세상살이 힘이 들어 상처 난 가슴
날 웃게 만든 사람

복받을 거예요 착한 사람아
복받을 거예요 나의 사랑아
너무 너무 고마운 사람

인정 많고 눈물 많고 속 깊은 사람
그 사람이 내 사랑이 되었답니다
네모처럼 모난 내가 당신을 만나
둥글게 변했어요

둥글게 변했어요"
DJ에게,395,윤시내,"그 음악은 제발 틀지마세요 DJ

잊었던 그 사람 생각나요 DJ
언제나 우리가
만나던 찻집에서
다정한 밀어처럼
들려오던 그 노래
그 음악은 제발 틀지마세요 DJ

잊었던 그 거리가 생각나요 DJ
네온에 쌓여진 온화한 밤거리
달콤한 입술처럼
향기롭던 그 노래
그 음악은 제발 틀지마세요 DJ

마지막 그 순간이 생각나요 DJ
커다란 눈속에 말없이 떨어지던
당신의 눈물처럼
젖어들던 그 노래
그 음악은 제발 틀지마세요 DJ
잊었던 그 거리가 생각나요 DJ
네온에 쌓여진 온화한 밤거리
달콤한 입술처럼
향기롭던 그 노래
그 음악은 제발 틀지마세요 DJ

마지막 그 순간이 생각나요 DJ
커다란 눈속에 말없이 떨어지던
당신의 눈물처럼
젖어들던 그 노래"
간양록,342,조용필,"이국땅 삼경이면
밤마다 찬서리고
어버이 한숨쉬는 새벽달일세
마음은 바람따라
고향으로 가는데
선영 뒷산에 잡초는 누가 뜯으리
어야어야어야 어야어야어
어야어야어야아 어야어야어
피눈물로 한줄한줄
간양록을 적으니
님그린 뜻 바다되어
하늘에 닿을 세라
어야어야어야 어야어야어야
어야어야어야 어야어야어야
어야어야어야 어야어야어야
어야어야어야아 어야어야어"
슬픔만 주고,193,김범룡,"그대의 작은 입술이
자꾸 떨리우네
그대의 두눈동자엔
이슬 맺혀있네
그대 이제 간다하네
나를 남겨두고
저 멀리 떠난다하네
나는 울고 있네
저멀리 돌아선
당신 뒷모습이
아득히 사라져갈때
나는 울고 있었네
그대 내게 내게
슬픔만 주고 가나요
그대 내게 상처만
주고 가나요
나도 이제 가야 하네
그댈 떠나보내고
이제는 잊어야 하네
그대 그 모습

저 멀리 돌아선 당신 뒷모습이
아득히 사라져 갈때
나는 울고 있었네
그대 내게 내게
슬픔만 주고 가나요
그대 내게 상처만 주고 가나요
나도 이제 가야하네
그댈 떠나보내고
이제는 잊어야 하네
그대 그 모습
그대 그 모습 그대 그 모습"
새벽길,174,이미자,"사랑은 하늘가에 메아리로 흩어지고
그 이름 입술마다 맴돌아서 아픈데
가슴에 멍든 상처 지울 길 없어라
정답던 님의 얼굴 너무나도 무정해
울면서 돌아서는 안개 짙은 새벽길

꽃잎이 눈처럼 창가에 내리는 밤
기러기 날개 끝에 붙여보는 사연은
사랑이 병이 되어 찾아온 가슴에
뜨겁던 님의 입김 너무나도 차가워
울면서 돌아서는 안개 짙은 새벽길"
당신의 눈물,61,태진아,"어제밤 잠든 그대
바라보던 내눈엔
한줄기 뜨거운 눈물이
흐르고 말았오
그렇게 살아온 긴 세월동안
외로워도 힘들어도 말도 못하고
아 당신은 언제나 눈물을
감추고 있었나

세상이 날 버리고
돌아갈 곳 없는데
괜찮단 그 말 한마디에
난 울고 말았오
언제나 말없이 기다려준 당신
미안해서 아무말도 할 순 없지만
아 당신은 언제나 눈물을
감추고 있었나
아 당신은 언제나 눈물을
감추고 있었나"
토요일 밤에,216,김혜연,"오늘 밤만은 오늘만은
그대 나를 떠나가지마라
깊어가는 이 밤 토요일밤엔
그대 이 순간을 느껴
날 버리고 떠난 광수와 광태
다정했던 영자와 옥자
오늘 밤만은 모두 잊어요
토요일 밤 토요일 밤에
날 따라해봐 미친 척하고
소릴질러봐
삶이 나 나를 힘들게하고
열받게 해도
이 시간이 간이 다가기전에
내 품에 안겨안겨봐

날 괴롭히는 사장 부장님
사랑했던 미자와 숙자
오늘 밤만은 모두 잊어요
토요일 밤 토요일 밤에
날 따라해봐 양손을 들고
힘껏 뛰어봐
삶이 나 나를 힘들게 하고
미치게 해도
이 시간이 간이 다가기전에
내 품에 안겨안겨봐
날 따라해봐 미친 척하고
소릴 질러봐
난나 나 나나 나나나 나나
크게 더 크게
토요일 밤 토요일 밤에
내 품에 안겨안겨봐"
우리둘이,697,정수라,"루비루루비루루비루와
루비루루비루루비루와

나는 너무나 당신을 사랑합니다
이 세상에서 제일로 순진한 맘으로
당신도 오직 나만을 사랑해줘요
이 세상에서 제일로 순결한 맘으로
루비루비루 나는 행복해요
루비루비루 정말 좋아
지금 이 행복이 영원하길
매일 기도해요
지금 이 기쁨이 영원하길
매일 기도해요
그대와 나 손을잡고 낙원으로 가요
우리둘의 사랑으로 꿈을 이뤄가요
우리둘이면 우리둘이면
이뤄낼 수 있죠
우린 하나에요

루비루비루 나는 행복해요
루비루비루 정말 좋아
지금 이 행복이 영원하길
매일 기도해요
지금 이 기쁨이 영원하길
매일 기도해요
그대와 나 손을잡고 낙원으로 가요
우리둘의 사랑으로 꿈을 이뤄가요
우리둘이면 우리둘이면
이뤄낼 수 있죠
우린 하나에요 우린 하나에요"
너말이야,155,남진,"헤이~헤이~헤이

얼굴좀 펴고 살아봐

조금만 생각을 바꿔 조금만

널린게 행복이잖아



헤이 헤이 헤이 헤이~

성질만 조금 죽이면

아이고 누구십니까 선생님~

세상이 마중을 나와

인생사 잣대로 법대로 살아도

나를 봐 항상 웃고 살잖아

따뜻한 햇살만 비춰도

웃고 살잖아

책대로 살아도 안되는건 안되지

손털고 내려와 괜찮아

끌탕하지만



돈도 밥도 떡도

안되는 걱정은 왜 해

썩소 한번 휘익

날리면 그만인 것을

시시 때때로 멍때리는 놈

아아 아아 아아아 아아아아~

헤이 헤이 헤이 헤이~

너 말이야~"
내 영혼의 히로인,72,남진,"헝클어진 운명의 끈을
바로잡지 못하고
사랑했던 그 사람을
잃어버린 채
돌이킬 수 없는 남이 되어
원점에 난 서 있네
이제는 그리워해도 안되겠지
아 이제는 만나서도 안되겠지
가슴 속에 묻어둔
가슴 속에 묻어둔
내 영혼의 히로인

헝클어진 운명의 끈을
바로잡지 못하고
사랑했던 그 사람을
잃어버린 채
돌이킬 수 없는 남이 되어
원점에 난 서 있네
다시는 그리워해도 안되겠지
아 다시는 만나서도 안되겠지
가슴 깊이 묻어둔
가슴 깊이 묻어둔
내 영혼의 히로인"
허야,144,나훈아,"니가 아닌 내가 아니 사는 게 무언지
너도 나도 아무도 몰라
얼싸안고 입마추고 더덩실 춤추면
아마 그게 사는 걸 거야
이유도 없는데 코끝이 찡하고
얼굴은 웃는데 눈물이 흐르네
허야
하늘을 보니
두리둥실 뜬구름만 하나덜렁
허야
땅을 보니 추억묻은
돌맹이만 하나덜렁
어허어 허야 어허어 허야
어허어 허야
어허어 허야 어허어 허야
어허어 허야
너도 나도 아무도 몰라
인생이무언지
너도 나도 누구도 아무도 몰라
울었다가 웃었다가 북망신이 보이면
아마 그게 인생일거야
별일도 아님데 가슴이 찡하고
입술은 웃는데 두눈에 눈물이
허야
흰저고리 아낙네는
보자기만 하나 달랑
허야
검은바지 아낙네는
보따리만 하나 달랑
어허어 허야 어허어 허야
어허어 허야
어허어 허야 어허어 허야
어허어 허야"
여자예요,690,장윤정,"세상살이 내 마음대로
될 리도 없지만
내 맘조차 내 마음대로
할 수 없는 여자예요
허락도 없이 다가와
나를 사랑하고
마음 주니까 가버렸네
나만 바보였어
미운 당신이지만
바보 같은 나의 맘은
아픔만 남아
눈물만 남아
있지만 널 못 잊어
내 맘도 당신처럼
모질고 싶지만
내 맘조차 내 마음대로
할 수 없는 여자예요
쉬웠나 봐요 사랑도
나를 떠나는 게
가시는 길은
그리 쉽지 않길 바랄게요
미운 당신이지만
바보 같은 나의 맘은
아픔만 남아
눈물만 남아
있지만 널 못 잊어
내 맘도 당신처럼
모질고 싶지만
내 맘조차 내 마음대로
할 수 없는 여자예요
눈물 많은 여자예요"
천하장사 (씨름의 노래),668,정미애,"씨름판이 열린다 징소리가 울린다
동서남북 방방곡곡
팔도장사 다 모인다
처녀총각 어린아이 할아버지 할머니
웅성웅성 와글와글 신바람 났네
청룡만세 백호만세
천하장사 만만세
뚱보장사 나오신다
키다리장사 나오신다
거머쥐고 얼싸안고
씨근벌떡 일어섰다
배지기 들어간다 호미걸이 받아라
으랏챠챠 으랏샤샤 땅이 울린다
청룡만세 백호만세
천하장사 만만세
뚝심이냐 뱃심이냐
너는 뭐고 나는 뭐냐
삼판양승 오판상승
모래판에 걸은 인생
시작도 없고 끝도 없는
사나이 승부의 길
웃어도 보고 울어도 봤다 갈림길에서
청룡만세 백호만세 천하장사 만만세
천하장사 만만세"
간다 이거지?,359,나훈아,"정 때문에 그런다 정 때문에 그런다
그 놈의 정 때문에 그런다
니가 그리도 잘난 거냐
내가 지지리 못난 거냐
나는 도대체 잊을 수가 없구나
한때는 내 가슴 깊이
너의 가슴 남기고
그렇게 간다 이거지
나를 두고 간다 이거지
미련 없이 간다 이거지
추억만 먹고 살라 먹고 살라 이거지
무정한 사람 야속한 사람
나는 그놈의 정 때문에 그런다
정 때문에 그런다 정 때문에 그런다
상처만 남아서 그런다
니가 그리도 잘난 거냐
내가 지지리 못난 거냐
나는 도대체 미칠 것만 같구나
한때는 내 가슴 깊이
너를 전부 주더니
그렇게 간다 이거지
나를 두고 간다 이거지
미련 없이 간다 이거지
추억만 먹고 살란 먹고 살란 말이지
무정한 사람 얄미운 사람
나는 그놈의 정 때문에 그런다
나를 두고 간다 이거지
미련 없이 간다 이거지
추억만 먹고 살란 먹고 살란 말이지
무정한 사람 얄미운 사람
나는 그놈의 정 때문에 그런다
나는 그놈의 정 때문에 그런다"
아직도 어두운 밤인가봐,302,허찬미,"아직도 어두운 밤인가봐
하늘엔 반짝이는 별들이
내 모습을 가끔 쳐다보네
아직도 어두운 밤인가봐
지금은 지나버린 바람이
쓸쓸하게 나를 감싸주네
언젠가 어렴풋이 기억이 나겠지만
어둠의 추억일랑 이제는 잊어야지
우리 이제 지난얘기
불꽃처럼 날리우고
처음 보는 타인처럼
언젠가는 미련없이
아직도 어두운 밤인가봐
하늘엔 반짝이는 별들이
내 모습을 가끔 쳐다보네
언젠가 어렴풋이 기억이 나겠지만
어둠의 추억일랑 이제는 잊어야지
우리 이젠 지난얘기
불꽃처럼 날리우고
처음보는 타인처럼
언젠가는 미련없이
아직도 어두운 밤인가봐
하늘엔 반짝이는 별들이
내 모습을 가끔 쳐다보네
내 모습을 가끔 쳐다보네
내 모습을 가끔 쳐다보네"
감수광,295,신미래,"바람 부는 제주에는 돌도 많지만
인정 많고 마음씨 고운
아가씨도 많지요
감수광 감수광 난 어떡허렌 감수광
설릉사랑 보낸시엥 가거들랑
혼저옵서예
겨울 오는 한라산에 눈이 덮여도
당신하고 나 사이에는
봄이 한창이라오
감수광 감수광 난 어떡허렌 감수광
설릉사랑 보낸시엥 가거들랑
혼저옵서예
어쩌다가 나를 두고 떠난다 해도
못 잊어 그리우면 혼저 돌아 옵서예
감수광 감수광 난 어떡허렌 감수광
설릉사랑 보낸시엥 가거들랑
혼저옵서예"
좋은 당신,"1,157",양지은,"사랑한다 말해주세요
보고픈 맘 안아주세요
이 순간 나를 숨쉬게 하는 건
그대 사랑 때문이니까
인생이란 고단한 먼 길을
나와 함께 걸어갈 사람아
좋은 당신 내 곁에 있음에
모든 날이 난 꽃길입니다
라라라라 라라라라라라
내 곁에만 있어주세요
나 하나만 바라봐 주세요
세상에 나를 빛나게 하는 건
그대 사랑 때문이니까
인생이란 고단한 먼 길을
나와 함께 걸어갈 사람아
좋은 당신 내 곁에 있음에
모든 날이 난 꽃길입니다
라라라라
다음생이 또 내게 있다면
그래도 당신 당신입니다
내 곁에만 있어주세요
언제 들어도 좋은 내 당신
언제 보아도 좋은 내 당신"
날 버린 남자,279,오유진,"사랑이 야속하더라
가는 당신이 무정하더라
잡지도 못하고 막지도 못하고
어쩔 수가 없더라
여자이기 때문에
나를 두고 떠나가면 떠나버리면
정 때문에 나는 어떡해
날 울린 남자 날 버린 남자
사랑한 게 잘못이더라
사랑한 게 잘못이더라
사랑이 야속하더라
가는 당신이 무정하더라
잡지도 못하고 막지도 못하고
어쩔 수가 없더라
여자이기 때문에
나를 두고 떠나가면 떠나버리면
정 때문에 나는 어떡해
날 울린 남자 날 버린 남자
사랑한 게 잘못이더라
사랑한 게 잘못이더라"
붉은 입술 (MR),"8,053",임영웅,"밤을 새워 지는 달도
별을 두고 가는데
배 떠난 부둣가에는
검은 연기만 남아
맺지 못할 사연 두고
떠난 사람을
이렇게 밤을 새워
울어야 하나
잊지 못할 붉을 입술
나를 두고 가는 사람
원망도 했다마는
헤어질 운명이기에
웃으며 보냈지
단 하나의 사랑만은
믿어 주세요
사랑의 노래를 들려주던
잊지 못할 붉은 입술"
가슴은 알죠,157,이하평,"우리 이제 정말 끝인가요 정말
그대와 나 우리 서로 남이 되나요
되돌릴 순 없죠 그럴 수는 없는 거죠
무너지는 나의 가슴이
이별이 맞다 하네요
그대는 괜찮은 가 봐요
이대로도 괜찮은 가요
그대의 두 눈에 비친 내 모습
눈물로 젖어 드는데
사랑이 이토록 아픈데도 그댈 찾아요
이 아픔조차 그대를
모질게 떠난 그댈 잊었다 해도
가슴은 기다립니다
사랑이 이토록 아픈데도 그댈 찾아요
이 아픔조차 그대를
모질게 떠난 그댈 잊었다 해도
가슴은 기다립니다
가슴은 기다립니다"
사랑은 토요일 밤에,320,김중연,"너를 보면 괜히 쓸쓸해
너를 보면 괜히 눈물이
누가 너를 슬프게 하고
그 어디로 떠나간 뒤에
너는 여기 서 있나
토요일 토요일 토요일 밤에
사랑을 사랑을 시작해 봐요
화려한 미소 화려한 불빛
화려한 외출로
음악 속에 묻혀 음악 속에 묻혀
춤을 춰요 신나게
슬픈 일은 잊어버리고
기쁜 일만 기억하면서
사랑은 토요일 밤에
토요일 토요일 토요일 밤에
사랑을 사랑을 시작해봐요
화려한 미소 화려한 불빛
화려한 외출로
음악 속에 묻혀 음악 속에 묻혀
춤을 춰요 신나게
슬픈 일은 잊어버리고
기쁜 일만 기억하면서
사랑은 토요일 밤에
불타는 화요일 밤에"
무궁화,"2,190",손태진,"이 몸이 죽어 한 줌의
흙이 되어도
하늘이여 보살펴 주소서
내 아이를 지켜 주소서
세월은 흐르고 아이가 자라서
조국을 물어오거든
강인한 꽃 밝고 맑은
무궁화를 보여주렴
무궁화 꽃이 피는 건
이 말을 전하려 핀단다
참으면 이긴다
목숨을 버리면 얻는다
내일은 등불이 된다
무궁화가 핀단다
날지도 못하는 새야
무엇을 보았니
인간의 영화가 덧없다
머물지 말고 날아라
조국을 위해 목숨을 버리고
하늘에 산화한 저 넋이여
몸은 비록 묻혔으나
나랄 위해 눈을 못 감고
무궁화 꽃으로 피었네
이 말을 전하려 피었네
포기하면 안 된다
눈물 없인 피지 않는다
의지다 하면 된다
나의 뒤를 부탁한다"
모란,11,여정인,"엄마를 닮았구나 거울 속 나의 모습이
엄마를 닮았구나 눈가에 내린 주름도
모든 걸 닮았구나 세상을 사는 모습도
눈물도 웃음도 입맛까지도
엄마가 그랬었지 나처럼 살지 말아라
엄마가 그랬었지 남 하는 것 다 해봐라
여자라 참지마라 어떠한 순간에도
언제나 엄마는 너의 편이라고
엄마 엄마 엄마 엄마
부를수록 먹먹한 그 이름 엄마
엄마 엄마 엄마 엄마
제발 아프지 마세요
사랑합니다 죄송합니다
아기처럼 점점 작아지는 울 엄마
다음 세상엔 그때는 엄마가
나의 딸로 태어나주세요
엄마를 닮았구나 나이가 들어 갈수록
엄마를 닮았구나 아파도 참는 모습이
별걸 다 닮았구나 용서에 넉넉해지고
예쁜 것 앞에선 미소를 짓고
엄마가 그랬었지 내 나이 되면 안다고
엄마가 그랬었지 철들면 이별이라고
가진 것 그보다 더 몇 천 배 더 준 사랑
엄마가 지어준 밥이 먹고 싶다
엄마 엄마 엄마 엄마
부를수록 먹먹한 그 이름 엄마
엄마 엄마 엄마 엄마
제발 아프지 마세요
사랑합니다 죄송합니다
아기처럼 점점 작아지는 울 엄마
다음 세상엔 그땐 엄마가
나의 딸로 태어나주세요"
개청이가 왔어요,79,개청이,"자, 왔어요 왔어요 개청이가 왔어요
탑골스타 개청이가 왔어요

개청이 개청이 내이름은 개청이
목청 좋은 개구리 개청이가 왔어요

개구쟁이 청개구리 어릴적엔 동네스타
눈떠보니 서른아홉 십구년째 무명가수

겨울잠도 못 이루며
밤낮으로 노래한다
서러워 마라 울지마라
노래하며 다 잊는다

개청이 개청이 개굴개굴 개청이
목청 좋은 개구리 개청이가 왔어요

안된다고 하지마라 언젠가는 탑골스타
비가 오나 눈이 오나 꿈을 꾸며 노래하네

불효자식 후회되어
오늘도 울었지만
어머니 얼굴 그려보며
다시 한번 힘 내본다

개청이 개청이 청이 청이 개청이
목청 좋은 개구리 개청이가 왔어요

개청이 개청이 탑골스타 개청이"
기다리게 해놓고,185,방주연,"기다리게 해놓고

오지않는 사람아
이 시간은 너를 위하여
기다리는 것인데
기다리게 해놓고

오지않는 사람아
나는 기다림에 지쳐서
이제 그만 가노라
약속했던 시간을 허공에 두고
만나지도 못한채
엇갈린 순간속에
떠나는 모습 미워지는 모습
나 혼자서 달랜다
기다리게 해놓고

오지않는 사람아
나는 기다림에 지쳐서
이제 그만 가노라

약속했던 시간을 허공에 두고
만나지도 못한채
엇갈린 순간속에
떠나는 모습 미워지는 모습
나 혼자서 달랜다
기다리게 해놓고

오지않는 사람아
나는 기다림에 지쳐서
이젠 그만 가노라
이젠 그만 가노라
이젠 그만 가노라"
항구,248,정재은,"배닿는 항구 항구마다
떠나는 항구 항구마다
이별의 고동 소리는
안개속에 울려 퍼지네
안녕 안녕 안녕 안녕
다시 돌아 오세요 몸조심 하세요
보내는 사람도 떠나가는 사람도
마음은 하난데
다시 만날 기약없는 이별에
그배는 멀어져 가네

배닿는 항구 항구마다
떠나는 항구 항구마다
이별의 고동 소리는
안개속에 울려 퍼지네
안녕 안녕 안녕 안녕
다시 돌아 오세요 몸조심 하세요
보내는 사람도 떠나가는 사람도
마음은 하난데
다시 만날 기약없는 이별에
그배는 멀어져 가네"
이별없는 부산정거장,483,현숙,"현숙 이와 아무개 씨는
러브 스토리를 만들고
잘 있어라 잘 가라는
인사도 없는
이별 없는 부산 정거장
현숙 이와 아무개 씨는
울컥 울컥 그리워했네
살랑 살랑 살랑 살랑
잔인했던
봄바람에 춤추던 사랑
현숙 이와 아무개 씨
우연히 만나
아직 혼자 라는 스토리
이별 없이 헤어졌다
다시 만난 곳
이별 없는 부산 정거장
현숙 이와 아무개 씨는
러브 스토리를 만들고
잘 있어라 잘 가라는
인사도 없는
이별 없는 부산 정거장
현숙 이와 아무개 씨는
울컥 울컥 그리워했네
살랑 살랑 살랑 살랑
잔인했던
봄바람에 춤추던 사랑
현숙 이와 아무개 씨
우연히 만나
아직 혼자 라는 스토리
이별 없이 헤어졌다
다시 만난 곳
이별 없는 부산 정거장
현숙 이와 아무개 씨는
울컥 울컥 그리워했네
살랑 살랑 살랑 살랑
잔인했던
봄바람에 춤추던 사랑
현숙 이와 아무개 씨
우연히 만나
아직 혼자 라는 스토리
이별 없이 헤어졌다
다시 만난 곳
이별 없는 부산 정거장
이별 없이 헤어졌다
다시 만난 곳
이별 없는 부산 정거장"
그날,83,김연숙,"언덕위에 손잡고
거닐던 길목도 아스라히
멀어져간 소중했던
옛 생각을 돌이켜 그려보네
나래치는 가슴이
서러워 아파와 한숨지며
그려보는 그 사람을 기억하나요
지금 잠시라도
달의 미소를 보면서
내 너의 두 손을 잡고
두나 별들의 눈물을 보았지
고요한 세상을
우 우 우 우 우 우우우 우우우우
한아름의 꽃처럼 보여지며
던진 내 사랑에
웃음지며 님의 소식
전한 마음 한없이 보내본다

달의 미소를 보면서
내 너의 두 손을 잡고
두나 별들의 눈물을 보았지
고요한 세상을
우 우 우 우 우 우우우 우우우우
한아름의 꽃처럼 보여지며
던진 내 사랑에
웃음지며 님의 소식
전한 마음 한없이 보내본다"
영암 아리랑,215,하춘화,"달이 뜬다 달이 뜬다
영암 고을에 둥근 달이 뜬다

달이 뜬다 달이 뜬다
둥근 둥근 달이 뜬다
월출산 천왕봉에
보름달이 뜬다
아리랑 동동 쓰리랑 동동
에헤야 데헤야 어사와 데야
달 보는 아리랑 님 보는 아리랑

풍년이 온다 풍년이 온다
지화자자 좋구나
서호강 몽햇들에 풍년이 온다
아리랑 동동 쓰리랑 동동
에헤야 데헤야 어사와 데야
달 보는 아리랑 님 보는 아리랑

흥타령 부네 흥타령 부네
목화짐 지고 흥겹게 부네
용칠 도령 목화 짐은
장가 밑천이라네
아리랑 동동 쓰리랑 동동
에헤야 데헤야 어사와 데야
달 보는 아리랑 님 보는 아리랑"
동백아가씨,130,이미자,"헤일 수 없이 수많은 밤을
내 가슴 도려내는 아픔에 겨워
얼마나 울었던가 동백아가씨
그리움에 지쳐서 울다가 지쳐서
꽃잎은 빨갛게 멍이 들었오

동백꽃잎에 새겨진 사연
말못할 그 사연을 가슴에 안고
오늘도 기다리는 동백아가씨
가신님은 그 언제 그 어느날에
외로운 동백꽃 찾아 오려나"
캉캉 (Can Can),727,LPG,"캉캉캉캉 캉캉캉캉
캉캉캉캉 사랑해요
캉캉캉캉 좋아해요
캉캉캉캉 영원토록
캉캉캉캉 캉캉

내 사랑을 받아줘
내 키스를 받아줘
저 빛나는 달처럼
쏟아지는 내 숨결을
모두가져

내 매력을 받아줘
내 질투도 받아줘
자 모든걸 가져가
찢어먹든 볶아먹든
맘대로해

사랑해요 너무너무
좋아해요 너무너무
사랑해요 좋아해요
좋아해요 사랑해요
언제언제까지나
야야야!!

캉캉캉캉 사랑해요
캉캉캉캉 좋아해요
캉캉캉캉 영원토록
캉캉캉캉 캉캉
 
캉캉캉캉 사랑해요
캉캉캉캉 좋아해요
캉캉캉캉 영원토록
캉캉캉캉 캉캉
 
내 정열을 받아줘
내 마음을 받아줘
저 빛나는 달처럼
쏟아지는 내 숨결을
모두가져

내 선물을 받아줘
내 고백도 받아줘
자 모든걸 가져가
찢어먹든 볶아먹든
맘대로해

보고싶어 너무너무
안고싶어 너무너무
보고싶어 안고싶어
안고싶어 보고싶어
언제언제까지나
야야야!!

캉캉캉캉 사랑해요
캉캉캉캉 좋아해요
캉캉캉캉 영원토록
캉캉캉캉 캉캉
캉캉캉캉 캉캉
캉캉캉캉 캉캉캉캉캉캉"
사랑의 트위스트,149,설운도,"학창 시절에
함께 추었던
잊지못할
샹하이 트위스트
나팔 바지에
빵집을 누비던
추억속의
사랑의 트위스트
샹하이 샹하이 샹하이
트위스트추면서
난생 처음
그녀를 알았고
샹하이 샹하이 샹하이
트위스트추면서
온동네를 주름 잡았던
사랑했던 모든 사람들을
잊지못할
추억의 트위스트

그녀와 함께
신나게 추던
잊지못할
샹하이 트위스트
단발 머리에
미소가 예뻤던
추억속의
사랑의 트위스트
샹하이 샹하이 샹하이
트위스트추면서
난생 처음
그녀를 알았고
샹하이 샹하이 샹하이
트위스트추면서
그녀에게
빠져버렸던
터질것만 같은
이 가슴은
잊지못할
사랑의 트위스트
잊지못할
사랑의 트위스트"
서울의 찬가,253,패티김,"종이 울리네 꽃이 피네
새들의 노래 웃는 그 얼굴
그리워라 내 사랑아
내 곁을 떠나지마오
처음 만나고 사랑을 맺은
정다운 거리 마음의 거리
아름다운 서울에서
서울에서 살으렵니다.

봄이 또 오고 여름이 가고
낙엽은 지고 눈 보라 쳐도
변함없는 내 사랑아
내 곁은 떠나지마오
헤어져 멀리있다 하여도
내 품에 돌아오라 그대여
아름다운 서울에서
서울에서 살으렵니다"
가을비 우산속,635,최헌,"그리움이 눈처럼
쌓인 거리를
나혼자서 걸었네
미련때문에
흐르는 세월따라
잊혀진 그 얼굴이
왜 이다지 속눈썹에
또다시 떠오르나
정다웠던 그 눈길
목소리 어딜갔나
아픈 가슴 달래며
찾아 헤매이는
가을비 우산속에
이슬 맺힌다

잊어야지 언젠가는
세월 흐름 속에
나혼자서 잊어야지
잊어봐야지
슬픔도 그리움도
나혼자서 잊어야지
그러다가 언젠가는
잊어지겠지
정다웠던 그 눈길
목소리 어딜갔나
아픈 가슴 달래며
찾아 헤매이는
가을비 우산속에
이슬 맺힌다"
연안부두,121,나미애,"어쩌다 한번 오는 저 배는
무슨 사연 싣고 오길래
오는 사람 가는 사람
마음마다 설레게 하나
부두에 꿈을 두고 떠나는 배야
갈매기 우는 마음 너는 알겠지
말해다오 말해다오
연안 부두 떠나는 배야
바람이 불면 파도가 울고
배 떠나면 나도 운단다
안개 속에 가물가물
정든 사람 손을 흔드네
저무는 연안 부두 외로운 불빛
홀로 선 이 마음을 달래주는데
말해다오 말해다오
연안 부두 떠나는 배야"
동백 아가씨,32,이미자,"헤일 수 없이, 수많은 밤을
내 가슴 도려내는, 아픔에 겨워
얼마나 울었던가, 동백아가씨
그리움에 지쳐서, 울다 지쳐서
꽃잎은 빨갛게 멍이 들었소
동백 꽃잎에, 새겨진 사연
말 못할 그 사연을 가슴에 안고
오늘도 기다리는 동백아가씨
가신님은 그 언제 그 어느 날에
외로운 동백꽃 찾아오려나"
세상은 요지경,"1,146",신신애,"세상은 요지경
요지경 속이다
잘난 사람은 잘난대로 살고
못난 사람은 못난대로 산다
야야 야들아
내 말좀 들어라
여기도 짜가
저기도 짜가
짜가가 판친다
인생살면 칠팔십
화살같이 속히 간다
정신차려라
요지경에 빠진다
싱글벙글싱글벙글
도련님 세상
방실방실방실방실
아가씨 세상
영감 상투 삐뚫어지고
할멈 신발 도망갔네 어허
세상은 요지경
요지경 속이다
잘난 사람은 잘난대로 살고
못난 사람은 못난대로 산다
세상은 요지경
요지경 속이다
잘난 사람은 잘난대로 살고
못난 사람은 못난대로 산다
야야 야들아
내 말좀 들어라
여기도 짜가
저기도 짜가
짜가가 판친다
인생살면 칠팔십
화살같이 속히 간다
정신차려라
요지경에 빠진다
싱글벙글싱글벙글
도련님 세상
방실방실방실방실
아가씨 세상
영감 상투 삐뚫어지고
할멈 신발 도망갔네 어허
세상은 요지경
요지경 속이다
잘난 사람은 잘난대로 살고
못난 사람은 못난대로 산다"
아름다운 시절 (드라마 '참 좋은 시절' 삽입곡),"2,127",최백호,"내 그리웠던 날들이
조용히 저물어가고
추억을 헤는 별들이
가슴 위로 뜨는 밤
그 별빛처럼 흐르던
그대와 나의 이야기
이제는 사라져버린
꿈결 같은 약속들
어디로 갔나요
그 눈부시던 눈동자
세상 가득히 퍼져가던
그대 향기와 따뜻한 음성
그 아름다운 날들이
바람에 흩어졌어도
귓가에 아직 들리는
지난 날의 속삭임
어디에 있나요
그 타오르던 입술과
내 맘 아득히 퍼져오던
그대 향기와 수줍은 미소
외로운 날이 길 때면
환하게 떠오는 얼굴
이제는 사라져버린
아름다운 그 날들
다시는 갈 수가 없는
그 향기롭던 날"
보고 싶은 얼굴,439,최백호,"눈을 감고 걸어도
눈을 뜨고 걸어도
보이는 것은 초라한 모습
보고 싶은 얼굴
거리마다 물결이
거리마다 발길이
휩쓸고 지나간 허황한 거리에
눈을 감고 걸어도
눈을 뜨고 걸어도
보이는 것은 초라한 모습
보고 싶은 얼굴
거리마다 물결이
거리마다 발길이
휩쓸고 지나간 허황한 거리에
눈을 감고 걸어도
눈을 뜨고 걸어도
보이는 것은 초라한 모습
보고 싶은 얼굴
보고 싶은 얼굴"
이 사람을 지켜주세요,333,여정인,"하늘이여 제 기도를 들어주세요
이 사람을 지켜주세요
사랑이여 제발
떠나가지 말아주세요
하늘이여 제발
이 사람을 지켜주세요
나보다도 더 많이 사랑한 사람
날 위해 기도한 사람
이 사람을 위해서 살고 싶어요
이 사람을 지켜주세요
같은 하늘 아래에 있어줘서
너무나 고마워요
하늘이여 제 기도를 들어주세요
이 사람을 지켜 주세요
나보다도 더 많이 사랑한 사람
날 위해 기도한 사람
이 사람을 위해서 살고 싶어요
이 사람을 지켜주세요
같은 하늘 아래에 있어줘서
너무나 고마워요
하늘이여 제 기도를 들어주세요
이 사람을 지켜 주세요
하늘이여 제 기도를 들어주세요
이 사람을 지켜 주세요
이 사람을 지켜 주세요"
찔레꽃,960,진해성,"찔레꽃 붉게 피는
남쪽 나라 내고향
언덕위에 초가삼간 그립습니다
자주 고름 입에 물고 눈물 젖어
이별가를 불러 주던
못잊을 사람아
달뜨는 저녁이면
노래하던 세 동무
천리객창 북두성이 서럽습니다
작년 봄에 모여 앉아 찍은 사진을
하염없이 바라보니
즐거운 시절아"
세월강,471,더나은,"세상을 다 가져 갈 끼가
천만년을 살 끼가
그냥저냥 살다가 가면 되지
오라 하면 가면 되지
어차피 인생은 세월강에
흘러가는 꽃잎이 아니냐
한계절 자랑 하다가
때가 되면 지고 마는 꽃
징 징 울지말자 허허 웃어보자
사철 벗은 바람처럼 살자
준다고 다 가저 갈 끼가
천만년을 살 끼가
후회없이 살다가 가면되지
미련 없이 가면 되지
어차피 인생은 세월강에
흘러가는 꽃잎이 아니냐
한계절 자랑 하다가
때가 되면 지고 마는 꽃
징 징 울지말자 허허 웃어보자
사철 벗은 바람처럼 살자
사철 벗은 바람처럼 살자"
산다는 건 (Cheer Up),"2,043",홍진영,"산다는 건 다 그런 거래요
힘들고 아픈 날도 많지만
산다는 건 참 좋은 거래요
오늘도 수고 많으셨어요
어떻게 지내셨나요
오늘도 한잔 걸치셨네요
뜻대로 되는 일 없어
한숨이 나도 슬퍼마세요
어느 구름 속에
비가 들었는지 누가 알아
살다보면 나에게도
좋은 날이 온답니다
산다는 건 다 그런 거래요
힘들고 아픈 날도 많지만
산다는 건 참 좋은 거래요
오늘도 수고 많으셨어요
옆집이 부러운가요
친구가 요즘 잘나가나요
남들은 다 좋아 보여
속상해져도 슬퍼마세요
사람마다 알고 보면
말 못할 사연도 많아
인생이 별거 있나요
거기서 거기인거지
산다는 건 다 그런 거래요
힘들고 아픈 날도 많지만
산다는 건 참 좋은 거래요
오늘도 수고 많으셨어요
산다는 건 다 그런 거래요
세상일이란 알 수 없지만
산다는 건 참 멋진 거래요
모두다 내일도 힘내세요
오늘도 수고 많으셨어요"
최고친구,399,김정호,"시린 가슴에 바람이 분다
외로움에 눈물이 난다
힘차게 달려온 후회 없는 내 인생
돈도 명예도 별것 없더라
힘이 들때 부르면 어디든지 달려온
네가 정말 최고 친구야
세찬 비바람이 불어도
거센 눈보라가 닥쳐도
함께 있어 나는 행복해
고맙다 친구야 사랑한다 친구야
오늘은 술이 너무 달다
시린 가슴에 바람이 분다
외로움에 눈물이 난다
힘차게 달려온 후회 없는 내 인생
돈도 명예도 별것 없더라
힘이 들때 기대면 아낌없이 감싸 준
네가 정말 최고 친구야
세찬 비바람이 불어도
거센 눈보라가 닥쳐도
함께 있어 나는 행복해
고맙다 친구야 사랑한다 친구야
오늘은 술이 너무 달다
고맙다 친구야 사랑한다 친구야
오늘은 술이 너무 달다"
불장난,465,장윤정,"사랑이 또 다시 오나 봐요
그대 내 맘 자꾸 애태우네요
오늘이 가면 다신 못 볼 것 같아
I love you 내 사랑 다 줄게요
한 송이 장미처럼
내 맘 훌쩍 가져간 그대
왜 하필 이제서야
내 눈앞에 서있나요
라라라라라 라라라라라
나 이제 어쩌면 좋아
사랑이 또 다시 오나 봐요
그대 내 맘 자꾸 애태우네요
오늘이 가면 다신 못 볼 것 같아
I love you 내 사랑 다 줄게요
바람에 흩날리는 갈대처럼
날 흔드네요
줏대 없는 내 맘이
그댈 향해 기울도록
라라라라라 라라라라라
나 이제 어쩌면 좋아
사랑이 또 다시 오나 봐요
그대 내 맘 자꾸 애태우네요
오늘이 가면 다신 못 볼 것 같아
I love you 내 사랑 다 줄게요
이건 아닌데 이건 아닌데
이러면 난 안 되는데
모르겠어요 모르겠어요
자꾸 그대 생각이 날까
한 순간 위험한 불장난에
내 모든 걸 모두 잃는다 해도
오늘이 가면 다신 못 볼 것 같아
I love you 내 사랑 다 줄게요
오늘이 지나기 전에
I love you 내 사랑 다 줄게요"
곡예사의 첫 사랑,721,김나희,"줄을 타며 행복했지
춤을 추면 신이 났지
손풍금을 울리면서
사랑 노래 불렀었지
공 굴리며 좋아했지
노래하면 즐거웠지
흰 분칠에 빨간 코로
사랑 얘기 들려줬지
영원히 사랑하자 맹세 했었지
죽어도 변치말자 언약 했었지
울어 봐도 소용없고
후회해도 소용없는
어릿광대의 서글픈 사랑
영원히 사랑하자 맹세 했었지
죽어도 변치말자 언약 했었지
울어 봐도 소용없고
후회해도 소용없는
어릿광대의 서글픈 사랑
공 굴리며 좋아했지
노래하면 즐거웠지
흰 분칠에 빨간 코로
사랑 얘기 들려줬지
나 나나나 나 나나나나나
나 나나 나 나나나나나
나 나나나 나 나나나나나"
비 내리는 고모령,"1,313",조명섭,"어머님의 손을 놓고 돌아설 때엔
부엉새도 울었다오 나도 울었오
가랑잎이 휘날리는 산마루 턱을
넘어오는 그 날 밤이 그립구나
맨드라미 피고 지고 몇 해이던가
물방앗간 뒷전에서 맺은 사랑아
어이해서 못 잊느냐 망향초 신세
비내리는 고모령을 언제 넘느냐
눈물 어린 인생고개 몇 고개이더냐
장명등이 깜박이는 주막집에서
손바닥에 서린 하소 적어가면서
오늘밤도 불러본다 망향의 노래"
사랑 밖엔 난몰라,"13,996",김호중,"그대 내곁에 선 순간
그 눈빛이 너무 좋아
어제는 울었지만
오늘은 당신땜에
내일은 행복할꺼야
얼굴도 아니 멋도 아니 아니
부드러운 사랑만이 필요했어요
지나간 세월 모두 잊어버리게
당신 없인 아무 것도 이젠 할 수 없어
당신이 너무 좋아
무심히 버려진 날 위해
울어주던 단 한사람
커다란 어깨위에
기대고 싶은 꿈을 당신은 깨지 말아요
이날을 언제나 기다렸어요
서러운 세월만큼 안아주세요
그리운 바람처럼 사라질까봐
사랑하다 헤어지면 다시
보고 싶고 당신이 너무 좋아"
효도합시다,"5,781",정동원,"여러분 여러분 효도합시다
가끔은 아이러브유
사랑한다 말합시다
나 하나 보면서 살아온 당신
늦기 전에 효도합시다
계절이 지나면 돌아오지만
당신의 세월은 멀어져가네
당신과 매일이 이별하는 날
이제라도 잘해야지 다짐합니다
여러분 여러분 효도합시다
사는 게 바빠도 전화 한 통 드립시다
나 하나 보면서 살아온 당신
늦기 전에 효도합시다
계절이 지나면 돌아오지만
당신의 세월은 멀어져가네
당신과 매일이 이별하는 날
이제라도 잘해야지 다짐합니다
여러분 여러분 효도합시다
그동안 고맙다 감사하다 말합시다
자신보다 날 먼저 지켜준 당신
미안해요 사랑합니다
늦기 전에 효도합시다"
사치기 사치기,"2,555",장민호,"월요일은
원래 사랑하는 날
화요일은
화끈하게 사랑하는 날
수요일은
수도 없이 사랑하고
목요일은
목숨 걸고 사랑하고
금요일은
금쪽같은 사랑을 하세
사랑만 하고 가도
아쉬운 인생
티격태격 해서 무엇해
토요일은
토닥토닥 사랑하고
일요일은
일찌감치 사랑하고
천년만년 함께 행복하세
월요일은
원래 사랑하는 날
화요일은
화끈하게 사랑하는 날
수요일은
수도 없이 사랑하고
목요일은
목숨 걸고 사랑하고
금요일은
금쪽같은 사랑을 하세
사랑만 하고 가도
아쉬운 인생
티격태격 해서 무엇해
토요일은
토닥토닥 사랑하고
일요일은
일찌감치 사랑하고
천년만년 함께 행복하세
사랑만 하고 가도
아쉬운 인생
티격태격 해서 무엇해
토요일은
토닥토닥 사랑하고
일요일은
일찌감치 사랑하고
천년만년 함께 행복하세
천년만년 함께 행복하세"
정녕,"2,495",장민호,"당신은 나에게 할 말이없나요
아직도 나는 할 말이 많은데
당신의 눈에 한방울 눈물이
이별의 진실인가요
사랑은 정녕 무엇인가요
가슴 하나 태우면 그만인가요
이별은 정녕 무엇인가요
또 다른 만남의 시작인가요
돌아서는 그대 마지막 눈물에
나는 바람 되어웁니다
당신의 진실은 무엇인가요
나에겐 오직 당신뿐인데
우리가 나눈 사랑의 기쁨이
이별을 막을 수는 없었나요
사랑은 정녕 무엇인가요
가슴 하나 태우면 그만인가요
이별은 정녕 무엇인가요
또 다른 만남의 시작인가요
돌아서는 그대 마지막 눈물에
나는 바람 되어웁니다
돌아서는 그대 마지막 눈물에
나는 바람 되어웁니다"
사람이 꽃보다 아름다워,"4,839",이찬원,"강물 같은 노래를 품고 사는 사람은
알게 되지 음 알게 되지
내내 어두웠던 산들이 저녁이 되면
왜 강으로 스미어 꿈을 꾸다
밤이 깊을수록 말없이
서로를 쓰다듬으며
부둥켜안은 채
느긋하게 정들어 가는지를 으음
지독한 외로움에 쩔쩔매본 사람은
알게 되지 오 알게 되지
그 슬픔에 굴하지 않고 비켜서지 않으며
어느결에 반짝이는 꽃눈을 닫고
우렁우렁 잎들을 키우는 사랑이야말로
짙푸른 숲이 되고 산이 되어
메아리로 남는다는 것을
누가 뭐래도
사람이 꽃보다 아름다워
이 모든 외로움 이겨낸 바로 그 사람
누가 뭐래도
그대는 꽃보다 아름다워
노래의 온기를 품고 사는
바로 그대 바로 당신
바로 우리 우린 참사랑
지독한 외로움에 쩔쩔매본 사람은
알게 되지 오 알게 되지
그 슬픔에 굴하지 않고 비켜서지 않으며
어느결에 반짝이는 꽃눈을 닫고
우렁우렁 잎들을 키우는 사랑이야말로
짙푸른 숲이 되고 산이 되어
메아리로 남는다는 것을
누가 뭐래도
사람이 꽃보다 아름다워
이 모든 외로움 이겨낸 바로 그 사람
누가 뭐래도
그대는 꽃보다 아름다워
노래의 온기를 품고 사는
바로 그대 바로 당신
바로 우리 우린 참사랑"
매우(梅雨),215,나훈아,"어디선가 행복하게 살고 있겠지
문득문득 생각나는 그 사람
비에 젖은 매화꽃이 떨어지던 날
그 꽃잎 밟고 떠나간 사람
살가웠는데
다정했었는데
우린 정말 사랑했는데
무엇이 어디서부터
어디가 잘못됐었는지
오늘처럼 새벽부터 매우가 내리면
아프도록 생각나는 그 사람
그 사람은 나를 잊었는진 몰라도
나는 결코 잊을 수가 없는 사람
살가웠는데
다정했었는데
우린 정말 사랑했는데
무엇이 어디서부터
어디가 잘못됐었는지
오늘처럼 새벽부터 매우가 내리면
아프도록 생각나는 그 사람
그 사람은 나를 잊었는진 몰라도
나는 결코 잊을 수가 없는 사람"
흔들린우정 cover,12,미스터 팡,"아냐 이게 아닌데 왜 난 자꾸만
친구의 여자가 좋을까
이러면 안되지 하면서 왜 내맘속엔
온통 그녀 생각뿐일까
친구 몰래 걸려온 그녀의 전화가
난 왜이리도 설레일까
냉정하게 거절하면 되는데
왜 난 그녀를 거절하지 못할까
정말 난 미치겠어
나도 나를 잘 모르겠어
오랜 친구와의 우정을 외면한 채
여자 땜에 흔들리는게
너무나 괴로워 나만 포기하면 되는데
왜 난 고민할 가치도 없는 일을
이렇게 고민하고 있는지
미안해 내 친구야
잠시 너를 기만했던걸
지금까지 너에 대한 내 우정이
아직도 좀 모자란가봐
이해해줘 내 친구야
잠시 흔들렸던 우정을
누군가가 너와나의 친구사일
질투해 시험했던거라
그렇게 생각해줘
뭐야 정말 이게 뭐야 왜 하필
난 친구의 여자가 좋을까
이러면 안되는줄 알면서
왜 난 자꾸 그녀에게 끌리는 걸까
친구와 그녀가 다퉜다는 얘길 듣고
왜 내가 웃는걸까
말도 안돼는 상상을하며
헛된 기댈 왜 난 자꾸하는것일까
정말 난 모르겠어
이런 내자신이 싫었어
내 욕심만 채우려 우정을 잠시
망각했던 내자신이 싫었어
너무나 괴로워
마치 죄를 짓는것 같아
이젠 모든걸 다 잊고 난 친구곁으로
돌아가야 하겠어
미안해 내 친구야
잠시 너를 기만했던걸
지금까지 너에 대한 내 우정이
아직도 좀 모자란가봐
이해해줘 내 친구야
잠시 흔들렸던 우정을
누군가가 너와나의 친구사일
질투해 시험했던거라
그렇게 생각해줘"
누이,953,진해성,"언제나 내겐 오랜 친구같은
사랑스런 누이가 있어요
보면 볼수록 매력이 넘치는
내가 제일 좋아하는 누이
마음이 외로워 하소연 할 때도
사랑으로 내게 다가와
예쁜 미소로 예쁜 마음으로
내 마음을 달래주던 누이
나의 가슴에
그대 향한 마음은
언제나 사랑하고 있어요
언제나 내겐 오랜 친구같은
사랑스런 누이가 있어요
보면 볼수록 매력이 넘치는
내가 제일 좋아하는 누이
마음이 외로워 하소연 할 때도
사랑으로 내게 다가와
예쁜 미소로 예쁜 눈빛으로
내 마음을 감싸주던 누이
나의 가슴에
그대 향한 마음은
언제나 사랑하고 있어요
영원히 사랑하고 있어요"
서울탱고,133,김용필,"내 나이 묻지마세요
내 이름도 묻지마세요
이리저리 나부끼며
살아온 인생입니다
고향도 묻지 마세요
아무 것도 묻지 마세요
서울이란 낯선 곳에
살아가는 인생입니다
세상의 인간사야 모두 다
모두 다 부질없는 것
덧없이 왔다가 떠나는
인생은 구름같은 것
그냥 쉬었다 가세요
술이나 한잔하면서
세상살이 온갖시름
모두 다 잊으시구려
세상의 인간사야 모두 다
모두 다 부질없는것
덧없이 왔다가 떠나는
인생은 구름같은 것
그냥 쉬었다가 가세요
술이나 한잔하면서
세상살이 온갖시름
모두 다 잊으시구려"
하숙생,"2,078",손태진,"인생은 나그네길
어디서 왔다가
어디로 가는가~~~
구름이 흘러가듯
떠돌다 가는 길에
정일랑 두지 말자
미련일랑 두지 말자
인생은 나그네 길
구름이 흘러가듯
정처 없이 흘러서 간다
인생은 벌거숭이
빈손으로 왔다가
빈손으로 가는가
강물이 흘러가듯
여울져 가는 길에
정일랑 두지 말자
미련일랑 두지 말자
인생은 벌거숭이
강물이 흘러가듯
소리 없이 흘러서 간다
소리 없이 흘러서 간다"
두바퀴,862,진해성,"바라만 봐도 좋은 당신
그려만 봐도 좋은 당신
멀리 있어도 가까이 있어도
너무 좋은 사람 내 당신
두 바퀴로 달려가는 자전거
페달을 힘껏 밟으면
당신은 앞바퀴 나는 뒷바퀴
두 바퀴로 달리는 사랑
당신 없으면 쓰러지는 내 사랑
우리 사랑 두 바퀴 사랑
쓰러지지 말고 달려요
두 바퀴로 달려요
우리 사랑 영원히 영원히

당신은 앞바퀴 나는 뒷바퀴
두 바퀴로 달리는 사랑
당신 없으면 쓰러지는 내 사랑
우리 사랑 두 바퀴 사랑
쓰러지지 말고 달려요
두 바퀴로 달려요
우리 사랑 영원히 영원히
우리 사랑 두 바퀴 사랑"
밤차에서,728,송가인,"밤차에서 밤차에서
우연히 만난 사람
이름도 묻지 않고
나이도 묻지 않고
첫눈에 반해버린
그 사람이 설레게 하네
나도 몰래 나도 몰래
사랑에 빠져버렸어
아 언제 다시 만날 수 있나
밤차에서 밤차에서
우연히 만난 사람
이름도 묻지 않고
나이도 묻지 않고
첫눈에 반해버린
그 사람이 설레게 하네
나도 몰래 나도 몰래
사랑에 빠져버렸어
아 언제 다시 만날 수 있나
만날 수 있나"
월하가약,734,송가인,"달래도 달래도
가슴이 우는 밤
뉘 어깨에 기대어
저 달을 보시오
내 님이여 내 님이여
어이하여 못 오시요
달빛 아래 사랑언약
고이 새겨주오
달이 뜨네 달이 뜨네
달빛 아래 사랑언약
저 달도 아시건만
어이해 당신만 모르시나
달래도 달래도
가슴이 우는 밤
뉘 어깨에 기대어
저 달을 보시오
내 님이여 내 님이여
어이하여 못 오시요
달빛 아래 사랑언약
고이 새겨주오
달이 뜨네 달이 뜨네
달빛 아래 사랑언약
저 달도 아시건만
어이해 당신만 모르시나
아 아 아 아아
어이해 당신만 모르시나"
그 시절,83,두리 (DooRi),"조금씩 나 그대를 지우죠
못다한 말 남겨 두고
뒤돌아서서 하염없이 눈물만
훔치다 그대로 서있다
난 내가 그댈 잊지를 못해서
좋았던 기억 그것만 남기고
이세상 살아갈 때 가슴에 품고
조금씩 꺼내 살아 가련다
참 많이도 울고 웃던 시절
그 시절 다시 돌아가
따뜻했던 손 잡아주지 못했던
내가 많이 후회스럽다
난 내가 그댈 잊지를 못해서
좋았던 기억 그것만 남기고
이세상 살아갈 때 가슴에 품고
조금씩 꺼내 살아 가련다
그대가 나를 처음 품에 안던 날
캄캄한 어둠속은 모두 걷히고
햇살에 비친 그대 우리 행복했던 날
조금씩 그댄 멀어져간다
난 내가 그댈 잊지를 못해서
지난날 다시 붙잡고 싶은데
우리의 짧은 인연 여기 까지가
나에겐 가장 행복했었다
너와 나 행복했던 그 시절"
용두산 엘레지,122,주현미,"용두산아 용두산아 너만은 변치말자

한발 올려 맹세하고 두발 딛어 언약하던

한계단 두계단 일백구십사 계단에

사랑심어 다져놓은 그 사람은 어디가고

나만 홀로 쓸쓸히도 그 시절 못잊어

아- 못잊어 운다



용두산아 용두산아 그리운 용두산아

세월따라 변하는게 사람들의 마음이냐

둘이서 거닐던 일백구십사 계단에

즐거웠던 그 시절은 그 어디로 가버렸나

잘있거라 나는 간다 꽃피던 용두산

아-용두산 엘레지"
날 보러 와요,356,요요미,"날 보러 와요
날 보러 와요
날 보러 와요
오늘 밤 날 보러와요
어디쯤에 있을까
나의 사랑은
오늘 밤도 무심히
깊어만 가네요
거울아 거울아
어서 내 사랑 보여줘
밤이 무서워
이제 더 이상 혼자는 외로워
날 보러 와요 날 보러 와요
날 보러 와요 날 보러 와요
날 보러 와요 날 보러 와요
오늘 밤 날 보러 와요
어디쯤에 왔을까
나의 사랑은
어제처럼 오늘도
지쳐만 가네요
하늘아 하늘아
어서 내 사랑 보내줘
밤이 무서워
이제 더 이상 혼자는 외로워
날 보러 와요 날 보러 와요
날 보러 와요 날 보러 와요
날 보러 와요 날 보러 와요
오늘 밤 날 보러 와요
어젯밤 꿈속에서
그대는 내게 왔죠
까맣게 외로운 내 가슴에
다정한 눈빛으로
나의 사랑아 어디 있나요
늦지 말아요 빨리 와줘요
차갑게 식어가는 내 입술에
입맞춤해 주세요
날 보러 와요 날 보러 와요
날 보러 와요 날 보러 와요
날 보러 와요 날 보러 와요
오늘 밤 날 보러 와요"
자네! (8자는 뒤집어도 8자),"5,063",이찬원,"사랑이 떠나거든 그냥 두시게
마음이 떠나면 몸도 가야 하네
누가 울거든 그냥 두시게
실컷 울고 나면 후련해질 거야
아 살다가 보면 하나씩 잊혀지다가
아 살다가 보면 까맣게 잊어버리지
지나간 사랑은 지워버리게
그래야 또 다른 사랑을 만나지
자네는 아직도 이별이 아픈가
망각은 신이 주신 최고의 선물이지
사랑을 묻거들랑 말해주시게
후회하더라도 한번 해보라고
이별을 묻거들랑 거짓말하시게
아프긴 하여도 참을 만하다고
아 살다가 보면 세상을 원망도 하고
아 살다가 보면 세상을 고마워하지
지나간 상처는 잊어버리게
그래야 또 다른 행복을 맛보지
자네는 아직도 가끔씩 우는가
눈물은 아픔 씻는 최고의 샘물이지
아 살다가 보면 운명은 어쩔 수 없지
아 살다가 보면 인연은 따로 있다네
노을이 진다고 슬퍼 마시게
그래야 또 다른 내일이 온다네
자네는 아는가 진정 아는가
팔자는 뒤집어도 팔자인 것을"
아낌없이 주리라,124,현철,"어쩌다 어쩌다가
당신이 내 운명을
바꿔 놓았나
처음 본 그날부터
나는 나는 주었다
모든걸 주었다
사랑을 기다리는
외로운 가슴에
이별의 발자욱은
남기지 말아다오
당신이 원한다면
내가 가진 모든걸
아낌없이 다 주리라
어쩌다 어쩌다가
당신이 내 인생을
바꿔 놓았나
만나던 그날부터
나는 나는 주었다
모든걸 주었다
사랑을 기다리는
외로운 가슴에
이별의 발자욱은
남기지 말아다오
당신이 원한다면
내 인생을 주리라
아낌없이 다 주리라
사랑을 기다리는
외로운 가슴에
이별의 발자욱은
남기지 말아다오
당신이 원한다면
내가 가진 모든걸
아낌없이 다 주리라"
당신의 눈물,34,최유나,"어제 밤 잠든 그댈 바라보던 내 눈엔
한 줄기 뜨거운 눈물이 흐르고 말았소
그렇게 살아온 긴 세월 동안
외로워도 힘들어도 말도 못하고
아 당신은 언제나 눈물을 감추고 있었나

세상이 날 버리고 돌아갈 곳 없는데
괜찮다 그 말 한 마디에 난 울고 말았소
언제나 말 없이 기다려준 당신
미안해서 아무 말도 할 순 없지만
아 당신은 언제나 눈물을 감추고 있었나
아 당신은 언제나 눈물을 감추고 있었나"
물새한마리,291,하춘화,"1. 외로이 흐느끼며 혼자 서있는
싸늘한 호숫가에 물새 한마리
짝을 지어 놀던 님은
어디로 떠났기에 외로이 서서
머나먼 저 하늘만 바라보고 울고 있나
아~아아아아아아아아~못난 님은 못난 님은 못오는데~

2. 갈 곳이 없어서 홀로 서있나
날저문 호숫가에 물새 한마리
다정하게 놀던 님은 간 곳이 어디기에
눈물지으며 어두운 먼 하늘만 지켜보고 있을까요
아~아아아아아아아아~ 기다렸던
기다려도 안오는데~"
평양 아줌마,154,나훈아,"오늘따라 지는 해가
왜 저다지 고운지
붉게 타는 노을에 피는 추억
잔주름에 고인 눈물
하루에도 열두번씩 그리운 고향
엎어지면 코닿을 듯 가까운 고향
아아 오마니 아바지
불러보는 평양 아줌마

서산마루 지는 해는
어김없이 넘어가고
무심하게 가고 오는 그 세월이
타향살이 어연 반평생
가고파도 갈 수 없는
북녘 내 고향
한 맺힌 휴전선이 원수더라
아아 대동강아 모란봉아
불러보는 평양 아줌마"
춤을 추어요,340,장은숙,"함께 춤을 추어요 행복한 춤을 추어요
멀리 사라진 날을
이대로 잊어 버려야해요
당신의 검은 머리엔
어느새 하얀꽃 피고 오 오
당신의 웃음 속엔 눈물자욱이 있어요
함께 춤을 추어요 행복한 춤을 추어요
잊어버려요 당신의 슬픈 이야기들은

당신의 검은 머리엔
어느새 하얀꽃 피고 오 오
당신의 웃음 속엔 눈물자욱이 있어요
함께 춤을 추어요 행복한 춤을 추어요
잊어버려요 당신의 슬픈 이야기들은
당신의 슬픈 이야기들은"
찻집의 고독,246,심수봉,"그 다방에 들어설 때에 내 가슴은 뛰고있었지
기다리는 그 순간만은 꿈결처럼 감미로웠다
약속시간 흘러갔어도 그 사람은 보이지 않고
싸늘하게 식은 찻잔에 슬픔처럼 어리는 고독
아 사랑이란 이렇게도 애가 타도록
괴로운 것이라서 잊으려해도잊을 수 없어
가슴 조이며 기다려봐요
아 사랑이란 이렇게도 애가 타도록 괴로운 것이라서
잊으려해도 잊을 수 없어
가슴 조이며 기다려요"
대찬인생 (Feat. DJ처리),440,박현빈,"박차고 태어나서
겁날게 뭐가있냐
깨지고 박살나도
제대로 한판붙어봐
딱한번 인생인데
기죽고 살지마라
가슴을 활짝펴고
멋있게 사는거야
세상만사 그런거지
가끔은 꼬일 때도 있지
소주한잔 걸치고
이렇게 소리쳐봐
한번죽지 두번죽냐
덤빌테면 모두 덤벼봐
깡으로 치자면
둘째가라면 섭섭해
한번뽑은 칼이라면
찔러야지 호박이라도
까지것 어떠냐
목숨한번 걸어봐
살다보면 실수로
호박같은 인생되여도
전혀포기 해선안되지
악착같이 살아내야지
내가 살아가는 인생은
삼세판이 아니라는걸
그래 하나뿐인 내인생을
대차게 살아보는거야
대차게 살기위해
이땅에 태어났다
실패를 하더라도
뼈빠지게 한번 살아봐
뛰는놈 머리위로
나는놈 있다지만
그런건 상관없어
오십보 백보니까
청춘이야 갔다지만
불같은 열정 없다지만
그렇다고 내인생
파김치 된건아냐
한번죽지 두번죽냐
덤빌테면 모두 덤벼봐
깡으로 치자면
둘째가라면 섭섭해
한번뽑은 칼이라면
찔러야지 호박이라도
까지것 어떠냐
목숨한번 걸어봐
까지것 어떠냐
목숨한번 걸어봐"
아득히 먼 곳,35,이승재,"찬바람 빗겨 불어 이르는 곳에

마음을 두고 온 것도 아니라오

먹구름 흐트러저 휘도는곳에

미련을 두고 온 것도 아니라오



아 ~ 어쩌다 생각이 나면

그리운 사람있어 밤을 지새고

가만히 생각하면 아득히 먼곳이라

허전한 이내 맘에 눈물 적시네





황금빛 저녁노을 내리는곳에

사랑이 머무는것도 아니라오

호수가 푸른숲속 아늑한 곳에

내님이 머무는것도 아니라오



아 ~ 어쩌다 생각이 나면

그리운 사람있어 밤을 지새고

가만히 생각하면 아득히 먼곳이라

허전한 이내 맘에 눈물 적시네"
I Love You(아이 러브 유),289,현철,"아이 러브 유 유 러브 미

예스 인가요 노오 인가요

밀고 당기는 줄다리기로

우리서로 애태우지마~

아이 러브 유 유 러브 미

예스 인가요 노오인가요

밀고 당기는 줄다리기로

우리서로 힘빼지 말자~

네가 좋아 손을 내밀면

못 이긴척 안겨와야지

내가 지쳐 포기한다면

우리사랑 어떡하라구

사랑사랑 내사랑아

아이같은 나의 사랑아

진짜진짜 진짜 사랑해

영원히 아이 러브 유(I Love You)



간주



아이 러브 유 유 러브 미

예스 인가요 노오 인가요

밀고 당기는 줄다리기로

우리서로 애태우지마~

아이 러브 유 유 러브 미

예스 인가요 노오인가요

밀고 당기는 줄다리기로

우리서로 지치지 말자~

네가 좋아 포옹한다면

못 이긴 척 키스(Kiss) 해야지

내가 지쳐 포기한다면

우리사랑 어떡하라구

사랑사랑 내사랑아

아이같은 나의 사랑아

진짜진짜 진짜 사랑해

영원히 아이 러브 유(I Love You)



네가 좋아 포옹한다면

못 이긴 척 키스(Kiss) 해야지

내가 지쳐 포기한다면

우리사랑 어떡하라구

사랑사랑 내사랑아

아이같은 나의 사랑아

진짜진짜 진짜 사랑해

영원히 아이 러브 유(I Love You)"
약속,348,임병수,"별이 유난히도 밝은 오늘 이시간이 가면
그대 떠난다는 말이 나를 슬프게 하네
이밤 다 가도록
아 행복했던 시절 많은 우리들의 약속
자꾸 귓가를 스쳐 나를 슬프게 하네
그대 잘못 아니에요 왠지 울고 싶어져요
나는 너무나도 파란 꿈을 꾸고 있었어요

그대 떠난다는 말이 나를 슬프게 하네
이 밤 다 가도록 아 행복했던 시절
많은 우리들의 약속 자꾸 귓가를 스쳐
나를 슬프게 하네
그대 잘못 아니에요 왠지 울고 싶어져요
나는 너무나도 파란 꿈을 꾸고 있었어요"
꽃피고 새울면,246,윤호만,"꽃피면 오신다더니
새울면 오신다더니
믿었던내가 너무
어리석었다
내가너무 순진했어다
사랑이 이순간에도
내 가슴에 내 가슴에
영원을 맹세하는데
꽃만 피냐 새만 또우네
그래도 나는 기다릴거야
당신너무 사랑하니까
꽃피면 오신다더니
새울면 오신다더니
속었던 내가 너무
어리석었다
내가너무 바보였었다
사랑이 이순간에도
내 가슴에 내 가슴에
영원을 맹세하는데
꽃만 피냐 새만 또우네
그래도 나는 사랑할거야
당신 너무 좋아하니까
그래도 나는 사랑할거야
당신 너무 좋아하니까"
봄비,232,이은하,"봄비 속에 떠난 사람
봄비 맞으며 돌아왔네
그 때 그 날은, 그 때 그 날은
웃으면서 헤어졌는데
* 오늘 이 시간, 오늘 이 시간
너무나 아쉬워
서로가 울면서 창 밖을 보네, 헤에~
봄비가 되어 돌아온 사람
비가 되어 가슴 적시네 *
* 오늘 이 시간, 오늘 이 시간
너무나 아쉬워
서로가 울면서 창 밖을 보네, 헤에"
한많은 대동강,902,진해성,"한 많은 대동강아
변함없이 잘있는냐
모란봉아 을밀대야
네 모양이 그립구나
철조망이 가로막혀
다시만날 그때까지
아아 소식을 물어본다
한많은 대동강아
대동강 부벽루야
뱃노래가 그립구나
귀에 익은 수심가를
다시 한번 불러본다
편지한장 전할길이
이다지도 없을소냐
아아 썼다가 찢어버린
한많은 대동강아"
신라의 달밤,869,진해성,"아 신라의 밤이여
불국사의 종소리 들리어 온다
지나가는 나그네야
걸음을 멈추어라
고요한 달빛 어린
금옥산 기슭 위에서
노래를 불러보자
신라의 밤 노래를
아 신라의 밤이여
아름다운 궁녀들 그리웁구나
대궐 뒤의 숲 속에서
사랑을 맺었던가
님들의 치마 소리
귀속에 들으면서
노래를 불러보자
신라의 밤 노래를"
인생길 나그네길,420,나훈아,"사 나 이
한번나서 고향에만 살수 있나
젊어서 한때 라면고생을 삶자
부모님 슬하 떠난 이못난 자식
눈보라 치는 길이 끝이 없어도
일곱번 넘어저도 일러설 께다
나그네 길 인생길
사 나 이
어리섞게 속아서만 살수 있나
진실한 사랑 앞에 목숨을 걸자
불같은 젊음 가슴 피가 뛰는데
무슨일 못할소냐 못 이룰 소냐
하늘이 뚤어저도 솟아날 태다
나그네 길 인생길"
너도 역시 여자였구나,191,나훈아,"하루라도 나없이는 못산다면서
뜨거웠던 당신이 더 니
야멸차게 돌아서며
내 민손은 어찌 그리 차가운 가요
여자마음 흔들리는 갈대라 고 하지만
당신만을 믿었 었는데
붙잡아도 소용없는 사랑인줄 알면서도
애원하며 소리쳤지만
눈길한번 주지않고 떠나가는
너도 역 시 여자였구 나
모숨보다 더 소중한 사랑이라며
행복했던 당신이 더 니
떠나가는 이유조차 모른채로
보내야만 해야하 나 요
여자마음 알다가도 모른다고
하지만 당신만을 믿었었는데
돌이킬 수 없는 마음
이별인줄 알면서도
가지말라 소리쳤지만
들은채도 하지않고 떠 나가는
너도 역시 여자였구 나
너도 역시 여자였구 나"
물레방아 도는데,114,나훈아,"돌담길 돌아서며 또 한 번 보고
징검다리 건너갈 때 뒤돌아 보며
서울로 떠나간 사람
천리타향 멀리 가더니
새 봄이 오기전에 잊어 버렸나
고향에 물레방아 오늘도 돌아가는데
두 손을 마주잡고 아쉬어 하며
골목길을 돌아설때 손을 흔들며
서울로 떠나간 사람
천리타향 멀리 가더니
가을이 다가도록 소식도 없네
고향에 물레방아 오늘도 돌아가는데"
남자의 눈물,50,진시몬,"맘대로 왔다가 맘대로 가버린
당신이 그리울 때면
내리는 빗속에 우산을 펼치고
쓸쓸히 걸어 봅니다
바람에 실어서 내 맘을 전할까
야속하다 내 사랑아
세월에 감춰진 아픔도 모르고
떠나간 사람 말이 없어
아 아 기다림에 지쳤는데
아 아 눈물은 나만의 몫인가요
말없이 왔다가 말없이 가버린
당신이 그리울 때면
눈물에 젖은 뜨거운 술잔만
한없이 바라 봅니다
바람에 실어서 내 맘을 전할까
야속하다 내사랑아 세월에
감춰진 아픔도 모르고
떠나간 사람은 말이 없어
아 아 기다림에 지쳤는데
아 아 눈물은 나만의 몫인가요
눈물은 나만의 몫인가요"
미치겠네,567,김다나,"사랑이 온다 어찌할까요
심장은 쿵쿵거리고
나이도 잊고 라라랄랄라
당신을 기다립니다
사랑이 이런 건가
미치겠네
이 나이에 사랑한다
욕하지 마라
야야야 눈치 보지 마
인생은 한 번뿐이다
사랑이 온다
노크도 없이
사랑은
나이도 없다
사랑이 온다 어찌할까요
심장은 쿵쿵거리고
나이도 잊고 라라랄랄라
당신을 기다립니다
사랑이 이런 건가
미치겠네
이 나이에 사랑한다
욕하지 마라
야야야 눈치 보지 마
인생은 한 번뿐이다
사랑이 온다
노크도 없이
사랑은
나이도 없다
사랑이 온다
노크도 없이
사랑은
나이도 없다"
카스바의 여인,"2,217",박서진,"담배연기 희미하게
자욱한 카스바에서
이름마저 잊은채
나이마저 잊은채
춤추는 슬픈 여인아
그 날 그 카스바로 그 날
그 자리에서 처음 만나
사랑을 하고
낯설은 내 가슴에 쓰러져
한없이 울던 그 사람
오늘밤도 눈물에 젖어
춤추는 카스바의 여인
외로움을 달래려고
찾아온 카스바에서
어디에서 본듯한
한번쯤은 만난듯한
춤추는 슬픈 여인아
그 날 그 카스바로 그 날
그 자리에서 처음 만나 사랑을 하고
낯설은 내 가슴에 쓰러져
한없이 울던 그 사람
오늘밤도 눈물에 젖어
춤추는 카스바의 여인"
수은등,"2,416",박서진,"어스름 저녁길에 하나 둘
수은등 꽃이 피며는
그대와 단둘이서 거닐던
이 길을 서성입니다
수은등 은은한 빛 변함 없어도
당신은 변했구려 보이질 않네
아 수은등 불빛아래
이 발길은 떠날 줄 몰라
어두운 밤거리에 하나 둘
오색불 깜박거리면
그대의 웃음소리 들려 올 듯
내 가슴은 설레이네
바람부는 이 거리는 변함이 없건만
당신은 변했구려 보이질 않네
아 오색불 깜빡이는
이 거리를 잊으셨구려"
꿈속의 사랑,"6,600",이찬원,"사랑해선 안될 사람을
사랑하는 죄이라서
말 못하는 내 가슴은
이 밤도 울어야 하나
잊어야만 좋을 사람을
잊지 못한 죄이라서
소리없이 내 가슴은
이 밤도 울어야 하나
아 사랑 애달픈 내 사랑아
어이 맺은 하룻밤의 꿈
다시 못 볼 꿈이라면
차라리 눈을 감고 뜨지 말것을
사랑해선 안될 사람을
사랑한게 죄이라서
말 못하는 내 가슴은
이 밤도 울어야 하나
아 사랑 애달픈 내 사랑아
어이 맺은 하룻밤의 꿈
다시 못볼 꿈이라면
차라리 눈을 감고 뜨지 말 것을
사랑해선 안될 사람을
사랑한게 죄 이라서
말 못하는 내 가슴
이 밤도 울어야 하나"
난 괜찮아,"14,310",임영웅,"네가 떠나면 남겨진 내가
눈물로 수 없이 많은 밤을 지샐꺼라
너는 믿고 있겠지만
내게 미안하겠지만
난 괜찮아 나를 동정하지는마
난 괜찮아 난 괜찮아
그대가 나의 전부일꺼란 생각은 마
아무리 약해보이고
아무리 어려보여도
난 괜찮아 나는 쓰러지지 않아
난 괜찮아 뒤돌아가
그대의 사랑같은 사랑 원하지 않아
아무리 아름다워도
아무리 꿈결같아도
영원토록 변치 않을 수 없다면
난 괜찮아
난 난 괜찮아 난 난 괜찮아
난 난 괜찮아
야야야야야야예
그런 눈으로 바라보지마
너의 동정 따위는
내가 필요치않아
나는 너를 잊을꺼야
모두 잊고야 말꺼야
꼭 할꺼야 너를 지워버릴꺼야
그냥 그렇게 떠나 돌아보지마
더이상 나를 비참하게 만들지는 마
누구나 한 번 쯤은
다 겪는 이별일뿐이야
난 괜찮아 자꾸만 돌아보지마
난 괜찮아 난 괜찮아
그대가 나의 전부일꺼란 생각은 마
아무리 약해보이고
아무리 어려보여도
난 괜찮아 나는 쓰러지지 않아
난 괜찮아 뒤돌아가
그대의 사랑같은 사랑 원하지 않아
아무리 아름다워도
아무리 꿈결 같아도
영원토록 변치 않을 수 없다면
난 괜찮아
난 난 괜찮아 난 난 괜찮아
난 난 괜찮아 야야야야야야예"
오직 하나뿐인 그대,"6,037",영탁,"그리움 두고서 가지는 마
나홀로 있으면 외로운데
그대의 얼굴을 바라다보며
정다운 얘기를 나눌래
어디서 오는지 알 수는 없지만
사랑은 이렇게 달콤한 것
아쉬움 두고서 가지는 마
남겨진 시간이 너무 많아
내 인생 모두가 사라져가도
이 느낌 우리는 영원해
어디서 오는지 알수는 없지만
사랑은 언제나 황홀한 것
그대여 그 마음속에 이대로
나를 담아둘 수 없는가
그대여 이 아름다운 세상에
오직 하나뿐인 그대
그리움 두고서 가지는 마
나홀로 있으면 외로운데
그대의 얼굴을 바라다보며
정다운 얘기를 나눌래
어디서 오는지 알수는 없지만
사랑은 이렇게 달콤한 것
아쉬움 두고서 가지는 마
남겨진 시간이 너무 많아
내 인생 모두가 사라져가도
이 느낌 우리는 영원해
어디서 오는지 알수는 없지만
사랑은 언제나 황홀한 것
그대여 그 마음속에 이대로
나를 담아둘 수 없는가
그대여 이 아름다운 세상에
오직 하나뿐인 그대
그대여 그 마음속에 이대로
나를 담아둘 수 없는가
그대여 이 아름다운 세상에
오직 하나뿐인 그대
오직 하나뿐인 그대"
내꺼해줘요,527,조정민,"내 사랑 어서 와요
내 사랑 사랑의 별에서 온 그대
여기에 내 맘에 잘 오셨어요
영원토록 내꺼해줘요
우리는 어떤 인연이길래
어쩌다 내 눈에 띄고
얼마나 찐한 인연이길래
이토록 애틋한가요
살다가 보면 수많은 만남
이별이 스쳐가지만
내 사랑 어서 와요 내 사랑
사랑의 별에서 온 그대
여기에 내 맘에 잘 오셨어요
영원토록 내꺼해줘요
그대와 무슨 인연이길래
애타게 그리워하고
얼마나 찡한 인연이길래
보고파 눈물 짓나요
만날 사람은 어떡해서든
반드시 만난답니다
내 사랑 어서 와요 내 사랑
사랑의 별에서 온 그대
여기에 내 맘에 잘 오셨어요
영원토록 내꺼해줘요
내 사랑 눈물 나는 내 사랑
고마워 내게로 와줘서
여기에 내 맘에 잘 오셨어요
영원토록 내꺼해줘요
영원토록 내꺼해줘요"
사모,"4,739",정동원,"오소서 님이여 님이시여
촉촉히 젖은 입술로
바람에 업히어 구름에 실려
살짝이 오소서
낙숫물에 머리를 감고
달빛에 머리를 빗고
님이 오시는 길목에 서서
사모하는 가슴앓이 아신다면은
오소서 님이여 님이시여
살짝이 오소서
낙숫물에 머리를 감고
달빛에 머리를 빗고
님이 오시는 길목에 서서
사모하는 가슴앓이 아신다면은
오소서 님이여 님이시여
잽싸게 오소서
오소서 님이여 님이시여
잽싸게 오소서"
눈동자,424,재하,"그날 밤 이슬이 맺힌 눈동자 그 눈동자
가슴에 내 가슴에 남아
외롭게 외롭게 울려만 주네
안개 안개 자욱한 그날 밤거리
다시 돌아올 날 기약 없는 이별에
뜨거운 이슬 맺혔나
고독이 밀리는 밤이 오면
가슴 속에 떠오르는
눈동자 그리운 눈동자
아아아 그리운 눈동자여
안개 안개 자욱한 그날 밤거리
다시 돌아올 날 기약 없는 이별에
뜨거운 이슬 맺혔나
고독이 밀리는 밤이 오면
가슴 속에 떠오르는
눈동자 그리운 눈동자
아아아 그리운 눈동자여
아아아 그리운
눈동자여"
열애,432,"멘도롱보이스(고강민,주미성,정주형)","처음엔 마음을 스치며 지나가는 타인처럼
흩어지는 바람인 줄 알았는데
앉으나 서나 끊임없이 솟아나는
그대 향한 그리움
그대의 그림자에 쌓여
이 한 세월 그대와 함께 하나니
그대의 가슴에 나는 꽃처럼 영롱한
별처럼 찬란한 진주가 되리라
그리고
이 생명 다하도록
이 생명 다하도록
뜨거운 마음속 불꽃을 피우리라
태워도 태워도 재가 되지 않는
진주처럼 영롱한 사랑을 피우리라
우 우 우 우 우
그리고 이 생명 다하도록
이 생명 다하도록
뜨거운 마음속 불꽃을 피우리라
태워도 태워도 재가 되지 않는
진주처럼 영롱한 사랑을 피우리라
아 아 아 아 아
아 아 아 아 아
불꽃처럼 피우리라
불꽃을 피우리라
태워도 태워도 태워도
재가 되지 않는
진주처럼 영롱한
사랑을 피우리라
사랑을 피우리라"
어매,293,김산하,"갈까보다 갈까보다
님 따라서 갈까보네
어매
어매
어매 우리 어매
뭣 할라고 날 낳았던가
낳을라거든 잘 낳거나
못 낳을라면 못 낳거나
살자 하니 고생이요
죽자 하니 청춘이라
요놈 신세 말이 아니네
어매 어매 우리 어매
뭣할라고 날 낳았던가
님아 님아 우리 님아
속알머리 없는 님아
겉이 타야 님이 알제
속만 타면 누가 아나
어떤 놈은 팔자 좋아
장가 한번 잘도 가는데
몹쓸 놈의 요 내 팔자
어매 어매
우리 어매
뭣 할라고 날 낳았던가
어매
어매 어매 우리 어매
뭣 할라고 날 낳았던가
뭣 할라고 날 낳았던가
뭣 할라고 날 낳았던가
어매"
동전인생,400,김태연,"바람 바람 끝자락
매달려 흘러간 청춘
돈이건만 값어치 약한
동전 같았던
내 과거 그 누가 알까
자존심을 내 목숨보다 더 사랑한
지난날 아픔 속에는
눈물 방울 삼키며 오늘을 위하여
추억 밟고 나 여기 왔다
다시는 울지 않으리
바람 바람 끝자락
매달려 흘러간 청춘
돈이건만 값어치 약한
동전 같았던
내 과거 그 누가 알까
자존심을 내 목숨보다 더 사랑한
지난 날 아픔 속에는
눈물 방울 삼키며 오늘을 위하여
모진 세월 나 여기 왔다
인생은 지금부터야
눈물방울 삼키며 오늘을 위하여
모진 세월 나 여기 왔다
인생은 지금부터야"
아파요 (MR),"7,597",임영웅,"모두가 나를 울리고
세상이 나를 버려도
외롭지 않았다 두렵지 않다
니가 있었다
뒷골목 바람이었다
망가진 청춘이었다
하얀 손 내밀어 잡아 주었다
나를 안아 주었다
흐르는 눈물이야
닦으면 그만이지만
그래도 보고 싶은 마음은
세월도 달랠 순 없어
너무나 아파요 아파요 아파요
사랑이 너무 아파요
아파요 아파요 아파요 아파요
사랑한 그 밤들이
모두가 나를 울리고
세상이 나를 버려도
외롭지 않았다 두렵지 않다
니가 있었다
뒷골목 바람이었다
망가진 청춘이었다
하얀 손 내밀어 잡아 주었다
나를 안아 주었다
흐르는 눈물이야
닦으면 그만이지만
그래도 보고 싶은 마음은
세월도 달랠 순 없어
너무나 아파요 아파요 아파요
사랑이 너무 아파요
아파요 아파요 아파요 아파요
사랑한 그 밤들이
너무나 아파요 아파요 아파요
빨갛게 멍든 가슴이
아파요 아파요 아파요 아파요
버려진 내 사랑이"
고향역,176,공훈,"코스모스 피어있는
정든 고향역
이쁜이 곱쁜이
모두 나와 반겨주겠지
달려라 고향 열차
설레는 가슴안고
눈감아도 떠오르는
그리운 나의 고향역
코스모스 반겨주는
정든 고향역
다정히 손잡고
고개 마루 넘어서 갈때
흰머리 날리면서
달려온 어머님을
얼싸 안고 바라보았네
멀어진 나의 고향역
달려라 고향 열차
설레는 가슴안고
눈감아도 떠오르는
그리운 나의 고향역"
오빠 오빠!,93,성민지,"오빠야가 좋아 너무 좋아 (좋아)
남자답고 씩씩해서 좋아 (좋아)
오빠야만 보면 콩닥콩닥
심장아 나대지 좀마

뚱뚱하고 배나와도 OK (OK!)
무조건 내편 들어주면 OK
까칠 까칠해도 츤데렐라야
오빠에게 뿅 가버렸네

얼굴도 (짱이야) 성격도 (짱이야)
완전 슈퍼짱이야
볼수록 (매력이) 차고 넘쳐나요
나 정말 어떡해요 (오빠 오빠 오빠)

남자친구 되어주세요
애인이 되어주세요
저하늘의 별도 달도 따주는
하나뿐인 내 오빠 오빠


오빠야가 좋아 너무 좋아 (좋아)
남자답고 씩씩해서 좋아 (좋아)
오빠야만 보면 콩닥콩닥
심장아 나대지 좀마

뚱뚱하고 배나와도 OK (OK!)
무조건 내편 들어주면 OK
까칠 까칠해도 츤데렐라야
오빠에게 뿅 가버렸네

얼굴도 (짱이야) 성격도 (짱이야)
완전 슈퍼짱이야
볼수록 (매력이) 차고 넘쳐나요
나 정말 어떡해요 (오빠 오빠 오빠)

남자친구 되어주세요
애인이 되어주세요
저하늘의 별도 달도 따주는
하나뿐인 내 오빠 오빠

남자친구 되어주세요
애인이 되어주세요
저하늘의 별도 달도 따주는
하나뿐인 내 오빠 오빠
하나뿐인 내 오빠 오빠"
우연히,467,안성훈,"나이트클럽에서
우연히 만났네
첫사랑 그 남자를
추억에 흠뻑 젖어
함께 춤을 추었네
철없던 세월이 그리워
행복하냐 물었지
아무런 말도 없이
눈물만 뚝뚝뚝
흘리는 그 사람
난 벌써 용서 했다고
난 벌써 잊어 버렸다고
말을 해놓고 안아주었지
정말 정말 행복해야 된다고

오늘 밤 우연히
우연히 만났네
첫사랑 그 남자를
나이트 클럽에서
함께 춤을 추었네
철없던 세월이 그리워
행복하냐 물었지
아무런 말도 없이
눈물만 뚝뚝뚝
흘리는 그 사람
난 벌써 용서 했다고
난 벌써 잊어 버렸다고
말을 해놓고 안아주었지
정말 정말 행복해야 된다고
정말 정말 행복해야 된다고"
갈색추억,83,김용필,"희미한 갈색 등불 아래
싸늘히 식어가는 커피잔
사람들은 모두가 떠나고
나만 홀로 남은 찻집
아무런 약속도 없는데
그 사람 올리도 없는데
나도 몰래 또다시 찾아온
지난날 추억 속의 찻집
우리는 나란히 커피를 마시며
뜨거운 가슴 나누었는데
음악에 취해서 사랑에 취해서
끝없이 행복했는데
어느 날 갑자기
그대는 떠나고
갈색 등불 빛만 남아
외로운 찻잔에
싸늘한 찻잔에
희미한 갈색 추억

우리는 나란히 커피를 마시며
뜨거운 가슴 나누었는데
음악에 취해서 사랑에 취해서
끝없이 행복했는데
어느 날 갑자기
그대는 떠나고
갈색 등불 빛만 남아
외로운 찻잔에
싸늘한 찻잔에
희미한 갈색추억
어느 날 갑자기
그대는 떠나고
갈색 등불 빛만 남아
외로운 찻잔에
싸늘한 찻잔에
희미한 갈색 추억"
장녹수,725,송가인,"가는 세월 바람 타고
흘러가는 저 구름아
수많은 사연 담아
가는 곳이 어드메냐
구중궁궐 처마 끝에
한 맺힌 매듭 엮어
눈물 강 건너서
높은 뜻 걸었더니
부귀도 영화도
구름인 양 간 곳 없고
어이타 녹수는
청산에 홀로 우는가
한 조각 구름 따라
떠도는 저 달님아
한 많은 사연 담아
네 숨은 곳 어드메냐
곤룡포 한 자락에
구곡간장 애태우며
안개강 건너서
높은 뜻 기웠더니
부귀도 영화도
꿈인 양 간 곳 없고
어이타 녹수는
청산에 홀로 우는가"
훨훨훨,276,이동하,"사랑도 부질없어 미움도 부질없어
청산은 나를 보고 말없이 살라 하네
버려라 훨훨 벗어 버려라 훨훨
사랑도 미움도 버려라 벗어라 훨훨훨
아 아 물같이 바람같이 살라 하네

탐욕도 벗어 놓고 성냄도 벗어 놓고
창공은 나를 보고 티없이 살라 하네
버려라 훨훨 벗어 버려라 훨훨
탐욕도 성냄도 버려라 벗어라 훨훨훨
아 아 물같이 바람같이 살라 하네
물같이 바람같이 살라 하네"
사랑의 바보,89,우연이,"사랑이 사랑이 이런 건가요
왜 나를 이토록 힘들게 해요
싫으면 그냥 말없이
내 곁을 떠나면 되지
왜 왜 날 아프게 해요
당신을 만난 후로 나는 없었어
그 사랑에 너무 깊이 빠져 버렸어
아무리 헤여 나려고
아무리 헤여 나려고
노력해도 소용없었어
그놈에 정이 무언지
도대체 지울 수 없는
나는 나는 사랑의 바보
사랑이 사랑이 이런 건가요
왜 나를 이토록 힘들게 해요
싫으면 그냥 말없이
내 곁을 떠나면 되지
왜 왜 날 아프게 해요
당신을 만난 후로 나는 없었어
그 사랑에 너무 깊이 빠져 버렸어
아무리 헤여 나려고
아무리 헤여 나려고
노력해도 소용없었어
그놈에 정이 무언지
도대체 지울 수 없는
나는 나는 사랑의 바보
그놈에 정이 무언지
도대체 지울 수 없는
나는 나는 사랑의 바보"
봉선화 연정,"1,034",홍지윤,"손대면 톡하고
터질 것만 같은 그대
봉선화라 부르리
더이상 참지 못 할 그리움울
가슴깊이 물들이고
수줍은 너의 고백에
내 가슴이 뜨거워
터지는 화산처럼
막을 수 없는 봉선화 연정
손대면 톡하고
터질 것만 같은 그대
봉선화라 부르리
더 이상 참지 못 할 외로움에
젖은 가슴 태우네
울면서 혼자 울면서
사랑한다 말해도
무정한 너는 너는
알지 못하네 봉선화 연정
봉선화 연정"
짐이 된 사랑,117,이명주,"사랑만 고집했던 어리석은 나
당신이 전부 였는데
나는 당신의 장난 일뿐
사랑은 사치였나
내 대신에 누가 있을까
나 떠난 그 빈자리
추억마저 남이 된 지금
그리움은 묻고 가지만
다시 한번만 물어 봅시다
왜 내가 짐이 됐나요

사랑만 고집했던 지난날의 나
당신이 전부 였는데
나는 당신의 장난 일뿐
사랑은 사치였나
이젠 누가 나를 대신해
당신을 고집할까
지난날을 되짚어보면
눈물뿐인 사랑이지만
다시 한번만 물어 봅시다
왜 내가 짐이 됐나요
다시 한번만 물어 봅시다
왜 내가 짐이 됐나요"
홀로 아리랑,148,김란영,"저 멀리 동해 바다 외로운 섬
오늘도 거센 바람 불어오겠지
조그만 얼굴로 바람 맞으니
독도야 간 밤에 잘 잤느냐

아리랑 아리랑 홀로 아리랑
아리랑 고개를 넘어 가보자
가다가 힘 들면 쉬어 가더라도,
손 잡고 가보자 같이 가보자

금강산 맑은 물은 동해로 흐르고
설악산 맑은 물도 동해 가는데,
우리네 마음들은 어디로 가는가
언제쯤 우리는 하나가 될까"
나의 소원,360,김범룡,"후회없이 살아 왔었다고
아직은 더 할수있다고
세상 향해 외쳐 보지만
돌아오는건 메아리 뿐
주는대로 살기보다는
이루려는 욕망있기에
침묵속에 작은 꿈들을
키워 나가며 날 믿었지
세월 지난뒤 작은 것 하나
내 힘으로 할수없을 때
그때 인생이란
이런것이다 말할 수 있을까
야야야 오늘이 가네
야야야 내일이 오네
야야야 소원이 있다면
나만의 향기 남기고 싶어

얼어붙은 지난 시간들
벗어나고 싶었었기에
누구보다 먼저일어나
태양 앞에서 맹세했지
세월 지난뒤 작은 것 하나
내힘으로 할수없을 때
그때 인생이란 이런 것 이다
말 할 수 있을까
야야야 오늘이 가네
야야야 내일이 오네
야야야 소원이 있다면
나만의 향기 남기고 싶어
언제가는 가야 할 하늘을 두고
세상이 야속하다
말하긴싫어
야야야
낙엽지는 가을이가네
야야야
꽃이피는 봄이 또 오네
야야야
내생에 소원이 있다면
나만의 향기 남기고 싶어"
남자이니까,255,진시몬,"Lonely shadow lonely night
Lonely shadow lonely night
흘러가버린 시간도 지나간 옛 추억도
남자라는 이유때문에 눈물도 아픔도 참아야했다
바람따라서 사라져간 그녀를 바라보면
나의 미래는 알 수 없는 한 조각 꿈인가봐
남자이니까 참아보겠다 내목숨 걸고 잊어보겠다
남자이니까 울지않겠다 떠나라 내 사랑
서로를 위한 거라고 그래서 떠난다고
제발 용기를 주소서 초라한 내 모습 보이지않게

하루에 하나 잊어가도 몇십년 걸릴 추억들
사랑한다던 너의 말은 한 순간 꿈인가봐
남자이니까 참아보겠다 내목숨 걸고 잊어보겠다
남자이니까 울지않겠다 떠나라 내 사랑
나 가끔 힘이들때면 웃는 너를 생각해
그것만은 허락해 워워~~
남자이니까 참아보겠다 내목숨 걸고 잊어보겠다
남자이니까 울지않겠다 떠나라 내 사랑
남자이니까 참아보겠다 내 목숨 걸고 잊어보겠다
남자이니까 울지않겠다 잘가라 내 사랑
Lonely shadow lonely night
Lonely shadow lonely night
우우우 워워~~"
불 나비,36,김란영,"1.얼마나 사무치는 그리~히이.이움이냐 밤마다 불을찾아 헤매~에헤는 사연 차~하아라리 재가 되어 숨진다해도 하아아~아하아~아 너를 안고 가련다 불나비` 사랑 ,,,,,,,,,,,,2. 무엇`으로 끓으~흐나요 사랑~하아앙의 불길 담(밤)을안고 떠도는 외`로~호오운 날개 수(한)많은 세월속에 멍들은 가`슴 하아아~~~~~랑."
그대는 미운사람,355,김범룡,"그대 얼굴 볼때면 나는 슬퍼져
어차피 당신은 떠나간 사람
하얀 미소 머금고 떠나가세요
슬픔은 이제 그만 생각 말아요
밤이면 창가에 기대어 앉아
그대 얼굴 지우려 애써봐야지
안개처럼 왔다가
그냥 가버릴걸
왜이리 내 마음 흔들어 놓나
지나간 아름다운 숱한 추억이
떨어지는 낙엽되어
사라져 가네
그대는 미운 사람
그대는 미운 사람
아무말도 하지를 말고 가세요
어차피 당신은 떠나간 사람

밤이면 창가에 기대어 앉아
그대 얼굴 지우려 애써봐야지
안개처럼 왔다가
그냥 가버릴걸
왜이리 내 마음 흔들어 놓나
지나간 아름다운 숱한 추억이
떨어지는 낙엽되어
사라져 가네
그대는 미운 사람
그대는 미운 사람
아무말도 하지를 말고 가세요
어차피 당신은 떠나간 사람
어차피 당신은 떠나간 사람
어차피 당신은 떠나간 사람"
아득히 먼 곳,93,김희진,"1.찬`바람 비껴불어 이르는 곳에 마음을 두고 온것도 아니라오 먹구름 흐트러져 휘도는 곳에 미련을 두`고온 @것도 아니라오 @하아~아~ 어쩌다 생각이 나면 그리운 사람있어 밤을 지새고 가만히 생`각하면 아득히 먼 곳이라 허전한 이내 맘(엔)에 눈물 적`시네 ,,,,,,,,,,,2. 황`금빛 저녁노을 내리는 곳에 사`랑이 머무는 것도 아니라오 호숫가 푸른 숲속 아늑한 곳에 내 님이 머무는 것~~~네 하~~~네. (524)"
뭐야 뭐야,221,방실이,"뭐야 뭐야 뭐야 뭐야 뭐야
뭐야 뭐야 당신이 뭐야
제발 날 내버려 두지마
당신이 당신이 뭐길래
날 이렇게 힘들게 해
술잔을 쓸쓸히 마주한 나에게
휘감겨 오는 그 사람 세상에 흔한것이
남자 라지만 너무 가슴이 아파
다시 한번만 기회를 주세요
최선을 다 할께요
뭐야 뭐야 뭐야 뭐야 뭐야
당신이 뭐길래 날 애원하게 만들어
뭐야 뭐야 뭐야 뭐야 뭐야
살빠질 것 같아 제발 날 내버려두지마
뭐야 뭐야 뭐야 뭐야 뭐야
뭐야 뭐야 당신이 뭐야
제발 날 내버려두지마
당신이 당신이 뭐 길래
세월 흐른 지금도 당신 모습
당신 생각에 지금도 난 가슴이 뛰어요
당신 밖엔 사랑 할 줄 모르는 여자
바보 같은 여자 다시 한 번만
기회를 주세요 최선을 다할께요
뭐야 뭐야 뭐야 뭐야 뭐야
당신이 뭐길래 날 애원하게 만들어
뭐야 뭐야 뭐야 뭐야 뭐야
살빠질 것 같아 제발 날 내버려두지마
제발 날 내버려 두지마"
연인,170,유상록,"다시 만날 수 있을까 이 밤 지나면
나의 가슴에 이별을 두고
떠나버린 사람아
이젠 부르지 않으리
애써 다짐 해 놓고
밤이 새도록 그대 생각에 눈물젖는다
미운 사람아 정든 사람아
어디서 무얼 하는지
보고 싶어서 몸부림 쳐도
만날 수 없는 사람아
내가 세상에 태어나
너를 만나 사랑한 것이
지금 나에겐 전부야 다시 돌아와
미운 사람아 정든 사람아
어디서 무얼 하는지
보고 싶어서 몸부림 쳐도
만날 수 없는 사람아
내가 세상에 태어나
너를 만나 사랑한 것이
지금 나에겐 전부야 다시 돌아와
다시 나에게 돌아와 그 언제라도"
애정이 꽃피던 시절,559,나훈아,"첫-사랑 만나던그날

얼-굴을 붉히면서

철없이 매달리며

춤추던 사랑의-시절

활짝핀 백합처럼

우리사랑 꽃 필-때

아-아-아--아아아--

떠나버린 첫 사랑

생각이 납니다

애정이 꽃피던 시절



첫사랑 만나던 그날

행복을 꿈 꾸면서

철없이 매달리며

춤추던 사랑의 시절

곱-게핀 장미처럼

우리사랑 꽃 필-때

아-아-아-아아아--

잃어버린 첫 사랑

생각이 납니다

애정이 꽃피던 시절"
돌려줄수 없나요,303,조경수,"왜 이렇게 생각날까
떠난 줄을 알면서도
사랑했던 이 마음을
돌려 줄 수 없나요
처음 만난 그날처럼
당신의 고운 얼굴이
날이면 날마다
꽃처럼 피어나서
아 오늘도 눈동자에 이슬이 맺혀지네

왜 이렇게 생각날까
떠난 줄을 알면서도
사랑했던 이 마음을
돌려 줄 수 없나요
처음 만난 그날처럼
당신의 고운 얼굴이
날이면 날마다 꽃처럼 피어나서
아 오늘도 눈동자에 이슬이 맺혀지네"
한번만,321,채희,내가사랑합니다 언제부터인지는몰라도 당신을 사랑했어요 하지만 단한마디 말도못하고 돌아서는 내가 바보야 사랑하고싶어요 사랑할수없나요 한번만 내 이름을 불러주세요 한번만 내 마음을을 받아주세요 안돼나요 안돼나요 내가사랑합니다 내가사랑합니다
회룡포,"1,076",강민주,"내것이 아닌것을 멀리 찾아서

휘돌아 가는 그 세월이 얼마이더냐

물설고 낮설은 어느하늘 아래

빈 배 로 나서 있구나

세월아 그욕심 더 해가는 이세상이 싫어 싫터라

나이제 그곳으로 돌아 가련다 내마음 밭아 주는곳

아 어머님 품속같은 그곳 회룡포로 돌아 가련다



세월아 그욕심 더 해가는 이세상이 싫어 싫터라

나이제 그곳으로 돌아 가련다 내마음 밭아 주는곳

아 어머님 품속같은 그곳 회룡포로 돌아 가련다"
비나리 (심수봉),495,남진,"큐피트 화살이 가슴을 뚫고
사랑이 시작된 날
또다시 운명의 페이지는 넘어가네
나 당신 사랑해도 될까요
말도 못하고
한없이 애타는 나의 눈짓들
세상이 온통 그대 하나로
변해 버렸어
우리 사랑 연습도 없이
벌써 무대로 올려 졌네
생각하면 덧없는 꿈일지도 몰라
꿈일지도 몰라
하늘이여 저 사랑
언제 또 갈라놓을 거요
하늘이여 간절한 이 소망
또 외면할 거요
예기치 못했던 운명의 그 시간
당신을 만나던 날
드러난 내 상처 어느새 싸매졌네
나만을 사랑하면 안 될까요
마음만 달아올라
오늘도 애타는 나의 몸짓들
따사로운 그대 눈빛 따라 도는
해바라기처럼
사랑이란 작은 배 하나
이미 바다로 띄워 졌네
생각하면 허무한 꿈일지도 몰라
꿈일지도 몰라
하늘이여 이 사랑 다시 또
눈물이면 안 돼요
하늘이여 저 사람 영원히
사랑하게 해줘요
오 사랑하게 해줘요 오"
블란서 영화처럼,936,장윤정,"사랑이 난 좋아
바람 분다 비가 내린다
마지막 기차는 가고
레인코트 슬픈 여자만
또다시 혼자 남는다
블란서 영화처럼 흔한
풍경에 돌아서 웃었지만
사랑 사랑이 나는 좋더라
그래도 난 좋아
낮은 음악 불빛 카페에
마지막 술잔을 들고
검은 눈물 슬픈 여자가
혼자서 춤을 추는데
블란서 영화처럼 흔한 풍경에
돌아서 웃었지만
사랑 사랑이 나는 좋더라
사랑이 난 좋아
사랑이 난 좋아
바람 분다 비가 내린다
마지막 기차는 가고
레인코트 슬픈 여자만
또다시 혼자 남는다
블란서 영화처럼 흔한
풍경에 돌아서 웃었지만
사랑 사랑이 나는 좋더라
그래도 난 좋아
블란서 영화처럼 흔한
풍경에 돌아서 웃었지만
사랑 사랑이 나는 좋더라
사랑이 난 좋아
사랑 사랑이 나는 좋더라
그래도 난 좋아
사랑이 난 좋아
사랑이 난 좋아"
충청도 아줌마,173,오기택,"와도 그만 가도 그만
방랑의 길은 먼데
충청도 아줌마가
한사코 길을 막네
주안상 하나놓고
마주앉은 사람아
술이나 따르면서 따르면서
내 설움 너의 설움을
엮어나 보자
서울이고 부산이고
갈 곳은 있지만은
구수한 사투리가
너무도 정답구나
눈물을 흘리면서
밤을 새운 사람아
과거를 털어놓고 털어놓고
새로운 새 희망에
살아가보자"
니가 왜 울어,"1,122",진해성,"아 아 아 아 이별의 차표
이미 끊어 놓은 사람
가랑가랑 맺힌 눈물
사랑 장난 다쳐놓고
울기는 네가 왜 울어
다시 올 사람이면
언젠가는 오겠지
아니 올 사람이면
어차피 안 올 거야
눈물도 없이 인사도 없이
그냥 갔다가
운명이 다시 내 곁으로
가라 하면은
모른 척 와 다오
모든 걸 털어버리고
털털 털어 버리고
아 아 아 아 이별의 차표
이미 끊어 놓은 사람
사뿐사뿐 가벼운 걸음
돌아온다 말해놓고
가기도 잘도 가는데
다시 올 사람이면
언젠가는 오겠지
아니 올 사람이면
어차피 안 올 거야
눈물도 없이 인사도 없이
그냥 갔다가
운명이 다시 내 곁으로
가라 하면은
모른 척 와 다오
모든 걸 털어버리고
털털 털어 버리고
털털 털어 버리고"
내 연인,863,진해성,"그대가 내 연인 내 연인인 것은
이 세상 다른 사람보다 더
예쁘기 때문은 아냐
그대가 내 연인 내 연인인 것은
이 세상 다른 사람보다 더
가진게 많아서도 아냐
당신의 뜨거운 뜨거운 사랑으로
그대와 끝없는 하나의 사랑되고파
그대는 내 연인 그대는 내 운명
한평생 변치않고 사랑하는
연인이 되고 싶어요
그대가 내 연인 내 연인인 것은
이 세상 다른 사람보다 더
가진 게 많아서도 아냐
당신의 뜨거운 뜨거운 사랑으로
그대와 끝없는 행복한 꿈을 꾸고파
그대는 내 연인 그대는 내 운명
이 생명 다하도록 사랑하는
연인이 되고 싶어요
그대는 내 연인 그대는 내 운명
이 생명 다하도록 사랑하는
연인이 되고 싶어요"
꿈속의 사랑,939,진해성,"사랑해선 안 될 사람을
사랑하는 죄이라서
말 못하는 내 가슴은
이 밤도 울어야 하나
잊혀야만 좋을 사람을
잊지 못한 죄이라서
말 못하는 내 가슴은
이 밤도 울어야 하나
아 사랑 애달픈 내 사랑아
어이맺은 하룻밤의 꿈
다시못볼 꿈이라면 차라리
눈을 감고 뜨지 말것을
사랑해선 안 될 사람을
사랑하는 죄이라서
말 못하다 돌아서는 이밤도
울어야 하나
아 사랑 애달픈 내 사랑아
어이맺은 하룻밤의 꿈
다시 못 볼 꿈이라면 차라리
눈을 감고 뜨지 말것을
사랑해선 안 될 사람을
사랑하는 죄이라서
말 못하고 돌아서는
이 밤도 울어야 하나"
꿈같은 사랑,209,채희,"당신보며 늘 생각합니다
내 곁에 있어 달라고
가슴 깊이 늘 빌어 봅니다
나만 사랑 해 달라고
당신 마음 변할까 두려워
내 가슴 아파 했지만
지금 생각 해 보니
당신 괜찮은 사람
꿈 같은 나만의 사랑
당신보며 늘 생각합니다
내 곁에 있어 달라고
가슴 깊이 늘 빌어 봅니다
나만 사랑 해 달라고
당신 마음 변할까 두려워
내 가슴 아파 했지만
지금 생각 해 보니
정말 괜찮은 사람
꿈 같은 나만의 사랑
지금 생각 해 보니
정말 괜찮은 사람
꿈 같은 나만의 사랑
꿈 같은 나만의 사랑"
일번출구,433,윙크,"열여덟 첫사랑도 아닌데 왜 이렇게
설레고 떨리고 하는 겁니까
스물네 시간동안 당신만 생각해요
당신은 나의 역대급 사랑
바람 분다 내 맘속에
살랑살랑 사랑사랑
비가 오나 눈 오나 나오는 겁니다
일번출구에서 만나요
다른 약속 잡지 말아요
일번출구에서 만나요
늦더라도 꼭 기다려요
열여덟 첫사랑도 아닌데 왜 이렇게
설레고 떨리고 하는 겁니까
스물네 시간동안 당신만 생각해요
당신은 나의 역대급 사랑
바람 분다 내 맘속에
살랑살랑 사랑사랑
비가 오나 눈 오나 나오는 겁니다
일번출구에서 만나요
다른 약속 잡지 말아요
일번출구에서 만나요
늦더라도 꼭 기다려요
일번출구에서 만나요
만나 만나요
다른 약속 잡지 말아요
일번출구에서 만나요
만나 만나요
늦더라도 꼭 기다려요
일번출구에서 만나요"
태클을 걸지마,392,은가은,"지금부터 뛰어
앞만 보고 뛰어
어떻게 살았냐고 묻지를 마라
이리 저리 살았을꺼라
착각도 마라
그래 한때 삶에 무게
견디지 못해
긴긴 세월 방황 속에
청춘을 묻었다
어허허 어허허
속절 없는 세월
탓해서 무얼해
되돌릴 수 없는 인생인 것을
지금부터 뛰어
앞만 보고 뛰어
내 인생에 태클을 걸지마
지금부터 뛰어
앞만 보고 뛰어
어떻게 살았냐고 묻지를 마라
이리 저리 살았을꺼라
착각도 마라
그래 한때 삶에 무게
견디지 못해
긴긴 세월 방황 속에
청춘을 묻었다
어허허 어허허
속절 없는 세월
탓해서 무얼해
되돌릴 수 없는 인생인 것을
지금부터 뛰어
앞만 보고뛰어
내 인생에 태클을 걸지마
속절 없는 세월
탓해서 무얼해
되돌릴 수 없는 인생인 것을
지금부터 뛰어
앞만 보고 뛰어
내 인생에 태클을 걸지마
내 인생에 태클을 걸지마"
누구라도 그러하듯이,451,은가은,"누구라도 그러하듯이
길을 걸으면 생각이 난다
마주보며 속삭이던
지난 날의 얼굴들이
꽃잎처럼 펼쳐져 간다
소중했던 많은 날들을
빗물처럼 흘려보내고
밀려오는 그리움에
나는 이제 돌아다본다
가득 찬 눈물 너머로
아아아아아아아
아아아아아아
누구라도 그러하듯이
거울을 보면 생각이 난다
어린 시절 오고 가던
골목길의 추억들이
동그랗게 맴돌아간다
가슴속에 하얀 꿈들은
어느 하루 잃어버리고
솟아나는 아쉬움에
나는 이제 돌아다본다
가득 찬 눈물 너머로
아아아아아아아
아아아아아아
아아아아아아아
아아아아아아"
쓰러집니다,353,신승태,"쓰러집니다 쓰러집니다
쓰러집니다
올 때는 내게 예고 없이
다가왔다가
이제 와서 날 떠나요
말도 안 돼 핑계 어쩌면
잘 갖다 붙여 뻔뻔하게도
차라리 내가 싫어졌다
말을 한다면
잡을 나도 아니겠지만
사랑해서 떠난다는 말
지금 뭐 하자는 겁니까
쓰러집니다 쓰러집니다
그대 말을 듣고 있으면
뭐가 어때서 그런 건가요
사랑이 장난인가요
가던 길 그냥 떠나지 왜 돌려요
이제는 그만 날 놀려요
가던 길 그냥 떠나지 왜 돌려요
가던 길 그냥 떠나지
하루가 멀다 나를 찾던
그대 사랑은
모두 연극이란 말이죠
나 없으면 못 산다는 말
없던 걸로 하잔 말이죠
쓰러집니다 쓰러집니다
그대 말을 듣고 있으면
뭐가 어때서 그런 건가요
사랑이 장난인가요
가던 길 그냥 떠나지 왜 돌려요
이제는 그만 날 놀려요
가던 길 그냥 떠나지 왜 돌려요
가던 길 그냥 떠나지
가던 길 그냥 떠나지 왜 돌려요
이제는 그만 날 놀려요
가던 길 돌려 왔다가 다시 가면
나 정말 쓰러집니다
쓰러집니다 쓰러집니다
쓰러집니다"
사랑에 취하다,"2,451",박서진,"당신 있어 좋은날
당신 만나 좋은날
기분 좋아서 술 한잔 마십니다
당신과 나눈 소주 한두잔
세잔 네잔에 취해갑니다
아 얼씨구나 좋구나 좋아
사탕처럼 술이 달다
한잔 두잔 짠짜잔 주고 받으며
당신 사랑에 취해갑니다
당신 있어 좋은날
당신 만나 좋은날
기분 좋아서 술 한잔 마십니다
당신과 나눈 소주 한두잔
세잔 네잔에 취해갑니다
아 얼씨구나 좋구나 좋아
사탕처럼 술이 달다
한잔 두잔 짠짜잔 주고 받으며
당신 사랑에 취해갑니다
아 얼씨구나 좋구나 좋아
사탕처럼 술이 달다
한잔 두잔 짠짜잔 주고 받으며
당신 사랑에 취해갑니다
당신 사랑에 취해갑니다"
당신과 나,88,김범룡,"당신은 열쇠 나는 자물쇠
내 마음을 열어준
당신은 거문고 나는 비파
하나뿐인 내편
마주보며 우린 이렇게
여행하듯이 살았고
당신과 나 우린 이렇게
서로가 닮아가네요
고마워요 감사해요
영원토록 곁에 있어요
고마워요 사랑해요
나보다 더 나를 사랑한
오직 한사람
당신은 파도 나는 조약돌
내 마음을 만져준
당신은 피아노 나는 바이올린
하나뿐인 내편
마주보며 우린 이렇게
여행하듯이 살았고
당신과 나 우린 이렇게
서로가 닮아 가네요
고마워요 감사해요
영원토록 곁에 있어요
고마워요 사랑해요
나보다 더 나를 사랑한
오직 한사람
고마워요 사랑해요
나보다 더 나를 사랑한
오직 한사람
오직 한사람"
사연,346,노사연,"시간은 흐르는 강물 같아서
내 걸음 보다 조금 빨리 흐르고
마음은 아직도 아이 같아서
잔 바람에 넘어집니다
사랑은 오래된 나무 같아서
계절을 따라 옷을 갈아입지만
가끔씩 피어나는 꽃의 향기에
또 하루를 살아 냅니다
오늘아 안녕
내 생에 가장 젊은 나
저 붉은 노을처럼
아름답구나
이젠 안녕
다시는 못 볼 여림아
별처럼 반짝이다
사라져 가라
수줍었던 봄에도
뜨겁던 여름도
한 사람만 사랑했었고
쓸쓸한 가을에도
다시 올 겨울에도
내 영원을 태워 가리라
인생은 혼자 온 여행 같아서
때론 길을 잃고 마음 헤매었지만
빈손을 내밀어 준 그대 때문에
다시 한번 웃게 됩니다
오늘아 안녕
내 생에 가장 젊은 나
저 붉은 노을처럼
아름답구나
이젠 안녕
다시는 못 볼 여림아
별처럼 반짝이다
사라져 가라
수줍었던 봄에도
뜨겁던 여름도
한 사람만 사랑했었고
쓸쓸한 가을에도
다시 올 겨울에도
내 영원을 태워가리라
인생은 혼자 온 여행 같아서
때론 길을 잃고 마음 헤매었지만
빈손을 내밀어 준 그대 때문에
다시 한번 웃게 됩니다
다시 한번 살아갑니다"
빈 잔,142,마커스강,"그대의 싸늘한 눈가에 고이는
이슬이 아름다워
하염없이 바라보네
내 마음도 따라우네
가여운 나의 여인이여
외로운 사람끼리
아 만나서 그렇게 또 정이 들고
어차피 인생은
빈 술잔 들고 취하는 것
그대여 나머지 설움은
나의 빈잔에 채워주
그대의 싸늘한 눈가에 고이는
이슬이 아름다워
하염없이 바라보네
내 마음도 따라우네
가여운 나의 여인이여
외로운 사람끼리
아 만나서 그렇게
또 정이 들고
어차피 인생은
빈 술잔 들고 취하는 것
그대여 나머지 설움은
나의 빈잔에 채워주
나의 빈잔에 채워주"
여정,501,안성훈,"아무리 예쁜 꽃도
세월가면 지듯이
나도 언젠가 어디론가
구름따라 흘러가겠지
머물다 가는 인생 길에
아쉬움도 있었지만
가야할 길 나그네 길
흘러흘러 가는 길
들에 핀 예쁜 꽃도
언젠가는 지겠지
나도 언젠가 어디론가
구름따라 흘러가겠지
잠시 왔다가 가는 길에
사랑도 있었지만
머나먼 길 가고 없어도
강물은 흘러가겠지
강물은 흘러가겠지"
첫정,156,공훈,"잊어야 하기에
가슴은 아파도
미련 없이 잊을래요
사랑도 주고
눈물도 주고
떠나버린 그 사람을
사랑하던
지난 시절
받은 첫정 때문에
무거운 발길을 돌리지 못하고
외로이 서서
망설이고 있답니다

지워야 하기에
가슴은 아파도
눈을 감고 지울래요
행복도 주고
슬픔도 주고
떠나버린 그 사람을
사랑하던
지난 시절
받은 첫정 때문에
외로운 마음을 달래지 못하고
나 홀로 서서
망설이고 있답니다"
가인이어라,747,송가인,"가인 가인이어라
운명 같은 사람이어라
보고 또 보고 싶은 가인이어라
정도 많은 사람이어라
어느 한 날 똑같은 시간에 만나
서로에게 끌려버린 맘
좋아 좋아한다면 죄라도 되나요
이제 나는 어쩔 수 없네
아 영원히 안고 싶어라
시간아 멈추어라
가인 가인이어라
필연적인 사람이어라
보고 또 보고 싶은 가인이어라
내 인생의 귀인이어라
사랑해요 그 말을 하고 싶나요
내 마음도 그렇답니다
애간장을 녹이는 다정한 목소리
누가 내게 보내셨나요
아 영원히 닮고 싶어라
세월아 멈추어라
가인 가인이어라
운명 같은 사람이어라
보고 또 보고 싶은 사람이어라
내 인생의 귀인이어라
가인이어라 가인이어라
가인 가인이어라
가인 가인 가인이어라"
사랑찾아 인생찾아,84,김용필,"라라랄라 라라라라 랄라
라라라라 라라라랄라
사랑 찾아 인생을 찾아
하루 종일 숨이 차게 뛰어다닌다
서울 하늘 하늘 아래서
내 꿈도 가까이 온다
사랑도 있고 우정도 있고
하늘 아래 살고 있고
저마다 다른 인생 속에
또 하루를 바쁘게 산다
우리 인생 살다 보면
힘든 날도 수없이 찾아오지만
사랑 하나 그 사랑 하나
찾으려고 몸부림치네
사랑 찾아 인생을 찾아
하루 종일 숨이 차게 뛰어다닌다
서울 하늘 하늘 아래서
내 꿈도 가까이 온다

사랑을 알고 우정도 알고
정하나로 살고 있고
저마다 값진 인생 속에
또 하루를 바쁘게 산다
우리 인생 살다 보면
힘든 날도 수없이 찾아오지만
오늘보다 더 멋진 인생
찾기 위해 몸부림치네
사랑 찾아 인생을 찾아
하루 종일 숨이 차게 뛰어다닌다
서울 하늘 하늘 아래서
내 꿈도 가까이 온다
사랑 찾아 인생을 찾아
지친 가슴 끌어안고 뛰어다닌다
서울 하늘 하늘 아래서
내 꿈도 가까이 온다
사랑아"
소원,107,성리,"되돌아가시는 길에
외로운 마음 하나 없이
가벼운 발걸음을 하시며
가시게 웃어보인다

먼길을 가시는 길에
지나간 세월을 보면서
당신이 청춘이던 그때를
잊지는 말아주오

지난 날을 돌아보면
못해준것만 남아서
가슴이 미어질 이런날이 올줄은
그때는 왜몰랐을까

가시는 길만은 따뜻하길
그것만이 소원이라오


먼길을 가시는 길에
지나간 세월을 보면서
당신이 청춘이던 그때를
잊지는 말아주오

지난 날을 돌아보면
못해준것만 남아서
가슴이 미어질 이런날이 올줄은
그때는 왜몰랐을까

가시는 길만은 따뜻하길
그것만이 소원이라오

가시는 길만은 따뜻하길
그것만이 소원이라오"
태평가,192,유지나,"짜증은 내여서 무엇하나
성화는 받치어 무엇하나
속상한 일도 하도 많으니
놀기도 하면서 살아가세
니나노 닐리리야 닐리리야
니나노 얼사 좋아 얼시구나 좋다
벌나비는 이리저리 벌벌
꽃을 찾아서 날아든다
청사초롱에 불밝혀라
잊었던 낭군이 다시온다
공수래는 공수거요
놀아 가면서 살아가세
니나노 닐리리야 닐리리야
니나노 얼사 좋아 얼시구나 좋다
벌나비는 이리저리 벌벌
꽃을 찾아서 날아든다"
당돌한 여자,173,금잔디,"일부러 안 웃는 것 맞죠
나에게만 차가운 거 맞죠
알아요 그대 마음을
내게 빠질까 봐 두려운 거죠
그대는 그게 매력이에요
관심 없는 듯한 말투 눈빛
하지만 그대 시선을
나는 안 보고도 느낄 수 있죠
집으로 들어가는 길인가요
그대의 어깨가 무거워 보여
이런 나 당돌한가요
술 한 잔 사 주실래요
야이야이야이야이 날 봐요
우리 마음 속이지는 말아요
날 기다렸다고 먼저 얘기하면
손해라도 보나요
야이야이야이야이 말해요
그대 여자 돼 달라고 말해요
난 이미 오래 전
그대 여자이고 싶었어요
애인이 없다는 것 맞죠
혹시 숨겨둔 건 아니겠죠
믿어요 그대의 말을
행여 있다 해도 양보는 싫어
그대는 그게 맘에 들어
여자 많은 듯한 겉모습에
사실은 아무에게나
마음 주지 않는 그런 남자죠
집으로 들어가는 길인가요
그대의 어깨가 무거워 보여
이런 나 당돌한가요
술 한 잔 사 주실래요
야이야이야이야이 날 봐요
우리 마음 속이지는 말아요
날 기다렸다고 먼저 얘기하면
손해라도 보나요
야이야이야이야이 말해요
그대 여자 돼 달라고 말해요
난 이미 오래 전
그대 여자이고 싶었어요"
잡초,"6,540",영탁,"아무도 찾지 않는
바람 부는 언덕에
이름 모를 잡초야
한 송이 꽃이라면
향기라도 있을 텐데
이것저것 아무것도
없는 잡초라네
발이라도 있으면은
님 찾아갈 텐데
손이라도 있으면은
님 부를 텐데
이것저것 아무것도
가진 게 없어
아무것도
가진 게 없네
아무도 찾지 않는
바람 부는 언덕에
이름 모를 잡초야
한 송이 꽃이라면
향기라도 있을 텐데
이것저것 아무것도
없는 잡초라네
아무도 찾지 않는
바람 부는 언덕에
이름 모를 잡초야
한 송이 꽃이라면
향기라도 있을 텐데
이것저것 아무것도
없는 잡초라네
발이라도 있으면은
님 찾아갈 텐데
손이라도 있으면은
님 부를 텐데
이것저것 아무것도
가진 게 없어
아무것도 가진 게 없네
아무도 찾지 않는
바람 부는 언덕에
이름 모를 잡초야
한 송이 꽃이라면
향기라도 있을 텐데
이것저것 아무것도 없는
잡초라네
이것저것 아무것도 없는
잡초라네
이것저것 아무것도 없는
잡초라네"
MCM (Man Crush Monday),78,김홍남,"I'm your MCM
take a pic of me
20thousand LIKE
don't have to say LMR

oh oh IM YOUR MCM
oh oh IM YOUR MCM

오 검은 머리가 freeze
when you shot me I'm cheeze
입꼬린 살짝 씩
넌 날 보며 it's lit

but i don't care
who's next? come bae
팔짱은 sorry but I love you
얼른 김치

shout out 해
니 인스타그램
write # MAN CRUSH MONDAYYYY

I'm your MCM
take a pic of me
20thousand LIKE
don't have to say LMR

oh oh IM YOUR MCM
oh oh IM YOUR MCM

여기서 찰칵
저기서 찰칵
지나가던 사람
누구냔 질문에 답

나는 김홍남
월요일의 남자
서울 대전 찍고 다음
부산 넘어 재팬까지

알고리즘
all my season
인스타그램 & 틱톡 & 유튜브

너의 필름
다 내얼굴
write # MAN CRUSH MONDAYYYY

I'm your MCM
take a pic of me
20thousand LIKE
don't have to say LMR

oh oh IM YOUR MCM
oh oh IM YOUR MCM"
넌 나의 파친코,84,김홍남,"넌 나의 파친코
넌 나의 파친코
내 전불 다 걸어
땡겨 제발 세븐 세븐
너만 와주면 내 인생은
헤븐 헤븐

금 나와라 뚝딱
은 나와라 뚝딱
다 걸어 땡겨 제발 세븐 세븐
금 나와라 뚝딱
은 나와라 뚝딱
와주면 내 인생은 헤븐 헤븐

뒷골목에 피앙새
쾌쾌한 담배 냄새
가득 채운 이곳엔
당신이 날 기다리네

화려한 화면 속에
그려보는 내 미래
난 말야 당신에게
내 모든 걸 걸었네

넌 나의 파친코
넌 나의 파친코
내 전불 다 걸어
땡겨 제발 세븐 세븐
너만 와주면 내 인생은
헤븐 헤븐

금 나와라 뚝딱
은 나와라 뚝딱
다 걸어 땡겨 제발 세븐 세븐
금 나와라 뚝딱
은 나와라 뚝딱
와주면 내 인생은 헤븐 헤븐

이게 마지막 코인
몇 밤을 보낸 건지
당신 눈 속에 비친
내 얼굴엔 수염이

한참을 보다 보니
이상함을 느끼지
가장 빛나던 당신
왜 다시 켜지질 않니

아 자기야
눈 좀 떠봐
아니 내가
내가 여기서 며칠 동안 당신만 봤잖아
왜
아 왜
이 세상은 나한테만 지랄인 건데
왜

넌 나의 파친코
넌 나의 파친코
내 전불 다 걸어
땡겨 제발 세븐 세븐
너만 와주면 내 인생은
헤븐 헤븐

금 나와라 뚝딱"
초연,73,김연숙,"먼 산 부엉이
밤새워 울어대고
앞내 물소리
가슴을 적실때
나는 사랑이
무언줄 알았네
그러나 당신은
나를두고 어딜갔나
아 아 그대를 기다리네
돌아와요 내게 돌아와요
기다리는 내 사랑

나는 사랑이
무언줄 알았네
그러나 당신은
나를두고 어딜갔나
아 아 그대를 기다리네
돌아와요 내게 돌아와요
기다리는 내 사랑"
옛 시인의 노래,165,한경애,"마른 나무가지에서 떨어지는
작은 잎새 하나
그대가 나무라해도
내가내가 잎새라 해도
우리들의 사이엔 아무것도
남은게 없어요
그대가 나무라해도
내가내가 잎새라해도
좋은 날엔 시인의 눈빛되어
시인의 가슴이 되어
아름다운 사연들을 태우고
또 태우고 태웠었네
뚜루루루 귓전에 맴도는
낮은 휘파람 소리
시인은 시인은 노래 부른다
그 옛날에 사랑얘기를

좋은 날엔 시인의 눈빛되어
시인의 가슴이 되어
아름다운 사연들을 태우고
또 태우고 태웠었네
뚜루루루 귓전에 맴도는
낮은 휘파람 소리
시인은 시인은 노래 부른다
그 옛날에 사랑얘기를
그 옛날에 사랑얘기를
그 옛날에 사랑얘기를"
외로워 마세요,266,조용필,"외로워 마세요
그대 곁에 내가 있어요
물밀듯 다가오는 지난 추억이
지금도 아름다워요
이밤이 새고나면 가야하지만
그것을 이별이라 하지 말아요
언제 어느곳에 가더라도
우리 마음 함께 있으니
그대 그대 정말 외로워 마세요

외로워 마세요
그대 곁에 내가 있어요
물밀듯 다가오는 지난 추억이
지금도 아름다워요
이밤이 새고나면 가야하지만
그것을 이별이라 하지 말아요
언제 어느곳에 가더라도
우리 마음 함께 있으니
그대 그대 정말 외로워 마세요"
저리가,87,남진,"어느날에 그대가 내 가슴에 나타나
설명할수 없는 내마음
당신을 그리며 헤매이네
사랑해선 않될사람 내가 더 잘 알면서
그리워 자꾸 끌리면 어떡하나
잊는다 눈을 꼭 감으면 그대
보란듯 미소로 다가오네
저리가 저리가 혼자있고 싶어
저리가 저리가 날 내버려둬
시간이 갈수록 울게 될까봐 두려워
정 떼지 못한 내가 더 미워"
스리살짝,109,김연숙,"내게는 너무나 멋있는 남자
내곁에 있어서 난 행복해
내게는 너무나 소중한 사람
그대는 내 맘에 쏙 들어
가끔씩은 종일
투정해도 워 우 워 우 워워
내 어깨를 안아준 그 사람
살짝궁 슬쩍궁 스리 살짝 다가와
단 한번 윙크에 난 끌려버렸어
살짝궁 슬쩍궁 은근슬쩍 다가와
내 맘을 사로잡은 그 사 람
살짝궁 슬쩍궁 스리 살짝 다가와
달콤한 키스로 날 가져버렸어
살짝궁 슬쩍궁 은근슬쩍 다가와
내 맘을 사로잡은 그 사 람

내게는 너무나 멋있는 남자
내 곁에 있어서 난 행복해
내게는 너무나 소중한 사람
그대는 내 맘에 쏙 들어
가끔씩은 종일
투정해도 워 우 워 우 워워
내 어깨를 안아준 그 사람
살짝궁 슬쩍궁 스리 살짝 다가와
단 한번 윙크에 난 끌려버렸어
살짝궁 슬쩍궁 은근슬쩍 다가와
내 맘을 사로잡은 그 사 람
살짝궁 슬쩍궁 스리 살짝 다가와
달콤한 키스로 날 가져버렸어
살짝궁 슬쩍궁 은근슬쩍 다가와
내 맘을 사로잡은 그 사 람
내 맘을 사로잡은 그 사 람"
십오야,131,유지나,"십오야 밝은 둥근 달이둥실 둥실 둥실 떠 오면 설레는 마음 아가씨 마음 울렁 울렁 울렁거리네 하모니카 소리 저 소리삼돌이가 부르는 사랑의 노래떡 방아 찧는 소리 저 소리두근 두근 이쁜이 마음 십오야 밝은 둥근 달이둥실 둥실 둥실 떠 오면설레는 마음 아가씨 마음 울렁 울렁 울렁거리네 하모니카 소리 저 소리삼돌이가 부르는 사랑의 노래떡 방아 찧는 소리 저 소리 두근 두근 이쁜이 마음 십오야 밝은 둥근 달이 둥실 둥실 둥실 떠 오면설레는 마음 아가씨 마음 울렁 울렁 울렁거리네 하모니카 소리 저 소리삼돌이가 부르는 사랑의 노래떡 방아 찧는 소리 저 소리두근 두근 이쁜이 마음 십오야 밝은 둥근 달이 둥실 둥실 둥실 떠 오면 설레는 마음 아가씨 마음

울렁 울렁 울렁거리네 하모니카 소리 저 소리삼돌이가 부르는 사랑의 노래떡 방아 찧는 소리 저 소리 두근 두근 이쁜이

두근 두근 이쁜이"
가인,178,유상록,"아무말못하고 그냥 울기만 했지
힘겨운 이별앞에 멍하니 서서
그대 처음부터 날 사랑하지 않았네
잠시 내옆에서 있었을 뿐
난 그대가 나의 삶이라 믿어 왔지
그대를 위해서 나 사는 거라고
하지만 그대는 내가 원했던 사랑 단 한번도 주지 않았네
사랑앞에 더 이상 무릎끊진 않겠어
더 이상의 슬픔은 없을테니까
그대가 날 버리고 떠나간뒤에라도 다시 누군갈 사랑할수 있으니 ~
사랑이여 이젠 내가 달려갈테니 거기서 조금만 기다려줘
(난 처음부터 그사람의 여자가 아니었다 내가 사랑했던 사람은 날 사랑하지 않았고 난끝내 그의 뒷모습만 보아야 했다 그래 이젠 웃어야지 난 처음부터 그사람의 여자가 아니었으니...)
난 그대가 나의 삶이라 믿어왔지
그대를 위해서 나 사는 거라고
하지만 그대는 내가 원했던 사랑 단 한번도 주지 않았네
사랑앞에 더 이상 무릎끊진 않겠어
더 이상의 슬픔은 없을테니까
그대가 날 버리고 떠나간뒤에라도 다시 누군갈
사랑할수 있으니~
사랑이여 이젠 내가 달려갈테니 거기서 조금만 기다려줘"
무정한 사람,78,진성,"1.기다려요 @한~안마디 남겨 놓~호옷고 떠나`버린` @무정.한~하안 사람 잊지 말라는 그 한마디만 남겨 놓고 떠나간 사람 돌`아오지~히이 못~옷할 길`이라면은 차라리` 말이나 말지 기다리라는 @그 한마디만 남기~이고~호오 떠나간 사람 ,,,,,,,,,2. 사랑해요 한~~~~고 뒤돌아선` 무~~~~람 그 한마디가 가슴에 남아 행여 올까 기다린 날들 책`임지지 못~옷할 말이라면은 차라리` 하`지나~하아 말지 사랑한다는 그~~~~람."
눈물 때문에,84,서주경,"말없이 고개 숙인 너 울고 있는 건가요
눈물이 마르기 전에 나는 나는 떠나렵니다
웃으며 보내 줄 순 없나요 가슴에 남겨둔 채로
당신의 눈물 눈물 때문에 나는 떠날 수 없어요
우~ 우~ 울지 울지 마세요
하염없이 흘러내리는 눈물
나는 나는 못 떠납니다

말없이 고개 숙인 너 울고 있는 건가요
눈물이 마르기 전에 나는 나는 떠나렵니다
웃으며 보내 줄 순 없나요 가슴에 남겨 둔 채로
당신의 눈물 눈물 때문에 나는 떠날 수 없어요
우~ 우~ 울지 울지 마세요
하염없이 흘러내리는 눈물
나는 나는 못 떠납니다
하염없이 흘러내리는 눈물
나는 나는 못 떠납니다"
수은등,180,김연자,"어스름 저녁 길에 하나 둘
수은등 꽃이 피면은
그대와 단 둘이서 거닐던
이 길을 서성입니다
수은등 은은한 빛 변함은 없어도
당신은 변했구려 보이질 않네
아~ 아~ 수은등 불빛 아래
이 발길은 떠날 줄 물라

어두운 밤거리에 하나 둘
오색 불 깜박거리면
그대의 웃음소리 들려올 듯
내 가슴은 설레이네
바람 부는 이 거리는 변함이 없건만
당신은 변했구려 보이질 않네
아~ 아~ 오색불 깜빡이는
이 거리를 잊으셨구려"
사나이 순정,317,서진필,"묻지마라~ 욕하지마라~ 사나이순~정이란다~

바람처럼~살아왔다~나의~과거를 묻지를말아

험하고~험~한 인생~이었다~후회없지만~눈물이난다

쓸쓸한이거리~난 너를~만났고~사랑을알았고~꿈을가졌~다~

이~생명~다바쳐 널사랑하~리라~사나이한~평생

내~사랑~너~를위해~

묻지마라~욕하지마라~사나이순~정이란다~

(2절)

묻지마라~욕하지마라~사나이순~정이란다~

구름처럼~살아왔다~나의~과거를 묻지를말아

거칠고~거~친~인생~이었다~후회없지만~눈물이난다

쓸쓸한이거리~난 너를~만났고~사랑을알았고~꿈을가졌~다~

이~생명~다바쳐 널사랑하~리라~사나이한~평생

내~사랑~너~를위해~

묻지마라~욕하지마라~사나이순~정이란다~

사나이순정~이~란다~~"
이봐요,555,문희옥,"사랑 잃고 비에 젖고
이 밤을 헤매이나요
당신도 나와 같은
시련 속에 아픔이 있었나요
걸어가는 뒷모습엔
한숨만 가득한데
어쩌면 그 모습은
내 모습이 아닐까
닿는 발길 닿는 대로
서러움이 더해 가는데
지친 몸 기대서서 흐느껴 우는
이봐요 외로운가요
사랑 잃고 비에 젖고
이 밤을 헤매이나요
당신도 나와 같은
시련 속에 아픔이 있었나요
젖어오는 두 눈 속엔
슬픔만 쌓이는데
당신의 그 마음도
내 마음이 아닐까
닿는 발길 닿는 대로
서러움이 더해 가는데
지친 몸 기대서서 흐느껴 우는
이봐요 외로운가요
이봐요 외로운가요"
24시(時),258,배아현,"자나깨나 오직 한마음
당신밖에 모르는 여자
당신께 안겨 꿈꾸며
살고 싶은 이 마음
오늘밤도 들려온다
룻뚜루 룻뚜루 뿜뿜뿜
하염없이 들려온다
룻뚜루 룻뚜루 뿜뿜뿜
나를 부르는 그대 목소리
룻뚜루 룻뚜 리리리리 이내 가슴을
흔드는 바로 그 사람
온 세상이 변한다 해도
당신 밖에 모르는 여자
이십시사간 당신과 함께
살고 싶은 이 마음
오늘밤도 들려온다
룻뚜루 룻뚜루 뿜뿜뿜
하염없이 들려온다
룻뚜루 룻뚜루 뿜뿜뿜
나를 부르는 그대 목소리
룻뚜루 룻뚜 리리리리 이내 가슴에
꽃비를 내린 그 사람
오늘밤도 들려온다
룻뚜루 룻뚜루 뿜뿜뿜
하염없이 들려온다
룻뚜루 룻뚜루 뿜뿜뿜
나를 부르는 그대 목소리
룻뚜루 룻뚜 리리리리 이내 가슴을
흔드는 바로 그 사람"
서러운 사랑,399,박강성,"사랑해도 눈물이 나는 건
무슨 이유인 걸까
잠 못 드는 이 어둠 속에서
너의 향기가 느껴져
사람들은 너무 쉽게
내게 말하죠
마음만은 주지 말라고
비어버린 마음만큼
아플 거라고
사랑은 슬픈 거라고
사랑해도 사랑을 해도
외로워져요
마음을 준게 서러워져요
내 마음 아신다면
내 아픔 아신다면
그대 내 곁에 있어요
사랑해 널 사랑해
사랑해 널 사랑해
사랑해도 사랑을 해도
외로워져요
마음을 준 게 서러워져요
내 마음 아신다면
내 아픔 아신다면
그대 내 곁에 있어요
사랑해도 사랑을 해도
외로워져요
마음을 준게 서러워져요
그 사람이 너라서
그 사랑이 너라서
난 어디도 못 가요
난 어디도 못 가요"
노란 샤쓰의 사나이,"4,724",이찬원,"노란 샤쓰 입은 말없는 그 사람이
어쩐지 나는 좋아 어쩐지 맘에 들어
미남은 아니지만 씩씩한 생김생김
그이가 나는 좋아 어쩐지 맘에 쏠려
아아 야릇한 마음 처음 느껴본 심정
아아 그이도 나를 좋아하고 계실까
노란 샤쓰 입은 말없는 그 사람이
어쩐지 나는 좋아 어쩐지 맘에 들어
아아 야릇한 마음 처음 느껴본 심정
아아 그이도 나를 좋아하고 계실까
노란 샤쓰 입은 말없는 그 사람이
어쩐지 나는 좋아 어쩐지 맘에 들어
어쩐지 맘에 들어 어쩐지 맘에 들어"
Bad Case of Loving you,"26,877",임영웅,"A hot summer night fell like a net
I've gotta find my baby yet
I need you to soothe my head
Turn my blue heart to red
Doctor Doctor give me the news
I've got a bad case of lovin' you
No pills' gonna cure my ill
I gotta bad case of lovin' you
A pretty face
don't make no pretty heart
I learned that buddy from the start
You think I'm cute a little bit shy
Momma I ain't that kind of guy
Doctor Doctor give me the news
I've got a bad case of lovin' you
No pills' gonna cure my ill
I gotta bad case of lovin' you
I know you like it
you like it on top
Tell me momma are you gonna stop
You had me down 21 to zip
Smile of Judas on your lip
Shake my fist knock on wood
I've got it bad and I've got it good
Doctor Doctor give me the news
I've got a bad case of lovin' you
No pills' gonna cure my ill
I gotta bad case of lovin' you"
막걸리 한잔,158,최우진,"온 동네 소문 났던
천덕꾸러기
막내아들 장가가던 날
앓던 이가 빠졌다며 덩실더덩실
춤을 추던 우리 아버지
아버지 우리 아들
많이 컸지요
인물은 그래도 내가 낫지요
고사리 손으로 따라주는
막걸리 한잔
아버지 생각나네
황소처럼 일만 하셔도
살림살이는 마냥 그 자리
우리 엄마 고생시키는
아버지 원망했어요
아빠처럼 살긴 싫다며
가슴에 대못을 박던
못난 아들을 달래주시며
따라주던 막걸리 한잔
따라주던 막걸리 한잔
아장아장 아들 놈이
어느새 자라
내 모습을 닮아버렸네
오늘따라 아버지가
보고 싶어서 그날처럼
막걸리 한잔
아버지 우리 아들
많이 컸지요
인물은 그래도 내가 낫지요
고사리 손으로 따라주는
막걸리 한잔
아버지 생각나네
황소처럼 일만 하셔도
살림살이는 마냥 그 자리
우리 엄마 고생시키는
아버지 원망했어요
아빠처럼 살긴 싫다며
가슴에 대못을 박던
못난 아들을 달래주시며
따라주던 막걸리 한잔
따라주던 막걸리 한잔"
꿈인지 생신지,"11,642",임영웅,"영원한 사랑이라고
그토록 믿었던 사람
이제와 생각하니 꿈이었더라
깨어보니 잔주름이더라
사는게 그런 거겠지
영원한 게 어디 있나요
꿈인지 생신지
애닯게 온 세월
울지도 웃지도 못해
꿈이든 생시든
넋놓고 나는 못간다
세월아 나를 두고 너 먼저 가거라
사는게 그런거겠지
영원한게 어디 있나요
꿈인지 생신지 애닯게 온 세월
울지도 웃지도 못해
꿈이든 생시든
넋놓고 나는 못간다 세월아
나를 두고 너 먼저 가거라
꿈이든 생시든
넋놓고 나는 못간다
세월아 나를 두고
너 먼저 가거라
세월아 나를 두고
너 먼저 가거라"
천개의 바람이 되어,"5,439",임태경,"나의 사진 앞에서 울지 마요
나는 그곳에 없어요
나는 잠들어 있지 않아요
제발 날 위해 울지 말아요
나는 천개의 바람
천개의 바람이 되었죠
저 넓은 하늘 위를
자유롭게 날고 있죠
가을엔 곡식들을 비추는
따사로운 빛이 될게요
겨울엔 다이아몬드처럼
반짝이는 눈이 될게요
아침엔 종달새 되어
잠든 당신을 깨워 줄게요
나는 천개의 바람
천개의 바람이 되었죠
저 넓은 하늘 위를
자유롭게 날고 있죠
저 넓은 하늘 위를
자유롭게 날고 있죠"
변명,59,박혜신,"아무런말도 하지말아요
차라리 그냥 떠나가요
그 무슨 변명을 할려는지도
난 이미 알고있다오
지금 이 순간 우리 두 사람
그 어떤말이 필요하나요
어차피 다가온 이별앞에서
아픔만 더할뿐인 것을
서로가 진정 사랑했고
아직도 가슴은 뜨거운데
우리에게 주어졌던 시간이
이 순간까지가 모두였나
그토록 그토록 사랑했던 사람을
영원히 잊지못할 사람을
보내야만하나요 잊어야만하나요
남남으로 돌아서야하나요
서로가 진정 사랑했고
아직도 가슴은 뜨거운데
우리에게 주어졌던 시간이
이 순간까지가 모두였나
그토록 그토록 사랑했던 사람을
영원히 잊지못할 사람을
보내야만하나요 잊어야만하나요
남남으로 돌아서야하나요
그토록 그토록 사랑했던 사람을
영원히 잊지못할 사람을
보내야만하나요 잊어야만하나요
남남으로 돌아서야하나요
남남으로 돌아서야하나요"
보릿고개,235,재하,"아야 뛰지 마라 배 꺼질라
가슴 시린 보릿고개 길
주린 배 잡고
물 한 바가지 배 채우시던
그 세월을 어찌 사셨소
초근목피의 그 시절
바람결에 지워져 갈 때
어머님 설움 잊고 살았던
한 많은 보릿고개여
풀피리 꺾어 불던 슬픈 곡조는
어머님의 한숨이었소
아야 우지 마라 배 꺼질라
가슴 시린 보릿고개 길
주린 배 잡고
물 한 바가지 배 채우시던
그 세월을 어찌 사셨소
초근목피의 그 시절
바람결에 지워져 갈 때
어머님 설움 잊고 살았던
한 많은 보릿고개여
풀피리 꺾어 불던 슬픈 곡조는
어머님의 한숨이었소
풀피리 꺾어 불던 슬픈 곡조는
어머님의 통곡이었소"
신 사랑고개,353,김의영,"미아리 눈물고개 님이 넘던 이별고개
아주 오래전에 미아리고개
울며불며 매달리던 눈물고개
오늘날에 현재 미아리고개
갈테면 가라지 냅두는 고개
내가 뭐 잡을줄 아니
천만의 만만의 콩떡
여자답게 상냥하게 보내는 거야
미아리 눈물고개 니가 떠난 이별고개
니가 없어도 남자는 많아
갈테면 어서 가라지
행여 나에게 돌아올 생각
꿈에도 하지 말아줘
아주 오래전에 미아리고개
울며불며 헤어지던 눈물고개
오늘날에 현재 미아리고개
갈테면 가라지 냅두는 고개
내가 뭐 잡을줄 아니
천만의 만만의 콩떡
여자답게 깔끔하게 보내는 거야
미아리 눈물고개 니가 떠난 이별고개
니가 없어도 남자는 많아
갈테면 어서 가라지
행여 나에게 연락할 생각
꿈에도 하지 말아줘
행여 나에게 돌아올 생각
꿈에도 하지 말아줘
닐리리 닐리리"
꽃바람 여인,978,양지은,"가슴이 터질 듯한
당신의 그 몸짓은
날 위한 사랑일까
섹시한 그대 모습
한 모금 담배연기
사랑을 그리며
한 잔의 샴페인에
영혼을 팔리라
세월에 향기인가
다가선 당신은
꽃바람 여인인가
나만의 사랑
사랑의 노예가
되어 버렸어
어쩔 수 없었네
꽃바람 여인
영혼의 사랑인가
숨이 막혀 오네요
망가진 내 모습은
어쩔 수 없는 사랑
한 모금 담배연기
사랑을 그리며
한 잔의 샴페인에
영혼을 팔리라
세월에 향기인가
다가선 당신은
꽃바람 여인인가
나만의 사랑
사랑의 노예가
되어 버렸어
어쩔 수 없었네
꽃바람 여인
사랑의 노예가
되어 버렸어
어쩔 수 없었네
꽃바람 여인"
밤에 피는 장미 (Cover Ver.),20,미스터 팡,"외로운 밤엔 나홀로 걸어
내 가슴 속에 피는
한잎 떨어진 상처만이 남아있는
한떨기 장미처럼 슬픈 내 영혼
그러나 또 낮이 되면서도
잊혀진 지난날 그리워
가슴에 뜨거운 마음도
나의 슬픈 그 장미
아 밤에 피는 장미
나의 사랑 장미 같은 사랑
돌아오지 못할 시절
한떨기 사랑 장미 같은 사랑
아 밤에 피는 장미
나의 사랑 장미 같은 사랑
돌아오지 못할 계절
한떨기 사랑 장미 같은 사랑
외로운 밤엔 나홀로 걸어
내 가슴 속에 피는
한잎 떨어진 상처만이 남아있는
한떨기 장미처럼 슬픈 내 영혼
그러나 또 낮이 되면서도
잊혀진 지난날 그리워
가슴에 뜨거운 마음도
나의 슬픈 그 장미
아 밤에 피는 장미
나의 사랑 장미 같은 사랑
돌아오지 못할 시절
한떨기 사랑 장미 같은 사랑
아 밤에 피는 장미
나의 사랑 장미 같은 사랑
돌아오지 못할 계절
한떨기 사랑 장미 같은 사랑
아 밤에 피는 장미
나의 사랑 장미 같은 사랑
돌아오지 못할 시절
한떨기 사랑 장미 같은 사랑
아 밤에 피는 장미
나의 사랑 장미 같은 사랑
돌아오지 못할 계절
한떨기 사랑 장미 같은 사랑"
사랑은 꽃잎처럼,415,에녹,"나를 떠나가면 안 돼요
멀어지면 안 돼요
하루만 하루만 하루만 내게
더 머물러요
사랑하면 할수록 난 아파요
그대 품속이 그리워요
스치는 바람처럼 짧았던 인연이래도 난
후회하지 않아요
황홀한 가시처럼 내 안에 깊숙이 박혀
자꾸 날 아프게 하네요
하룻밤 꿈처럼 깨면 다 사라져
아쉬워 뜨거운 눈물만 두 볼에 흘러요
나를 떠나가면 안 돼요
멀어지면 안 돼요
하루만 하루만 하루만
내게 더 머물러요
사랑하면 할수록 난 아파요
그대 품속이 그리워요
나를 떠나가면 안 돼요
멀어지면 안 돼요
하루만 하루만 하루만 내게
더 머물러요
사랑하면 할수록 난 아파요
그대 품속이 그리워요
사랑은 꽃잎처럼
피면 다시 또 지고
그리워 그리워 그리워 그대
보고 싶은데
두 번 다신 없을 그 말 I love you
우리 사랑은 꽃잎처럼"
기도합니다,431,안성훈,"기도합니다 기도합니다
천지신명께 기도합니다
우리 어머니 정안수 놓고
손발이 다 닳도록
객지 떠난 우리 장남
아프지 말기를
공부하는 우리 둘째 잘 되기를
재간둥이 우리 셋째 꿈 이뤄지기를
걱정 많은 막내아들 아픈 손가락
기도합니다 기도합니다
하늘님께 기도합니다
우리 아버지 말은 없어도
밤을 새워 기도합니다

기도합니다 기도합니다
천지신명께 기도합니다
우리 어머니 정안수 놓고
손발이 다 닳도록
객지 떠난 우리 장남
아프지 말기를
공부하는 우리 둘째 잘 되기를
재간둥이 우리 셋째 꿈 이뤄지기를
걱정 많은 막내아들 아픈 손가락
기도합니다 기도합니다
하늘님께 기도합니다
우리 아버지 말은 없어도
별이 되어 기도합니다
기도합니다 기도합니다
하늘님께 기도합니다
우리 어머니 말은 없어도
달이 되어 기도합니다"
진짜 멋쟁이,945,진해성,"당신이 꽃이면 난 나는 꽃잎
한 평생 떠받들고 사는 거야
커다란 나무가 꼭 되어줄게
큰 그늘 아래서 너 쉴 수 있게
파랑새 찾아 떠난
우리네 인생
행복을 곁에 두고
그걸 몰랐구나
미워도 내 인생
나의 사랑이
내 것이 제일인 것을
파랑새 쫓아갔다
피앙세 찾아온 나
돌아온 진짜 멋쟁이

당신이 꽃이면 난 나는 꽃잎
한 평생 떠받들고 사는 거야
커다란 나무가 꼭 되어줄게
큰 그늘 아래서 너 쉴 수 있게
파랑새 찾아 떠난
우리네 인생
행복을 곁에 두고
그걸 몰랐구나
미워도 내 인생
나의 사랑이
내 것이 제일인 것을
파랑새 쫓아갔다
피앙세 찾아온 나
돌아온 진짜 멋쟁이
미워도 내 인생
나의 사랑이
내 것이 제일인 것을
파랑새 쫓아갔다
피앙세 찾아온 나
돌아온 진짜 멋쟁이"
바보같은 미소,394,장윤정,"그대의 눈빛은 언제나
나에게 세상의 모두를
얘기해 주지만 나의 어둡고
슬픈 뒷모습을
감싸주진 못해요
나의 미소는 언제나 그대에게
사랑의 모두를
얘기해 주지만 그대의
너무 화려한 미래를
밝혀줄 순 없어요
그러나 알 수 없는 나의 맘
우리의 사랑이 얼마 남지 않았어도
아름다운 그대 모습에 가리워져
바보 같은 미소만 짓네

나의 미소는 언제나 그대에게
사랑의 모두를
얘기해 주지만 그대의
너무 화려한 미래를
밝혀줄 순 없어요
그러나 알 수 없는 나의 맘
우리의 사랑이 얼마 남지 않았어도
아름다운 그대 모습에 가리워져
바보 같은 미소만 짓네
그러나 알 수 없는 나의 맘
우리의 사랑이 얼마 남지 않았어도
아름다운 그대 모습에 가리워져
바보 같은 미소만 짓네"
떠날때는 말없이,304,현미,"그 날 밤 그 자리에
둘이서 만났을 때
똑같은 그 순간에
똑같은 마음이
달빛에 젖은 채
밤새도록 즐거웠죠
아 그 밤이 꿈이었나 비 오는데
두고두고 못 다한 말
가슴에 새기면서
떠날 때는 말 없이
말 없이 가오리다

아무리 불러도
그 자리는 비어있네
아 그 날이 언제였나 비 오는데
사무치는 그리움을
나 어이 달래라고
떠날 때는 말 없이
말 없이 가오이다"
내곁에 있어주,274,이수미,"나는 네가 좋아서
순한 양이 되었지
풀밭같은 너의 가슴에
내마음은 뛰어 놀았지
내곁에 있어주
내곁에 있어주
할말은 모두 이것뿐이야
내곁에 있어주
내곁에 있어주
내너를 위하여
미소를 보이잖니
손목을 잡으며
슬픔을 감추며
내곁에 있어주
나는 네가 좋아서
순한 양이 되었지
풀밭같은 너의 가슴에
내마음은 뛰어 놀았지
내곁에 있어주
내곁에 있어주
할말은 모두 이것뿐이야
내곁에 있어주
내곁에 있어주
내너를 위하여
미소를 보이잖니
손목을 잡으며
슬픔을 감추며
내곁에 있어주"
매화,301,이병철,"갸름한 그 얼굴에
수줍은 미소지으며
이슬처럼 초롱한
눈동자에 여인 매화
나풀대는 긴머리결 내볼을
간지럽힐때
사랑을 간직한채 그대앞에
꽃이 되고 싶어라
꺼지지않는 사랑의 불씨
그대가슴에 심어놓고
마르지않는 사랑의 샘에
목을 축이며 살아가리
여인아 여인아 나의여인 매화
여인아 여인아 사랑한다 매화
나풀대는 긴머리결 내볼을
간지럽힐때
사랑을 간직한채 그대앞에
꽃이 되고 싶어라
꺼지지않는 사랑의 불씨
그대가슴에 심어놓고
마르지않는 사랑의 샘에
목을 축이며 살아가리
여인아 여인아 나의여인 매화
여인아 여인아 사랑한다 매화"
외로워 마세요,59,태진아,"인생이 끝나는 날까지
웃으며 살아가요
헤어져 하나를 얻자니
잃는 건 두 가지
외로워 외로워 마세요
사는 게 다 그런 거지
보낸 세월 돌릴 수 있나요
그저 허허 웃어봐요

사랑이 전 같진 않아도
그놈의 정 때문에
미워도 버릴 수 없는 게
우리의 운명인걸
외로워 외로워 마세요
사는 게 다 그런 거지
보낸 세월 돌릴 수 있나요
그저 허허 웃어봐요
외로워 외로워 마세요
사는 게 다 그런 거지
보낸 세월 돌릴 수 있나요
그저 허허 웃어봐요
보낸 세월 돌릴 수 있나요
그저 허허 웃어봐요"
마지막 연인,95,김란영,"나만이 간직하고 싶기에
이름을 밝힌적도 없었지요
기억의 문을 열고 들어와
내 앞에 서 있는 그대
얼어붙은 내 마음에
미소가 번질 때마다
그대가 내 눈에 보여요
꿈인줄 알고 있지만
그 품에 안기고 싶어
이렇게 가슴이 시려오는데
어디에 있나요
돌아와줄 순 없나요
내 모습 이렇게도 야위어 가는데
지금은 어디서
나없이 행복하나요
내 인생에 마지막 내 사랑이여

얼어붙은 내 마음에
미소가 번질 때마다
그대가 내 눈에 보여요
꿈인줄 알고 있지만
그 품에 안기고 싶어
이렇게 가슴이 시려오는데
어디에 있나요
돌아와줄 순 없나요
내 모습 이렇게도 야위어 가는데
지금은 어디서
나없이 행복하나요
내 인생에 마지막 내 사랑이여
어디에 있나요
돌아와줄 순 없나요
내 모습 이렇게도 야위어 가는데
지금은 어디서
나없이 행복하나요
내 인생에 마지막 내 사랑이여"
사의찬미,75,김란영,"광막한 황야를 달리는 인생아
너는 무엇을 찾으러 왔느냐
이래도 한세상 저래도 한평생
돈도 명예도 사랑도 다 싫다

녹수 청산은 변함이 없건만
우리 인생은 나날이 변했다
이래도 한세상 저래도 한평생
돈도 명예도 사랑도 다 싫다"
님은 먼곳에,118,김란영,"사랑한다고 말할걸 그랬지
님이아니면 못산다 할 것을
사랑한다고 말 할걸 그랬지
망설이다가 가버린 사람
마음주고 눈물 주고 꿈도 주고
멀어져 갔네
님은 먼 곳에
영원히 먼곳에 망설이다가
님은 먼 곳에

마음주고 눈물주고
꿈도 주고
멀어져 갔네
님은 먼 곳에
영원히 먼곳에 망설이다가
님은 먼 곳에"
카스바의 여인,57,윤희상,"담배연기 희미하게
자욱한 카스바에서
이름마저 잊은채
나이마저 잊은채
춤추는 슬픈 여인아
그날 그 카스바에
그날 그 자리에서
처음 만나 사랑을하고
낮설은 내 가슴에 쓰러져
한없이 울던 그 사람
오늘밤도 눈물에 젖어
춤추는 카스바의 여인

외로움을 달래려고
찾아온 카스바에서
어디에서 본듯한
한번쯤은 만난듯한
춤추는 슬픈 여인아
그날 그 카스바에
그날 그 자리에서
처음 만나 사랑을하고
낮설은 내 가슴에 쓰러져
한없이 울던 그 사람
오늘밤도 눈물에 젖어
춤추는 카스바의 여인"
자옥아,174,박상철,"짜라짜라짠짠
짜라짜라짠짠
짜라짜라짜라짠
짜라짜라짠짠
짜라짜라짜라짠

내 곁을 떠나간
그 사람 이름은
자옥 자옥 자옥이였어요
그 사람 어깨엔
날개가 있어
멀리 멀리 날아갔어요
자옥아 자옥아
자옥아 자옥아
내가 내가 못 잊을 사람아
자옥아 자옥아
자옥아 자옥아
내가 정말 사랑한 자옥아
내 어깨 위엔 날개가 없어
널 찾아 못간다
내 자옥아 자옥아
짜라짜라짠짠
짜라짜라짠짠
짜라짜라짜라짠
짜라짜라짠짠
짜라짜라짜라짠

지금은 어디서
무엇을 하는지
어디서 어떻게
살고 있는지
바람만 불어도
구름만 떠나도
깜빡 깜빡 생각이 난다
자옥아 자옥아
자옥아 자옥아
내가 내가 못 잊을 사람아
자옥아 자옥아
자옥아 자옥아
내가 정말 사랑한 자옥아
내 어깨 위엔 날개가 없어
널 찾아 못간다
내 자옥아 자옥아
내 어깨 위엔 날개가 없어
널 찾아 못간다
내 자옥아 자옥아

자옥아"
들국화 여인,313,현철,"사랑이 병이나면
무슨 약이 있나요
그것은 하나 오직 당신의
그 정이라야 합니다
세월이 흘러가면
잊혀진다 하지만
그것은 내마음을
달래려고 하는 말
오늘밤도 오늘밤도 눈물짓는
들국화 여인

가슴에 타는 불꽃은
무엇으로 끄나요
그것은 하나 오직 당신의
그 정이라야 합니다
찬바람 불어오는
외진길가 모퉁이
오늘도 서러웁게
떨고 있는 들국화
어느누가 어느누가 감싸주랴
들국화 여인"
고향 아줌마,169,김상진,"사랑하는 사람도

미워하는 사람도

돌아서면 남인데

모든 것을 다 준데도

바꿀 수 없는 사람아

나는 좋아 나는 좋아

당신이 난 나는 좋아

사랑해도 될까요

사랑해도 될까요

돌아서면 남인데



-간주-



좋아하는 사람도

싫어하는 사람도

미워하는 사람도

돌아서면 남인데

모든 것을 다 준데도

바꿀 수 없는 사람아

나는 좋아 나는 좋아

당신이 난 나는 좋아

좋아해도 될까요

좋아해도 될까요

돌아서면 남인데



나는 좋아 나는 좋아

당신이 난 나는 좋아

사랑해도 될까요

사랑해도 될까요

돌아서면 남인데"
해뜰날,148,송대관,"꿈을 안고 왔단다 내가 왔단다
슬픔도 괴로움도 모두모두 비켜라
안 되는 일 없단다 노력하면은
쨍하고 해뜰 날 돌아온단다
뛰고 뛰고 뛰는 몸이라 괴롭지만
힘겨운 나의 인생 구름 걷히고
산뜻하게 맑은 날 돌아온단다
쨍하고 해뜰 날 돌아온단다
꿈을 안고 왔단다 내가 왔단다
슬픔도 괴로움도 모두모두 비켜라
안 되는 일 없단다 노력하면은
쨍하고 해뜰 날 돌아온단다
뛰고 뛰고 뛰는 몸이라 괴롭지만
힘겨운 나의 인생 구름 걷히고
산뜻하게 맑은 날 돌아온단다
쨍하고 해뜰 날 돌아온단다
쨍하고 해뜰 날 돌아온단다"
짝사랑,"2,554",주현미,"마주치는 눈빛이
무엇을 말하는지
난 아직 몰라
난 정말 몰라
가슴만 두근두근
아 사랑인가봐
해질 무렵이면 창가에 앉아
나는요 어느샌가 그대 모습 그려요
사랑한다고 좋아한다고 말해주세요
눈물만큼 고운 별이 될래요
그대 가슴에
속삭이는 눈빛이
무엇을 말하는지
난 아직 몰라
난 정말 몰라
가슴만 두근두근
아 사랑했나봐
그대 지나치는 시간이 되면
나는요 어느샌가 거울 앞에 있어요
사랑한다고 좋아한다고 말해주세요
눈물만큼 고운 별이 될래요
그대 가슴에
속삭이는 눈빛이
무엇을 말하는지
난 아직 몰라
난 정말 몰라
가슴만 두근두근
아 사랑했나봐
그대 지나치는 시간이 되면
나는요 어느샌가 거울 앞에 있어요
사랑한다고 좋아한다고 말해주세요
그대 가슴속에 꺼지지 않는
별이 될래요"
세월아 청춘아,524,강민,"세월아 청춘아
가지 말아라
세월아 어디 가느냐
내 청춘 여기에 두고
쉼 없이 살아온 인생
구름 되어 밀려 가는데
청춘아 어디 있느냐
내 모습 변해 가는데
마음은 그대로 인데
내 모습만 변하는 구나
사랑도 인생살이도
못 다한 젊은 꿈들도
가슴에 미련이 많아
세월아 청춘아
아직은 가지 말아라
세월아 청춘아
가지 말아라
청춘아 어디 있느냐
내 모습 변해 가는데
마음은 그대로 인데
내 모습만 변하는 구나
사랑도 인생살이도
못 다한 젊은 꿈들도
가슴에 미련이 많아
세월아 청춘아
아직은 가지 말아라
세월아 청춘아
아직은 가지 말아라"
잡초,183,나훈아,"아무도 찾지 않는 바람 부는 언덕에
이름 모를 잡초야
한 송이 꽃이라면
향기라도 있을 텐데
이것저것 아무것도 없는 잡초라네
발이라도 있으면은 님 찾아갈텐데
손이라도 있으면은 님 부를텐데
이것저것 아무것도 가진 게 없어
아무것도 가진 게 없네
아무도 찾지 않는
바람 부는 언덕에 이름 모를 잡초야
한 송이 꽃이라면
향기라도 있을 텐데
이것저것 아무것도 없는 잡초라네
아무도 찾지 않는 바람 부는 언덕에
이름 모를 잡초야
한 송이 꽃이라면
향기라도 있을 텐데
이것저것 아무것도 없는 잡초라네
발이라도 있으면은 님 찾아갈텐데
손이라도 있으면은 님 부를텐데
이것저것 아무것도 가진 게 없어
아무것도 가진 게 없네
아무도 찾지 않는 바람 부는 언덕에
이름 모를 잡초야
한 송이 꽃이라면
향기라도 있을 텐데
이것저것 아무것도 없는 잡초라네
이것저것 아무것도 없는 잡초라네
이것저것 아무것도 없는 잡초라네"
우리엄마,122,신유,"하늘이시여 오 하늘이시여
세상에 이런 일이
어디에 있습니까
한 평생 자식 위해
눈물 꽃을 피우신
우리 엄마 돌려주세요
살아생전 자식 위해
가슴 조이시더니
아 그렇게 떠나셨나요
어머니 그 가슴을
안을 수가 없어요
영원히 영원히 가슴에
사랑을 사랑을 묻어주세요
사랑해요 사랑합니다
하늘이시여 오 하늘이시여
세상에 이런 일이
어디에 있습니까
당신은 다 잊은 채
자식만을 위하신
우리 엄마 돌려주세요
어젯밤은 무서리에
춥진 않으셨나요
아 외롭지 않으셨나요
어머니 그 가슴을
느낄 수가 없어요
영원히 영원히 이 자식
사랑을 사랑을 잊지 마세요
사랑해요 나의 어머니
사랑해요 나의 어머니"
여자야,371,삼식이,"여자야 여자야
너는 아직 모르지
울고 있구나 여자야
약해지면 안돼
한동안 못 본다고 잊혀지겠니
하룻밤의 정도 아닌데
간다는 말도 없이 온다는 기약없이
그렇게 떠나갔지만
돌아올거야 여자야
약해지면 안돼
한동안 못 본다고 잊혀지겠니
하룻밤의 정도 아닌데
간다는 말도 없이 온다는 기약없이
그렇게 떠나가지만
돌아올거야 여자야
약해지면 안돼
여자야 여자야
약해지면 안돼"
RUN To YOU,"26,625",임영웅,"하나 투 원 투 쓰리 포
BOUNCE with me BOUNCE
with me
BOUNCE with me BOUNCE
BOUNCE with me BOUNCE
with me
BOUNCE with me BOUNCE
BOUNCE with me
BOUNCE with me
BOUNCE with me
BOUNCE with me
BOUNCE with me
BOUNCE with me
BOUNCE BOUNCEBOUNCE
BOUNCE
외로울땐 날불러 뭐가
니맘에 걸려
다른남자와 난 틀려 내게
전활걸어
아무리 우리 멀리 있어도
그 무엇이 날막고 있어도
갈 수 있어 너만 원한다면
달려가겠어 훨훨 날아가겠어
널 안아주겠어 내 모든걸
주겠어 주겠어
내 사랑을 받아줘 날
사랑한다 말해줘
Yeah Baby Yeah Baby
BOUNCE with me BOUNCE
with me
BOUNCE BOUNCEBOUNCE
BOUNCE
외로울땐 나를 불러 뭐가
니맘에 걸려
내가 원한다는걸 넌 알고 있잖아
I need you I want you
I'll run to you
Yeah Baby Yeah Baby
니 마음의 문을 열어
나를 허락해줘
니안에 니맘에 내가 들어
갈수있게
나의 사랑으로 채워줄게
나나나나나나나나나나
나나나나나
BOUNCE with me BOUNCE
나나나나나나나나나나
나나나나나
BOUNCE with me BOUNCE
with me
BOUNCE with me BOUNCE
BOUNCE with me BOUNCE
with me
BOUNCE with me BOUNCE
BOUNCE with me
BOUNCE with me
BOUNCE with me
BOUNCE with me
BOUNCE with me
BOUNCE with me
BOUNCE BOUNCEBOUNCE
BOUNCE"
나 가거든,"8,690",김호중,"쓸쓸한 달빛아래
내 그림자 하나 생기거든
그땐 말해 볼까요 이 마음
들어나 주라고
문득 새벽을 알리는
그 바람 하나가 지나거든
그저 한숨 쉬듯 물어 볼까요
난 왜 살고 있는지
나 슬퍼도 살아야 하네
나 슬퍼서 살아야 하네
이 삶이 다하고 나야 알텐데
내가 이 세상을 다녀간
그 이유
나 가고 기억하는 이
나 슬픔까지도 사랑했다
말해 주길
흩어진 여울처럼
내 아픈 기억도 바래지면
그땐 웃어질까요 이 마음
그리운 옛일로
저기 홀로선 별 하나
나의 외로움을 아는건지
차마 날 두고는 떠나지 못해
밤새 그 자리에만
나 슬퍼도 살아야 하네
나 슬퍼서 살아야 하네
이 삶이 다하고 나야 알텐데
내가 이 세상을 다녀간
그 이유
나 가고 기억하는 이
내 슬픔까지도 사랑하길 우
부디 먼 훗날
나 가고 슬퍼하는 이
나 슬픔 속에도 행복했다
믿게 해"
우연히,"5,146",이찬원,"나이트 클럽에서 우연히 만났네
첫사랑 그 남자를
추억에 흠뻑 젖어 함께 춤을 추었네
철없던 세월이 그리워
행복하냐 물었지 아무런 말도 없이
눈물만 뚝뚝뚝 흘리는 그사람
난 벌써 용서했다고
난 벌써 잊어버렸다고
말을 해놓고 안아주었지
정말 정말 행복해야 된다고
오늘밤 우연히 우연히 만났네
첫사랑 그 남자를
나이트 클럽에서 함께 춤을 추었네
철없던 세월이 그리워
행복하냐 물었지 아무런 말도 없이
눈물만 뚝뚝뚝 흘리는 그사람
난 벌써 용서했다고
난 벌써 잊어버렸다고
말을 해놓고 안아주었지
정말 정말 행복해야 된다고
정말 정말 행복해야 된다고"
장녹수,"4,653",이찬원,"가는세월 바람타고
흘러가는 저 구름아
수 많은 사연담아
가는곳이 어드메냐
구중궁궐 처마끝에
한 맺힌 매듭 엮어
눈물강 건너서
높은 뜻 걸었더니
부귀도 영화도
구름인 양 간곳없고
어이타 녹수는
청산에 홀로 우는가
한 조각 구름따라
떠도는 저 달님아
한 많은 사연담아
네 숨은곳 어드메냐
곤룡포 한자락에
구곡간장 애태우며
안개강 건너서
높은 뜻 기웠더니
부귀도 영화도
꿈인 양 간 곳 없고
어이타 녹수는
청산에 홀로 우는가"
고래사냥,"6,578",영탁,"술 마시고 노래하고 춤을 춰봐도
가슴에는 하나 가득 슬픔뿐이네
무엇을 할 것인가 둘러 보아도
보이는 건 모두가 돌아 앉았네
자 떠나자 동해 바다로
삼등삼등 완행열차 기차를 타고 허
간밤에 꾸었던 꿈의 세계는
아침에 일어나면 잊혀 지지만
그래도 생각나는 내 꿈 하나는
조그만 예쁜 고래 한 마리
자 떠나자 동해 바다로
신화처럼 숨을 쉬는 고래 잡으러
우리의 사랑이 깨진다 해도
모든 것을 한꺼번에 잃는다 해도
우리들 가슴속에 뚜렷이 있다
한 마리 예쁜 고래 하나가
자 떠나자 동해 바다로
신화처럼 숨을 쉬는 고래 잡으러
자 떠나자 동해 바다로
신화처럼 숨을 쉬는 고래 잡으러"
오래오래 살아주세요,168,한봄,"세상살이 고달프고 괴로울 때면
마음은 달려가네
어머님 품속으로
사랑스런 눈빛으로 나를 보며
두 손으로 안아 주었죠
세월 따라 변해가는
어머님의 그 모습이
이 자식의 가슴속을 울려 줍니다
어머님 어머님
오래오래 살아 주세요
흐르는 세월을 아쉬워하며
나를 사랑하고 키워주신 어머님
이 몸이 잘 되라고 두 손 모와
그 얼마나 빌었습니까
하늘보다 높고 바다보다 깊은
어머님의 그 은혜를
무엇으로 갚으리까
어머님 어머님
오래오래 살아 주세요
어머님 어머님
오래오래 살아 주세요"
화등,"6,114",영탁,"나의 이름 앞에서는 울지 마세요
나는 이미 떨어진 꽃잎이에요
백년도 못 살면서
거꾸로 선 너의 모습
해가 지면 돌아오는 녹슬은 울음소리
이 슬픔 무너지고 저 길이 보일 때엔
사랑의 이불자락을 소롯이 덮어두고
화등 하나 챙겨들고 미움만 떠납니다
나의 이름 앞에서는 울지 마세요
나는 이미 떨어진 꽃잎이에요
백년도 못 살면서
거꾸로 선 너의 모습
해가 지면 돌아오는 녹슬은 울음소리
이 슬픔 무너지고 저 길이 보일 때엔
사랑의 이불자락을 소롯이 덮어두고
화등 하나 챙겨들고 미움만 떠납니다
사랑의 이불자락을 소롯이 덮어두고
화등 하나 챙겨들고 미움만 떠납니다
미움만 떠납니다
미움만 떠납니다"
베사메무쵸,"1,076",진해성,"베사메 베사메무쵸
고요한 그날 밤 리라 꽃 지던 밤에
베사메 베사메무쵸
리라 꽃향기를 나에게 전해다오
베사메무쵸야
리라 꽃 같은 귀여운 아가씨
베사메무쵸야
그대는 외로운 산타마리아
베사메 베사메무쵸
고요한 그날 밤 리라 꽃 지던 밤에
베사메 베사메무쵸
리라 꽃향기를 나에게 전해다오
베사메무쵸야
리라 꽃 같은 귀여운 아가씨
베사메무쵸야
그대는 외로운 산타마리아
베사메 베사메무쵸
고요한 그날 밤 리라 꽃 지던 밤에
베사메 베사메무쵸
리라 꽃 향기를 나에게 전해다오"
암연,182,신승태,"내겐 너무나 슬픈 이별을 말할 때
그댄 아니 슬픈 듯 웃음을 보이다
정작 내가 일어나
집으로 가려 할 때는
그땐 꼭 잡은 손을 놓지 않았어
울음을 참으려고 하늘만 보다가
끝내 참지 못하고 내 품에 안겨 와
마주 댄 그대 볼에
눈물이 느껴질 때는
나도 참지 못하고 울어 버렸어
사랑이란 것은 나에게 아픔만 주고
내 마음속에는 멍울로 다가와
우리가 잡으려 하면 이미 먼 곳에
그땐 때가 너무 늦었다는데
차마 어서 가라는 그 말은 못 하고
나도 뒤돌아서서 눈물만 흘리다
이젠 갔겠지 하고 뒤를 돌아보면
아직도 그대는 그 자리
사랑이란 것은 나에게 아픔만 주고
내 마음속에는 멍울로 다가와
우리가 잡으려 하면 이미 먼 곳에
그땐 때가 너무 늦었다는데
차마 어서 가라는 그 말은 못 하고
나도 뒤돌아서서 눈물만 흘리다
이젠 갔겠지 하고 뒤를 돌아보면
아직도 그대는 그 자리
아직도 그대는 그 자리"
텍사스 룸바,"6,593",이찬원,"앞을 보고 옆을 보고 뒤돌아봐도
보이는 건 낯선 얼굴 낯선 사람들
이 밤도 내게 들려온다
추억의 그 노래가
룸바룸바 룸바룸바 룸바룸바
룸바룸바 텍사스 룸바
한때는 사랑했다 그 누구보다
지금은 가고 없는 첫사랑 여인
이 밤도 내가 운다 사랑아
세월 흘러가도 나는 너를 못 잊어
룸바룸바 룸바룸바
룸바룸바 룸바룸바
텍사스 루리루리 루리룸바
세월 가고 너도 가고 사랑도 가고
눈물처럼 쏟아지는 슬픈 추억들
이 밤도 내게 들려온다
추억의 그 노래가
룸바룸바 룸바룸바 룸바룸바
룸바룸바 텍사스 룸바
지금은 어느 하늘 어디에선가
나보다 행복하게 살아갈 당신
이 밤도 내가 운다 사랑아
세월 흘러가도 나는 너를 못 잊어
룸바룸바 룸바룸바
룸바룸바 룸바룸바
텍사스 루리루리 루리룸바
한때는 사랑했다 그 누구보다
지금은 가고 없는 첫사랑 여인
이 밤도 내가 운다 사랑아
세월 흘러가도 나는 너를 못 잊어
룸바룸바 룸바룸바
룸바룸바 룸바룸바
텍사스 루리루리 루리룸바
텍사스 루리루리 루리룸바"
흥부자,970,홍지윤,"흥부자 부자 흥부자가 왔어요
한 번 뿐인 인생길에 놀다 갑시다
흥부자 부자 부자 우리가 흥부자
스트레스 쌓이면 병이 난대요
참는 것도 한두 번이지
친구 만나 술도 한잔
님과 함께 여행 가고
즐겁게 살아갑시다
흥부자 부자 흥부자가 왔어요
근심 걱정 모두모두 날려버려요
흥부자 부자 흥부자가 왔어요
한 번 뿐인 인생길에 놀다 갑시다
흥부자 부자 부자 우리가 흥부자
스트레스 쌓이면 병이 난대요
참는 것도 한두 번이지
친구 만나 술도 한잔
님과 함께 여행가고
즐겁게 살아갑시다
흥부자 부자 흥부자가 왔어요
근심걱정 모두모두 날려버려요
흥부자 부자 흥부자가 왔어요
한 번 뿐인 인생길에 놀다 갑시다
흥부자부자부자 우리가 흥부자
흥부자부자부자 우리가 흥부자"
마량에 가고싶다 (MR),"7,986",임영웅,"너와 내가 만나서
사랑을 맹세한
마량의 까막섬
그날의 맹서 그날의 약속
가슴에 새겨있는데
오고 가는 연락선에
고동소리 구슬픈데
보고 싶어라 그리운 님아
마량에 가고 싶다
너와 내가 만나서
사랑을 노래한
마량의 고금대교
그날의 추억 그날의 낭만
가슴에 남아있는데
나를 잊었나 벌써 잊었나
사랑하고 있는데
보고싶어라 그리운 님아
마량에 가고 싶다
오고 가는 연락선에
고동소리 구슬픈데
보고 싶어라 그리운 님아
마량에 가고싶다
마량에 가고싶다"
발목을 잡지마,277,조정민,"발목을 잡지마 내 갈 길 갈꺼야
내 인생의 꽃길을 찾아
발목을 잡지마 내 갈 길 갈꺼야
지난 날의 아픔은 다 잊을래
바람 처럼 스쳐가는 인생사
때론 아프고 또 눈물 흘러도
어쨌거나 저쨌거나 야속한
그 시절 그때가 생각나네
한없이 차갑던 아픔도 모두 잊을래
이젠 다 지워버릴래
밤하늘 화려한 별처럼
다시 또 달리는거야
발목을 잡지마 내 갈 길 갈꺼야
내 인생의 꽃길을 찾아
발목을 잡지마 내 갈 길 갈꺼야
지난 날의 아픔은 다 잊을래
발목을 잡지마
한잔 두잔 내 맘을 또 적시네
눈을 감으면 더 짙어지는 밤
아무렇지 않은척 웃어봐도
가슴속 상처가 또 멤도네
한없이 차갑던 아픔도 모두 잊을래
이젠 다 지워버릴래
밤하늘 화려한 별처럼
다시 또 달리는거야
발목을 잡지마 내 갈 길 갈꺼야
내 인생의 꽃길을 찾아
발목을 잡지마 내 갈 길 갈꺼야
지난 날의 아픔은 다 잊을래
발목을 잡지마 내 갈 길 갈꺼야
내 인생의 꽃길을 찾아
발목을 잡지마 내 갈 길 갈꺼야
지난 날의 아픔은 다 잊을래
발목을 잡지마
발목을 잡지마"
살까요,"2,135",나태주,"한번 두번 세번 네번
자꾸 보고 싶네요
하루 이틀 잠시라도
나는 못참겠어요
내 귓가에 남은 그대의
거친 숨결이
오싹해 오싹해
갈까요 갈까요
그 아무도 우리 둘을 찾지 못하게
살까요 살까요
너와 나만의 숨소리 있는 곳에서
살까요
살아살아
갈까요
가라가라
한발 두발 세발 네발
나를 따라 올래요
하루 이틀 지나가도
나는 변치 않아요
저기 푸른 초원 위에
그림같은 집에서
둘이서 살까요
갈까요 갈까요
그 아무도 우리 둘을 찾지 못하게
살까요 살까요
너와 나만의 숨소리 있는 곳에서
살까요
살아살아
갈까요
가라가라
한발 두발 세발 네발
나를 따라 올래요
하루 이틀 지나가도
나는 변치 않아요
저기 푸른 초원 위에
그림같은 집에서
둘이서 살까요"
욜로욜로,338,남승민,"욜로 욜로 욜로 욜로
욜로 욜로 욜로 욜로
내 인생 사랑할 거야
인생은 한 번뿐이라
오늘을 미루지 마라
인생길 굽이굽이 눈부신 날에
늦기 전에 우리 욜로 해볼까
마음의 보약 먹고 힘을 내자
쓴 인생 설탕을 뿌려
고달픈 세상살이 오늘 하루는
나비처럼 훨훨 떠나자 욜로
욜로 욜로 욜로 욜로
하나뿐인 나의 인생아
욜로 욜로 욜로 욜로
내 인생 사랑할 거야
얼씨구나 좋다
내 인생 사랑할 거야
나이는 묻지를 마라
오늘이 꽃청춘이다
너와 나 근심 걱정 고이 접어서
늦기 전에 우리 욜로 해볼까
마음의 보약 먹고 힘을 내자
쓴 인생 설탕을 뿌려
고달픈 세상살이 오늘 하루는
나비처럼 훨훨 떠나자 욜로
욜로 욜로 욜로 욜로
하나뿐인 나의 인생아
욜로 욜로 욜로 욜로
내 인생 사랑할 거야
내 인생 사랑할 거야"
여백,51,여정인,"얼굴이 잘생긴 사람은
늙어 가는 게 슬프겠지
아무리 화려한 옷을 입어도
저녁이면 벗게 되니까
내 손에 주름이 있는 건
길고 긴 내 인생에 훈장이고
마음에 주름이 있는 건
버리지 못한 욕심에 흔적
청춘은 붉은 색도 아니고
사랑은 핑크빛도 아니더라
마음에 따라서 변하는
욕심 속 물감의 장난이지
그게 인생인거야
전화기 충전은 잘 하면서
내 삶은 충전하지 못하고 사네
마음에 여백이 없어서
인생을 쫓기듯 그렸네
청춘은 붉은 색도 아니고
사랑은 핑크빛도 아니더라
마음에 따라서 변하는
욕심 속 물감의 장난이지
그게 인생인거야
전화기 충전은 잘 하면서
내 삶은 충전하지 못하고 사네
마음에 여백이 없어서
인생을 쫓기듯 그렸네
마지막 남은 나의 인생은
아름답게 피우리라"
춘몽가 (春夢歌),110,최우진,"세상 살이가 제멋대로야
내 뜻대로 되는 게 있더냐
왜냐 묻지도 말고
이리저리 따지지도 말고
그냥 그렇게 살면 되지 뭐
걱정을 많이 해서 걱정이 없어지면
이내 몸은 날개를 달겠네
이런들 어떠하리 저런들 어떠하리
한 낮 꿈같은 인생인 것을
꿈이려나 생시려나
달빛아래 놀아나보자
매화꽃을 곱게 꽂은 나의 님과
주거니 받거니 사랑을 하자
봄날처럼 짧은 청춘아
돈도 사랑도 제멋대로야
내 뜻대로 되는 게 있더냐
왜냐 묻지도 말고
너도나도 탓하지도 말고
그냥 그렇게 살면 되지 뭐
걱정을 많이 해서 걱정이 없어지면
이내 몸은 날개를 달겠네
이런들 어떠하리 저런들 어떠하리
한 낮 꿈같은 인생인 것을
꿈이려나 생시려나
달빛아래 놀아나보자
매화꽃을 곱게 꽂은 나의 님과
주거니 받거니 사랑을 하자
봄날처럼 짧은 청춘아
봄날처럼 짧은 인생아"
사랑님,127,하동근,"몇 굽이 돌고 돌아
사랑님을 보았을까
새벽안개 이슬 되어
알알이 맺혔구나
한 올 한 올 타는 가슴 어디에 둘까
그리운 맘 사랑에 젖네
아 아아 아 아 아아 아
안타까운 내 님이여
저 구름에 몸을 실어
둥실둥실 띄워볼까
저 바람은 내 맘 알까
먹물 같은 이 내 심정
사랑님은 아시려나
저 구름에 몸을 실어
둥실둥실 띄워볼까
저 바람은 내 맘 알까
먹물 같은 이 내 심정
사랑님은 아시려나
우리 님은 아시려나"
사랑의 세탁기,120,박성연,"나를 넣고 돌려줘
내 마음을 빨아줘
그대는 나에게
사랑의 세탁기에요

날 사랑으로 닦아줘
날 깨끗하게 닦아줘
그대는 나에게
사랑의 세탁기에요

오늘 하늘이 맑아요
청소하기 좋아요
찌든 때도 지우고
깨끗이 빨래해 봐요

사랑의 세탁기가 돌아가요
내 눈물 모두 닦아줘
오늘 밤엔 우리 둘이
사랑의 세탁기를 돌려요

내 아픔 모두 닦아줘
내 상처 모두 닦아줘
그대는 나에게
사랑의 세탁기에요

날 향기나게 헹궈줘
날 시원하게 헹궈줘
그대는 나에게
사랑의 세탁기에요

오늘 하늘이 맑아요
청소하기 좋아요
찌든 때도 지우고
깨끗이 빨래해 봐요

사랑의 세탁기가 돌아가요
내 눈물 모두 닦아줘
오늘 밤엔 우리 둘이
사랑의 세탁기를 돌려요

사랑의 세탁기가 돌아가요
내 눈물 모두 닦아줘
오늘 밤엔 우리 둘이
사랑의 세탁기를 돌려요

세탁기를 돌려요..."
누려봐,127,문희경,"누려봐 (봐봐봐봐)
(봐봐봐봐) 누려봐

빙글빙글 도는 세상 속에서
앞만 보고 살아온 지난날들에
숨겨야만 했던 나의 외로움
이젠 모두 벗어나는 거야

하고 싶었던 모든 것
꿈만 꾸었던 모든 것
이제부터 하나 둘 시작하는 거야

누려봐 누려봐
이 시간이 가기 전에
즐겨봐 즐겨봐
나를 위한 이 세상을

한번 떠나간 날들은
다시 돌아오지 않아
이젠 나를 위해 살아가봐

누려봐 누려봐 즐겨봐 즐겨봐
누려봐(봐봐봐봐)
(봐봐봐봐)누려봐

반짝반짝 빛나는 옷을 입고서
세상 가장 높은 구두를 신고
운명처럼 멋진 누군가 만나
로맨틱한 꿈도 꾸고 싶어

하고 싶었던 모든 것
꿈만 꾸었던 모든 것
이제부터 하나 둘 시작하는 거야

누려봐 누려봐
이 시간이 가기 전에

즐겨봐 즐겨봐
나를 위한 이 세상을

한번 떠나간 날들은
다시 돌아오지 않아
이젠 나를 위해 살아가봐
이젠 나만의 세상이야"
사랑도 모르면서,978,진해성,"사랑은 믿는 거라고
무조건 믿는 거라고
달콤한 말로
나를 꼬드기고
작별의 인사 없이
떠나가버렸나
사랑은 통속한 잡지에
밑줄 치는 낙서가 아니야
사랑도 모르면서
사랑도 모르면서 모르면서
내 이름은 왜 또 불렀소

사랑도 모르면서
사랑도 모르면서 모르면서
내 이름은 왜 또 불렀소
사랑도 모르면서
사랑도 모르면서 모르면서
내 이름은 왜 또 불렀소"
왔다야,193,박민수,"어머 왔다야 왔다야
하나부터 열까지 대박
누가 뭐래도 나에겐
자기가 너무나 좋아

어머 왔다야 왔다야
나는 자기 하나면 끝나
세상 그 누가 뭐래도
나에겐 정말 왔다야

어머 이런 여자가 어디서 왔을까
해맑은 미소 눈빛이 참 좋아

다람쥐 닮은 너무나 귀여운 얼굴이
나의 마음을 설레게 해요

말없이 뒤에서 누날 바라볼 때면
나의 가슴이 꽃잎처럼 흘러내려요

어머 왔다야 왔다야
하나부터 열까지 대박
누가 뭐래도 나에겐
자기가 너무나 좋아

어머 왔다야 왔다야
나는 자기 하나면 끝나
세상 그 누가 뭐래도
나에겐 정말 왔다야

말없이 뒤에서 누날 바라볼 때면
나의 가슴이 꽃잎처럼 흘러내려요

어머 왔다야 왔다야
하나부터 열까지 대박
누가 뭐래도 나에겐
자기가 너무나 좋아

어머 왔다야 왔다야
나는 자기 하나면 끝나
세상 그 누가 뭐래도
나에겐 정말 왔다야

세상 그 누가 뭐래도
나에겐 정말 왔다야"
뜨거운 안녕,183,신성,"또다시 말해주오 사랑하고 있다고
별들이 다정히 손을 잡는 밤
기어이 가신다면 헤어집시다
아프게 마음 새긴 그 말 한마디
보내고 밤마다 울음이 나도
남자답게 말하리라 안녕이라고
뜨겁게 뜨겁게 안녕이라고
또다시 말해주오 사랑하고 있다고
비둘기 나란히 구구대는데
기어이 떠난다면 보내드리리
너무나 깊이 맺힌 그날 밤 입술
긴긴날 그리워 몸부림쳐도
남자답게 말하리다 안녕이라고
뜨겁게 뜨겁게 안녕이라고"
사랑 참 고약하다,29,오강혁,"이럴 수가 있나요
종일 웃음이 나요
아니 말이 안 돼요
온통 그대를, 그대의 생각뿐

나는 어찌하나요
무슨 병일까 아픈데도 없는데
왜 이리 떨려

어떻게 치료하면 될까요
이런 날 누가 좀 고쳐줘요

사랑아 왜 낫질 않니
사랑아 참 고약하다
아니라고 못해요
어림없는 일이죠
내가 사랑을, 사랑에 빠진 걸


나는 어찌하나요
무슨 병일까 아픈데도 없는데
왜 이리 떨려

고백을 하면 낫게 될까요
어떻게 그대와 마주 하나

사랑아 왜 낫질 않니
사랑아 참 고약하다
그대 돌아보네요
내 심장이 멈춰요
이런 바보를, 바보가 나예요
아니라고 못해요
어림없는 일이죠
내가 사랑을, 사랑에 빠진 걸

아, 사랑 참 고약하다"
남자는 배 여자는 항구,265,심수봉,"언제나 찾아오는
부두의 이별이
아쉬워 두 손을 꼭 잡았나
눈 앞에 바다를
핑계로 헤어지나
남자는 배 여자는 항구
보내주는 사람은 말이 없는데
떠나가는 남자가 무슨 말을해
뱃고동 소리도 울리지 마세요
하루하루 바다만 바라보다
눈물 지으며 힘없이 돌아오네
남자는 남자는 다
모두가 그렇게 다

이별의 눈물 보이고
돌아서면 잊어버리는
남자는 다 그래

매달리고 싶은 이별의 시간도
짧은 입맞춤으로 끝나면
잘가요 쓰린 마음
아무도 몰라주네
남자는 배 여자는 항구
아주 가는 사람이
약속은 왜 해
눈 멀도록 바다만 지키게 하고
사랑했었단 말은
하지도 마세요
못견디게 내가 좋다고
달콤하던 말 그대로 믿었나
남자는 남자는 다
모두가 그렇게 다

쓸쓸한 표정짓고
돌아서서 웃어버리는
남자는 다 그래"
내가 바보야,218,진성,"눈시울을 적시면서
그 님에게 안녕하며
작별의 인사하고 이제 와서
후회하며 눈물짓네
가지 말라 잡아볼까
사랑한다 말해볼까
이제 와서 무슨 소용이야
내가 바보야 내가 바보야
잡지 못한 내가 바보야

눈시울을 적시면서
떠나가는 당신에게
작별의 인사하고 이제 와서
후회하며 울 줄이야
뒤돌아 가는 당신
가지 말라 잡아볼까
이제 와서 후회할 줄이야
내가 바보야 내가 바보야
잡지 못한 내가 바보야"
미워하지 않으리,158,문주란,"목숨 걸고 쌓올린 사나이의 첫사랑
그라스에 아롱진 그님의 얼굴

피보다 진한사랑 여자는 모르리라
눈물을 삼키며 미워하지 않으리

~간 주 중~
피에 맺힌 애원도 몸부림을 쳐봐도
한번가신 그님이 다시 올쏘냐

사나이 붉은 순정 그 임은 모르리라
입술을 깨물며 미워하지 않으리"
노들강변,91,유지나,"1.
노들강변 봄버들 휘휘느러진 가지에다
무정세월 한오리를 칭칭 동겨서 매여나볼까
에헤야 봄버들도 못믿으리로다
흐르는 저기저물만 흘러흘러서 가노라
2.
노들강변 푸른물 네가무삼 망령으로
제자가인 아까운몸 몇몇일이나 대려갔나
에헤야 네가진정 마음을 돌려서
이세상 쌓인 한이나 두둥실 싣고서 가거라"
원점,"2,101",박서진,"사랑했던 그 사람을
말없이 돌려보내고
원점으로 돌아서는
이마음 그대는 몰라
수많은 사연들을
네온불에 묻어놓고
무작정 사랑을 사랑을 넘어버린
나는 나는 정말 바보야
눈물속에 피어 꽃이
여자란 그 말 때문에
내모든걸 외면한채
당신을 사랑했어요
수많은 사연들을
네온불에 묻어놓고
무작정 가슴을 가슴을 열어버린
나는 나는 정말 바보야"
한 사람을 잃고서,"2,032",안성훈,"잘 지내고 있니 아픈 곳은 없니
그래 바보 같은 말을 해
오늘따라 더 차가운 바람이 불어
허전해 그런가 봐
눈이 부실 만큼 아름다웠던
그날이 생각나
한 사람을 잃고서
한 사람을 그리워한다
늦어버린 후회가 내 발을 묶는다
그래 나 우우 아직 여기야
온 세상에 우리 둘만 있었던
꿈같던 시간아
한 사람을 잃고서
한 사람을 그리워한다
늦어버린 후회가 내 발을 묶는다
그래 나 우우 아직 여기야
돌아올 수 없냐고 물어보면 안 될까
너무 큰 욕심일까
한 사람을 잃었다
그 사람이 너무 그립다
늦어버린 후회가 내 발을 묶는다
그래 나 우우 아직 여기야
그래 나 우우 아직 여기야
그래 나 우우 아직 여기야"
사랑타령,328,최수호,"야야야 사랑이로구나
야야야 사랑타령이야
야야야 사랑이로구나
야야야 사랑타령이야
봄날 사랑은 꽃 피는 사랑
여름 사랑은 소낙비 사랑
가을 사랑은 단풍잎 사랑
겨울 사랑은 겨울비 사랑
메마른 가슴에 사랑비가 오네
메마른 가슴에 사랑비
사랑비가 오네
야야야 사랑이로구나
야야야 사랑타령이야
가는 세월은 잡을 수 없고
가는 청춘도 잡을 수 없고
가는 세월은 이자도 없고
가는 청춘은 벌금도 없고
세상천지를 다 준다 해도
지나간 세월은 다시 돌아오지 않아
야야야 사랑이로구나
야야야 사랑타령이야

봄날 사랑은 꽃 피는 사랑
여름 사랑은 소낙비 사랑
가을 사랑은 단풍잎 사랑
겨울 사랑은 겨울비 사랑
메마른 가슴에 사랑비가 오네
메마른 가슴에 사랑비
사랑비가 오네
야야야 사랑이로구나
야야야 사랑타령이야
내 주머니에 돈 떨어지니
양주 먹다가 소주를 먹고
내 주머니에 돈 떨어지니
자가용 타다가 버스를 타고
내 주머니에 돈 떨어지니
고기 먹다가 라면을 먹고
내 주머니에 돈 떨어지니
친구마저도 나를 나를 떠나가네
야야야 사랑이로구나
야야야 사랑타령이야
야야야 사랑이로구나
야야야 사랑타령이야"
조약돌 사랑,30,장민,"잔잔한 내 가슴에
조약돌을 던져놓고
본체 만체 돌아서는
무정한 사람---아
이렇게 나를 두고
떠나갈바엔
잔잔한 내 가슴에
조약돌은 왜 던져
아아아당신이 던져놓은
사랑의 조약---돌

외로운 내 가슴에
조약돌을 던져놓고
본체 만체 돌아서는
얄미운 사람---아
이렇게 나를 두고
떠나갈 바엔
외로운 내 가슴에
조약돌은 왜 던져
아아아당신이 던져놓은
사랑의 조약---돌
아아아당신이 던져놓은
사랑의 조약---돌"
당신은 모르실거야,293,혜은이,"당신은 모르실거야
얼마나 사랑했는지
세월이 흘러가면은
그때서 뉘우칠꺼야
마음이 서글플 때나
초라해 보일때에는
이름을 불러주세요
나 거기 서 있을께요
두 눈에 넘쳐 흐르는
뜨거운 나의 눈물로
당신의 아픈 마음을
깨끗이 씻어 드릴께
당신은 모르실거야
얼마나 사모했는지
뒤돌아 봐 주세요
당신의 사랑은 나요
두 눈에 넘쳐 흐르는
뜨거운 나의 눈물로
당신의 아픈 마음을
깨끗이 씻어 드릴께
당신은 모르실거야
얼마나 사모했는지
뒤돌아 봐 주세요
당신의 사랑은 나요
당신의 사랑은 나요"
당신의 마음,358,방주연,"바닷가 모래밭에 손가락으로
그림을 그립니다
당신을 그립니다
코와 입 그리고 눈과 귀
턱밑에 점 하나
입가에 미소까지
그렸지만은
아아아 아아아
마지막 한가지 못 그린것은
지금도 알 수 없는
당신의 마음

코와 입 그리고 눈과 귀
턱밑에 점 하나
입가에 미소까지
그렸지만은
아아아 아아아
마지막 한가지 못 그린것은
지금도 알 수 없는
당신의 마음"
보내는 마음,59,태진아,"너의 고운 두 눈에

이별에 아픔이

별빛 눈물 맺혀

방울 되어 흐르면

보내는 마음도

너무나 아프지만

가는 너의 행복을 빌어주네

웃으며 보내고

돌아선 두 뺨엔

사랑 했던 추억들이

눈물 되어 흐르네



보내는 마음도

너무나 아프지만

가는 너의 행복을 빌어주네

웃으며 보내고

돌아선 두 뺨에

사랑 했던 추억들이

눈물되어 흐르네"
얼룩진 사랑,210,영과영,"이렇게 비내리던 밤
그대는 내게 말했죠
까만 내 눈을 보며
날 사랑한다 했었죠
그대의 작은 가슴엔
빨간 장미가 피었고
내 작은 두 눈가에는
사랑의 물이 고였죠
아 그러나 가버렸나요
날 두고 떠나셨나요
그대의 하얀 미소가
정말 거짓이였나요
그대 왜 나를 버리셨나요
날 사랑한다 했었잖아요
이렇게 비가 내리면
난 정말 울것 같아요
이렇게 비내리던 밤
그대는 내게 말했죠
까만 내 눈을 보며
날 사랑한다 했었죠
그대의 작은 가슴엔
빨간 장미가 피었고
내 작은 두 눈가에는
사랑의 물이 고였죠
아 그러나 가버렸나요
날 두고 떠나셨나요
그대의 하얀 미소가
정말 거짓이였나요
그대 왜 나를 버리셨나요
날 사랑한다 했었잖아요
이렇게 비가 내리면
난 정말 울것 같아요
난 정말 울것 같아요
난 정말 울것 같아요"
당신은 바보야,265,이혜리,"바보야
사랑에 약한것이
여자라지만
그 마음 몰라주는
무정한 남자의 마음
한 사람 품안에서
잠들고 싶은
그 마음 모르는 사람
당신은 바보야 당신은 바보야
내 마음을 모르는 사람
당신은 바보야 당신은 바보야
사랑을 모르는 바보
당신은 바보야 당신은 바보야
내 마음 몰라주는
당신은 바보야

바보야
사랑에 약한 것이
남자라지만
그 마음 몰라주는
무정한 여자의 마음
한 사람 품에 안고
잠들고 싶은
그 마음 모르는 사람
당신은 바보야 당신은 바보야
내 마음을 모르는 사람
당신은 바보야 당신은 바보야
사랑을 모르는 바보
당신은 바보야 당신은 바보야
사랑을 모르는 바보"
다시 한번 생각해줘요,246,김수희,"옷깃을 스쳐가도
인연이라 했는데
어쩌면 무정하게
갈수 있나요
그토록 사랑해놓고
긴긴세월 아름다운 날들은
떠나가는 당신도
못잊을거예요
사랑해요 가지마오
다시한번 생각해 줘요

아무리 갈대라도
울어지지 않는데
어쩌면 야속하게
갈 수 있나요
그토록 맹세해놓고
긴긴세월 아름다운 날들은
떠나가는 당신도
못잊을거예요
사랑해요 가지마오
다시한번 생각해 줘요
다시한번 생각해 줘요"
그 날,655,김연숙,"언덕위에 손잡고 거닐던 기억도 아스라히
멀어져간 소중했던 옛생각을 돌이켜 그려보네



나래치는 가슴이 서러워 아파와 한숨지며
그려보는 그 사람을 기억하나요 지금 잠시라도



달의 미소를 보면서 내 너의 두 손을잡고
두나 별들의 눈물을 보았지 고요한 세상을



한아름에 꽃처럼 보여지며 던진 내 사랑에
웃음지며 님의 소식 전한 마음 한없이 보내본다"
황포돗대,176,이미자,"마지막 석양빛을 기폭에걸고

흘러가는 저배는 어데로 가느냐

해풍아 비바람아 뭇지를마라

황포돗대야



순풍에 돗을달고 황혼바람에

흘러가는 저사공 어데로 가느냐

해풍아 비바람아 뭇지를마라

황포돗대야"
자꾸땡겨,103,젠틀맨,"자꾸자꾸 니가 땡겨 내 마음을 땡겨
사나이 가슴에 불을 지펴 땡겨
활활활 타는 내내내 맘에
자꾸자꾸 들어와
자꾸자꾸 눈에 밟혀
니가 자꾸 땡겨 외로운 밤이면
자꾸 니가 땡겨와
내내내 맘에 자꾸자꾸 아려와
그 누가 사랑을
밀고 당기기라 했던가
튕기는 널 보며
애꿎은 입술만 바싹 마르네
봄 이라 봄 타고
남자 라서 가을 타던
내 가슴 이미 홀랑홀랑 다 타버렸내
갖고 싶다던 명품백도 사줄께
내 생일엔 십자수도 괜찮아
자꾸자꾸 니가 땡겨 내 마음을 땡겨
사나이 가슴에 불을 지펴 땡겨
활활활 타는 내내내 맘에
자꾸자꾸 들어와
자꾸자꾸 눈에 밟혀
니가 자꾸 땡겨 외로운 밤이면
자꾸 니가 땡겨와
내내내 맘에 자꾸자꾸 아려와

나 오늘 이렇게
너 만을 그리며 이렇게
벌렁벌렁 내 가슴 들킬까
애가타 망설이는데
사나이 울리는 니가 정말로 미워라
내 가슴 이미 홀랑홀랑 다 타버렸내
갖고 싶다던 명품백도 사줄께
내 생일엔 십자수도 괜찮아
자꾸자꾸 니가 땡겨 내 마음을 땡겨
사나이 가슴에 불을 지펴 땡겨
활활활 타는 내내내 맘에
자꾸자꾸 들어와
자꾸자꾸 눈에 밟혀
니가 자꾸 땡겨 외로운 밤이면
자꾸 니가 땡겨와
내내내 맘에 자꾸자꾸 아려와
자꾸자꾸 니가 땡겨 내 마음을 땡겨
사나이 가슴에 불을 지펴 땡겨
활활활 타는 내내내 맘에
자꾸자꾸 들어와
자꾸자꾸 눈에 밟혀
니가 자꾸 땡겨 외로운 밤이면
자꾸 니가 땡겨와
내내내 맘에 자꾸자꾸 아려와"
내 눈물속의 그대,574,강승모,"내 눈물속의 그대

가슴 가득한
그대를 내눈물속에
차오르는 그대를
사랑할수록
깊어갈 수록
아픔으로만
내게 돌아오네요
소리 낼 수 없는
사랑이 가슴속에서
소리내서 울어요
돌이킬수 없는 사랑이
내안에 울고 있어
같은추억으로
살지만
다른세상에
살아가야만 해요
우린 서로 다른길에서
두손을 놓지못해
어떻하나요
이사랑을
돌아갈길을
난 몰라요
그대없이는
난 안돼요
어떻하나요
이사랑을
내사랑을
소리낼수없는
사랑이 가슴속에서
소리내어 울어요
돌이킬수없는
사랑이 내안에
울고 있어
같은 추억으로
살지만
다른 세상에
살아가야만 해요
우린 서로
다른 길에서
두손을 놓지못해
어떻하나요
이사랑을
돌아갈길을
난몰라요
그대없이는
난 안돼요
어떻하나요
이사랑을
내사랑을"
강촌에 살고싶네,123,나훈아,"날이 새면 물새들이
시름없이 날으는
꽃 피고 새가 우는 논 밭에 묻혀서
씨 뿌려 가꾸면서 땀을 흘리며
냇가에 늘어진 버드나무 아래서
조용히 살고파라
강촌에 살고싶네
해가 지면 뻐꾹새가
구슬프게 우는 밤
희미한 등불 밑에 모여 앉아서
다정한 친구들과 정을 나누며
흙내음 마시며
내일 위해 일하며
조용히 살고파라
강촌에 살고싶네"
무너진 사랑탑,873,진해성,"반짝이는 별빛 아래
소근소근 소근대는 그 날밤
천년을 두고 변치 말자고
댕기 풀어 맹세한 님아
사나이 목숨 걸고 바친 순정
모질게도 밟아놓고
그대는 지금 어디
단꿈을 꾸고 있나
야속한 님아
무너진 사랑 탑아
달이 잠긴 은물결이
살랑살랑 살랑대던 그 날밤
손가락 걸며 이별 말자고
눈을감고 맹세한 님아
사나이 벌판 같은 가슴에다
모닥불을 질러놓고
그대는 지금 어디
사랑에 취해있나
못 믿을 님아
꺾어진 장미화야"
사랑하면 안되나,175,김학래,"눈물을 감추며
하염없이 걸으며
멀어지는 그대 속에
나의 슬픔 재우며
한없이 미웠네
사랑하면 안 되나
그대 나는 사랑하면 안 되나
하지만 견딜 수 없어
나는 그대 사랑하는데
어떻게 그대 나에게
서러움만 주나
그대 앞에 목 메어
애원하고 싶어도
그대 미워할까 두려워
눈물을 감추며
하염없이 걸으며
멀어지는 그대 속에
나의 슬픔 재우며
한없이 미웠네
사랑하면 안 되나
그대 나는 사랑하면 안 되나
하지만 견딜 수 없어
나는 그대 사랑하는데
어떻게 그대 나에게
서러움만 주나
그대 앞에 목 메어
애원하고 싶어도
그대 미워할까 두려워
하지만 견딜 수 없어
나는 그대 사랑하는데
어떻게 그대 나에게
서러움만 주나
그대 앞에 목 메어
애원하고 싶어도
그대 미워할까 두려워
눈물을 감추며
하염없이 걸으며
멀어지는 그대 속에
나의 슬픔 재우며
한없이 미웠네
사랑하면 안 되나
그대 나는 사랑하면 안 되나
그대 나는 사랑하면 안 되나"
"꽃,달,술","1,520",홍진영,"술잔은 채워야 제 맛이지
한 잔만 더 따라줘요
아니야 오늘은 반 잔만 할래
내 님 어디 계신가요
당신이 떠난 이 자리에서
나 홀로 또 술 한잔해
내 꿈속에 오늘밤도 찾아와서
못다했던 얘기를 해
그대는 꽃이야 내 꽃이야
내 가슴속에 피는
그대는 달이야 내 달이야
내 맘에 차오르는
그대는 술이야 내 술이야
취해버릴 것만 같아
나에게 사랑한다 말해놓고
지켜준다 말해놓고 어딜 갔나요
슬프게 비가 오는 날에는
그대와 나 자주 갔던
그 술집에 잔을 두잔 놓고서 또
그 사람을 기다리네
그대는 꽃이야 내 꽃이야
내 가슴속에 피는
그대는 달이야 내 달이야
내 맘에 차오르는
그대는 술이야 내 술이야
취해버릴 것만 같아
나에게 사랑한다 말해놓고
지켜준다 말해놓고 어딜 갔나요
사랑이라 믿었고
평생토록 우리 함께 할 줄 알았어
슬프도록 아프게
왜 자꾸만 나를 울려
밤마다 피어나는 꽃잎
그건 그대야
나의 가슴에 차오르는
달은 그대야
그대는 술이야 내 술이야
취해버릴 것 만 같아
나에게 사랑한다 말해놓고
지켜준다 말해놓고 어딜 갔나요"
가버린 친구에게 바침,381,Fevers,"하얀 날개를 휘저으며
구름 사이로 떠오네
떠나가 버린 그 사람의
웃는 얼굴이
흘러가는 강물처럼
사라져 버린 그 사람
다시는 못 올 머나먼 길
떠나갔다네
한없이 넓은 가슴으로
온 세상을 사랑하다
날리는 낙엽 따라서
떠나가 버렸네
울어봐도 오지않네
불러봐도 대답없네
흙속에서 영원히 잠이 들었네
한없이 넓은 가슴으로
온 세상을 사랑하다
날리는 낙엽 따라서
떠나가 버렸네
울어봐도 오지않네
불러봐도 대답없네
흙속에서 영원히 잠이 들었네."
산다는 건,"1,528",홍진영,"산다는 건 다 그런 거래요
힘들고 아픈 날도 많지만
산다는 건 참 좋은 거래요
오늘도 수고 많으셨어요
어떻게 지내셨나요
오늘도 한잔 걸치셨네요
뜻대로 되는 일 없어
한숨이 나도 슬퍼 마세요
어느 구름 속에 비가
들었는지 누가 알아
살다 보면 나에게도
좋은 날이 온답니다
산다는 건 다 그런 거래요
힘들고 아픈 날도 많지만
산다는 건 참 좋은 거래요
오늘도 수고 많으셨어요
라라라 라라라
라라라 라
라 라라
옆집이 부러운가요
친구가 요즘 잘나가나요
남들은 다 좋아 보여
속상해져도 슬퍼 마세요
사람마다 알고 보면
말 못할 사연도 많아
인생이 별거 있나요
거기서 거기인 거지 워
산다는 건 다 그런 거래요
힘들고 아픈 날도 많지만
산다는 건 참 좋은 거래요
오늘도 수고 많으셨어요
산다는 건 다 그런 거래요
세상일이란 알 수 없지만
산다는 건 참 멋진 거래요
모두가 내일도 힘내세요
산다는 건 다 그런 거래요
힘들고 아픈 날도 많지만
산다는 건 참 좋은 거래요
오늘도 수고 많으셨어요
산다는 건 다 그런 거래요
세상일이란 알 수 없지만
산다는 건 참 멋진 거래요
모두가 내일도 힘내세요
오늘도 내일도 힘내세요
라라라 라라라 라라라라
라라라"
하얀미소,680,성진우,"우리 사랑 여기까지였냐고
묻고 싶은 밤은 깊은데
떨리는 그 입술에 하얀 미소는
당신의 진실이었나
어차피 맺지 못할 사랑이라면
다시는 검은 눈물 보이지 마라
이 밤이 가고 나면 당신도 나도
잊혀질 사람이니까
우리 이제 남이 되는 거냐고
묻고 싶은 밤은 깊은데
떨리는 그 입술에 하얀 미소는
당신의 진실이었나
어차피 맺지 못할 사랑이라면
다시는 검은 눈물 보이지 마라
이 밤이 가고 나면 당신도 나도
잊혀질 사람이니까
이 밤이 가고 나면 당신도 나도
잊혀질 사람이니까
잊혀질 사람이니까"
공주는 외로워,760,두리 (DooRi),"거울속에 보이는
아름다운 내 모습
나조차 눈을 뗄수 없어
세상 어떤 예쁜 꽃들이
나보다 더 고울까
난 정말 완벽한 여자에요
때로는 날보는 여자들의
질투어린 시선이
여리고 순수한 내마음을
아프게도 하지만
누가 누가 알아줄까
아 혼자라는 외로움을
예쁜 나는 공주라 외로워
때로는 날보는 여자들의
질투 어린 시선이
여리고 순수한 내마음을
아프게도 하지만
누가 누가 알아줄까
아 혼자라는 외로움을
예쁜 나는 공주라 외로워
누가 누가 알아줄까
아 혼자라는 외로움을
예쁜 나는 공주라 외로워"
정말 좋았네,"5,680",송가인,"사랑 그 사랑이 정말 좋았네
세월 그 세월이 가는 줄도 모르고
불타던 두 가슴에 그 정을 새기면서
사랑을 주고 사랑을 받고
그 밤이 좋았네
사랑 그 사랑이 정말 좋았네
사랑 그 사랑이 정말 좋았네
이별 그 이별이 오는 줄도 모르고
푸르던 두 가슴에 참사랑 새기면서
마음을 주고 마음을 받고
그때가 좋았네
사랑 그 사랑이 정말 좋았네
정말 좋았네"
첫차,"2,342",박서진,"꿈같은 세월 짧았던 행복
생각이 나겠지만
아쉬운 정도 아쉬운 미련도
모두 다 잊겠어요
짜라짜라 짜짜
짜라짜라 짜짜
새벽안개 헤치며 달려가는
첫차에 몸을 싣고 꿈도 싣고
내 마음 모두 싣고 떠나갑니다
당신을 멀리멀리
이루지 못할 사랑이라면
내가 먼저 떠나가야지
꿈같은 세월 짧았던 행복
생각이 나겠지만
아쉬운 정도 아쉬운 미련도
모두 다 잊겠어요
새벽안개 헤치며 달려가는
첫차에 몸을 싣고 꿈도 싣고
내 마음 모두 싣고 떠나갑니다
당신을 멀리멀리
짜라짜라 짜짜
짜라짜라 짜짜
멀어지는 당신을 생각하면
가슴을 적셔오는 지난 추억
어차피 잊어야 할사람인 것을
이토록 슬퍼질까
이루지 못할 사랑이라면
내가 먼저 떠나가야지
꿈같은 세월 짧았던 행복
생각이 나겠지만
아쉬운 정도 아쉬운 미련도
모두 다 잊겠어요
새벽안개 헤치며 달려가는
첫차에 몸을 싣고 꿈도 싣고
내 마음 모두 싣고 떠나갑니다
당신을 멀리멀리
꿈같은 세월 짧았던 행복
생각이 나겠지만
아쉬운 정도 아쉬운 미련도
모두 다 잊겠어요
꿈같은 세월 짧았던 행복
생각이 나겠지만
아쉬운 정도 아쉬운 미련도
모두 다 잊겠어요
꿈같은 세월 짧았던 행복
생각이 나겠지만
아쉬운 정도 아쉬운 미련도
모두 다 잊겠어요
당신을 멀리멀리"
사랑님,"3,594",김희재,"몇굽이 돌고 돌아
사랑님을 보았을까
새벽 안개 이슬 되어
알알이 맺혔구나
한 올 한 올 타는 가슴 어디에 둘까
그리운 맘 사랑에 졌네
아 아아 아 아 아아 아
안타까운 내 님이여
저 구름에 몸을 실어
둥실 둥실 띄워볼까
저 바람은 내 맘 알까
먹물 같은 이내 심정
사랑님은 아시려나
몇굽이 돌고 돌아
사랑님을 보았을까
새벽 안개 이슬 되어
알알이 맺혔구나
한 올 한 올 타는 가슴 어디에 둘까
그리운 맘 사랑에 졌네
아 아아 아 아 아아 아
안타까운 내 님이여
저 구름에 몸을 실어
둥실 둥실 띄워볼까
저 바람은 내 맘 알까
먹물 같은 이내 심정
사랑님은 아시려나
우리 님은 아시려나"
미련 때문에,"7,299",영탁,"너무나 짧았던 만남이지만
진정으로 사랑했다오
돌아서는 나의 두 빰 위에
눈물이 흘러내렸네
언젠가는 언젠가는
떠날 줄 알면서도
미련때문에 미련때문에
난 울고 말았다오
너무나 짧았던 만남이지만
진정으로 사랑했다오
돌아서는 나의 두 빰 위에
눈물이 흘러내렸네
언젠가는 언젠가는
떠날 줄 알면서도
미련때문에 미련때문에
난 울고 말았다오
언젠가는 언젠가는
떠날줄 알면서도
미련때문에 미련때문에
난 울고 말았다오"
여백,"5,089",이찬원,"처음 만났던 그 순간부터
우린 서로 마음이 끌려
하얀 가슴에 오색 무지개
곱게 곱게 그렸었지
우리는 진정 사랑했기에
그려야 할 그림도 많아
여백도 없이 빼곡 빼곡
가슴 가득 채워 놓았지
언제부터인가 우리 사이에
바람처럼 스며든 공간
가슴앓이 속의 이 순간이
사랑의 여백인가요
바람 부는데 구름 가는데
내 마음도 흘러 가는데
언제쯤일까 어디쯤일까
우리 사랑 여백의 끝은
언제부터인가 우리 사이에
바람처럼 스며든 공간
가슴앓이 속의 이 순간이
사랑의 여백인가요
바람 부는데 구름 가는데
내 마음도 흘러가는데
언제쯤일까 어디쯤일까
우리 사랑 여백의 끝은
언제쯤일까 어디쯤일까
우리 사랑 여백의 끝은"
비나리,407,신승태,"큐피드 화살이 가슴을 뚫고
사랑이 시작된 날
또다시 운명의 페이지는 넘어가네
나 당신 사랑해도 될까요
말도 못하고
한없이 애타는 나의 눈짓들
세상이 온통 그대 하나로 변해버렸어
우리 사랑 연습도 없이
벌써 무대로 올려졌네
생각하면 덧없는 꿈일지도 몰라
꿈일지도 몰라
하늘이여
저 사람 언제 또 갈라놓을 거요
하늘이여
간절한 이 소망 또 외면할 거요
예기치 못했던 운명의 그 시간
당신을 만나던 날
드러난 내 상처 어느새 싸매졌네
나만을 사랑하면 안 될까요
마음만 달아올라
오늘도 애타는 나의 몸짓들
따사로운 그대 눈빛 따라 도는
해바라기처럼
사랑이란 작은 배 하나
이미 바다로 띄워졌네
생각하면 허무한 꿈일지도 몰라
꿈일지도 몰라
하늘이여
이 사람 다시 또 눈물이면 안 돼요
하늘이여
저 사람 영원히 사랑하게 해줘요
아 사랑하게 해줘요"
사노라면 (내일은 해가 뜬다),"6,693",영탁,"사노라면 언젠가는 밝은 날도 오겠지
흐린 날도 날이 새면 해가 뜨지 않더냐
새파랗게 젊다는 게 한밑천인데
째째하게 굴지 말고 가슴을 쫙펴라
내일은 해가 뜬다 내일은 해가 뜬다
내일은 해가 뜬다 내일은 해가 뜬다
비가 새는 작은방에
새우는 잠을 잔데도
고운님 함께라면 즐거웁지 않더냐
오손도손 속삭이는 밤이 있는 한
째째하게 굴지말고 가슴을 쫙펴라
내일은 해가 뜬다 내일은 해가 뜬다
내일은 해가 뜬다 내일은 해가 뜬다
내일은 해가 뜬다 내일은 해가 뜬다
내일은 해가 뜬다 내일은 해가 뜬다"
오빠야,246,김나희,"오빠야 오빠
오빠가 짱이란 걸
오늘에야 나는 알았네
오빠가 자기란 걸
오늘에야 나는 알았네
오빠 오빠 사랑하는 오빠야
이제는 오빠한테 기대어
아니 자기 허니한테 기대어
찰떡처럼 붙어 다닐래
호 야야야 호 야야
내 맘 가져간 사람
호 야야야 호 야야
내 맘 훑어간 사람
오 오오 오 오빠 오 오오오오 오빠
진짜 진짜 사랑하는 오빠야 오빠
오빠가 짱이란 걸
오늘에야 나는 알았네
오빠가 자기란 걸
오늘에야 나는 알았네
오빠 오빠 사랑하는 오빠야
이제는 오빠한테 기대어
아니 자기 허니한테 기대어
찰떡처럼 붙어 다닐래
호 야야야 호 야야
내 맘 가져간 사람
호 야야야 호 야야
내 맘 훑어간 사람
오 오오 오 오빠 오 오오오오 오빠
진짜 진짜 사랑하는 오빠야 오빠
오 오오 오 오빠 오 오오오오 오빠
진짜 진짜 사랑하는 오빠야 오빠
오빠야"
너 말이야,269,현역부A1,"헤이 헤이 헤이 헤이
헤이 헤이 헤이 헤이
헤이 헤이 헤이 헤이 헤이
너~
헤이 헤이 헤이 헤이
얼굴 좀 펴고 살아봐
조금만 생각을 바꿔
조금만 널린 게 행복이잖아
헤이 헤이 헤이 헤이
성질만 조금 죽이면
아이고 누구십니까 선생님
세상이 마중을 나와
인생사 차 떼고 포 떼고 살아도
나를 봐 항상 웃고 살잖아
따뜻한 햇살만 비춰도 웃고 살잖아
책대로 살아도 안 되는 건 안 되지
손 털고 내려와 괜찮아 끌탕 하지마
돈도 밥도 떡도 안 되는 걱정은 왜 해
썩소 한번 휘익 날리면 그만인 것을
시시때때로 멍 때리는 너
아아 아아
아 아 아 아아아아
헤이 헤이 헤이 헤이
너 말이야
인생사 차 떼고 포 떼고 살아도
나를 봐 항상 웃고 살잖아
따뜻한 햇살만 비춰도 웃고 살잖아
책대로 살아도 안 되는 건 안 되지
손 털고 내려와
괜찮아 끌탕 하지마
아 아 아
돈도 밥도 떡도 안 되는
걱정은 왜 해(걱정은 왜 해)
썩소 한 번 휘익 날리면 그만인 것을
시시때때로 멍 때리는 너
아아 아아 아 아 아
아아아아
헤이 헤이 헤이 헤이
너 말이야
헤이 헤이 헤이 헤이
헤이 헤이 헤이 헤이
너
너
너
너 말이야"
바보같은 사나이,87,오찬성,"사랑이 빗물되어
말없이 흘러내릴때
사나이는 울었다네
빗물도 울었다네
세월가면 잊어질까
세월아 말을 해다오
못잊어 못잊어서 가슴만 태우는
바보같은 사나이
사랑이 빗물되어
서럽게 흘러내릴때
사나이는 울었다네
빗물도 울었다네
세월가면 잊어질까
세월아 말을 해다오
그리워 그리워서 가슴만 태우는
바보같은 사나이
그리워 그리워서 가슴만 태우는
바보같은 사나이
바보같은 사나이"
I Love You,283,송민준,"I Love You You Love Me
Yes인가요 No인가요
밀고 당기는 줄다리기로
우리 서로 애태우지 마
I Love You You Love Me
Yes인가요 No인가요
밀고 당기는 줄다리기로
우리 서로 힘빼지 말자
네가 좋아 손을 내밀면
못 이긴 척 안겨와야지
내가 지쳐 포기한다면
우리 사랑 어떡하라구
사랑 사랑 내 사랑아
아이같은 나의 사랑아
진짜 진짜 진짜 사랑해
영원히 I Love You
영원히 I Love You
영원히 I Love You"
애정이 꽃피던 시절,171,신성,"첫사랑 만나던 그날
얼굴을 붉히면서
철없이 매달리며
춤추던 사랑의 시절
활짝 핀 백합처럼
우리 사랑 꽃필 때
아아아 아아아
떠나버린 첫사랑
생각이 납니다
애정이 꽃피던 시절
첫사랑 만나던 그날
행복을 꿈꾸면서
철없이 매달리며
춤추던 사랑의 시절
곱게 핀 장미처럼
우리 사랑 꽃필 때
아아아 아아아
잃어버린 첫사랑
생각이 납니다
애정이 꽃피던 시절"
좋다!,158,박성온,"장구를 울려라 북을 울려라
징징 꽹과리를 울려라
동트는 동해바다 세상을 깔고
저마다의 악기를 울려라
에헤야 좋다 에헤야 좋구나
너랑 나랑 합을 맞추며
에헤야 좋다 얼씨구 좋구나
어우러져 살아야한다
여보게 한번 왔다 가는 세상에
욕심일랑 던져버리게
장구를 울려라 북을 울려라
징징 꽹과리를 울려라
저마다 가슴속의 설움을 털고
신명나게 놀아나보자
에헤야 좋다 에헤야 좋구나
너랑 나랑 합을 맞추며
에헤야 좋다 얼씨구 좋구나
어우러져 살아야한다
여보게 한번 왔다 가는 세상에
욕심일랑 던져버리게
저 바다에 던져버리게"
코파카바나 (Copacabana) (DJseon Remix),28,조항조,"춤추는 너 너 너 너무 예뻐서
모두 너만 바라봐
코파카바나 그밤에
날보는 너 너 너 시선을
나는 느낄수 있었어
코파카바나 그밤에

Passion of the Night
그땐 그랬지 그 때가 좋았지
영원할거 같았어

Forever Night Dance Dance
떠나가보자
추억이 춤추고 있는
코파카바나 그밤에

Forever Night Dance Dance
떠나가보자
추억이 머물고 있는
코파카바나 그밤에


Passion of the Night
그땐 그랬지 그 때가 좋았지
영원할거 같았어

Forever Night Dance Dance
떠나가보자
추억이 춤추고 있는
코파카바나 그밤에

Forever Night Dance Dance
떠나가보자
추억이 머물고 있는
코파카바나 그밤에

Forever Night Dance Dance
떠나가보자
추억이 머물고 있는
코파카바나 그밤에"
여자 여자 여자,60,김용필,"아픔을 달래는 여자
고개 숙여 우는 그 여자
이 세상에 약한 것이
여자 여자 여자
당신 내 맘 몰라요
내 진정 당신의 사랑이
얼마나 필요한지 몰라요
때로는 당신의 마음을
아프게도 하지만
그래도 오로지
나만의 남자 남자 남자
행복을 꿈꾸는 여자
사랑을 기다리는 여자
그런 여자 여자 여자

고독을 달래는 여자
세월 속에 지친 그 여자
이 세상에 약한 것이
여자 여자 여자
당신 내 맘 몰라요
내 진정 당신의 사랑이
얼마나 필요한지 몰라요
때로는 당신의 마음을
이해할 순 없지만
그래도 소중한
나만의 남자 남자 남자
행복을 꿈꾸는 여자
사랑을 기다리는 여자
그런 여자 여자 여자
그런 여자 여자 여자"
인생,322,류계영,"운명이 나를 안고 살았나
내가 운명을 안고 살았나
굽이 굽이 살아온 자욱마다
가시밭길 서러운 내 인생
다시 가라하면 나는 못가네
마디마디 서러워서 나는 못가네
지는해에 실려보낸 내 사랑아
바람처럼 사라져간 내 인생아
아-사랑이여 눈물이여
묻어버린 내 청춘이여 아
사랑은 다시오라 나를 부르고
인생은 눈물되어 나를 떠미네

다시 가라하면 나는 못가네
마디마디 서러워서 나는 못가네
지는해에 실려보낸 내 사랑아
바람처럼 사라져간 내 인생아
아 사랑이여 눈물이여
묻어버린 내 청춘이여(어머니)
사랑은 다시오라 나를 부르고
인생은 눈물되어 나를 떠미네"
유쾌 상쾌 통쾌,310,소명,"우리사는 이 세상에 유쾌 상쾌 통쾌
밝은 날들이 많았으며는
나는 나는 좋겠네
우리 모두 가슴속에 기쁨 희망 사랑
좋은 일들이 많았으며는
나는 나는 좋겠네
이왕에 사는거 웃으며 사는게 좋지
어차피 사는거 즐겁게 사는게 좋지
그까짓 거 걱정 그까짓 거 고민
다 그냥 던져 버리고
크게 한번 웃어 볼꺼야
유쾌하게 살자 상쾌하게 살자
통쾌하게 살자구
가슴 짝 펴고 사는거야

우리사는 이 세상에 유쾌 상쾌 통쾌
밝은 날들이 많았으며는
나는 나는 좋겠네
우리 모두 가슴속에 기쁨 희망 사랑
좋은 일들이 많았으며는
나는 나는 좋겠네
이왕에 사는거 웃으며 사는게 좋지
어차피 사는거 즐겁게 사는게 좋지
그까짓 거 걱정 그까짓거 고민
다 그냥 던져 버리고
크게 한번 웃어 볼꺼야
유쾌하게 살자 상쾌하게 살자
통쾌하게 살자구
가슴 짝 펴고 사는거야
유쾌하게 살자 상쾌하게 살자
통쾌하게 살자구
가슴 짝 펴고 사는거야
가슴 짝 펴고 사는거야
유쾌 상쾌 통쾌 유쾌 상쾌 통쾌"
고니,222,이태원,"가난한 시인의 집에
내일의 꿈을 열었던
외로운 고니 한마리
지금은 지금은 어디로 갔나
속울음을 삼키면서
지친 몸을 창에 기대고
약속을 지키지 않는
사람들이 미워졌다고
날아도 날개가 없고
울어도 눈물이 없어 없어라
이제 다시 이제 다시는
볼수 없는 아 우리의 고니
이제 다시 이제 다시는
볼수 없는 아 우리의 고니

날아도 날개가 없고
울어도 눈물이 없어 없어라
이제 다시 이제 다시는
볼수 없는 아 우리의 고니
이제 다시 이제 다시는
볼수 없는 아 우리의 고니
이제 다시 이제 다시는
볼수 없는 아 우리의 고니"
잘 살아봅시다,67,한가빈,"당신을 만나고 사랑을 알고
나는 행복도 알았네
오래오래 같이 살아요
운명처럼 사랑한 당신
나는 당신 사랑하고
당신은 날 의지하고
아껴주고 보듬어주며
우리 함께 같이 살아요
천년만년 같이 살아요
우리 함께 잘 살아봅시다

당신을 만나고 사랑을 알고
나는 행복도 알았네
오래오래 같이 살아요
운명처럼 사랑한 당신
나는 당신 사랑하고
당신은 날 의지하고
아껴주고 보듬어주며
우리 함께 같이 살아요
천년만년 같이 살아요
우리 함께 잘 살아봅시다

나는 당신 사랑하고
당신은 날 의지하고
아껴주고 보듬어주며
우리 함께 같이 살아요
천년만년 같이 살아요
우리 함께 잘 살아봅시다"
월남에서 돌아온 김상사,450,김추자,"월남에서 돌아 온
새까만 김상사
이제사 돌아 왔네
월남에서 돌아 온
새까만 김상사
너무나 기다렸네
굳게 닫힌 그 입술
무거운 그 철모
웃으며 돌아 왔네
어린 동생 반기며
그 품에 안겼네
모두 다 안겼네
말썽 많은 김총각
모두 말을 했지만
의젓하게 훈장 달고
돌아 온 김상사
동네 사람 모여서
얼굴을 보려고
모두 다 기웃기웃
우리 아들 왔다고
춤추는 어머니
온 동네 잔치 하네
폼을 내는 김상사
돌아 온 김상사
내 맘에 들었어요
믿음직한 김상사
돌아 온 김상사
내 맘에 들었어요

말썽 많은 김총각
모두 말을 했지만
의젓하게 훈장 달고
돌아 온 김상사
동네 사람 모여서
얼굴을 보려고
모두 다 기웃기웃
우리 아들 왔다고
춤추는 어머니
온 동네 잔치 하네
폼을 내는 김상사
돌아 온 김상사
내 맘에 들었어요
믿음직한 김상사
돌아 온 김상사
내 맘에 들었어요"
일편단심 민들레야,404,조용필,"님 주신 밤에 씨뿌렸네
사랑의 물로 꽃을 피웠네
처음 만나 맺은 마음
일편단심 민들레야
그 여름 어인 광풍
그 여름 어인 광풍
낙엽지듯 가시었나
행복했던 장미인생
비바람에 꺽이니
나는 한떨기 슬픈 민들레야
긴 세월 하루같이
하늘만 쳐다보니
그 이의 목소리는
어디에서 들을까
일편단심 민들레는
일편단심 민들레는
떠나지 않으리라
해가뜨면 달이 가고
낙엽지니 눈보라치네
기다리고 기다리는
일편단심 민들레야
가시밭길 산을 넘고
가시밭길 산을 넘고
강을 건너 찾아왔소
행복했던 장미인생
비바람에 꺽이니
나는 한떨기 슬픈 민들레야
긴 세월 하루같이
하늘만 쳐다보니
그 이의 목소리는
어디에서 들을까
일편단심 민들레는
일편단심 민들레는
떠나지 않으리라"
소양강처녀 (트롯.디스코 메들리),141,하춘화,"해저문 소양강에 황혼이 지면

외로운 갈대밭에 슬피우는 두견새야

열여덟 딸기같은 어린 내 순정

너마저 몰라주면 나는 나는 어쩌나

아~그리워서 애만 태우는 소양강 처녀



해저문 소양강에 황혼이 지면

외로운 갈대밭에 슬피우는 두견새야

열여덟 딸기같은 어린 내 순정

너마저 몰라주면 나는 나는 어쩌나

아~그리워서 애만 태우는 소양강 처녀"
삼포로 가는 길,163,유익종,"바람 부는 저 들길 끝에는
삼포로 가는 길 있겠지
구비구비 산 길 걷다보면
한발 두발 한숨만 나오네
아아 뜬 구름 하나 삼포로 가거든
정든 임 소식 좀 전해주렴
나도 따라 삼포로 간다고
사랑도 이젠 소용 없네
삼포로 나는 가야지

저 산마루 쉬어가는 길손아
내 사연 전해 주겠소
정든 고향 떠난지 오래고
내 님은 소식도 몰라요
아아 뜬 구름 하나 삼포로 가거든
정든 임 소식 좀 전해주렴
나도 따라 삼포로 간다고
사랑도 이젠 소용 없네
삼포로 나는 가야지"
무정한 사람,331,성민호,"기다려요 한마디 남겨놓고
떠나버린 무정한 사람
잊지말라는 그 한마디만
남겨놓고 떠나간 사람
돌아오지 못할 길이라면은
차라리 말이나 말지
기다리라는 그 한마디만
남기고 떠나간 사람

사랑해요 한마디 남겨놓고
뒤돌아선 무정한 사람
그 한마디가 가슴에 남아
행여올까 기다린 날들
책임지지 못할 말이라면은
차라리 하지나 말지
사랑한다는 그 한마디만
남기고 떠나간 사람"
둠바둠바,130,진시몬,"살다보면 힘이 들겠지
인생이란 다 그런거니까
처음부터 다 가졌었다면
사는 의미는 없을지 몰라
젊은 날에 당신을 만나
목숨바쳐 사랑을 했지
세월 가고 텅 빈 가슴엔
왜 외로움들이 와 있는걸까
알아 고생했지
나를 만나서 너 힘겨웠지
우리 흘린 눈물
그 무엇보다도 소중했는데
둠바 둠바 둠바 외로워 마라
둠바 둠바 둠바 처음 그때처럼
둠바 둠바 둠바 이제부터야
당신은 영원한 나의 사랑
시련이란 없을꺼 같았지
어떤날은
나하나 지탱할수 없을만큼
술을 마시면서
내 자신을 위로도 하지만
너무 힘들어
잘 참아준 너
정말 고마워
젊은 날에 당신을 만나
목숨바쳐 사랑을 했지
세월 가고 텅 빈 가슴엔
왜 외로움들이 와 있는걸까
알아 고생했지
나를 만나서 너 힘겨웠지
우리 흘린 눈물
그 무엇보다도 소중했는데

둠바 둠바 둠바 외로워 마라
둠바 둠바 둠바 처음 그때처럼
둠바 둠바 둠바 이제부터야
당신은 영원한 나의 사랑
그래 우리 사랑은
세월이 흘러도
변할 수 없는거야
둠바 둠바 둠바 외로워 마라
둠바 둠바 둠바 처음 그때처럼
둠바 둠바 둠바 이제부터야
당신은 영원한 나의 사랑
영원한 나의 사랑"
정말 진짜로,293,한혜진,"아니야 거짓말 사랑 따윈 이제 안 믿어
남자는 다 그래 하나같이 똑같다고요
나를 사랑한다 했니
책임질 수 있는 거니
무심코 던진 너의 한 마디
자꾸 신경 쓰이게 해
책임질 수 없는 말은
애초부터 꺼내지 마
내 마음을 떠보려 한다면 실수한 거야
사랑 한다는 것이 어디 장난인거니
여자의 맘도 잘 모르면서
사랑은 무슨 사랑
정말 진짜로 정말 진짜로
나를 원한다면은
그리 쉽게 사랑을 말하지 마
정말 진짜로 정말 진짜로
나를 생각한다면
너의 진실을 보여 봐
보여 봐 보여 봐

아니야 거짓말 사랑 따윈 이제 안 믿어
남자는 다 그래 하나같이 똑같다고요
나를 사랑한다 했니
책임질 수 있는 거니
무심코 던진 너의 한 마디
자꾸 신경 쓰이게 해
책임질 수 없는 말은
애초부터 꺼내지 마
내 마음을 떠보려 한다면 실수한 거야
사랑 한다는 것이 어디 장난인거니
여자의 맘도 잘 모르면서
사랑은 무슨 사랑
정말 진짜로 정말 진짜로
나를 원한다면 은
그리 쉽게 사랑을 말하지 마
정말 진짜로 정말 진짜로
나를 생각한다면
너의 진실을 보여 봐
보여 봐 보여 봐
너의 진실을 보여 봐"
천상재회,100,최진희,"그대는 오늘밤도
내게 올 순 없겠지
목메어 애타게 불러도
대답없는 그대여--
못다한 이야기는
눈물이 되겠지요
나만을 사랑했다는 말
바람결에 남았어요
끊을 수 없는
그대와 나의 인연은
운명이라 생각했죠
가슴에 묻은
추억의 작은 조각들
되돌아 회상하면서
천상에서 다시 만나면
그대를 다시 만나면--
세상에서 못다했던
그 사랑을
영원히
함께 할래요

끊을 수 없는
그대와 나의 인연은
운명이라 생각했죠
가슴에 묻은
추억의 작은 조각들
되돌아 회상하면서
천상에서 다시 만나면
그대를 다시 만나면--
세상에서 못다했던
그 사랑을
영원히 함께 할래요
세상에서 못다했던
그 사랑을
영원히 함께 할래요"
묻어버린 아픔,72,김란영,"1.흔한게 사랑이라지만 나는 그런 사랑 원하지 않아 바라만 봐도 괜히 그냥 좋은 그런 사랑이 나는 좋아 변한건 세상 이라지만 우리 사랑 이대로 간직하면 먼 훗날 함께 마주 앉아 우리 얘기할 수 있으면 좋아 @어둠이 내려와 거리를 떠돌면 부는 바람에 내 모든걸 맡길텐데 한순간 그렇게 쉽사리 살아도 @지금 이 순간 나는 행복해 ,,,,,,,,,,2. 어~~~해 , 지~~해. (1340)"
어머님,257,남진,"어머님 오늘 하루를 어떻게 지내셨어요
백날을 하루같이 이못난 자식위해
손발이 금이 가고 잔주름이 굵어지신
어머님

몸만은 떠나있어도 어머님을 잊으오리까
오래오래 사세요 편히 한번 모시리다

어머님 어젯밤 꿈엔 너무나 늙으셨어요
그 정성 눈물속에 세월이 흘렀건만
웃음을 모르시고 검은머리 희어지신
어머님

몸만은 떠나있어도 잊으리까 잊으오리까
오래오래 사세요 편히 한번 모시리다 -"
언젠가 때가오면,146,박혜성,"늦가을 오후 같은 쓸쓸한 분위기로
장미꽃 향기를 풍기는 그녀
먼발치에서 바라만보아도
왠지 모르게 내 가슴이 떨려요
어디서 살까 이름은 무얼까
우유빛 살결에 그 맑은 눈동자
거짓말처럼 나를 불러준다면
난 내인생을 걸겠어요
언젠가 때가오면
내 모든걸 주겠어요
언젠가 때가오면
늦가을 오후 같은 쓸쓸한 분위기로
장미꽃 향기를 풍기는 그녀
먼발치에서 바라만보아도
왠지 모르게 내 가슴이 떨려요
어디서 살까 이름은 무얼까
우유빛 살결에 그 맑은 눈동자
거짓말처럼 나를 불러준다면
난 내인생을 걸겠어요
언젠가 때가오면
내 모든걸 주겠어요
언젠가 때가오면
언젠가 때가오면"
임진강,411,이태호,"풀피리 꺾어 불면
물새도 노래하던
옛 이야기 속삭이며
흐르는 임진강아
노젓던 뱃사공은 어디로 가고
쓸쓸한 나룻터에 배만 떠있나
울지마라 물새야
울지를 마라
세월 가면 님도 오겠지
풀피리 꺾어 불면
산새도 노래하던
옛 이야기 모르는 채
말없는 임진강아
휴전선 바라보며 목이 메이는
한 많은 그 사연을 너는 알겠지
울지마라 물새야
울지를 마라
세월 가면 님도 오겠지"
해주세요,582,이특 (LEETEUK),"어디서든 어디서든 내말 들어

무엇이든 무엇이든 들어줄께

난 너만의 해주세요 다해줄께

눌러 눌러 빨리 눌러 단축 1번

너만의 왕자님이야

나만의 공주님이야

해주세요 사랑을 해주세요

비오나 눈이 오나 바람이 부나

언제나 달려갈꺼야

신속히 배달해온 뜨거운 나의 열정

폼나게 고백하고 말꺼야

어디서든 어디서든 내말 들어

무엇이든 무엇이든 들어줄께

난 너만의 해주세요 다해줄께

눌러 눌러 빨리 눌러 단축 1번

너만의 왕자님이야

나만의 공주님이야

해주세요 사랑을 해주세요

나는 머슴 너는 first

너가 없는 세상은 쓸쓸한 저승

뜨거운 가슴 보여줄께

너는 큰눈이 가녀린 나의 꽃사슴

Oh my baby Oh my lady

Yo Come on come on come on

어디서든 어디서든 내말 들어

무엇이든 무엇이든 들어줄께

난 너만의 해주세요 다해줄께

눌러 눌러 빨리 눌러 단축 1번

너만의 왕자님이야

나만의 공주님이야

해주세요 사랑을 해주세요

비오나 눈이 오나 바람이 부나

언제나 달려갈꺼야

신속히 배달해온 뜨거운 나의 열정

폼나게 고백하고 말꺼야

어디서든 어디서든 내말 들어

무엇이든 무엇이든 들어줄께

난 너만의 해주세요 다해줄께

눌러 눌러 빨리 눌러 단축 1번

너만의 왕자님이야

나만의 공주님이야

해주세요 사랑을 해주세요

해주세요 사랑을 해주세요

해주세요 사랑을 해주세요"
사랑의 초인종 (트롯 Ver.),372,LPG,"그대여 사랑의 사랑의 사랑의 초인종을 눌러주세요

그대가 원하면 원하면 원하면 언제든지 눌러주세요

아아아아아아아~

내 마음을 열어주세요 못 생겨도 좋아 돈 없어도 좋아 나만 사랑해 줄 한 남자~



아무에게나 쉬운 여자 아니죠 아무에게나 여는 여자 아니죠

그대라면 그대라면 내 모든걸 줄래요

그대 눈빛은 너무 따듯할걸요 그대 입술은 너무 짜릿한걸요

딩동 딩동 딩동 딩동 눌러주세요~



그대여 사랑의 사랑의 사랑의 초인종을 눌러주세요

그대가 원하면 원하면 원하면 언제든지 눌러주세요

아아아아아아아~

내 마음을 열어주세요 못 생겨도 좋아 돈 없어도 좋아 나만 사랑해 줄 한 남자~



그대 향기는 너무 포근한걸요 그대 말투는 너무 달콤한걸요

딩동 딩동 딩동 딩동 눌러주세요~



그대여 사랑의 사랑의 사랑의 초인종을 눌러주세요

그대가 원하면 원하면 원하면 언제든지 눌러주세요

아아아아아아아~

내 마음을 열어주세요 못 생겨도 좋아 돈 없어도 좋아 나만 사랑해 줄 한 남자~



힘들고 지칠때 외롭고 슬플때 내게 오면 되요"
밤안개,223,현미,"밤안개가 가득히 쓸쓸한 밤거리
밤이 새도록 가득히 무심한 밤안개
임생각에 그림자 찾아 헤메는 마음
밤이 새도록 하염없이 나는 간다
그 옛님을 찾아주려나 가로등이여
밤이 새도록 하염없이 나는 간다
나는 간다"
님 그림자,153,노사연,"저만치
앞서가는
님 뒤로
그림자
길게 드린밤
님의
그림자
밟으려
하니
서러움이
가슴에
이네
님은
나의 마음
헤아릴까
별만
헤득허는밤
위험한
달빛아래
님 뒤로
긴 그림자
밟을날
없네
저만치
앞서가는
님 뒤로
그림자
길게 드린밤
님의
그림자
밟으려 하니
서러움이
가슴에 이네
님은
나의 마음
헤아릴까
별만
헤득허는밤
위험한
달빛아래
님뒤로
긴 그림자
밟을날 없네"
울려고 내가왔나,197,남진,"울려고 내가왔나
누굴찾아 여기왔나
낮설은 타향땅에
내가 왜 왔나
하늘마저 날 울려
굵은 비는 내리고
무정한자 옛사람아
그대 찾아 천리 길을
울려고 내가왔나
그 누구 찾아왔나
영산강아 말해다오
반겨줄 그 사람은
마음이 변해
아쉬웠던 내 사랑
찬서리에 시드나
그렇지만 믿고싶어
보고프면 또오리라
울면서 찾아오리"
안동역에서,847,진성,"바람에 날려버린 허무한 맹세였나
첫눈이 내리는 날 안동역 앞에서
만나자고 약속한 사람
새벽부터 오는 눈이
무릎까지 덮는데
안 오는 건지 못 오는 건지
오지 않는 사람아
안타까운 내 마음만 녹고 녹는다
기적 소리 끊어진 밤에
어차피 지워야 할 사랑은
꿈이었나
첫눈이 내리는 날 안동역 앞에서
만나자고 약속한 사람
새벽부터 오는 눈이
무릎까지 덮는데
안 오는 건지 못 오는 건지 대답
없는 사람아
기다리는 내 마음만 녹고 녹는다
밤이 깊은 안동역에서"
님아 님아 님아,908,진해성,"사랑이 떠나가네
내 사랑이 떠나가네
정만을 남겨두고
나만 홀로 남겨두고
그 무슨 사연 있었길래
말도 못하고 가야하나
눈물 흘리며 매달려도
바람따라 떠나가네
님아 님아 님아
님아 님아 님아
바람불면 옷깃을
여미어 주던 님아
님아 님아 님아
님아 님아 님아
정녕 날 두고
누구를 찾아서 떠나갔나
목 놓아 불러봐도
내 사람이 떠나가네
그리움 남겨두고
나만 홀로 남겨두고
그 무슨 사연 있었길래
말도 못하고 가야하나
눈물 흘리며 매달려도
바람 따라 떠나가네
님아 님아 님아
님아 님아 님아
바람불면 옷깃을
여미어 주던 님아
님아 님아 님아
님아 님아 님아
정녕 날 두고
누구를 찾아서 떠나갔나
정녕 날 두고
누구를 찾아서 떠나갔나"
청춘의 꿈,884,진해성,"청춘은 봄이요 봄은 꿈나라
언제나 즐거운 노래를 부릅시다
진달래가 생긋 웃는 봄봄
청춘은 싱글벙글
윙크하는 봄봄봄봄
가슴은 두근두근
춤을 추는 봄이요
산들산들 봄바람이
춤을 추는 봄봄
시냇가의 버들피리는
삐삐 삐리삐리리
라라랄라 라라랄라
라라랄랄 라라라라라
라라라 라라라 라라랄라
닐리리 봄봄
청춘은 봄이요 봄은 꿈나라
청춘은 향기요 봄은 새나라
언제나 명랑한 노래를 부릅시다
개나리가 생긋 웃는 봄봄
청춘은 소근소근
속삭이는 봄봄봄봄
종달새 지지배배 희망의 봄
산들산들 봄바람이
춤을 추는 봄봄
시냇가의 버들피리는
삐삐 삐리삐리리
라라랄라 라라랄라
라라랄랄 라라라라라
라라라 라라라 라라랄라
닐리리 봄봄
청춘은 봄이요 봄은 꿈나라"
사랑한다면,270,건아들,"내가 너를 사랑한단다
이 세상 누구보다 사랑한단다
아무것도 가진게 없는 나지만
널 사랑하는 맘은 내가 최고다
번듯한 집 한 채도 없고
그 흔한 옷한벌도 못 사준
허풍만 떨어댔던 나의 모습에
한없이 작아진다 정말 미안해
나만을 바라보며
나만을 사랑하며
나에게 너를 던졌지
널 사랑한다면
널 힘들게 할꺼면
보내줘야해
사랑한다면 사랑한다면
니가 싫어졌다 거짓말쯤은
사랑하니까 사랑하니까
나같은건 잊어버려 사랑아
번듯한 집 한 채도 없고
그 흔한 옷한벌도 못 사준
허풍만 떨어댔던 나의 모습에
한없이 작아진다 정말 미안해
나만을 바라보며
나만을 사랑하며
나에게 너를 던졌지
널 사랑한다면
널 힘들게 할꺼면
보내줘야해
사랑한다면 사랑한다면
니가 싫어졌다 거짓말쯤은
사랑하니까 사랑하니까
나같은건 잊어버려 사랑아
사랑한다면 사랑한다면
니가 싫어졌다 거짓말쯤은
사랑하니까 사랑하니까
나같은건 잊어버려 사랑아
나같은건 잊어버려 사랑아"
너와 나의 고향,109,나훈아,"미워도 한세상 좋아도 한세상
마음을 달래며 웃으며 살리라
바람따라 구름따라 흘러온 사나이는
구름 머무는 고향땅에서
너와함께 살리라
미움이 변하여 사랑도 되겠지
마음을 달래며 알뜰히 살리라
정처없이 흘러온 길 상처만 쓰라린데
구름 머무는 정든땅에서
오손도손 살리라"
나이야가라,"3,722",박서진,"나이야가라 저리가라
청춘아 와라 이리와라
너도 나도 외쳐봅시다
소리 질러 다 같이
나이야 나이야가라
우린 아직 청춘이란다
너도 나도 청춘이다
꿈도 있단다
세월가도 청춘이다
달려가 보자
나이야가라
나이야가라
우리는 청춘 꿈이 있단다
청춘아 와라
청춘아 와라
나이는 숫자뿐이야
나이야가라 저리가라
청춘아 와라 이리와라
너도 나도 외쳐봅시다
소리 질러 다 같이
나이야 나이야가라
우린 아직 청춘이란다
너도 나도 청춘이다
꿈도 있단다
세월가도 청춘이다
달려가 보자
나이야가라
나이야가라
우리는 청춘
꿈이 있단다
청춘아 와라
청춘아 와라
나이는 숫자뿐이야
나이야가라
나이야가라
우리는 청춘
꿈이 있단다
청춘아 와라
청춘아 와라
나이는 숫자뿐이야"
A Whole New World,"19,315",임영웅,"I can show you the world
shining shimmering splendid
Tell me princess
now when did you
last let your heart decide
I can open your eyes
take you wonder by wonder
Over sideways
and under on a magic carpet ride
A whole new world
a new fantastic point of view
No one to tell us no
or where to go
Or say we're only dreaming
A whole new world
a dazzling place I never knew
But when I’m way up here
it's crystal clear
That now I'm in a whole
new world with you
Now I’m in a whole
new world with you
Unbelievable sights
indescribable feeling
Soaring tumbling freewheeling
Through an endless diamond sky
A whole new world
Don't you dare close your eyes
A hundred thousand things to see
Hold your breath it gets better
I'm like a shooting star
I've come so far
I can't go back
to where I used to be
A whole new world
with new horizons to pursue
I'll chase them anywhere
there's time to spare
Let me share
this whole new world with you
A whole new world
A whole new world
That’s where we'll be
That's where we'll be
A thrilling chase
A wondrous place
For you and me"
1.2.3.4,"18,326",임영웅,"1 2 3 4
1 2 3 4
1 2 3 4
1 2 3 4
1 일생에 단 한번
당신이란 사람을 만나
아픔 나누며 웃음 나누며
정말 행복해요
2 이 많은 사랑을
죽어서도 받고 싶어요
하루하루 보내는 마음
일년이 하루 같아요
3 삼백년에 한번 핀
무명초가 된다해도
그대 눈에 꽃이 되어
사랑만 받고 싶어요
사랑해요 영원히 사랑해요 영원히
사랑 사랑 사랑 사랑
영원한 내 사랑아
1 일생에 단 한번
당신이란 사람을 만나
아픔 나누며 웃음 나누며
정말 행복해요
2 이 많은 사랑을
죽어서도 받고 싶어요
하루하루 보내는 마음
일년이 하루 같아요
3 삼백년에 한번 핀
무명초가 된다해도
그대 눈에 꽃이 되어
사랑만 받고 싶어요
사랑해요 영원히 사랑해요 영원히
사랑 사랑 사랑 사랑
영원한 내 사랑아
사랑해요 영원히 사랑해요 영원히
사랑 사랑 사랑 사랑
영원한 내 사랑아
사랑해요 영원히 사랑해요 영원히
사랑 사랑 사랑 사랑
영원한 내 사랑아
사랑 사랑 사랑 사랑
영원한 내 사랑아
1 2 3 4"
내 삶을 눈물로 채워도,344,신성,"간간히 너를 그리워 하지만
어쩌다 너를 잊기도 하지
때로는 너를 미워도 하지만
가끔은 눈시울 젖기도 하지
어쩌면 지금 어딘가 혼자서
나처럼 저달을 볼지도 몰라
초저녁 작게 빛나는 저별을
나처럼 보면서 울지도 몰라
루 루 루 루 루
루 루 루 루 루
아마 난 평생을 못 잊을 것 같아 너를
인연이라는 만남도 있지만
숙명이라는 이별도 있지
우리의 만남이 인연이었다면
그인연 또한번 너였음 좋겠어
어쩌면 우리 언젠가 또다시
우연을 핑계로 만날지 몰라
내 삶의 전부 눈물로 채워도
널 기다리면서 살른지 몰라
루 루 루 루 루
루 루 루 루 루
아마 난 평생을 못 잊을 것 같아 너를
루 루 루 루 루
루 루 루 루 루
아마 난 평생을 못 잊을 것 같아 너를
루 루 루 루 루
루 루 루 루 루
루 루 루 루 루
루 루 루 루 루
루 루 루 루 루
루 루 루 루 루
아마 난 평생을 못 잊을 것 같아 너를"
백일홍,"1,109",조명섭,"궂은비가 내려오는 님 떠난 구름산에
무성하게 자라나는 그리움 슬프구나
눈물어린 고개우에 애련한 이별가는
아지랑이 아른아른 두견새 우는소리
긴시간을 접어두고 떠나는 그대이기에
야속한 세월속에 후회만 남기었네
다시한번 그대손을 잡아볼 수 있다면
쓰라려진 내 가슴에 백일홍 피어나리
달빛어린 고개우에 눈물의 이별가는
반딧불이 아롱아롱 부엉새 우는 소리
긴시간을 접어두고 떠나간 그대이기에
무심한 세월속에 후회만 남기었네
다시한번 그대손을 잡아볼 수 있다면
쓰라려진 내 가슴에 백일홍 피어나리
다시한번 그대 이름을 불러볼 수 있다면
애달퍼진 내 가슴에 백일홍 피어나리
그대는 영원하리"
나는열일곱살이에요 + 낭랑 18세,329,김소연,"나는 가슴이
두근거려요
당신만 아세요
열일곱 살이에요
가만히 가만히 오세요
요리 조리로
파랑새 꿈꾸는
버드나무 아래로
가만히 오세요
나는 가슴이
두근거려요
당신만 아세요
열일곱 살이에요
가만히 가만히 오세요
요리 조리로
파랑새 꿈꾸는
버드나무 아래로
당신만 아세요
열일곱 살이에요
저고리 고름
말아 쥐고서
누구를 기다리나
낭랑 십팔 세
버들잎 지는
앞개울에서
소쩍새 울 때만을
기다립니다
소쩍궁 소쩍궁
소쩍궁 소쩍궁
소쩍궁 새가
울기만 하면
떠나간 그리운 님
오신댔어요
팔짱을 끼고
돌부리 차며
누구를 기다리나
총각 이십 세
송아지 매는
뒷산 넘어서
소쩍새 울 때만을
기다립니다
소쩍궁 소쩍궁
소쩍궁 소쩍궁
소쩍궁 새가
울기만 하면
떠나간 그리운 님
오신댔어요
소쩍궁 소쩍궁
소쩍궁 소쩍궁
소쩍궁 새가
울기만 하면
떠나간 그리운 님
오신댔어요
떠나간 그리운 님
오신댔어요
떠나간 그리운 님
오신댔어요"
첫정,"4,658",이찬원,"잊어야 하기에 가슴은 아파도
미련 없이 잊을래요
사랑도 주고 눈물도 주고
떠나버린 그 사람을
사랑하던 지난 시절
받은 첫정 때문에
무거운 발길을 돌리지 못하고
외로이 서서 망설이고 있답니다
지워야 하기에 가슴은 아파도
눈을 감고 지울래요
행복도 주고 슬픔도 주고
떠나버린 그 사람을
사랑하던 지난 시절
받은 첫정 때문에
외로운 마음을 달래지 못하고
나홀로 서서 망설이고 있답니다"
살다 보면,640,"딸부잣집(김연지,마리아,주미,트윈걸스,황우림)","혼자라 슬퍼하진 않아
돌아가신 엄마 말하길
그저 살다 보면 살아진다
그 말 무슨 뜻인지 몰라도
기분이 좋아지는 주문 같아
너도 해봐 눈을 감고 중얼거려
그저 살다 보면
살아진다
그저 살다 보면
살아진다
눈을 감고 바람을 느껴봐
엄마가 쓰다듬던 손길이야
멀리 보고 소리를 질러봐
아픈 내 마음 멀리 날아가네
소리는 함께 놀던 놀이
돌아가신 엄마 소리는
너도 해봐 눈을 감고 소릴 질러
그저 살다 보면
살아진다
그저 살다 보면
살아진다
눈을 감고 바람을 느껴봐
엄마가 쓰다듬던 손길이야
멀리 보고 소리를 질러봐
아픈 내 마음 멀리 날아가네
눈을 감고 바람을 느껴봐
엄마가 쓰다듬던 손길이야
멀리 보고 소리를 질러봐
아픈 내 마음 멀리 날아가네
그저 살다 보면
살아진다"
곤드레 만드레,"14,027",임영웅,"곤드레 만드레
나는 취해버렸어
너의 사랑의
향기 속에 빠져버렸어
가진 것은 없다지만
사랑으로 감싸줄게
진심 어린 마음 하나
나는 너를 사랑해
비 오는 날 흐린 날도
햇살처럼 안아줄게
너의 흔들리는
사랑을 꽃으로 피워줘
다시는 너를 울리지 않을거야
나의 여자로 만들거야
내겐 언제나 너뿐이야
웃으며 내게 돌아와줘
곤드레 만드레
나는 취해버렸어
너의 사랑의
향기 속에 빠져버렸어
곤드레 만드레 나는 지쳐버렸어
나의 심장이 멎기 전에
제발 돌아와
내세울 건 없다지만
니 곁에서 있어줄게
변함없는 그림자로
영원히 사랑해
비 오는 날 흐린 날도
햇살처럼 안아줄게
너의 흔들리는
사랑을 꽃으로 피워줘
다시는 너를 울리지 않을거야
나의 여자로 만들거야
내겐 언제나 너뿐이야
웃으며 내게 돌아와줘
곤드레 만드레 나는 취해버렸어
너의 사랑의
향기속에 빠져버렸어
곤드레 만드레 나는 지쳐버렸어
나의 심장이 멎기 전에
제발 돌아와
나의 심장이 멎기 전에
제발 돌아와"
날개,"4,886",이찬원,"일어나라 아이야 다시 한번 걸어라
뛰어라 젊은이여 꿈을 안고 뛰어라
날아라 날아라 고뇌에 찬 인생이여
일어나 뛰어라 눕지 말고 날아라
어느 누가 청춘을 흘러가는 물이라 했나
어느 누가 인생을 떠도는 구름이라 했나
날아라 날아라 고뇌에 찬 인생이여
일어나 뛰어라 눕지 말고 날아라
어느 누가 청춘을 흘러가는 물이라 했나
어느 누가 인생을 떠도는 구름이라 했나"
이차선 다리,971,홍지윤,"이차선 다리 위에
마지막 이별을
스치는 바람에도
마음이 아파 와
왜 잡지도 못하고 서서
눈물만 흘리고 있어
거닐던 발걸음을
멈추고 멍하니
흐르는 저 강물을 보아도
아무 말 없이 흘러만 가고
나만 홀로 서있네
건널 수 없을 거라
생각만 하고 있어
무거운 발걸음
저 다릴 건너 서서
몇 번을 돌아보고
그대를 바라보며
잡지도 못하는
바보 같은 나
이차선 다리 위 끝에
서로를 불러보지만
너무도 멀리 떨어져서 안 들리네
차라리 무너져 버려
다시는 건널 수 없게
가슴이 아파
이뤄질 수 없는 우리의 사랑
건널 수 없을 거라
생각만 하고 있어
무거운 발걸음
저 다릴 건너 서서
몇 번을 돌아보고
그대를 바라보며
잡지도 못하는
바보 같은 나
이차선 다리 위 끝에
서로를 불러 보지만
너무도 멀리 떨어져서 안 들리네
차라리 무너져 버려
다시는 건널 수 없게
가슴이 아파
이뤄질 수 없는 우리의 사랑
이차선 다리 위에
멈춘 우리 사랑"
나의 영토,289,신명근,"어디 여자가 함부로
주방에 들어오려고 해
이곳은 나의 영토야
잘 생각해봐 내가 힘이 센지
아니면 니가 더 힘이 센지
힘이 센 남편은 전골냄비를 들 테니
자기는 리모컨 들고 티비나 보면 돼
어디 여자가 함부로
주방에 들어오려고 해
이곳은 나의 영토야
음식도 내가 다 할게
어디 여자가 함부로
세탁길 돌리려고 해
이것은 나의 도구야
빨래는 내가 다 할게
사실 나도 알아
넌 내게 과분한 사람인걸
그런 너를 위해
언제나 최선을 다 할게
값비싼 명품백 다이아는 못해 줘도
뜨거운 이 마음 당신만을 사랑할게
어디 여자가
어디 여자가 함부로
주방에 들어오려고 해
이곳은 나의 영토야
힘들면 그냥 사 먹자
명절날 음식 같이해
당신은 내 사랑이야
당신은 내 사랑이야"
이력서,249,반장부,"세월아 세월아 걸음을 재촉 마라
하도 빨리 가서 원망도 못 했는데
왜 자꾸 자꾸 등 뒤에서 나를 떠미나
말도 많고 탈도 많은 세상사라서
죽자 살자 욕심 많은 그까짓 거 돈 모아도
둘러메고 짊어지고 갈 것도 아닐 텐데
훨 훨 훨 모두 털고 한세상을 보냈더니
내 인생의 이력서 이것뿐이요
공연히 한세상을 헤매였구나
세월아 세월아 걸음을 재촉 마라
하도 빨리 가서 원망도 못 했는데
왜 자꾸 자꾸 등 뒤에서 나를 떠미나
말도 많고 탈도 많은 세상사라서
죽자 살자 욕심 많은 그까짓 거 돈 모아도
둘러메고 짊어지고 갈 것도 아닐 텐데
훨 훨 훨 모두 털고 한세상을 보냈더니
내 인생의 이력서 이것뿐이요
공연히 한세상을 헤매였구나
내 인생의 이력서 이것뿐이요
공연히 한세상을 헤매였구나"
뜨거운 안녕,185,박민수,"또다시 말해 주오
사랑하고 있다고
별들이 다정히
손을 잡는 밤
기어이 가신다면
헤어집시다
아프게 마음 새긴
그 말 한마디
보내고 밤마다
울음이 나도
남자답게 말하리라
안녕이라고
뜨겁게 뜨겁게
안녕이라고
기어이 떠난다면
보내드리리
너무나 깊이 맺힌
그날 밤 입술
긴긴날 그리워
몸부림쳐도
남자답게 말하리라
안녕이라고
뜨겁게 (뜨겁게)
뜨겁게 (뜨겁게)
안녕이라고"
머나먼 고향,130,나상도,"머나먼 남쪽 하늘 아래 그리운 고향
사랑하는 부모형제 이 몸을 기다려
천리타향 낯선거리 헤매는 발길
한잔 술에 설움을 타서 마셔도
마음은 고향 하늘을 달려 갑니다
천리타향 낯선거리 헤매는 발길
한잔 술에 설움을 타서 마셔도
마음은 고향 하늘을 달려 갑니다"
무시로,"2,032",손태진,"이미 와버린 이별인데
슬퍼도 울지 말아요
이미 때늦은 이별인데
미련은 두지 말아요
눈물을 감추어요 눈물을 아껴요
이별보다 더 아픈게 외로움인데
무시로 무시로
그리울 때 그때 울어요
이미 돌아선 님이라면
미워도 미워말아요
이미 약속된 이별인데
아무 말 하지 말아요
눈물을 감추어요 눈물을 아껴요
이별보다 더 아픈게 외로움인데
무시로 무시로
그리울 때 그때 울어요
눈물을 감추어요 눈물을 아껴요
이별보다 더 아픈게 외로움인데
무시로 무시로
그리울 때 그때 울어요
그리울 때 그때 울어요"
마음이 고와야지,132,김용필,"새까만 눈동자의 아가씨
겉으론 거만한 것 같아도
마음이 비단같이 고와서
정말로 나는 반했네
마음이 고와야 여자지
얼굴만 예쁘다고 여자냐
한번만 마음주면 변치않는
여자가 정말 여자지
사랑을 할 때는
두 눈이 먼다고 해도
아가씨 두 눈은
별 같이 반짝거리네
마음이 고와야 여자지
얼굴만 예쁘다고 여자냐
한번만 마음주면 변치않는
여자가 정말 여자지
새까만 눈동자의 아가씨
겉으론 거만한 것 같아도
마음이 비단같이 고와서
정말로 나는 반했네
마음이 고와야 여자지
얼굴만 예쁘다고 여자냐
한 번만 마음주면 변치않는
여자가 정말 여자지
사랑을 할 때는
두 눈이 먼다고 해도
아가씨 두 눈은
별 같이 반짝거리네
마음이 고와야 여자지
얼굴만 예쁘다고 여자냐
한 번만 마음주면 변치않는
여자가 정말 여자지"
카사블랑카,"1,035",차수빈,"카사블랑카 오 너의 이름
카사블랑카 너의 하얀 집에
나의 빨간 장미를 꽂아둘게
카사블랑카

숨기려고 하진 말아요
감추려고 하진 말아요
난 그대를 알고 싶어요.
머리부터 발끝까지.

처음 만난 순간 알게됐어.
니가 바로 나의 여자란걸.
온 몸으로 너를 느낄수 있어.
떨려오는 오늘밤.

카사블랑카 오 너의 이름
카사블랑카 너의 하얀 집에
나의 빨간 장미를 꽂아둘게
카사블랑카

아끼려고 하진 말아요
멈추려고 하진 말아요
난 그대를 알고 싶어요.
머리부터 발끝까지.

처음 만난 순간 알게됐어.
니가 바로 나의 여자란걸.
온 몸으로 너를 느낄수 있어.
떨려오는 오늘밤.

카사블랑카 오 너의 이름
카사블랑카 너의 하얀 집에
나의 빨간 장미를 꽂아둘게
카사블랑카


라라라라 오오 랄랄라
라라라라 오오 랄랄라

라라라라 오오 랄랄라
라라라라 오오 랄랄라"
야간열차,637,진욱,"짠 짜자자자 짠짠
어둠을 뚫고
야간 열차야 가자
지금껏 살아온
모든 것 버리고
너에게 몸을 실었다
스쳐가는 불빛따라
지난 날들이
하나 둘 떠오르면
내 슬픈 눈물모아 던져버린다
길게 누운 철길 위로
짠 짜자자자 짠짠
어둠을 뚫고
야간 열차야 가자
내 야망 싣고
내일을 향해
가자가자가자 야간열차야

흔들리는 차창너머 지난 날들이
아스라히 그려지면
또 다른 내일 위해 던져버린다
길게 누운 철길 위로
짠 짜자자자 짠 짠
어둠을 뚫고
야간열차야 가자
내 야망 싣고
내일을 향해
가자가자가자 야간열차야
가자가자가자 야간열차야"
집시여인,117,김용필,"그댄 외롭고 쓸쓸한 여인
끝이 없는 방랑을 하는
밤에는 별 따라 낮에는 꽃 따라
먼 길을 떠나가네
때론 고독에 묻혀 있다네
하염없는 눈물 흘리네
밤에는 별 보며
낮에는 꽃 보며
사랑을 생각하네
내 마음에도 사랑은 있어
난 밤마다 꿈을 꾸네
오늘 밤에도 초원에 누워
별을 보며 생각하네
집시 집시 집시 집시여인
끝이 없는 방랑을 하는
밤에는 별 따라
낮에는 꽃 따라
외로운 집시여인

때론 고독에 묻혀 있다네
하염없는 눈물 흘리네
밤에는 별 보며
낮에는 꽃 보며
사랑을 생각하네
내 마음에도 사랑은 있어
난 밤마다 꿈을 꾸네
오늘 밤에도 초원에 누워
별을 보며 생각하네
집시 집시 집시 집시여인
끝이 없는 방랑을 하는
밤에는 별 따라
낮에는 꽃 따라
외로운 집시여인
집시 집시 집시 집시여인
끝이 없는 방랑을 하는
밤에는 별 따라 낮에는 꽃 따라
외로운 집시여인
외로운 집시여인
외로운 집시여인
외로운 집시여인"
"1,2,3 go!",189,박현호,"축하를 하며 하는 건배가
그리도 마냥 달진 않구나
언제쯤 해 뜰 날 올까
힘내라 청춘아

거리에 수많은 저 집들 중
내 것은 하나도 없다 해도
인생은 알 수 없어
한번 더 웃어보자

포기따윈 모르는 나야
힘차게 달린다 Everyday

한번 더 원 Go 투 Go 쓰리 Go
인생이 내 맘 같진 않아도
다시 한번 가보자 Go
주먹을 불끈 쥐고

현실에 울 Go 웃 Go 아프 Go
쉽지 않다 해도
멋진 날을 기다리며
한번 더 웃어 보자

삼세번 찍어보자 청춘아
안되면 되게 하자 젊음아
비 온 뒤 무지개 뜬다
내가 한다면 해

지치려면 멀었다 한참
고생 끝 낙이 온다
캄캄한 이 세상에
언젠가 빛이온다


포기따윈 모르는 나야
힘차게 달린다 Everyday

한번 더 원 Go 투 Go 쓰리 Go
인생이 내 맘 같진 않아도
다시 한번 가보자 Go
주먹을 불끈 쥐고

현실에 울 Go 웃 Go 아프 Go
쉽지 않다 해도
멋진 날이 내게 오길
한번 더 기다린다

다시 또 원 Go 투 Go 쓰리 Go
힘이 든다 해도
멋진 날이 내게 오길
한번 더 기다린다

한번 더 웃어 본다

한번 더 달려보자 Yeah!"
나룻배(津船),132,양지원 (YangJiwon),"나루터 언덕길에 서성이는 사람아
고뇌어린 한숨으로 눈물짓는 그대여
그 짐 다 내게 풀고 뱃전에 오르소서
뱃전에 오르소서
그 눈물 다 내게 주고 저강을 건너소서
내 한몸 띄워 그대의 나룻배 되리라
내 혼을 살라 그대위해 노저으리라
나루터 언덕길에 서성이는 사람아
고뇌어린 한숨으로 눈물짓는 그대여
그 짐 다 내게 풀고 뱃전에 오르소서
뱃전에 오르소서
그 눈물 다 내게 주고 저강을 건너소서
내 한몸 띄워 그대의 나룻배 되리라
내 혼을 살라 그대위해 노저으리라
내 혼을 살라 그대위해 노저으리라"
제3한강교,694,혜은이,"강물은 흘러갑니다
제3한강교 밑을
당신과 나의 꿈을
싣고서 마음을 싣고서
젊음은 피어나는
꽃처럼 이밤을 맴돌다가
새처럼 바람처럼
물처럼 흘러만 갑니다
어제 다시 만나서 다짐을 하고
우리들은 맹세를 하였습니다
이밤이 새이며는 첫차를 타고
행복어린 거리로 떠나갈거예요
강물은 흘러갑니다
제3한강교 밑을
바다로 쉬지않고
바다로 흘러만 갑니다
어제 다시 만나서 다짐을 하고
우리들은 맹세를 하였습니다
이밤이 새이며는 첫차를 타고
행복어린 거리로 떠나갈거예요
강물은 흘러갑니다
제3한강교 밑을
바다로 쉬지않고
바다로 흘러만 갑니다
흘러만 갑니다
흘러만 갑니다"
내인생 바람에 실어,121,장미화,"빈몸으로 살던 이슬픈 인생
길따라 헤메이다가

길닿는 대로 가다가 보면
발마다 돌이 걸리지
걸리는 돌뿌리 발은 아파도
걸음을 멈출수 없어

그래서 인생은 우리네 인생은
기나긴 여행이지
빈손으로 왔다 빈손으로 가는
내인생 바람에 실어

허공을 날자 마음껏 날자
늦은 저녁이면 어떠냐

빈몸으로 살던 이슬픈 인생
길따라 헤메이다가

길 닿는대로 가다가 보면
발마다 돌이 걸리지

빈손으로 왔다 빈손으로 가는
내인생 바람에 실어

허공을 날자 마음껏 날자
늦은 저녁이면 어떠냐"
애인,70,주현미,"나 ~~ 나 ~~ 나 ~~
나 ~~ 나 ~~ 나 ~~
두 눈을 감아요
두 눈을 감아요
당신~께 하고 싶은
말이 있어요
아무도 몰래
누구도 몰래
지금 이 시간
사랑한단 말 대신
좋아한단 말 대신
어느새 두 뺨에
노을이 지~네
나를 보세요
나를 보세요
아아아
내 마음이~
왜 이럴~까요
나 ~~ 나 ~~ 나 ~~
나 ~~ 나 ~~ 나 ~~

내 눈을 보세요
내 눈을 보세요
밤하~늘 별보~다
반짝이잖아
가까이와요 속삭여줘요
지금 이 순간
사랑한단 말 대신
좋아한단 말 대신
어느새 두 뺨에
노을이지~네
아무도 몰라
아무도 몰라
아아아 꿈이라면~
깨지 말~아요"
어머나! (Remix)- 신철 리믹스 뉴버전,144,장윤정,"어머나 어머나 이러지 마세요
여자의 마음은 갈대랍니다
안돼요 왜이래요 묻지말아요
더이상 내게 원하시면 안돼요
오 마이 갓
너를 처음보자 마자
바로 난 무릎 꿇고
감사기도 했다
지금까지 힘들고
거칠게 살아온
나의 인생 이젠 괜찮다고
지금 너를 내게 보내준 것
그것만으로 감사하다고
고맙다고
그런데 집으로
들어가는 길인가요
저 술 한 잔 사주실래요
오늘 처음 만난 당신이지만
내 사랑인걸요
헤어지면 남이 되어
모른척 하겠지만
좋아해요 사랑해요
거짓말처럼 당신을 사랑해요
소설속의 영화속의
멋진 주인공은 아니지만
괜찮아요 말해봐요
당신 위해서라면 다 줄게요
어머나 어머나 이러지 마세요
여자의 마음은 바람입니다
안돼요 왜이래요 잡지말아요
더이상 내게 바라시면 안돼요
오 마이 갓
니 표정이 왜이래
그동안 많이 힘들었구나
괜찮아
너무 힘이 들면
실컷 울어버려
눈물속에 모두
날려 보내버려
이젠 네 곁에 내가 있어
걱정마
우리 서로 조금씩 감싸주면 돼
그런데 지금 술 값이 모자라니
얼마 안되지만 내가 좀 도와줄까
오늘 처음 만난 당신이지만
내 사랑인걸요
헤어지면 남이 되어
모른척 하겠지만
좋아해요 사량해요
거짓말처럼 당신을 사랑해요
소설속의 영화속의
멋진 주인공은 아니지만
괜찮아요 말해봐요
당신 위해서라면 다 줄게요
소설속의 영화속의
멋진 주인공은 아니지만
괜찮아요 말해봐요
당신 위해서라면 다 줄게요"
부르라이또 요꼬하마,272,김오라,"마찌노아까리가 돗떼모
끼레이네 요코하마
블루나이트 요코하마
아나따또 후따리 시아와세요
이쯔모노요우니 아이노
고또바오 요코하마
블루라이트 요코하마
와다시니 구다사이 아나따까라
아루이떼모 아루이떼모
고부네노요우니
와다시와 유레떼 유레떼
아나따노 우떼노나까
아시오또다께나 쯔이떼구루노요
요코하마
블루나이트 요코하마
야사시이 구찌쯔께 모오이찌도

아루이떼모 아루이떼모
고부네노요우니
와다시와 유레떼 유레떼
아나따노 우떼노나까
아나따노스끼나 다바꼬
노까오리 요꼬하마
블루나이트 요코하마
후따리노 세까이 이쯔마데모"
얄미운 사람,420,장윤정,"사랑만 남겨놓고 떠나가느냐
얄미운 사람
슬픈 음악처럼 이마음 울려놓고
저 멀리 떠나간 사람
미련만 남겨놓고 돌아가는냐
얄미운 사람
미련때문인가 멍들은 이내가슴
아픔만 주고 간 사람
정주고 마음주고 사랑도 줬지만
지금은 남이 되어 떠나가느냐
이별의 아픔일랑 가져가다오
아~~얄미운 사람

사랑만 남겨놓고 떠나가느냐
얄미운 사람
슬픈 음악처럼 이마음 울려놓고
저멀리 떠나간 사람

사랑만 남겨놓고 떠나가느냐
얄미운 사람
슬픈 음악처럼 이마음 울려놓고
저 멀리 떠나간 사람
미련만 남겨놓고 돌아가는냐
얄미운 사람
미련때문인가 멍들은 이내가슴
아픔만 주고 간 사람
정주고 마음주고 사랑도 줬지만
지금은 남이 되어 떠나가느냐
이별의 아픔일랑 가져가다오
아~얄미운 사람
사랑만 남겨놓고 떠나가느냐
얄미운 사람
슬픈 음악처럼 이마음 울려놓고
저멀리 떠나간 사람
미련때문인가 멍들은 이내가슴
아픔만 주고 간 사람"
멍에,259,장윤정,"사랑의 기로에 서서 슬픔을 갖지 말아요
어차피 헤어져야 할거면 미련을 두지말아요
이별의 기로에 서서 미움을 갖지 말아요
뒤돌아 아쉬움을 남기면 마음만 괴로우니까
아무리 아름답던 추억도 괴로운 이야기로
사랑의 상처를 남기네 이제는 헤어졌는데
그래도 내게는 소중했던 그날들이
한동안 떠나지 않으리 마음만 괴로울때면

아무리 아름답던 추억도 괴로운 이야기로
사랑의 상처를 남기네 이제는 헤어졌는데
그래도 내게는 소중했던 그날들이
한동안 떠나지 않으리 마음만 괴로울때면
한동안 떠나지 않으리 마음이 괴로울때면"
당신의 첫사랑,382,장은숙,"당신의 첫사랑


첫사랑을 당신은 잊었나요.
마음만 설레이던 지난날 그 사랑을

첫사랑에 당신은 울었나요.
가슴만 메어지던 지난날 그 사랑에


굳은 맹세 푸른꿈은 사라지고
아련한 추억에 조각들만 남았을 때
쓸쓸한 길에서
약속도 없이 우연히 마주서면
무슨말을 하나요.
세월이 흐른 뒤에


굳은 맹세 푸른꿈은 사라지고
아련한 추억에 조각들만 남았을 때
쓸쓸한 길에서
약속도 없이 우연히 마주서면
무슨 말을 하나요.
세월이 흐른 뒤에 ~"
계절이 두번 바뀌면,49,방미,"달빛 아래에
젖은 그 모습은
안타까운 꽃 한송이
돌아서서 가는
그 모습은
멀리 멀리 사라졌어요
오늘도 그리움에 젖어
기다려봐도 기다려봐도
보이는건 낙엽만
쓸쓸히 떨어져
방울 방울
눈물지게 하네
너는 너는
내 마음을 알고 있는지
꿈속이라도 들려주세요
눈물어린 목소리로
너는 너는
하얀 목련꽃을
지금도 좋아하나요
계절이 두번
두번 바뀌면
활짝 웃고 있을거예요

오늘도 그리움에 젖어
기다려봐도 기다려봐도
보이는건 낙엽만
쓸쓸히 떨어져
방울 방울
눈물지게 하네
너는 너는
내 마음을 알고 있는지
꿈속이라도 들려 주세요
눈물 어린 목소리로
너는 너는
하얀 목련꽃을
지금도 좋아 하나요
계절이 두번
두번 바뀌면
활짝 웃고 있을거예요"
청춘고백,222,남인수,"헤어지면 그리웁고
만나보면 시들하고
몹쓸 것 이내 심사
믿는다 믿어라 변치말자
누가 먼저 말했던가
아 생각하면 생각사록
죄많은 내 청춘

좋다할 때 뿌리치고
싫다할 때 달겨드는
모를 것 이내 마음
믿는다 믿어라 변치말자
누가 먼저 말했던고
아 생각하면 생각사록
죄많은 내 청춘"
제2의 고향,112,윤수일,"사방을 몇바퀴
아무리 돌아봐도
보이는건 싸늘한
콘크리트 빌딩숲
정둘곳 찾아봐도
하나도 없지만
그래도 나에겐 제2의 고향

거리를 하루종일
아무리 걸어봐도
보이는건 한없이
밀리는 자동차
가슴은 답답하고
머리는 띵하지만
그래도 나에겐 제2의 고향
밤이면 빌딩위에 걸린 초생달
쓸쓸한 내 마음을
달래주누나 우우우 우우우
너의 모습처럼

친구가 그리워
앞뒤집을 둘러봐도
보이는건 까마득히
쌓아올린 벽돌담
허탈한 마음으로
돌아서 왔지만
그래도 나에겐 제2의 고향
밤이면 창가에 모여드는 별들
조용히 귓가에
속삭이누나 우우우 우우우
너의 마음처럼
우우우 제2의 고향
우우우 제2의 고향
우우우 제2의 고향
우우우 제2의 고향"
바보,181,유상록,"지금 무슨말을 해야하나
그대 떠나고 없는데
못다한 이야기는 긴밤을
긴밤을 태우고 있네
이제 누굴 사랑해야 하나
그대 내곁에 없는데
희미한 불빛아래 추억을
추억은 더듬고있네
안녕하며 돌아서 던 그밤도
난 울지 않았네
오직 당신만을 사랑 했는지
그것마저 나는 몰랐네
세월이 흘러가면 갈수록
가슴은 텅 비워져가고
사랑을 깨닫지 못한 내가
어리석은 바보였네

안녕하면 돌아서 던 그밤도
난 울지 않았네
오직 당신만을 사랑 했는지
그것마저 나는 몰랐네
세월이 흘러가면 갈수록
가슴은 텅 비워져가고
사랑을 깨닫지 못한 내가
어리석은 바보였네
어리석은 바보였네"
연인,356,조항조,"다시 만날 수 있을까
이 밤 지나면
나의 가슴에 이별을 두고
떠나가는 사람아
이젠 부르지 않으리
애써 다짐해 놓고
밤이 새도록
그대 생각에 눈을 젖는다
미운 사람아 정든 사람아
어디서 무얼 하는지
보고싶어서 몸부림쳐도
만날수 없는 사람아
내가 세상에 태어나
너를 만나 사랑한것이
지금 나에겐 전부야
다시 돌아와
미운 사람아 정든 사람아
어디서 무얼 하는지
보고싶어서 몸부림 쳐도
만날수 없는 사람아
내가 세상에 태어나
너를 만나 사랑한 것이
지금 나에겐 전부야
다시 돌아와
다시 나에게 돌아와
그 언제라도"
유정 천리,124,금잔디,"가련다 떠나련다
어린 아들 손을 잡고
감자 심고 수수 심는
두메산골 내 고향에
못 살아도 나는 좋아
외로워도 나는 좋아
눈물 어린 보따리에
황혼빛이 젖어드네
세상을 원망하랴
내 아내를 원망하랴
누이동생 혜숙이야
행복하게 살아다오
가도 가도 끝이 없는
인생길은 몇 굽이냐
유정천리 꽃이 피네
무정천리 눈이 오네"
산다는 것은,200,소리새,"어디로 가야 하나 멀기만한 세월
단 하루를 살아도 마음 편하고 싶어
그래도 난 분명하지 않은 갈 길에
몸을 기댔어
날마다 나는 태어나는 거였고
난 날마다 또 다른 꿈을 꾸었지
어깨위로 짊어진 삶이 너무 무거워
지쳤다는 말조차 하기 힘들 때
다시 나의 창을 두드리는 그대가 있고
어둠을 가를 빛과 같았어
여기서가 끝이 아님을
우린 기쁨처럼 알게 되고
산다는 건 그것만으로도
의미는 충분한거지
날마다 나는 태어나는 거였고
난 날마다 또 다른 꿈을 꾸었지
어깨위로 짊어진 삶이 너무 무거워
지쳤다는 말조차 하기 힘들 때
다시 나의 창을 두드리는 그대가 있고
어둠을 가를 빛과 같았어
여기서가 끝이 아님을
우린 기쁨처럼 알게 되고
산다는 건 그것만으로도
의미는 충분한거지"
호강,453,추가열,"당신만 사랑한다
말 한마디 해놓고
그 약속 지키지 못하고
세월 지나 뒤돌아보니
정신 없이 걸어 온 날들
지난 날 미안해요 고마워요
남은 인생 행복합시다
몇 년이라도 돌아갈 수 있다면
돌아갈 수 있다면
그대 아픔 대신 질 텐데
호강이란 거 못 시켜줘 미안해
세월이 원망이구나
당신만 사랑한다
말 한마디 해놓고
그 약속 지키지 못하고
세월 지나 뒤돌아보니
정신 없이 살아 온 날들
지난 날 미안해요 고마워요
남은 인생 행복합시다
몇 년이라도 돌아갈 수 있다면
돌아갈 수 있다면
그대 아픔 대신 질 텐데
호강이란 거 못 시켜줘 미안해
세월이 원망이구나
세월이 원망이구나"
바보같은 사나이,75,나훈아,"사랑이 빗물되어 말없이 흘러내릴때
사나이는 울었다네 빗물도 울었다네
세월가면 잊어질까
세월아 말을 해다오
못잊어 못잊어서
가슴만 태우는 바보같은 사나이
사랑이 빗물되어 서럽게 흘러내릴때
사나이는 울었다네 빗물도 울었다네
세월가면 잊어질까
세월아 말을 해다오
그리워 그리워서
가슴만 태우는 바보같은 사나이"
흰구름,75,나훈아,"그리워 그리워 고향하늘 바라보면
흰 구름에 그려지는
주름진 얼굴 어머님 얼굴
한나절이면 가고
잡힐 듯이 가까운데
왜 못가나 왜 못가나
철새들은 날아 가 는데
그리워 그리워 고향하늘 바라보면
흰 구름에 그려지는
흰 머리카락 어머님 얼굴
고향강변 송아지소리
들리는 듯 가까운데
왜 못가나 왜 못가나
그리운 고향 산천"
초생달,"1,250",김소유,"오동나무 가지 끝에
초생달을 걸었던 밤에
마음을 주고 받던 님
약속은 철썩 같았다
누가 먼저 돌아섰나 그리움을 지우고
세월은 우리 사이 멀어지게 했지만
오늘밤도 너를 닮은 초생달
또 떠오르면
그날 다시 생각나 사랑 다시 생각나
두 눈에 이슬 젖는다
오동나무 가지 끝에
초생달을 걸었던 밤에
마음을 주고 받던 님
약속은 철썩 같았다
누가 먼저 돌아섰나 그리움을 지우고
세월은 우리 사이 멀어지게 했지만
오늘밤도 너를 닮은 초생달
또 떠오르면
그날 다시 생각나 사랑 다시 생각나
두 눈에 이슬 젖는다
두 눈에 이슬 젖는다"
모란동백,88,백미현,"모란은 벌써 지고 없는데
먼 산에 뻐꾸기 울면
상냥한 얼굴 모란 아가씨
꿈속에 찾아오네
세상은 바람 불고 고달파라
나 어느 변방에
떠돌다 떠돌다 어느 나무 그늘에
고요히 고요히 잠든다 해도
또 한 번 모란이 필 때까지
나를 잊지 말아요

동백은 벌써 지고 없는데
들녘에 눈이 내리면
상냥한 얼굴 동백 아가씨
꿈속에 웃고 오네
세상은 바람 불고 덧없어라
나 어느 바다에
떠돌다 떠돌다 어느 모랫벌에
외로이 외로이 잠든다 해도
또 한 번 동백이 필 때까지
나를 잊지 말아요
외로이 외로이 잠든다 해도
또 한 번 모란이 필 때까지
나를 잊지 말아요"
거짓말,407,최대성,"사랑했다는 그 말도 거짓말
돌아온다던 그 말도 거짓말
세상의 모든 거짓말 다 해놓고
행여 나를 찾아와 있을
너의 그 마음도 다칠까
너의 자리를 난 또 비워둔다
이젠 더 이상 속아선 안되지
이젠 더 이상 믿어선 안되지
하지만 그게 말처럼 쉽지 않아
다시 한번만 더
나 너를 다시 한번만 더
너에게
나를 사랑할 기횔 주어본다
어떤 사랑으로
나의 용서에 답하련지
또 잠시 날 사랑하다
떠날 건지
마치 처음 날 사랑하듯
가슴 뜨겁게 와 있지만
난 왠지 그 사랑이 두려워
오직 나만을 위한 그 약속과
내 곁에서 날 지켜준다는 말
이번만큼은 제발 변치않길
오직 나만을 위한 그 약속과
내 곁에서 날 지켜준다는 말
이번만큼은 제발 변치않길
오직 나만을 위한 그 약속과
내 곁에서 날 지켜준다는 말
이번만큼은 제발 변치않길"
어젯밤 이야기,"13,684",장민호,"어젯밤에 난 네가 미워졌어
어젯밤에 난 네가 싫어졌어
빙글빙글 돌아가는
불빛들을 바라보며
나 혼자 가슴 아팠어
내 친구들이
너의 손을 잡고 춤출 때 마다
괴로워 하던
나의 모습을 왜 못보았니
어젯밤 파티는 너무도 외로웠지
이 세상을 다 준대도
바꿀수가 없는 난데
너는 그걸 왜 모르니 우
어젯밤에 난 네가 미워졌어
어젯밤에 난 네가 싫어졌어
쉴 새 없는 음악소리
끝나기를 기다리며
나 혼자 우울 했었지
내 친구들이
너의 손을 잡고 춤출때 마다
괴로워 하던
나의 모습을 왜 못보았니
어젯밤 파티는 너무도 괴로웠지
이세상을 다 준대도
바꿀수가 없는 난데
너는 그걸 왜 모르니 우
어젯밤에 난 네가 미웠졌어
어젯밤에 난 네가 싫어졌어
쉴 새 없는 음악소리
끝나기를 기다리며
나 혼자 우울 했었지"
예쁨주의보,414,두리 (DooRi),"내 얼굴 예쁘다고 놀라지 마요
마음은 더 예쁜걸요
마법에 빠져 버린 것만 같아도
오 정신 차려요
새빨간 내 입술 보면서
가끔씩 나조차도 깜짝 놀라워요
어쩜 이리 예쁜 키스하고 싶은
날 보며 두근거려요
거울에 비친 눈망울에
한참을 멍 때리다 눈물이 고여요
너무 아름다워 혼자라 외로워
이쁜 게 잘못인가요
내 얼굴 예쁘다고 놀라지 마요
마음은 더 예쁜걸요
마법에 빠져 버린 것만 같아도
오 정신 차려요
예뻐서 외로운 내 맘에
조심히 다가오세요
매력에 빠져 기절할지도 몰라
오 정신 차려요
겁먹지 말고 다가와요
아무도 꺾지 않은 예쁜 꽃인걸요
너무 아름다워 혼자라 외로워
용기내 나를 가져요
내 얼굴 예쁘다고 놀라지 마요
마음은 더 예쁜걸요
마법에 빠져 버린 것만 같아도
오 정신 차려요
그대 손길로 나의 마음을
살짝 매만지면
촉촉이 젖은 나의 눈가에
꽃이 활짝 피어나겠죠
내 앞에 한 걸음씩 가까이 올 때
숨이 멈출지 몰라요
그대의 두근대는 떨린 가슴에
날 채워줄게요
예뻐서 놀라지 말아요
마음은 더 예쁜걸요
마법에 빠져 버린 것만 같아도
오 정신 차려요"
남자는 말합니다,"7,820",영탁,"여행 갑시다
나의 여자여
하나 뿐인
나의 여자여
상처투성이
병이 들어 버린 당신
여행가서
낫게 하리다
나란 사람 하나만 믿고
같이 살아온
바보 같이
착한 사람아
남자는 말합니다
고맙구요 감사해요
오직 나만
아는 사람아
안아 봅시다
나의 여자여
하나뿐인
나의 여자여
고운 얼굴에 쓰여진
슬픈 이야기
오늘 밤에
지워 봅시다
나란 사람 하나만 믿고
같이 살아온
바보 같이
착한 사람아
남자는 말합니다
고맙구요 감사해요
오직 나만
아는 사람아
나란 사람 하나만 믿고
같이 살아온
바보 같이
착한 사람아
남자는 말합니다
고맙구요 감사해요
오직 나만
아는 사람아
오로지 나만
아는 사람아"
그대 없이는 못 살아,"7,295",이찬원,"좋아해 좋아해 당신을 좋아해
저 하늘의 태양이 돌고 있는
한 당신을 좋아해
좋아해 좋아해 당신을 좋아해
밤하늘의 별들이 반짝이는
한 당신을 좋아해
그대 없이는 못 살아
나 혼자서는 못살아
헤어져서는 못살아
떠나가면 못살아
사모해 사모해 당신을 사모해
강물이 바다로 흘러가듯이
당신을 사모해
사모해 사모해 당신을 사모해
장미꽃이 비오기를 기다리듯이
당신을 사모해
그대 없이는 못살아
나 혼자서는 못 살아
헤어져서는 못살아
떠나가면 못살아
사랑해 사랑해 당신을 사랑해
이 생명 이 마음을 다 바치고
당신을 사랑해
사랑해 사랑해 당신을 사랑해
영원히 영원히 변함이 없이
당신을 사랑해
그대 없이는 못살아
나 혼자서는 못살아
헤어져서는 못살아
떠나가면 못살아
그대 없이는 못살아
나 혼자서는 못살아
헤어져서는 못살아
떠나가면 못살아
나 혼자서는 못살아
떠나가면 못살아"
형,"2,959",권인하,"삶이란 시련과 같은 말이야
고개 좀 들고 어깨펴 짜샤
형도 그랬단다 죽고 싶었지만
견뎌 보니 괜찮더라
맘껏 울어라 억지로 버텨라
내일은 내일의 해가 뜰테니
바람이 널 흔들고 소나기 널 적셔도
살아야 갚지 않겠니
더 울어라 젊은 인생아
져도 괜찮아 넘어지면 어때
살다보면 살아가다 보면
웃고 떠들며 이 날을 넌 추억할테니
세상에 혼자라 느낄테지
그 마음 형도 다 알아 짜샤
사람을 믿었고 사람을 잃어버린 자
어찌 너뿐이랴
맘껏 울어라 억지로 버텨라
내일은 내일의 해가 뜰테니
더 울어라 젊은 인생아
져도 괜찮아 넘어지면 어때
살다보면 살아가다 보면
웃고 떠들며 이 날을 넌 추억할테니
세상이 널 뒤통수 쳐도
소주 한잔에 타서 털어버려
부딪히고 실컷 깨지면서 살면
그게 인생 다야 넌 멋진 놈이야"
나만의 여인,"5,732",영탁,"사랑에 한번 빠지고 싶어요
아주 멋진 여자를 만나
바다가 있는 아름다운 해변을
둘이서 걷고 싶어요
가슴 벅차올라요
눈물마저 핑 도네요
지금까지 살아오면서
나를 위해 무엇을 했나
세월이 다 가기전에
내 모습 변하기 전에
그대와 둘이 밤을 지새며
지난날을 잊고 싶어요
사랑에 한번 빠지고 싶어요
아주 멋진 여자를 만나
바다가 있는 아름다운 해변을
둘이서 걷고 싶어요
가슴 벅차올라요
눈물마저 핑 도네요
지금까지 살아오면서
나를 위해 무엇을 했나
세월이 다 가기전에
내 모습 변하기 전에
그대와 둘이 밤을 지새며
지난날을 잊고 싶어요
지난날을 잊고 싶어요"
난리가 났네,"2,439",박서진,"난리가났네 난리가났어 난리가났네
세상이 시끌시끌 어지러워도
내 사랑 내 꿈을 내가 지킨다
절대 포기 하지 않고
내 갈길 가다보면
아 아 아 내 인생 꽃이 필거야
힘자랑 빽자랑 편가르기에
가짜 뉴스 판을 쳐도
내 갈길 가다보면
아 아 아 내 인생 꽃이필거야
난리가났네 난리가났어 난리가났네
세상이 시끌시끌 어지러워도
내 사랑 내 꿈을 내가 지킨다
절대 포기 하지 않고
내 갈길 가다보면
아 아 아 내 인생 꽃이 필거야
힘자랑 빽자랑 편가르기에
가짜 뉴스 판을 쳐도
내 갈길 가다보면
아 아 아 내 인생 꽃이필거야
내 인생 꽃이필거야"
사랑의 아픔 딛고 (MR),"7,985",임영웅,"어느 날 갑자기 운명처럼 만난 그대
사랑의 아픔을 딛고 다시 일어나
나를 바라보아요 나를 바라보아요
당신의 힘이 되어 줄게요
나를 바라보아요 나를 바라보아요
사랑의 버팀목 되어 줄게요
그러니 다시 한번 나를 보아요
당신 곁에 내가 있어요
그러니 다시 한번 나를 보아요
사랑의 아픔 딛고
어느 날 갑자기 운명처럼 만난 그대
사랑의 아픔을 딛고 다시 일어나
나를 바라보아요 나를 바라보아요
당신의 힘이 되어 줄게요
나를 바라보아요 나를 바라보아요
사랑의 버팀목 되어 줄게요
그러니 다시 한번 나를 보아요
당신 곁에 내가 있어요
그러니 다시 한번 나를 보아요
사랑의 아픔 딛고
사랑의 아픔 딛고"
싫다 싫어,"6,601",영탁,"당신 아닌 다른 사람도
얼마든지 많고 많은데
왜 하필 당신만을 사랑하고
이렇게도 애를 태우나
싫다 싫어 꿈도 사랑도
싫다 싫어 생각을 말자
당신의 거미줄에
묶인 줄도 모르고
철없이 보내버린
내가 너무 미워서
아차 해도 뉘우쳐도
모두가 지난이야기
당신 아닌 다른 사람도
얼마든지 많고 많은데
왜 하필 당신만을 사랑하고
괴로움에 눈물 흘리나
싫다 싫어 꿈도 사랑도
싫다 싫어 모든 것이
세 가닥 거미줄에
묶인 줄도 모르고
철없이 보내버린
내가 너무 미워서
아차 해도 뉘우쳐도
모두가 지난이야기
싫다 싫어 꿈도 사랑도
싫다 싫어 모든 것이
세 가닥 거미줄에
묶인 줄도 모르고
철없이 보내버린
내가 너무 미워서
아차 해도 뉘우쳐도
모두가 지난이야기"
꽃물,"2,080",김희재,"꽃물이 들었어요
외로웠던 나의 가슴에
빨강 노랑 분홍빛에
곱디 고운 사랑 꽃물이
어서 내게로 오세요
어서 손잡아 주세요
나는 그대 남자예요
하나도 아낌없이 하나도 남김없이
모두 모두 줄게요
눈물이랑 주지 말아요
아픔일랑 주지 말아요
이제는 그대만이
나에게 전부에요
영원히 영원히 영원히
꽃 물든 나의 가슴에
상처를 주지 마세요
그대를 사랑합니다
꽃물이 들었어요
외로웠던 나의 가슴에
빨강 노랑 분홍빛에
곱디 고운 사랑 꽃물이
어서 내게로 오세요
어서 손잡아 주세요
나는 그대 남자예요
하나도 아낌없이 하나도 남김없이
모두모두 줄게요
눈물이랑 주지 말아요
아픔일랑 주지 말아요
이제는 그대만이 나에게 전부예요
영원히 영원히 영원히
꽃 물든 나의 가슴에
상처를 주지 마세요
그대를 사랑합니다
그대를 사랑합니다"
닐리리 맘보 (Cover Ver.),10,미스터 팡,"닐리리야 닐리리 닐리리 맘보
닐리리야 닐리리 닐리리 맘보
정다운 우리님 닐리리 오시는 날에
홍수에 비바람 닐리리
비바람 불어 온다네
님가신 곳을 알아야 알아야지
나막신 우산 보내지 보내 드리지
닐리리야 닐리리 닐리리 맘보
닐리리야 닐리리 닐리리 맘보
닐리리야 닐리리 닐리리 맘보
닐리리야 닐리리 닐리리 맘보
춘삼월 봄바람 닐리리 불어 오면은
나뭇가지마다 닐리리
꽃잎은 떨어 진다네
우리님 언제 오시나 언제 오시나
야속히 울려만 주네 울려만 주네
닐리리야 닐리리 닐리리 맘보
닐리리야 닐리리 닐리리 맘보"
심쿵사랑 (Sweet Love),39,차올라(Chaola),"심장 쿵쿵쿵 내맘 심쿵심쿵
당신 옆에 있으면
심장 쿵쿵쿵 내맘 심쿵심쿵
사랑에 난 빠졌나봐요
벌써 이렇게 오
벌써 이렇게 시간이 발달렸나봐
천천히 천천히 시간아 멈춰라
잠시만 떨어져도 보고싶어
미칠것 같아요
내 마음을 어떻게
이 마음을 어떻게
이게 사랑일까
심장 쿵쿵쿵 내맘 심쿵심쿵
당신 옆에 있으면
심장 쿵쿵쿵 내맘 심쿵심쿵
사랑에 난 빠졌나봐요
벌써 이렇게 오
벌써 이렇게 시간이 발달렸나봐
천천히 천천히 시간아 멈춰라
잠시만 떨어져도 보고싶어
미칠것 같아요
내 마음을 어떻게
이 마음을 어떻게
이게 사랑일까
심장 쿵쿵쿵 내맘 심쿵심쿵
당신 옆에 있으면
심장 쿵쿵쿵 내맘 심쿵심쿵
사랑에 난 빠졌나봐요
심장 쿵쿵쿵 내맘 심쿵심쿵
당신 옆에 있으면
심장 쿵쿵쿵 내맘 심쿵심쿵
사랑에 난 빠졌나봐요"
꽃바람,218,박현호,"그대는 나에게 꽃바람
내 마음 흔들어놓은 꽃바람
바보가 되고 말았어요
나 그대 사랑하니까
누군가를 사랑하면
이렇게 눈이 머나요
단 한 사람 당신이기에
사랑에 눈을 떴어요
가면 가는 대로 오는 대로
그까짓것 사랑이 뭐길래
이렇게 아프고 괴로운지
내 맘 나도 몰라요
그대는 나에게 꽃바람
내 마음 흔들어놓은 꽃바람
바보가 되고 말았어요
나 그대 사랑하니까
누군가를 사랑하면
이렇게 눈이 머나요
단 한 사람 당신이기에
사랑에 눈을 떴어요
가면 가는 대로 오는 대로
그까짓것 사랑이 뭐길래
이렇게 아프고 괴로운지
내 맘 나도 몰라요
그대는 나에게 꽃바람
내 마음 흔들어놓은 꽃바람
바보가 되고 말았어요
나 그댈 사랑하니까
나 그댈 사랑하니까
나 그댈 정말 사랑하니까"
봉선화 연정,220,민수현,"손대면 톡하고
터질 것만 같은 그대
봉선화라 부르리
더이상 참지 못할 그리움을
가슴 깊이 물들이고
수줍은 너의 고백에
내 가슴이 뜨거워
터지는 화산처럼
막을 수 없는 봉선화 연정
손대면 톡하고
터질 것만 같은 그대
봉선화라 부르리
더이상 참지 못할 그리움을
가슴 깊이 물들이고
울면서 혼자 울면서
사랑한다 말해도
무정한 너는 너는 알지 못하네
봉선화 연정
봉선화 연정"
벌떡 일어나,290,송민준,"벌떡 벌떡 벌떡 일어나
벌떡 벌떡 벌떡 일어나
새 아침이 밝아 왔네요
둥근 해가 떴습니다
일어나라 일어나라
우리나라 좋은 나라
일어나라 일어나라
방방곡곡 세상만사
빙글빙글 돌아가는데
일거리 먹거리 구경거리
너무 많은데
벌떡 벌떡 벌떡 일어나
벌떡 벌떡 벌떡 일어나
새 아침이 밝아 왔네요
새 아침이 밝아 왔네요"
젊은 태양,141,김정민,"햇빛 쏟는 거리에 선 그대 그대
고독을 느껴보았나 그대 그대
우리는 너나 없는 이방인
왜 서로를 사랑하지 않나
햇빛 쏟는 하늘 보며 웃자 웃자
외로움 떨쳐버리고 웃자 웃자
우리는 너나없는 나그네
왜 서로를 사랑하지 않나
종소리 바람 소리
고이고이 잠들던 날
먼 하늘에 저 태양이 웃는다
햇빛 쏟는 거리에 선 그대 그대
고독을 느껴보았나 그대 그대
우리는 너나없는 나그네
왜 서로를 사랑하지 않나
모진 바람 거센 파도
가슴 속에 몰아쳐도
먼 하늘에 저 태양이 웃는다
햇빛 쏟는 거리에 선 그대 그대
고독을 느껴보았나 그대 그대
우리는 너나 없는 이방인
왜 서로를 사랑하지 않나
햇빛 쏟는 하늘 보며 웃자 웃자
외로움 떨쳐버리고 웃자 웃자
우리는 너나없는 나그네
왜 서로를 사랑하지 않나
왜 서로를 사랑하지
왜 서로를 사랑하지 않나"
감사해,123,정훈희,"아침햇살에 눈뜨는 것도
저녁노을에 잠드는 것도
어제를 지나 오늘이 있어
나는 감사해
지나온 삶에 행복을 찾아
먼 길을 돌아왔네
매일매일이 감사해
하루하루가 소중해
때론 슬픈 날도 감사하며 품으리라
꿈꾸듯 태어난 세상
선물로 살아왔으니
나의 나머지 인생도 감사하며 살리라

세월이 가도 늘 변함없이
날 비춰주는 별빛이 되어
위로를 주고 사랑을 주는
그대 감사해
지나온 삶에 행복을 찾아
먼 길을 돌아왔네
매일매일이 감사해
하루하루가 소중해
때론 슬픈 날도 감사하며 품으리라
꿈꾸듯 태어난 세상
선물로 살아왔으니
나의 마지막 인생도 감사하며 살리라
감사하며 살리라"
사랑 사랑 사랑,405,최수호,"누구나 한 번쯤은 사랑에 울고
누구나 한 번쯤은 사랑에 웃고
그것이 바로 사랑 사랑 사랑이야
철부지 어렸을 땐 사랑을 몰라
세월이 흘러가면 사랑을 알지
그것이 바로 사랑 사랑 사랑이야
그 흔한 사랑 한 번 못 해본 사람
그 흔한 사랑 너무 많이 한 사람
그것이 바로 사랑 사랑 사랑이야

누구나 한 번쯤은 사랑에 울고
누구나 한 번쯤은 사랑에 웃고
그것이 바로 사랑 사랑 사랑이야
철부지 어렸을 땐 사랑을 몰라
세월이 흘러가면 사랑을 알지
그것이 바로 사랑 사랑 사랑이야
그 흔한 사랑한 번 못 해본 사람
그 흔한 사랑 너무 많이 한 사람
그것이 바로 사랑 사랑 사랑이야
사랑에 마음 아파 사랑에 울고
사랑에 기분 좋아 사랑에 웃고

누구나 한 번쯤은 사랑에 울고
누구나 한 번쯤은 사랑에 웃고
그것이 바로 사랑 사랑 사랑이야
철부지 어렸을 땐 사랑을 몰라
세월이 흘러가면 사랑을 알지
그것이 바로 사랑 사랑 사랑이야
그 흔한 사랑 한 번 못 해본 사람
그 흔한 사랑 너무 많이 한 사람
그것이 바로 사랑 사랑 사랑이야
사랑에 마음 아파 사랑에 울고
사랑에 기분 좋아 사랑에 웃고"
용두산 엘레지,718,송가인,"용두산아 용두산아
너만은 변치 말자
한발 올려 맹세하고
두 발 디뎌 언약하던
한 계단 두 계단
일백구십사 계단에
사랑 심어 다져놓은
그 사람은 어디 가고
나만 혼자 쓸쓸히도
그 시절 못 잊어
아 못 잊어 운다
둘이서 거닐던
일백구십사 계단에
즐거웠던 그 시절은
그 어디로 가버렸나
잘 있거라 나는 간다
꽃 피던 용두산
아 용두산 엘레지"
진정인가요,717,송가인,"미련 없다 그 말이 진정인가요
냉정했던 그 마음이 진정인가요
바닷가를 거닐며 수놓았던 그 추억
잊을 수가 있을까요
돌아설 때 눈물짓던 당신이라면
영원토록 영원토록
죽어도 못 잊을 겁니다
잊어달라 그 말이 진정인가요
돌아서던 그 마음이 진정인가요
오솔길을 거닐며 주고받던 그 사랑
잊을 수가 있을까요
돌아설 때 울음 참던 당신이라면
잊으려도 잊으려도
죽어도 못 잊을 겁니다
죽어도 못 잊을 겁니다"
비와 당신,233,정요심,"이젠 당신이 그립지 않죠
보고 싶은 마음도 없죠
사랑한 것도 잊혀가네요 조용하게

알 수 없는 건 그런 내 맘이
비가 오면 눈물이 나요
아주 오래 전 당신 떠나던 그날처럼

이젠 괜찮은데 사랑따윈 저버렸는데
바보같은 난 눈물이 날까

아련해지는 빛바랜 추억
그 얼마나 사무친 건지
미운 당신을 아직도 나는 그리워하네

이젠 괜찮은데 사랑따윈 저버렸는데
바보같은 난 눈물이 날까

다신 안 올텐데
잊지 못한 내가 싫은데
언제까지나 맘은 아플까

이젠 괜찮은데 사랑따윈 저버렸는데
바보같은 난 눈물이 날까
눈물이 날까"
굿바이,137,배호,"굿바이 굿바이
그 인사는 나는 싫어
굿나잇 굿나잇
그 인사도 나는 싫어
별과 같이 빛나고
달과 같이 밝고 맑은
내사랑 그대여
가지마오 가지마오
굿바이 굿나잇
그 인사는 정말 싫어

루루 루루
루루루루 루루루루
별과 같이 빛나고
달과 같이 밝고 맑은
내사랑 그대여
가지마오 가지마오
굿바이 굿나잇
그 인사는 정말 싫어"
꽃바람,211,조용필,"간밤에 불던 바람도
어디론가 사라지고
따스한 꽃바람도
어디론가 사라지고
어둠속에 헤매이는
외로운 등불이여
안개속에 헤매이는
희미한 추억이여
사랑은 바보야
사랑은 바보야
사랑은 철부지
사랑은 철부지
그 사람 이름은 꽃바람
그사람 이름은 꽃바람
이제는 안녕
이제는 안녕 안녕

어둠에서 솟아나는
찬란한 태양처럼
따스한 꽃바람도
어디선가 불어오리
상처입은 마음은
허공에 날리우고
사랑하는 마음은
햇살에 묻으리라
사랑은 바보야
사랑은 바보야
사랑은 철부지
사랑은 철부지
그 사람 이름은 꽃바람
그사람 이름은 꽃바람
이제는 안녕
이제는 안녕 안녕
이제는 안녕
이제는 안녕
안녕
이제는 안녕
이제는 안녕
안녕"
영동부르스,24,주현미,"사랑이 피어나는
영동의 밤거리
이별도 서러운데
밤비마져 날 울리네
허전한 마음속에
떠오르는 그대모습
사랑했던 순간들이
나를 나를 울리네
밤비를 맞으면서 터벅 터벅
아 영동의 밤 부르스

님떠난 영동의 거리
쓸쓸한 영동의 거리
미워라 내곁을 떠난
그사람이 미워라
나에겐 잘못이란
사랑한 죄 뿐이야
사랑했던 순간들이
나를 나를 울리네
밤비를 맞으면서 터벅 터벅
아 영동의 밤 부르스"
오동도 블루스,204,장윤정,"오동도 뱃길따라 오실 때는
여린 정 품에 안고 오질 마세요
물빛 순정은 항구의 정이라서
네온 불 한잔 술에 가슴이 타네
꽃이 피는 오동도 거리
사랑의 거리 정이 들면은
못 떠나는 오동도 블루스

오동도 물길따라 떠나실 때는
심은 정 홀로안고 울지 마세요
뱃고동 소리는 항구의 슬픔이요
네온 불 풋사랑은 너무 무정해
돌아 보는 오동도 거리
추억의 거리
정을 두고 떠나가는
오동도 블루스

꽃이 피는 오동도 거리
사랑의 거리 정이 들면은
못 떠나는 오동도 블루스
정이 들면은 못 떠나는
오동도 블루스"
지나가는 비,272,오은주,"지나가는 비에 마음을 다 적시고
길을 잃은 사슴처럼 떨고 있어요
피하지도 못하게 갑자기 와서
당신은 떠나갔어요
내린 비보다 더 많은 사랑
알면서도 모르는체 돌아선 당신
비야 비야 비야 나를 울린 비야
당신은 지나가는 비
구름 걷힌 하늘에 마음을 다 뺏기고
가슴 타는 기다림에 울고 있어요
한순간에 왔다간 그 사람을 못 잊어
오늘도 기다립니다
내린 비보다 더 많은 사랑
알면서도 모르는체 돌아선 당신
비야 비야 비야 나를 울린 비야
당신은 지나가는 비"
뜨거운 사랑,761,미스터 팡,"별빛이 부서지는 바람부는
바닷가에서
그대를 만나 사랑을 배웠고
그 사랑으로 다시 태어났죠
세월에 장난으로 너무 늦게 만난
우리 두 사람
밤 새도록 뜨거운 사랑을 나눴고
사랑에 세월도 가네요
세월아 가가가지마
세월아 가가가지마
우리님 얼굴에 주름살 남기지마
시간아 멈멈멈춰라
시간아 멈멈멈춰라
아픈 사랑아 이대로 멈춰다오
짧은 내 생에 마지막
뜨거운 사랑을
바로 당신께 당신께 바치겠소
당신을 사랑해요 예쁜 주름살이
날 울려요
세월아 가가가지마
세월아 가가가지마
우리님 얼굴에 주름살 남기지마
시간아 멈멈멈춰라
시간아 멈멈멈춰라
아픈 사랑아 이대로 멈춰다오
짧은 내 생에 마지막
뜨거운 사랑을
바로 당신께 당신께 바치겠소
당신을 사랑해요 예쁜 주름살이
날 울려요
예쁜 주름살이 날 울려요"
약손,262,전영랑,"세상에 다친 맘
낫는 약이 없을까
고단한 마음을
감출 길이 없구나
어릴 적 어미 품
배를 어루만지시던
약보다 따뜻한
그 손길이 생각난다
나아라 나아라
울 아가 울지 마라
나아라 나아라
세상에 지지 마라
엄마 손은 약손
울 아가 배는 똥배
엄마 손은 약손
울 아가 배는 똥배
나아라 나아라
울 아가 울지 마라
나아라 나아라
세상에 지지 마라
나아라 나아라
울 아가 울지 마라
나아라 나아라
세상에 지지 마라
엄마 손은 약손
울 아가 배는 똥배
엄마 손은 약손
울 아가 배는 똥배
울 아가 배는 똥배"
남자는 여자를 귀찮게 해,"6,780",영탁,"처음에 사랑할 때 그이는
씩씩한 남자였죠
밤하늘에 별도 달도 따주마
미더운 약속을 하더니
이제는 달라졌어 그이는
나보고 다 해달래
애기가 되어버린 내 사랑
당신 정말 미워 죽겠네
남자는 여자를 정말로 귀찮게 하네
남자는 여자를 정말로 귀찮게 하네
결혼을 하고 난 후 그이는
애기가 돼버렸어
밥 달라 사랑 달라 보채고
둘이서 놀기만 하재요
할 일은 해도 해도 많은데
자기만 쳐다보래
웃어라 안아 달라 조르는
당신 골치 아파 죽겠네
남자는 여자를 정말로 귀찮게 하네
남자는 여자를 정말로 귀찮게 하네
남자는 여자를 정말로 귀찮게 하네"
동반자,371,강훈,"당신은 나의 동반자
영원한 나의 동반자
내 생애 최고의 선물
당신과의 만남이었어
잘 살고 못 사는 건
타고난 팔자지만
당신만을 (당신만을)
사랑해요 (사랑해요)
영원한 동반자여
당신은 나의 동반자
영원한 나의 동반자
내 생애 최고의 선물
당신과 만남이었어
당신은 나의 동반자
영원한 나의 동반자
내 생애 최고의 선물
당신과 만남이었어
잘 살고 못 사는 건
타고난 팔자지만
당신만을 (당신만을)
사랑해요 (사랑해요)
영원한 동반자여
당신은 나의 동반자
영원한 나의 동반자
내 생애 최고의 선물
당신과 만남이었어
잘 살고 못 사는 건
타고난 팔자지만
당신만을 (당신만을)
사랑해요 (사랑해요)
영원한 동반자여
영원한 동반자여
영원한 동반자여"
간대요 글쎄,153,공훈,"가야 한대요
가야 한대요
이 한잔 커피를
마시고 나면
처음으로
돌아가야 한대요
자기밖에 모르도록
모르도록 만들어 놓고
남의 사람 되려고
간대요 글쎄
남의 사람 되려고
간대요 글쎄
싸늘한 커피 잔에
이별을 남기고
돌아가야 한대요
글쎄 간대요
글쎄 간대요
이 한잔 커피를
마시고 나면
타인으로
돌아 가야한대요
자기밖에 모르도록
모르도록 만들어놓고
남의 사람 되려고
간대요 글쎄
남의 사람 되려고
간대요 글쎄
싸늘한 커피잔에
이별을 남기고
글쎄 가야 한대요"
낙조,168,문주란,"노을지는 강물위에 물새가 슬피울면
강바람이 쓸쓸하게 물결따라 불어오는데
언제까지나 영원토록 잊지못할 그 사람
슬픈 사연에 슬픈 사연에 이밤도 목이 메인다

흘러가는 강물따라 꽃잎은 흘러가고
세월따라 굳은 그 맹세 하늘 멀리 사라졌는가
언제까지나 가슴속에 새겨놓은 그사람
잊지못해서 잊지못해서 오늘도 흐느껴운다"
연인들의 이야기,102,임수정,"무작정 당신이 좋아요
이대로 옆에 있어주세요
하고픈 이야기는 너무 많은데
흐르는 시간이 아쉬워
멀리서 기적이 우네요
누군가 떠나가고 있어요
영원히 내 곁에 있어 주세요
이별은 이별은 싫어요

무작정 당신이 좋아요
이대로 옆에 있어주세요
이렇게 앉아서 말은 안해도
가슴을 적시는 두 사랑
창 밖엔 바람이 부네요
누군가 사랑하고 있어요
우리도 그런사랑 주고 받아요
이별은 이별은 싫어요
이별은 이별은 싫어요"
갈매기가 되어,20,이미자,"부서지는 파도 저편에
얼마나 많은 슬픔 넘어서
길을 떠나 가는걸까요
까마귀 날개처럼 가슴은
상처를 받기쉬운 것이지만
포기하지 않고서 끝없이 떠도는 나
아 아-길떠나는 갈매기가 되어서
사랑이라고하는 이름의
나라로 건너갈뿐
흔들리는 마음이
가야할곳이 저편에
있다 하더라도

험한 비바람에 맞서 어떤 인생을 지금
노래 부르면서 갈 수 있나요
끝이 보이지 않는 길에서
눈 앞에 폭풍우가 몰아쳐도
다만 앞만 보고 살아가고 있는 나
아 아 길 떠나는 갈매기가 되어서
꿈이라고 부르는 이름을
날개에 고이 실어
푸른하늘 저멀리 끝없이 날아올라
내사랑 곁으로 가리"
꽃순이를 아시나요,242,김국환,"꽃순이를 아시나요
꽃처럼 어여뿐 꽃순이
나에눈에 이슬남기고
내곁을 떠나간 꽃순이
아 어딜가면 찾을까요
첫사랑 꽃순이
내사랑 꽃순이
꽃피는 봄이 돌아오며는
내곁에 오려나 꽃순이
아 어딜가면 찾을까요
첫사랑 꽃순이
내사랑 꽃순이
꽃피는 봄이 돌아오며는
내곁에 오려나 꽃순이"
몰래한 사랑,428,김지애,"그대여 이렇게 바람이
서글피 부는 날에는
그대여 이렇게 무화과가
익어가는 날에도
너랑 나랑 둘이서 무화과
그늘에 숨어앉아
지난날을 생각하며
이야기 하고 싶구나
몰래 사랑했던 그 여자 그리고
또 몰래 사랑했던 그 남자
지금은
지금은 어느 하늘 아래서
그 누굴
그 누굴 사랑하고 있을까
그대여 햇살이 영그는
가을날 뚝에 앉아서
그대여 이렇게 여미어진
마음 열고 싶을때는
너랑 나랑 둘이만 들을
수 있는 목소리로
네 눈물을 바라보며
이야기하고 싶구나
몰래 사랑했던 그 여자
그리고
또 몰래 사랑했던 그 남자
지금은
지금은 어느 하늘 아래서
그 누굴
그 누굴 사랑하고 있을까

그대여 이렇게 바람이
서글피 부는 날에는
그대여 이렇게 무화과가
익어가는 날에도
너랑 나랑 둘이서 무화과
그늘에 숨어앉아
지난날을 생각하며
이야기 하고 싶구나
몰래 사랑했던 그 여자
그리고
또 몰래 사랑했던 그 남자
지금은
지금은 어느 하늘 아래서
그 누굴
그 누굴 사랑하고 있을까
몰래 사랑했던 그 여자 그리고
또 몰래 사랑했던 그 남자
지금은
지금은 어느 하늘 아래서
그 누굴
그 누굴 사랑하고 있을까"
마지막 입맞춤,176,김범룡,"이것이 마지막 인가
마지막 입맞춤~인가
이제 곧 새벽이 오면
정녕 간단 말인가~
하 믿어지질 않아
네가 떠난다고 하니
그것이 네 마음이라면
어쩔수 없겠지만
너무나 짧은 이밤에
아무런 얘기도 없이
그냥 고개 숙인채
서러워 울고 있네
마지막 나의 입술에
입맞춤 하고 떠났네
새벽 안개속으로
서글픔만 남긴채

이것이 이~별인가
사랑의 종착역~인가
지난날 숱한 사연들이
물거품이란 말인가~
하 믿어지질 않아
우리가 헤어진다 하니
그것이 운명이~라면
어쩔수 없겠지만
너무나 짧은 이 밤에
아무런 얘기도 없이
그냥 고개 숙인채
서러워 울고 있네
마지막 나의 입술에
입맞춤 하고 떠났네
새벽 안개속으로
서글픔만 남긴채"
별빛속의 님,310,김범룡,"오늘따라 유난히 저별이
더욱빛나네
혹시 내님의 눈빛인가 나는
그만 착각했었네
떠난님이 그리워서 오늘도
밤하늘을 보면
그대 나에게 손짓하며
저멀리서 나를 부르네
밤은 깊어가고 애달픈 내마음
떠난님이 그리워
그댈 그댈 부르네
아 별빛속의 내님
정말 그리워라

오늘따라 유난히 빗물이
더욱 내려오네
혹시 내님의 눈물인가 나는
그만 착각했었네
떠난님이 그리워서 오늘도
빗속을 걸어보면
그대 나에게 손짓하며
저멀리서 나를 부르네
밤은 깊어가고 보이는 모습뿐
떠난님의 하얀
그 얼굴 그 하얀 얼굴
아 빗물속에 내린
정말 그리워라"
인생은 물레방아,52,진성,"이른 아침에
둥근해를 바라보면은
왠지 나도 모르게 기분이 좋아
앞산 새 한마리
가사없는 노래를 하고
너도 나를 일어나 큰 북을 울려라
잠에서 깨어나라
깨어나서 뛰어 보아라
인생은 물레방아
돌고 도는게 인생살이지
살다보면 너나 나나
좋은 날이 찾아 올거야

어제 밤에는
비바람이 몰아 치더니
오늘 아침엔 무지개 떴네
세상 사람들아
젖은 옷을 벚어 버리고
둥기둥기 두둥둥 큰북을 울려라
희망찬 아침해가
덩실 더덩실 춤을 추더라
나에게 광명의
광명의 빛이 찾아오려나
살다보면 너나 나나
좋은 날이 찾아 올거야
좋은 날이 찾아 올거야"
영시의 이별,258,배호,"<1절
네온불이 쓸슬하게 꺼져가는 삼거리
이별앞에 너와나는 한없이 울었다.
추억만 남겨놓은 젊은날의 불장난
원점으로 돌아가는 영시처럼 사랑아 안녕

<2절
밤안개가 자욱한길 깊어가는 이한밤
너와나의 주고받는 인사는 슬펐다.
울기도 안타까운 잊어야할 아쉬움
원점으로 돌아가는 명시처럼 사랑아 안녕"
비내리는 고모령,82,주현미,"어머님의 손을 놓고 떠나 올때엔

부엉새도 울었다오 나도 울었소

가랑잎이 휘날리는 산마루 턱을

넘어오던 그날밤이 그리웁고나



맨드라미 피고 지고 몇해 이던가

물방앗간 뒷전에서 맺은 사랑아

어이해서 못잊느냐 망향초 신세

비내리는 고모령을 언제 넘느냐"
꼬마인형,149,최진희,"*그 날밤 황홀한 시간을

난 잊을 수가 없어요



세상에 태어나서 난 처음

당신을 알고 말았죠



말 없이 흐르던 눈물을

난 감출 수가 없었네



창문에 부딪히는~ 빗방울을

하나둘 세고 있었죠



*늦어도 그날까지

약속만을 남겨 둔채로



밤이 지나고 새벽 먼 길을

떠나갈 사람~이여~



부서지는 모래성을

쌓으며 또 쌓으며



꼬마인형을 가슴에 안고

나는 기다릴래요~



늦어도 그날까지

약속만을 남겨~둔채로



밤이 지나고 새벽 먼 길을

떠나갈 사람이여~



부서지는 모래성을

쌓으면 또 쌓으며



꼬마인형을 가슴에 안고

나는 기다릴래요~



꼬마인형을 가슴에 안고

나는 기다릴래요~"
저 강은 알고 있다,204,이미자,"비오는 낙동강에
저녁 노을 짙어지면
흘러 보낸 내 청춘이
눈물속에 떠오른다
한 많은 반 평생에
눈보라를 안고서
모질게 살아가는 이내 심정을
저 강은 알고 있다

밤 안개 깊어가고
인적 노을 사라지면
흘러가는 한세상이
꿈길처럼 애달프다
오늘도 달래 보는
상처뿐인 이 가슴
피맺힌 그 사연을 설움 사연을
저 강은 알고 있다"
어머니,121,남진,"어머님 오늘 하루를 어떻게 지내셨어요
백날을 하루같이 이 못난 자식위해
손발이 금이가고 잔주름이 굵어지신 어머님
몸만은 떠나있어도 어머님을 잊으오리까
오래 오래 사세요 편히 한 번 모시리라

어머님 어젯밤 꿈엔 너무나 늙으셨어요
그 정성 눈물 속에 세월이 흘렀건만
웃음을 모르시고 검은 머리 희어지신 어머님
몸만은 떠나있어도 어머님을 잊으오리까
어머님 오래 오래 사세요 편히 한 번 모시리라"
짐이된 사랑,181,이명주,"사랑만 고집했던
어리석은 난
당신이 전부였는데
나는 당신의 장난일뿐
사랑은 사치였나
내 대신에 누가 있을까
나 떠난 그 빈자리
추억마저 남이된 지금
그리움을 묻고 가지만
다시 한번만 물어봅시다
왜 내가 짐이 됐나요
사랑만 고집했던
어리석은 난
당신이 전부였는데
나는 당신의 장난일뿐
사랑은 사치였나
이젠 누가 나를 대신해
당신을 고집할까
지난날을 되짚어보면
눈물뿐인 사랑이지만
다시 한번만 물어봅시다
왜 내가 짐이 됐나요
다시 한번만 물어봅시다
왜 내가 짐이 됐나요"
어쩔사 (어쩔수 없는 사랑),153,금잔디,"당신을 사랑한다고
웃으며 말은 했지만
돌아서 우는 내 발길을
당신은 영영 모르리
당신의 그 말이 거짓말인줄
알면서도 속아준 것이
가슴에서 울고 바람 따라 울고
강물처럼 흘러도
어쩔수 없는 나의 사랑은
어쩔사 어쩔사 사랑
어쩔수 없는 내 사랑
당신을 사랑한다고
웃으며 말은 했지만
돌아서 우는 내 발길을
당신은 영영 모르리
당신의 그 말이 거짓말인줄
알면서도 속아준 것이
가슴에서 울고 바람 따라 울고
강물처럼 흘러도
어쩔수 없는 나의 사랑은
어쩔사 어쩔사 사랑
어쩔수 없는 내 사랑
어쩔수 없는 내 사랑"
여보 여보 (With. 신유),242,지원이,"여보 여보 사랑해요
당신을 사랑해요
착한 당신 당신을 만나
한평생 잘살겠소
여보 여보 고마워요
당신을 사랑해요
못난 내가 당신을 만나
한평생 잘살겠소
바람 불고 눈비와도
당신 있으면 괜찮소
모진세월 아픔도 함께한 당신
사랑 사랑 내 사랑
언제 보아도 내 사랑
사랑 사랑 내 사랑
한결 같은 내 사랑
당신을 사랑해요
여보 여보 사랑해요
당신을 사랑해요
착한 당신 당신을 만나
한평생 잘살겠소
여보 여보 고마워요
당신을 사랑해요
못난 내가 당신을 만나
한평생 잘살겠소
바람 불고 눈비와도
당신 있으면 괜찮소
모진세월 아픔도 함께한 당신
사랑 사랑 내 사랑
언제 보아도 내 사랑
사랑 사랑 내 사랑
한결 같은 내 사랑
당신을 사랑해요
당신을 사랑해요"
간대요 글쎄,185,이태호,"가야 한대요 가야 한대요
이 한잔 커피를 마시고 나면
처음으로 돌아가야 한대요
자기밖에 모르도록
모르도록 만들어놓고
남의 사람되려고 간대요 글쎄
남의 사람되려고 간대요 글쎄
싸늘한 커피 잔에
이별을 남기고 돌아가야 한대요
글쎄 간대요 글쎄 간대요
이 한잔 커피를 마시고 나면
타인으로 돌아가야 한대요
자기밖에 모르도록
모르도록 만들어 놓고
남의 사람되려고 간대요 글쎄
남의 사람되려고 간대요 글쎄
텅 빈 커피 잔에
눈물을 남기고 글쎄 가야 한대요"
별 아래 산다,"1,413",김소유,"가로등 하나 둘 꺼져가는
별 아래 내가 산다
그리움 한없이
밀려드는 선술집에서
채워진 술잔만 바라보다
뜨거운 눈물을 마신다
이것이 내가 가야할
운명이라면 차라리
웃으면서 보내야지
아 아
별 아래 내가 산다
그리움 한없이
밀려드는 선술집에서
채워진 술잔만 바라보다
뜨거운 눈물을 마신다
이것이 내가 가야할
운명이라면 차라리
웃으면서 보내야지
아 아
별 아래 내가 산다
별 아래 내가 산다"
밤열차,396,두리 (DooRi),"밤 열차는 미련없이 떠나갑니다
뜨거운 눈물 흘려야하는 사랑
빈 가슴 부여잡고
차창에 기대어
밤 이슬 내리는 창 밖을 보며
아쉬움에 자꾸만 뒤돌아보는데
기적소리 울음소리
나를 나를 나를 울리네
이제 가면 못 볼 사랑
보고플 사랑
다시 오면 안됩니까
말을 해줘요
밤 열차는 미련없이 떠나가는데
밤 열차는 미련없이 떠나갑니다
뜨거운 눈물 흘려야하는 사랑
빈 가슴 부여잡고
차창에 기대어
밤 이슬 내리는 창 밖을 보며
아쉬움에 자꾸만 뒤돌아보는데
기적소리 울음소리
나를 나를 나를 울리네
이제 가면 못 볼 사랑
보고플 사랑
다시 오면 안됩니까
말을 해줘요
밤 열차는 미련없이 떠나가는데
다시 오면 안됩니까
말을 해줘요
밤 열차는 미련없이 떠나가는데"
얄미운 사람,"1,488",정승제,"사랑만 남겨놓고 돌아가느냐
얄미운 사람 슬픈 음악처럼
이마음 울려놓고
저 멀리 떠나간 사람
미련만 남겨놓고 돌아가느냐
얄미운 사람 미련때문인가
멍들은 이 내가슴
아픔만 주고 간 사람
정주고 마음주고 사랑도 줬지만
지금은 남이 되어 떠나가느냐
이별의 아픔일랑 가져가다오
아 얄미운 사람
사랑만 남겨놓고 돌아가느냐
얄미운 사람 슬픈 음악처럼
이마음 울려놓고
저 멀리 떠나간 사람
정주고 마음주고 사랑도 줬지만
지금은 남이 되어 떠나가느냐
이별의 아픔일랑 가져가다오
아 얄미운 사람"
열두 줄,"5,584",정동원,"가슴을 뜯는 가야
금소리 달빛실은
가야금소리
한 줄을 퉁기면
옛님이 생각나고
또 한 줄을 퉁기면
술맛이 절로난다
퉁기당기 둥기당기당
둥기당기 둥기당기당
사랑 사랑 내 사랑아
어화둥둥 내 사랑아
열두줄 가야금에 실은
그 사연 어느누가
달래 주리오
가슴을 뜯는 가야금소리
구곡간장 애타는소리
한 줄을 퉁기면
옛님이 생각나고
또 한 줄을 퉁기면
술맛이 절로난다
둥기당기 둥기당기다
둥기당기 둥기당기다
사랑 사랑 내사랑아
어화둥둥 내사랑아
열두줄 가야금에
실은 그 사연
어느 누가 달래주리오"
옹이,51,권윤경,"사랑의 불씨 하나
가슴에 불 질러놓고
냉정히 등을 돌린
그사람 지우러간다
얼마나 달려가야
이사랑 내려 놓을까
어디쯤 달려가야
그리움도 놓을까
너무깊어 옹이가 된
사랑때문에 내가운다

뜨거웠던 그 사랑도
모두가 거짓이었나
냉정히 등을 돌린
그사람 지우러간다
얼마나 달려가야
이 사랑 내려놓을까
어디쯤 달려가야
그리움도 놓을까
빼지못한 옹이가 된
사랑 때문에 내가 운다
빼지못한 옹이가 된
사랑 때문에 내가 운다"
무인도,"14,253",김호중,"파도여 슬퍼 말아라
파도여 춤을 추어라
끝없는 몸부림에 파도여
파도여 서러워마라
솟아라 태양아 어둠을 헤치고
찬란한 고독을 노래하라
빛나라 별들아 캄캄한 밤에도
영원한 침묵을 비춰다오
불어라 바람아 드높아라
파도여 파도여
끝없는 몸부림에 파도여
파도여 서러워마라
솟아라 태양아 어둠을 헤치고
찬란한 고독을 노래하라
빛나라 별들아 캄캄한 밤에도
영원한 침묵을 비춰다오
불어라 바람아 드높아라
파도여 파도여"
트위스트 킹,883,남승민,"아 저기
잘나가는 아저씨 날 한번 바라봐요
왠지 아저씬 옛날엔
춤 좀 췄을 것 같은데
음 저기 옆에 있는 아주머닌 옛날엔
머리에 깻잎 좀 붙였을 것 같아
그런데 지금은 왜 그렇게 힘이 없죠
집안 일과 회사일은 미뤄둬요
지금부터 날 따라 해봐요 요렇게
요렇게 요렇게요
원 투 쓰리 포
자 흔들어 볼까
그렇게 뒤처지지 말고
나를 한번 따라 해요
그러면 하나 둘 셋 넷 다
모두 다 나와 함께 춤을 춰요
지금 내가 바로 여기 있어
트위스트 킹
아 저기
지난날에 답답한 여름이 지나가고
시원한 가을 하늘 밤
별들이 쏟아진 이날
음 예전 추억이란 기억 주머니 속에
신나게 흔들던 트위스트 춤을
밤하늘 반짝인 별들에게 보여줘요
지난 일과 힘든 일은 미뤄둬요
지금부터 날 따라 해봐요 요렇게
요렇게 요렇게요
원 투 쓰리 포
자 흔들어 볼까
그렇게 뒤처지지 말고
나를 한번 따라 해요
그러면 하나 둘 셋 넷 다
모두 다 나와 함께 춤을 춰요
지금 내가 바로 여기 있어
트위스트킹
자 한번더
원 투 쓰리 포
자 흔들어 볼까
그렇게 뒤처지지 말고
나를 한번 따라 해요
그러면 하나 둘 셋 넷 다
모두 다 나와 함께 춤을 춰요
지금 내가 바로 여기 있어
트위스트킹"
아씨,61,김혜진,"옛날에 이 길은
꽃가마 타고
말 탄 님 따라서
시집가던 길
여기던가
저기던가
복사꽃 곱게
피어있던 길
한 세상 다하여
돌아가는 길
저무는 하늘가에
노을이 섧구나
옛날에 이 길은
새색시 적에
서방님 따라서
나들이 가던 길
어디선가
저만치서
뻐꾹새 구슬피
울어대던 길
한 세상 다하여
돌아가는 길
저무는 하늘가에
노을이 섧구나
노을이 섧구나"
몰래한 사랑,206,"탐라걸스(강승연,공서율,최향)","몰래 사랑했던 그 여자
몰래 사랑했던 그 남자
지금은 어느 하늘 아래서
그 누굴 사랑하고 있을까
탐라걸스
그대여 이렇게 바람이
서글피 부는 날에는
그대여 이렇게 무화과는
익어가는 날에도
너랑 나랑 둘이서 무화과
그늘에 숨어앉아
지난날을 생각하며
이야기하고 싶구나
몰래 사랑했던 그 여자 그 여자
또 몰래 사랑했던 그 남자 그 남자
지금은 어느 하늘 아래서 그 누굴
그 누굴 사랑하고 있을까
그대여 햇살이 영그는
가을날 뚝에 앉아서
그대여 이렇게 여미어진
마음 열고 싶을 때는
너랑 나랑 둘이만
들을 수 있는 목소리로
네 눈물을 네 눈물을
바라보며 바라보며
이야기 하고 싶구나
몰래 사랑했던 그 여자 그 여자
또 몰래 사랑했던 그 남자 그 남자
지금은 어느 하늘 아래서 그 누굴
그 누굴 사랑하고 있을까
그대여 그대여
몰래 사랑했던 그 여자
또 몰래 사랑했던 그 남자
지금은 어느 하늘 아래서
그 누굴 사랑하고 있을까
몰래 사랑했던 그 여자
또 몰래 사랑했던 그 남자
지금은 어느 하늘 아래서
그 누굴 사랑하고 있을까
그 누굴 사랑하고 있을까
그 누굴 사랑하고 있을까"
봉선화 첫사랑,72,임현정,"봉선화 손가락에
물들었던 그 시절은
스치듯 지나갔네
소리도 없이
나를 두고
떠나간 사람아
빨갛게 피어난
여자의 마음
지는 건 순간이더라
어쩔 수가 없더라
쉽게 변하더라
붉게 물든 손가락에
가슴 설레던
봉선화 첫사랑
봉선화 손가락에
물들었던 그 시절은
스치듯 지나갔네
소리도 없이
나를 두고
떠나간 사람아
빨갛게 피어난
여자의 마음
지는 건 순간이더라
어쩔 수가 없더라
쉽게 변하더라
붉게 물든 손가락에
가슴 설레던
봉선화 첫사랑
붉게 물든 손가락에
가슴 설레던
봉선화 첫사랑
봉선화 첫사랑"
찬찬찬,"3,696",이찬원,"차디찬 그라스에
빨간 립스틱
음악에 묻혀 굳어버린
밤 깊은 카페의 여인
가녀린 어깨위로 슬픔이
연기처럼 피어오를 때
사랑을 느끼면서
다가선 나를 향해
웃음을 던지면서
술잔을 부딪히며 찬찬찬
그러나 마음 줄 수 없다는 그 말
사랑을 할 수 없다는 그 말
쓸쓸히 창밖을 보니
주루룩주루룩주루룩주루룩
밤새워 내리는 빗물
차디찬 그라스에
빨간 립스틱
음악에 묻혀 굳어버린
밤 깊은 카페의 여인
가녀린 어깨위로 슬픔이
연기처럼 피어오를 때
사랑을 느끼면서
다가선 나를 향해
웃음을 던지면서
술잔을 부딪히며 찬찬찬
그러나 마음 줄 수 없다는 그 말
사랑을 할 수 없다는 그 말
쓸쓸히 창밖을 보니
주루룩주루룩주루룩주루룩
밤새워 내리는 빗물
밤새워 내리는 빗물"
여인의 눈물,"2,987",김희재,"사랑이 사랑으로 남아 있나요
기억 저편
난 어디쯤에 있나
다정했던 사람이
그 모진 사랑이
가슴에 남아있는데
그날이 그리워서
눈물이 나면
하염없이 이 길을 걷고 있네
밤새우던 웃음도
꼭 잡은 두 손도
모두 다 지난 이야기
긴 세월 속에
수많았던 인연
늘 상처뿐인 사랑이여
아아 바람처럼 멀리
길도 없이 떠나가는가
슬픔은 흘러간다
또 나를 달랜다
가녀린 여인의 눈물
사랑이 야속하다 아니라 해도
속절없이 가슴을 저며온다
달콤했던 말들은
다 무엇이었나
도무지 알 수가 없네
아스라이 사라진 기억
그 언약들은 별이 되어
아아 구름처럼 그대
끝도 없이 떠나가는가
아픔은 스쳐간다
또 나를 안는다
가녀린 여인의 눈물
아아 구름처럼 그대
끝도 없이 떠나가는가
아픔은 스쳐간다
또 나를 안는다
가녀린 여인의 눈물"
가라지,"2,593",장민호,"간다면 누가 너를
못 보낼 줄 알고
가라지 누가 너를
잡을 줄 알고
이렇게 날 울리고 가면
발걸음 꽤나 가볍겠다
이렇게 날 버리고 가면
마음 꽤나 편하겠다
너 괴롭고 나 괴로운 것을
왜 왜 너는 모르니
나 떠나면 나 외로운 것을
넌 넌 뻔히 알잖니
간다면 누가 너를
못 보낼 줄 알고
가라지 누가 너를
잡을 줄 알고
너 괴롭고 나 괴로운 것을
왜 왜 너는 모르니
너 떠나면 나 외로운 것을
넌 넌 뻔히 알잖니
간다면 누가 너를
못 보낼 줄 알고
가라지 누가 너를
잡을 줄 알고"
사랑의 자판기,180,허찬미,"아나요 애태우는 내 맘을
기다리고 있는 사랑을
자꾸만 그대가 떠올라
가슴이 막 뛰는 걸요
어쩜 여자의 맘도 몰라요
쑥스러워 말 못 하나요
정말 내 사랑을 원한다면
내가 고백할게요
그대 맘을 누를 거예요
가슴이 막 두근거리게
손잡아 줄게요 꼭 안아줄게요
사랑을 뽑아줘요
매일매일 누를 거예요
내 맘을 다 열어둘게요
행복을 줄게요 사랑이 넘치게
내 맘 다 줄게요
몰라요 그댄 내 맘 몰라요
터질 것만 같은 사랑을
자꾸만 그대가 맴돌아
가슴이 막 뛴다구요
어쩜 여자의 맘도 몰라요
쑥스러워 말 못 하나요
정말 내 사랑을 원한다면
내가 고백할게요
그대 맘을 누를 거예요
가슴이 막 두근거리게
손잡아 줄게요 꼭 안아줄게요
사랑을 뽑아줘요
매일매일 누를 거예요
내 맘을 다 열어둘게요
행복을 줄게요 사랑이 넘치게
내 맘 다 줄게요
내 마음도 눌러주세요
가슴이 막 두근거리게
손잡아 주세요 꼭 안아주세요
사랑을 채워줘요
매일매일 누를 거예요
내 맘을 다 열어둘게요
행복을 줄게요 사랑이 넘치게
내 맘 다 줄게요"
해변의 여인,"4,630",이찬원,"물 위에 떠 있는 황혼의 종이배
말 없이 거니는 해변의 여인아
바람에 휘날리는 머리카락 사이로
황혼 빛에 물들은 여인의 눈동자
조용히 들려오는 조개들의 옛이야기
말없이 거니는 해변의 여인아
바람에 휘날리는 머리카락 사이로
황혼 빛에 물들은 여인의 눈동자
조용히 들려오는 조개들의 옛이야기
말없이 거니는 해변의 여인아"
천상재회,571,박장현 (VROMANCE),"천상에서 다시 만나면
그대를 다시 만나면
세상에서 못다했던 그 사랑을
영원히 함께 할래요
그대는 오늘밤도 내게 올순 없겠지
목메어 애타게 불러도
대답없는 그대여
못다한 이야기는 눈물이 되겠지요
나만을 사랑했다는 말
바람결에 남았어요
끊을 수 없는 그대와 나의 인연은
운명이라 생각했죠
가슴에 묻은 추억의 작은 조각들
되돌아 회상하면서
천상에서 다시 만나면
그대를 다시 만나면
세상에서 못다했던 그 사랑을
영원히 함께 할래요
천상에서 다시 만나면
그대를 다시 만나면
세상에서 못다했던 그 사랑을
영원히 함께 할래요
세상에서 못다했던 그 사랑을
영원히 함께 할래요"
정말 좋았네,"1,922",이찬원,"사랑 그 사랑이 정말 좋았네
세월 그 세월이 가는 줄도 모르고
불타던 두 가슴에 그 정을 새기면서
사랑을 주고 사랑을 받고
그 밤이 좋았네
사랑 그 사랑이 정말 좋았네
사랑 사랑
그 사랑이 정말 좋았네
이별 이별
그 이별이 오는 줄도 모르고
푸르던 두 가슴에 참사랑 새기면서
마음을 주고 마음을 받고
그때가 좋았네
사랑 사랑
그 사랑이 정말 좋았네
사랑 사랑 사랑 사랑
푸르던 두 가슴에 참사랑 새기면서
마음을 주고 마음을 받고
그때가 좋았네
사랑 그 사랑이 정말 좋았네"
로그인하고싶어요(LOGIN),22,차올라(Chaola),"왜 자꾸 생각나요
눈 감아도 눈 떠도
내 눈에 내 앞에 아른아른거려
이런게 사랑일까
주체할 수 없는 이 마음
당신 못 보면 이 가슴 터질 것만 같아
비번 알려주세요 비번 알려주세요
당신의 마음 문을 열어주세요
들어갈 수 있게
나만 알려주세요. 나만 알려주세요.
당신만의 여자가 되고 싶어요
나만 나만
왜 자꾸 생각나요
눈 감아도 눈 떠도
내 눈에 내 앞에 아른아른거려
이런게 사랑일까
주체할 수 없는 이 마음
당신 못 보면 이 가슴 터질 것만 같아
비번 알려주세요 비번 알려주세요
당신의 마음 문을 열어주세요
들어갈 수 있게
나만 알려주세요. 나만 알려주세요.
당신만의 여자가 되고 싶어요
나만 나만
당신만의 여자가 되고 싶어요
나만 나만"
사랑이 따끔 (Lovesick),103,성민 (SUNGMIN),"사랑이 따끔따끔
놀란 가슴이 또
널 부른다
그 마음을 내게 줘
이 마음은 하나
그댈 부르는 사랑
멀리 떠나면 정말
아무것도 할 수 없는 나야
하나보다 둘이 좋아
원한다면 내게로 와
이젠 말할게
내 마음 다 준다고
사랑이 따끔따끔
그댈 볼 때면
내 맘이 따끔따끔
흔들려
사랑이 따끔따끔
놀란 가슴이 또
널 부른다
그 마음을 내게 줘
늘 보고픈 진심
질리지도 않나 봐
긴 시간이 흘러도
한순간도 놓치지 않을게
하나보다 둘이 좋아
원한다면 내게로 와
이젠 말할게
내 마음 다 준다고
사랑이 따끔따끔
그댈 볼 때면
내 맘이 따끔따끔
흔들려
사랑이 따끔따끔
놀란 가슴이 또
널 부른다
그 마음을 내게 줘
사랑이 따끔따끔
뛰고 있다고
널 보면 따끔따끔
자꾸만
사랑이 따끔따끔
너도 같다면 더
날 안아줘 이대로
사랑이 따끔따끔
그댈 볼 때면
내 맘이 따끔따끔
흔들려
사랑이 따끔따끔
놀란 가슴이 또
널 부른다
그 마음을 내게 줘
사랑이 따끔따끔"
미스고,138,공훈,"미스고 미스고
나는 너를 사랑했었다
짧은 순간 내 가슴에 머물다간
그 흔적 너무 크더라
시인처럼 사랑하고
시인처럼 스쳐간 너
계곡처럼 깊이 패인
그리움만 남긴 너
미스고 미스고
나는 나는 사랑의 삐에로
미스고 미스고
나는 너를 잊지 못했다
짧은 순간 내 가슴에 머물다간
그 흔적 너무 깊더라
시인처럼 사랑하고
시인처럼 가버린 너
계곡처럼 깊이 패인
그리움만 남긴 너
미스고 미스고
나는 나는 사랑의 삐에로"
찬찬찬,130,김용필,"차디 찬 글라스에
빨간 립스틱
음악에 묻혀 굳어버린
밤 깊은 카페의 여인
가녀린 어깨 위로 슬픔이
연기처럼 피어오를 때
사랑을 느끼면서
다가선 나를 향해
웃음을 던지면서
술 잔을 부딪히며 찬찬찬
그러나 마음 줄 수 없다는 그 말
사랑을 할 수 없다는 그 말
쓸쓸히 창 밖을 보니
주루룩 주루룩 주루룩 주루룩
밤새워 내리는 빗물
노란 스탠드에
빨간 립스틱
그 누굴 찾아 여기 왔나
밤 깊은 카페의 여인
가녀린 어깨 위로 슬픔이
연기처럼 피어 오를 때
사랑을 느끼면서
다가선 나를 향해
웃음을 던지면서
술 잔을 부딪히며 찬찬찬
그러나 마음 줄 수 없다는 그 말
사랑을 할 수 없다는 그 말
쓸쓸히 창밖을 보니
주루룩 주루룩 주루룩 주루룩
밤새워 내리는 빗물
밤새워 내리는 빗물"
쌈바의 여인,"1,949",손태진,"내 마음을 사로잡는 그대
쌈바 춤을 추고 있는 그대
화려한 불빛 음악에 젖어
사랑에 취해버린 그대

사랑 사랑한다고
좋아 좋아한다고
눈빛 하나로 몸짓 하나로
내 마음 사로잡는 밤

쌈바 쌈바 쌈바 쌈바
춤을 추고 있는 그대
쌈바 쌈바 쌈바 쌈바
사랑스런 나의 그대
이 밤 그대는 불타오르는
영원한 나만의 사랑

사랑 사랑한다고
좋아 좋아한다고
젖은 머릿결 젖은 눈동자
내 마음 사로잡는 밤

쌈바 쌈바 쌈바 쌈바
춤을 추고 있는 그대
쌈바 쌈바 쌈바 쌈바
사랑스런 나의 그대
이 밤 그대는 불타오르는
영원한 나만의 사랑

쌈바 쌈바 쌈바 쌈바
춤을 추고 있는 그대
쌈바 쌈바 쌈바 쌈바
사랑스런 나의 그대

이 밤 그대는 불타오르는
영원한 나만의 사랑
영원한 나만의 사랑"
콩닥콩닥 (2023),77,금비,"두근 두근 내 맘 콩닥 콩닥 차마 못한 그 말 속닥 속닥
주륵 주륵 슬픈 비가 내리면 가슴이 저려 옵니다
두근 두근 내 맘 콩닥 콩닥 차마 못한 그 말 속닥 속닥
주륵 주륵 자꾸 눈물이 흘러 화장만 번져 갑니다
뭘 하다 이제야 왔나요 왜 이제 나를 찾아왔나요
힘들게 맘잡은 나에게 이러는 이윤 대체 뭐야
함부로 손을 잡지 말아요 멋대로 나를 안지 말아요
그 뻔한 유혹에 넘어갈 그렇게 쉬운 여자 아냐
두근 두근 내 맘 콩닥 콩닥 차마 못한 그 말 속닥 속닥
주륵 주륵 슬픈 비가 내리면 가슴이 저려 옵니다
두근 두근 내 맘 콩닥 콩닥 차마 못한 그 말 속닥속닥
주륵주륵 자꾸 눈물이 흘러 화장만 번져 갑니다
잘난 니 맘대로 하세요 다신 잡지 않을 테니까
가녀린 여자의 마음을 남자란 모를 테니까
두근 두근 내 맘 콩닥 콩닥 차마 못한 그 말 속닥 속닥
주륵 주륵 슬픈 비가 내리면 가슴이 저려 옵니다
두근두근 내 맘 콩닥 콩닥 차마 못한 그 말 속닥 속닥
주륵 주륵 자꾸 눈물이 흘러 화장만 번져 갑니다
두근두근 내 맘 콩닥 콩닥 차마 못한 그 말 속닥 속닥
주륵 주륵 자꾸 눈물이 흘러 화장만 번져 갑니다
가슴이 저려 옵니다"
강원도아리랑,736,송가인,"아리아리 쓰리쓰리 아라리오
아리아리 고개로 넘어간다
아주까리 정자는 구경자리
살구나무 정자로만 만나보세
아리아리 쓰리쓰리 아라리오
아리아리 고개로 넘어간다
열라는 콩밭은 왜 아니열고
아주까리 동백은 왜 여는가
아리아리 쓰리쓰리 아라리오
아리아리 고개로 넘어간다
아리랑고개다 주막집을 짓고
정든 님 오기만 기다린다
아리아리 쓰리쓰리 아라리오
아리아리 고개로 넘어간다
아주까리 정자는 구경자리
살구나무 정자로만 만나보세
아리아리 쓰리쓰리 아라리오
아리아리 고개로 넘어간다
열라는 콩밭은 왜 아니열고
아주까리 동백은 왜 여는가
아리아리 쓰리쓰리 아라리오
아리아리 고개로 넘어간다
아리아리 쓰리쓰리 아라리오
아리아리 고개로 넘어간다
아리아리 쓰리쓰리 아라리오
아리아리 고개로 넘어간다
넘어간다"
두여인,13,태진아,"아직도 옛사랑을 지우지도 못 하면서
어쩌다가 바보처럼 사랑 속에 빠졌나요
받을 땐 하나라면 줄 때도 하난데
나는 왜 두 여인을 사랑하고 있을까요
어차피 죄가 되는 사랑이라면 잊을 건 잊어야지요
까맣게 잊어야지요 모든 것을 묻어버리고
받을 땐 하나라면 줄 때도 하난데
나는 왜 두여인을 사랑하고 있을까요
어차피 죄가 되는 사랑이라면 잊을 건 잊어야지요
까맣게 잊어야지요 모든 것을 묻어버리고"
도도한 여자,741,박윤경,"술한잔 마셔보면
괜찮은 여자
사랑한다고 말을 해놓고
한두번 만나더니
빠빠이 하재요
재미가 없다고
애교가 없다고
핑계도 가지가지야
꽃다발 하나에 감동하는
맘여린 여자를 모르시나요
돈다발 하나에 마음주는
난 쉬운 여자가
아니랍니다
도도해 보이지만
꿈많은 여자
도도해 보이지만
정많은 여자
지나간 사랑에도
아파하는
맘여린 여자랍니다
술한잔 마셔보면
괜찮은 여자
꽃다발 하나에 감동하는
맘여린 여자를 모르시나요
돈다발 하나에 마음주는
난 쉬운 여자가
아니랍니다
도도해 보이지만
꿈많은 여자
도도해 보이지만
정많은 여자
지나간 사랑에도
아파하는
맘여린 여자랍니다
도도한 여자랍니다"
아싸! 내사랑,448,김혜연,"아리아리 아린사랑
쓰리쓰리 쓰린사랑
아싸 내 사랑 아싸
아리아리 아린사랑
쓰리쓰리 쓰린사랑
나혼자 애타는 짝사랑
아라아리 아름답게
쓰리쓰리 스다듬는
영원히 변하지 않는 내사랑
아싸 내사랑을 아싸
내 사랑을 찿았어
드디어 만났어
사랑해요 어디갔다
이제 왔나요 보고 보고
또 봐도 그리워요
생각만해도 좋은걸 으음
불꽃같은 태양도
미소짓는 달님도
당신과 나를 위해
빛나고 있어
아싸 내사랑 아싸
아리아리 아린사랑
쓰리쓰리 쓰린사랑
나혼자 애타는 짝사랑
아라아리 아름답게
쓰리쓰리 스다듬는
영원히 변하지 않는 내사랑
아싸 내사랑을 아싸
내 사랑을 찿았어
드디어 만났어
사랑해요 어디갔다
이제 왔나요 보고 보고
또 봐도 그리워요
생각만해도 좋은걸 으음
불꽃같은 태양도
미소짓는 달님도
당신과 나를 위해
빛나고 있어
아싸 내사랑 아싸"
복덩이,306,류원정,"복덩이 덩이 덩이야
복덩이 덩이 덩이야
행복아 터져라 뚝딱
사랑아 터져라 뚝딱
마음이 부자가 되네요
왜 이제야 내 앞에 나타났나요
넝쿨째 들어온 당신
나를 웃게 만드는 당신은 마법사
때로는 울게 하는 소설가
달덩이처럼 커져만 가는 우리네 사랑
복덩이 덩이 덩이야
복덩이 덩이 덩이야
행복아 터져라 뚝딱
사랑아 터져라 뚝딱
마음이 부자가 되네요
왜 이제야 내 앞에 나타났나요
넝쿨째 들어온 당신
나를 웃게 만드는 당신은 마법사
때로는 울게 하는 소설가
달덩이처럼 커져만 가는 우리네 사랑
복덩이 덩이 덩이야
복덩이 덩이 덩이야
행복아 터져라 뚝딱
사랑아 터져라 뚝딱
마음이 부자가 되네요
마음이 부자가 되네요"
어린나이,45,안율 (An Yul),"살아도 살아도 나는 어린나이
세월이 흘러도 어린나이
오십을 살아도 칠십을 살아도
마음만은 언제나 어린나이
나이는 숫자에 불과하다고 했지
알고 보면 모두가 청춘이라네
어른인 척 노인인 척
나이에 맞게 살려고 노력해 봐도
우우~
마음속의 소년은 나이를 먹지 않아
나이를 잊고 산다네
주름진 세월에 얼굴이 두 손을 들어도
마음에 주름이 낄 리가 있나
불과 어제만 해도 오늘보다 젊었나
알고 보면 마음속엔 시계가 없다네
살아도 살아도 나는 어린나이
세월이 흘러도 어린나이
오십을 살아도 칠십을 살아도
마음만은 언제나 어린나이
주름진 세월에 얼굴이 두 손을 들어도
마음에 주름이 낄 리가 있나
불과 어제만 해도 오늘보다 젊었나
알고 보면 마음속엔 시계가 없다네
살아도 살아도 나는 어린나이
세월이 흘러도 어린나이
오십을 살아도 칠십을 살아도
마음만은 언제나 어린나이
마음만은 언제나 어린나이"
이래도 되는 건가요,161,김수희,"이래도 되는 건가요
무슨말을 하는 거예요
못 들은 걸로 하고 싶어요
안녕이란 그 말은
우리사랑 영원하자고
오늘밤을 지새고
이제와서 누구 맘대로
헤어져야 하나요

아무런 준비도 없이
이럴수는 없는 거라고
이별의 잔을 앞에 놓고서
우린 마셔 버렸네

우리사랑 영원하자고
어둔밤을 지새고
이제와서 누구 맘대로
헤어져야 하나요
아무런 준비도 없이
이럴수는 없는 거라고
이별의 잔을 앞에 놓고서
우린 마셔 버렸네
이별의 잔을 앞에 놓고서
우린 마셔 버렸네"
돌아오지 않는 강,493,조용필,"당신의 눈속에 내가 있고
내 눈속에 당신이 있을 때
우린 서로가 행복 했노라
아아 그 바닷가
파도소리 밀려오는데
겨울나무 사이로 당신은 가고
나는 한 마리 새가 되있네

우린 서로가 행복 했노라
아아 그 바닷가
파도소리 밀려오는데
겨울나무 사이로 당신은 가고
나는 한 마리 새가 되있네
새가 되있네"
타인,249,조용필,"그대를 생각하면
한 없이 눈물이 나요
보고픈 마음이야 호수 같지만
이제는 잊어야 할
타인인줄 알면서도
잊을수가 없어서
이렇게 서성입니다
그 날을 생각하면
한 없이 서글퍼져요
그리운 마음이야 하늘 같지만
이제는 추억속에
타인인줄 알면서도
떠오르는 그 얼굴
지울수가 없어요

지금도 생각하면
눈물로 헤어진 그대
허전한 마음이야 바다 같지만
이제는 기억속의
타인 인줄 알면서도
사무치는 그리움에
잊을수가 없어요"
가인,584,김란영,"아무말 못하고 그냥 울기만 했지
힘겨운 이별 앞에 멍하니 서서
그대 처음부터 날 사랑하지 않았네
잠시 내 옆에서 있었을 뿐

난 그대가 나의 삶이라 믿어 왔지
그대를 위해서 나 사는 거라고
하지만 그대는 내가 원했던 사랑
단 한번도 주지 않았네

사랑앞에 더 이상 무릎 꿇진 않겠어
더 이상의 슬픔은 없을 테니까
그대가 날 버리고 떠나간 뒤에라도
다시 누군갈 사랑할 수 있으니 ~

사랑이여 이제 내가 달려 갈테니
거기서 조금만 기다려줘


간주 : 난 처음부터 그 사람의 여자가 아니었다
내가 사랑했던 사람은 날 사랑하지 않았고
난 끝내 그의 뒷모습을 보아야만 했다
그래 이젠 웃어야지
난 처음부터 그 사람의 여자가 아니었으니 ...


난 그대가 나의 삶이라 믿어왔지
그대를 위해서 나 사는 거라고
하지만 그대는 내가 원했던 사랑
단 한번도 주지 않았네

사랑 앞에 더 이상 무릎 꿇진 않겠어
더 이상의 슬픔은 없을테니까

그대가 날 버리고 떠나간 뒤에라도
다시 누군갈 사랑할 수 있으니 ~~

사랑이여 이제 내가 달려 갈테니 거기서 조금만 기다려줘~
사랑이여 이제 내가 움직일테니 거기서 조금만 기다려줘~"
아라리 (상사병),228,장윤정,"영원히 사랑하자던 그 말 잊으셨나요.

이유를 알고 싶어요, 정말 미워요.

단 한번 그대 눈길에 내 맘 너무 떨렸고,

바람에 꽃 잎 날리듯 흔들렸어요.

얼마나 그댄 무정하기에, 피지도 못한 순정 꺾으시나요.

사랑한다면 이별을 말고, 버릴 땐 내 눈물도 가져가세요.

아리 아리요, 아라리요. 내 곁에 돌아 올 순 없나요.

좋아한다고, 사랑한다고, 왜 내 가슴에 새기셨나요.

아리 아리요, 아라리요. 가는 길 꽃 잎 뿌려 줄게요.

행복하세요. 사랑했어요, 내 순정을 잊지 말아요. 잘 가세요.



단 한번 그대 눈길에 내 맘 너무 떨렸고,

바람에 꽃 잎 날리듯, 흔들렸어요.

얼마나 그댄 무정하기에, 피지도 못한 순정 꺾으시나요.

사랑한다면 이별을 말고. 버릴땐 내 눈물도 가져가세요.

아리 아리요, 아라리요. 내 곁에 돌아 올 순 없나요.

좋아한다고, 사랑한다고, 왜 내 가슴에 새기셨나요.

아리 아리요., 아라리요. 가는 길 꽃 잎 뿌려 줄게요.

행복하세요, 사랑했어요, 내 순정을 잊지 말아요. 잘 가세요"
부초,32,박윤경,"화려한 불빛 그늘에 숨어
사랑을 잊고 살지만
울고 싶은 밤이면
당신 생각합니다
진정 나 하나만 사랑한 당신
강물 같은 세월에
나는 꽃잎이 되어
떠다니는 사랑이 되어
차가운 거리를
떠돌다 가지만
당신 모습 따라 오네요

바람이 불어 쓸쓸한 거리
어둠을 먹고 살지만
외로워진 밤이면
당신 생각합니다
진정 소중했던 나만의 당신
눈물 같은 세월에
나는 꽃잎이 되어
떠다니는 슬픔이 되어
차가운 거리를
떠돌다 가지만
당신 모습 따라 오네요"
바보,151,태진아,"마음 주고 정을 준 게 바보였구나
사랑을 한 내가 바보였구나
거짓말인가 정말인가요
날 두고 가신다는 그 말이
기왕에 가실려거든
내 가슴에 남아있는
정마저 가져가야지
처음엔 왜 몰랐을까
이렇게 끝나는 것을
속 다르고 겉 다른 당신
마음 주고 정을 준 게 바보였구나
사랑을 한 내가 바보였구나
마음 주고 정을 준 게 바보였구나
사랑을 한 내가 바보였구나
거짓말인가 정말인가요
날 두고 가신다는 그 말이
기왕에 가실려거든
내 눈 속에 남아있는
눈물도 가져가야지
처음엔 왜 몰랐을까
이렇게 끝나는 것을
속 다르고 겉 다른 당신
마음 주고 정을 준 게 바보였구나
사랑을 한 내가 바보였구나
처음엔 왜 몰랐을까
이렇게 끝나는 것을
속 다르고 겉 다른 당신
마음 주고 정을 준 게 바보였구나
사랑을 한 내가 바보였구나"
기다리는 마음,73,장은숙,"기다려 기다려도
오지않는 그대
무슨일로 안오나
이내 작은가슴 태우며
사랑하는 마음
그대는 왜 모르나
스쳐 지나가는 세월따라 가버린
사랑이라면
나는 너무 쓸쓸해
이제 그만 돌아와
내마음을 만져줄
기다리는 내마음
꿈을 꾸며 살지요
스쳐 지나가는 세월따라 가버린
사랑이라면
나는 너무 쓸쓸해
나는 너무 쓸쓸해

이제 그만 돌아와
내마음을 만져줄
기다리는 내마음
꿈을 꾸며 살지요
스쳐 지나가는 세월따라 가버린
사랑이라면
나는 너무 쓸쓸해
나는 너무 쓸쓸해"
당신께만 (이은하),117,하윤주,"나없으면 당신 마음 찬비가 내린다 했지
그 이야기 너무나 고아 내맘속에 감추었지
먼훗날 그 맘을 잊고서 내곁을 멀리 할때면
누가 안듣게 당신께만 그말 그말 들려주려고

사랑이란 마음속에 영원한 꽃이라지만
바람결에 덧없이 지는 그런꽃도 있으니까
먼훗날 그맘을 잊고서 내마음 아푸게 하면
누가 안듣게 당신께만 그말 그말 들려주려고"
찻잔의 이별,81,최진희,"그대와 나에 찾잔이 자꾸만 식어 가는데

뜨겁던 우리 찾잔이 싸늘히 식어가는데

우리는 말을 잊었네 할말을 서로 잊었네

마시는 것도 잊었네 가슴은 타고 잇는데

그렇게도 뜨거 웟는데ㅡㅡㅡ

그렇게도 행복 햇는데ㅡㅡㅡ

무슨 잘못으로 이렇게

싸늘하게 식어 버렷나

이제는 식은 찾잔에

이별을 타서 마시고

조용히 일어 서야지

눈물을 보이기 전에



그렇게도 뜨거 웟는데ㅡㅡㅡ

그렇게도 행복 햇는데ㅡㅡㅡ

무슨 잘못으로 이렇게

싸늘하게 식어 버렷나

이제는 식은 찾잔에

이별을 타서 마시고

조용히 일어 서야지

눈물을 보이기 전에

눈물을 보이기 전에"
칠갑산,224,주병선,"콩밭메는 아낙네야

배적삼이 흠뻑 젖는다

무슨 설움 그리 많아

포기마다 눈물심누나



홀어머니 두고 시집가는날

칠갑산 산마루에

울어주던 산새소리만

어린가슴 속을 태웠소





(간주중)



*반복*"
나는 당신께 사랑을 원하지 않았어요,52,홍서범,"떠나가네 사랑이 가네
떨리는 내 손을 말없이 바라본
당신 음
떠나가네 사랑이 가네
사랑의 아픔을 남기고 떠나간
당신
오 나는 당신께 사랑을
원하지 않았어요
단지 내 곁에 머물러 달라고
말했을 뿐인데
오 올때 그냥 그렇게
오셨던 것처럼
갈때도 그렇게 오 그렇게
가셔야 하나요
떠나가네 사랑이 가네
차가운 얼굴로 무심히 돌아선
당신 음
떠나가네 사랑이 가네
이별의 슬픔도 모르고 떠나간
당신
오 나는 당신께 사랑을
원하지 않았어요
단지 내 곁에 머물러 달라고
말했을 뿐인데
오 올때 그냥 그렇게
오셨던 것처럼
갈때도 그렇게 오 그렇게
가셔야 했나요

오 나는 당신께 사랑을
원하지 않았어요
단지 내 곁에 머물러 달라고
말했을 뿐인데
오 올때 그냥 그렇게
오셨던 것처럼
갈때도 그렇게 오 그렇게
가셔야 했나요
오 그렇게 가셔야 했나요"
이정표 없는 거리,360,김상진,"이리가면 고향이요
저리가면 타향인데
이정표없는 거리
헤매도는 삼거리 길
이리갈까 저리갈까
차라리 돌아갈까
세 갈래 길 삼거리에
비가 내린다
바로가면 경상도 길
돌아가면 전라도 길
이정표없는 거리
저리가면 충청도 길
와도 그만 가도 그만
반겨 줄 사람없어
세 갈래 길 삼거리에
해가 저문다"
황진이,412,박상철,"황진이 황진이
진이 진이야
나야 황진이
어얼씨구 저절씨구
너를 안고 내가 내가 돌아간다
황진이 황진이 황진이
내일이면 간다 너를 두고 간다
황진이 너를 두고
이제 떠나면 언제 또 올까
사랑아 사랑아 내 사랑아
개나리도 피고 진달래도 피고
뻐꾸기가 울텐데
그리워서 어떻게 살까
능수버들 늘어지고
소나기 내리면
보고파서 어떻게 살까
그래도 가야지 너를 위해 가야지
황진이 너를 위해
내가 사랑한 나의 황진이
사랑아 사랑아 내 사랑아
어얼씨구 저절씨구
너를 안고 내가 내가 돌아간다
황진이 황진이 황진이
내일이면 간다 너를 두고 간다
황진이 너를 두고
이제 떠나면 언제 또 올까
사랑아 사랑아 내 사랑아
봄 여름 가고 가을이 가고
겨울이 지나가면
그리워서 어떻게 살까
하늘에서 꽃송이 하얗게 내리면
눈물나서 어떻게 살까
그래도 가야지 너를 위해 가야지
황진이 너를 위해
내가 사랑한 나의 황진이
사랑아 사랑아 내 사랑아
어얼씨구 저절씨구
너를 안고
내가 내가 돌아간다
황진이 황진이 황진이"
두렵지 않은 사랑,279,이태이,"한번만 나를 안아 주세요
아무런 말도 하지 말아요
이대로 영원히 함께해요
가슴이 메어져 오네요
알아요 맺지 못한다는걸
하지만 어쩔수 없잖아요
이렇게 우린 하나인데
내 곁에 있어주세요
사랑해요 나를 안아줘요
두렵지가 않아요
세상이 뭐라해도 난 괜찮아
너와 함께 할수 있다면
내 모든것을 다 잃어도 좋아
이렇게 함께 있으면
시간은 우릴 또 갈라놓고
이렇게 돌아서야 하는데
아는지 모르는지 저 새벽은
애타게 밝아져 오네요
날 봐요 왜 또 울고 그래요
아픔 맘 어쩔수 없잖아요
난 오직 너의 사랑인데
왜 자꾸 울고 그래요
사랑해요 나를 안아줘요
두렵지가 않아요
세상이 뭐라해도 난 괜찮아
너와 함께 할수 있다면
내 모든것을 다 잃어도 좋아
이렇게 함께 있으면
내 모든것을 다 잃어도 좋아
이렇게 함께 있으면"
반갑습니다,101,서지오,"반갑습니다 반갑습니다
여기에 오신 어머님 아버님
손뼉을 치면서 온몸을 흔들며
건강하게 살아갑시다
친구가 있는 인생은 즐거운 인생
사랑이 있는 인생은 행복한 인생
다 함께 모여서 신나게 신나게
박수도 치고 노래도 부르며
건강하게 살아갑시다
사랑합니다 사랑합니다
여기에 오신 오빠들 언니들
손뼉을 치면서 온몸을 흔들며
건강하게 살아갑시다
친구가 있는 인생은 즐거운 인생
사랑이 있는 인생은 행복한 인생
다 함께 모여서 신나게 신나게
박수도 치고 노래도 부르며
백 년 넘게 살아봅시다
여러분 여러분 신나게 신나게
박수도 치고 노래도 부르며
백 년 넘게 살아봅시다"
칵테일 사랑,428,혜화동로터리,"마음 울쩍한날엔 거리를 걸어보고
향기로운 칵테일에 취해도 보고
한편의 시가 있는 전시회장도 가고
밤새도록 그리움에 편지 쓰고파
모짜르트 피아노 협주곡 21번
그 음악을 내 귓가에 속삭여주며
아침 햇살 눈부심에 나를 깨워 줄
그런 연인이 내게 있으면
나는 아직 순수함을 느끼고 싶어
어느작은 우체국앞 계단에 앉아
후리지아 꽃향기를 내게 안겨 줄
그런 연인을 만나 봤으면
마음 울쩍한날엔 거리를 걸어보고
향기로운 칵테일에 취해도 보고
한편의 시가 있는 전시회장도 가고
밤새도록 그리움에 편지 쓰고파
모짜르트 피아노 협주곡 21번
그 음악을 내 귓가에 속삭여주며
아침 햇살 눈부시게 나를 깨워 줄
그런 연인이 내게 있으면
나는 아직 순수함을 느끼고 싶어
어느작은 우체국앞 계단에 앉아
후리지아 꽃향기를 내게 안겨 줄
그런 연인을 만나 봤으면
마음 울쩍한날엔 거리를 걸어보고
향기로운 칵테일에 취해도 보고
한편의 시가 있는 전시회장도 가고
밤새도록 그리움에 편지 쓰고파
창밖에는 우울한 비가 내리고 있어
내마음도 그 비따라 우울해지네
누가 내게 눈부신 사랑을 가져 줄까
이세상은 나로 인해 아름다운데
마음 울쩍한날엔 거리를 걸어보고
향기로운 칵테일에 취해도 보고
한편의 시가 있는 전시회장도 가고
밤새도록 그리움에 편지 쓰고파"
아득히 먼 곳,171,혜화동로터리,"찬바람 비껴 불어 이르는 곳에
마음을 두고 온 것도 아니라오
먹구름 흐트러져 휘도는 곳에
미련을 두고 온 것도 아니라오
아 어쩌다 생각이 나면
그리운 사람있어 밤을 지새고
가만히 생각하면 아득히 먼곳이라
허전한 이 내 맘에 눈물 적시네
황금빛 저녁 노을 내리는 곳에
사랑이 머무는 것도 아니라오
호숫가 푸른 숲속 아늑한 곳에
내님이 머무는 것도 아니라오
아 어쩌다 생각이 나면
그리운 사람 있어 밤을 지새고
가만히 생각하면 아득히 먼곳이라
허전한 이 내 맘에 눈물 적시네
아 어쩌다 생각이 나면
그리운 사람 있어 밤을 지새고
가만히 생각하면 아득히 먼곳이라
허전한 이 내 맘에 눈물 적시네"
진정인가요,"5,856",송가인,"미련없다 그 말이 진정인가요
냉정했던 그 마음이 진정인가요
바닷가를 거닐며 수 놓았던 그 추억
잊을 수가 있을까요
돌아설 때 눈물 짓던 당신이라면
영원토록 영원토록
죽어도 못 잊을 겁니다
잊어달라 그 말이 진정인가요
돌아서던 그 마음이 진정인가요
오솔길을 거닐며 주고 받던 그 사랑
잊을 수가 있을까요
돌아설 때 울음 참던 당신이라면
잊으려도 잊으려도
죽어도 못 잊을 겁니다
죽어도 못 잊을 겁니다"
환희 + 아모르 파티 + 강원도 아리랑,"6,031",송가인,"이제 그대 기쁨을 말해주오
이제 그대 슬픔을 말해주오
우리 서로 아픔을 같이할 때
행복 할 수 있어요
그대손을 잡고
걸어가고 있는 이 순간
세상 모든 것이 아름답게 보여요
이젠 나의 기쁨이 되어주오
이젠 나의 슬픔이 되어주오
우리 서로 아픔을 같이 하면
다시 태어날 수 있는걸
이제 그대 기쁨을 말해주오
이제 그대 슬픔을 말해주오
우리 서로 아픔을 같이할 때
행복 할 수 있어요
아모르 파티
연애는 필수 결혼은 선택
가슴이 뛰는대로 하면 돼
눈물은 이별의 거품일 뿐이야
다가올 사랑은 두렵지 않아
아모르 파티
아모르 파티
아리아리 쓰리쓰리 아라리요
아리아리 고개로 넘어간다
아주까리 정자는 구경자리
살구나무 정자로 만나보세
아리아리 쓰리쓰리 아라리요
아리아리 고개로 넘어간다
아리아리 쓰리쓰리 아라리요
아리아리 고개로 넘어간다
아리아리 쓰리쓰리 아라리요
아리아리 고개로 넘어간다
아리아리 고개로 넘어간다"
누나가 딱이야,"9,274",영탁,"남자답게 책임질게
내겐 딱 딱 연하가 딱이야
새빨간 사과 보다는
풋내 나는 사과가 더 좋아
지독한 사랑도 안 해본
연하라도 난 좋아
어디까지 헤메이다가
얼마만큼 울다 왔는지
과건 묻지 않을 테니까
내 품에 편히 쉬어
연하가 딱이야
내 품에 딱이야
오늘부터 우린 자기야
남자답게 책임질게
나만 믿고 따라와
연하가 딱이야
내 품에 딱이야
오늘부터 우린 짝이야
못이긴 척 안겨줄래
내겐 딱 딱 연하가 딱이야
남자답게 책임질게
내겐 딱 딱 연하가 딱이야
까분다고 코웃음치곤
은근슬쩍 기대는 여우
내 눈에는 너무 귀여워
깨물어주고 싶은 걸
별을 따달라면 따줄게
달을 따오라면 따올게
아재라고 얕보지마라
놓치면 후회할 걸
연하가 딱이야
내 품에 딱이야
오늘부터 우린 자기야
남자답게 책임질게
나만 믿고 따라와
연하가 딱이야
내 품에 딱이야
오늘부터 우린 짝이야
못이긴 척 안겨줄래
내겐 딱 딱 연하가 딱이야
연하가 딱이야
내 품에 딱이야
오늘부터 우린 자기야
남자답게 책임질게
나만 믿고 따라와
연하가 딱이야
내 품에 딱이야
오늘부터 우린 짝이야
못이긴 척 안겨줄래
내겐 딱 딱
연하가 딱이야"
비상,"20,210",임영웅,"누구나 한번쯤은 자기만의 세계로
빠져들게되는 순간이 있지
그렇지만 나는 제자리로 오지 못했어
되돌아 나오는 길을 모르니
너무 많은 생각과 너무 많은 걱정에
온통 내 자신을 가둬 두었지
이젠 이런 내 모습 나 조차 불안해 보여
어디 부터 시작할지 몰라서
나도 세상에 나가고 싶어
당당히 내꿈들을 보여줘야해
그토록 오랫동안 움츠렸던 날개
하늘로 더 넓게 펼쳐보이며 날고싶어
감당할수 없어서 버려둔 그 모든건
나를 기다리지 않고 떠났지
그렇게 많은 걸 잃었지만 후회는 없어
그래서 더멀리 갈수 있다면
상처받는것 보다 혼자를 택한거지
고독이 꼭 나쁜것은 아니야
외로움은 나에게 누구도 말하지 않은
소중한걸 깨닫게 했으니깐
이젠 세상에 나갈수 있어
당당히 내 꿈들을 보여 줄꺼야
그토록 오랫동안 움츠렸던 날개
하늘로 더 넓게 펼쳐보이며
다시 새롭게 시작할꺼야
더이상 아무것도 피하지 않아
이 세상 견뎌 낼 그 힘이 되줄꺼야
힘겨웠던 방황을"
운명에게,"1,281",장윤정,"위스키 한잔에 취해
블루스 음악에 취해
술 때문인지 그리움인지
가슴이 젖어 온다
비켜간 사랑은 이제
사랑이 아니었음을
술 때문인지 그리움인지
가슴이 아파 온다
철 지난 사랑이
아쉬워 울게 하고
슬픔에 한잔
그리움 한잔
사랑아 나 또 취한다
위스키 한잔에 취해
블루스 음악에 취해
술 때문인지 그리움인지
가슴이 젖어 온다
비켜간 사랑은 이제
사랑이 아니었음을
술 때문인지 그리움인지
가슴이 아파 온다
철 지난 사랑이
아쉬워 울게 하고
슬픔에 한잔
그리움 한잔
사랑아 나 또 취한다
운명아 나 또 취한다"
내 인생의 고속도로,525,강태관,"지나온 세월일랑 후회를 말아라
아픔 없는 청춘은 없다
어디로 향하는지 묻지를 마라
내 인생은 직진뿐이다
오 신나게 달려라
너를 향해 오늘도 간다
커브길 고갯길 터널도 지나서
오 슬픔아 비켜라
이대로 나 달려가 주마
내 인생의 고속도로야
이왕에 나온 세상
사나이는 일단 못 먹어도 고!
까짓것 실패한들 두려울쏘냐
달려 달려 고속도로야
오 신나게 달려라
너를 향해 오늘도 간다
커브길 고갯길 터널도 지나서
오 슬픔아 비켜라
이대로 나 달려가 주마
내 인생의 고속도로야
이왕에 나온 세상
사나이는 일단 못 먹어도 고!
까짓것 실패한들 두려울쏘냐
달려 달려 고속도로야
내 인생의 고속도로야"
남남북녀,"1,124",홍지윤,"남자는 남쪽 먼 고향에서
날마다 조금씩 잊혀져 가고
여자는 북쪽 서울 서울로
날마다 조금씩 멀어져 갔네
키보다 더 높은 그리움들이
남자의 가슴을 때리고 가도
여자는 빌딩 속 나비를 찾아
두고 온 첫사랑을 지워야 했네
물복숭아 아름답게 핀
그날 밤을 그날 밤을
남자는 남쪽 먼 고향에서
밤마다 하나씩 추억을 줍고
여자는 북쪽 서울 서울로
밤마다 하나씩 허물을 벗네
남자는 남쪽 먼 고향에서
날마다 조금씩 잊혀져 가고
여자는 북쪽 서울 서울로
날마다 조금씩 멀어져 갔네
키보다 더 높은 그리움들이
남자의 가슴을 때리고 가도
여자는 빌딩 속 나비를 찾아
두고 온 첫사랑을 지워야 했네
물복숭아 아름답게 핀
그날 밤을 그날 밤을
남자는 남쪽 먼 고향에서
밤마다 하나씩 추억을 줍고
여자는 북쪽 서울 서울로
밤마다 하나씩 허물을 벗네
밤마다 하나씩 허물을 벗네"
18세 순이,"1,174",양지은,"살구꽃이 필 때면
돌아온다던
내 사랑 순이는
돌아올 줄 모르고
서쪽하늘 문틈새로
새어드는 바람에
떨어진 꽃냄새가
나를 울리네
가야해 가야해
나는 가야해
순이 찾아 가야해
가야해 가야해
나는 가야해
순이 찾아 가야해
누가 이런 사랑을
본적이 있나요
나이는 18세
이름은 순이
가야해 가야해
나는 가야해
순이 찾아 가야해
가야해 가야해
나는 가야해
순이 찾아 가야해
누가 이런 사랑을 본적이 있나요
나이는 18세
이름은 순이
나이는 18세
이름은 순이"
끝사랑 (MR),"8,124",임영웅,"내가 이렇게 아픈데 그댄 어떨까요
원래 떠나는 사람이 더 힘든 법인데
아무 말하지 말아요 그대 마음 알아요
간신히 참고 있는 날 울게 하지 마요
이별은 시간을 멈추게 하니까
모든걸 빼앗고 추억만 주니까
아무리 웃어 보려고 안간힘 써 봐도
밥 먹다가도 울겠지만
그대 오직 그대만이
내 첫사랑 내 끝사랑
지금부터 달라질 수 없는 한 가지
그대만이 영원한 내 사랑 wah woo wah
그대도 나처럼 잘못했었다면
그 곁에 머물기 수월했을까요
사랑해 떠난다는 말 과분하다는 말
코웃음 치던 나였지만
그대 오직 그대만이
내 첫사랑 내 끝사랑
지금부터 그대 나를 잊고 살아도
그대만이 영원한 내 사랑
나는 다시는 사랑을 못할 것 같아요
그대가 아니면"
비가 내리네,708,조명섭,"비가 내리네 비가 내리네
하염없이 나뒹구는 마른잎도
땅에 젖어 슬퍼 하건만
비가 내리네 비가 내리네
미련없이 지난일은 잊혀두고
가는대로 나는 가리라
한없이 젖어드는 내 마음같이
서울의 하늘밑을 적셔만 주나
한없이 젖어드는 내 사랑같이
울적한 이 마음을 달래만 주네
비가 내리네 비가 내리네
하염없이 안타까운 조각달을
나홀로이 바라 보리라
비가 내리네 비가 내리네
하염없이 나뒹구는 마른잎도
땅에 젖어 슬퍼 하건만
비가 내리네 비가 내리네
미련없이 지난일은 잊혀두고
가는대로 나는 가리라
한없이 젖어드는 내 마음같이
서울의 하늘밑을 적셔만 주나
한없이 젖어드는 내 사랑같이
울적한 이 마음을 달래만 주네
비가 내리네 비가 내리네
하염없이 안타까운 조각달을
나홀로이 바라 보리라
젖은 땅만 바라보리라"
아버지의 강,122,조승원,"아 저녁 바람에 억새 울고
강기슭에 물새 울면
어디선가 들려오는
아버지의 뱃노래
고기를 잡아 날 키우시고
뱃노래 불러 날 재우시던
아 아 아버지
불러봐도 대답 없이
흐르는 저 강은
아버지의 강이여
고기를 잡아 날 키우시고
뱃노래 불러 날 재우시던
아 아 아버지
불러봐도 대답 없이
흐르는 저 강은
아버지의 강이여
아버지의 강이여"
마지막 잎새,90,박세욱,"그 시절 푸르던 잎 어느덧 낙엽 지고
달빛만 싸늘히 허전한 가지
바람도 살며시 비켜가건만
그 얼마나 참았던 사무친 상처길래
흐느끼며 떨어지는 마지막 잎새
싸늘히 파고드는 가슴을 파고들어
가는 발길도 끊어진 거리
애타게 부르며 서로 찾은 길
어이해 보내고 참았던 눈물인데
흐느끼며 길 떠나는 마지막 잎새
어이해 보내고 참았던 눈물인데
흐느끼며 길 떠나는 마지막 잎새
마지막 잎새"
나만의 여인,71,오찬성,"사랑에 한번 빠지고 싶어요
아주 멋진 여자를 만나
바다가 있는 아름다운 해변을
둘이서 걷고 싶어요
가슴벅차 올라요
눈물마저 핑 도네요
지금까지 살아오면서
나를 위해 무엇을 했나
세월이 다가기 전에
내 모습 변하기 전에
그대와 둘이 밤을 지새며
지난 날을 잊고 싶어요
세월이 다가기 전에
내 모습 변하기 전에
그대와 둘이 밤을 지새며
지난 날을 잊고 싶어요
지난 날을 잊고 싶어요"
그 집앞 (Cover Ver.),18,여정인,"별빛으로 다가오는 네 작은 모습에
잠 못 이뤄 찾아왔네 그 집 앞
불빛 꺼진 네 창가엔 슬픔만 더해와
혼자 몰래 울고 가네 그 집 앞
꽃잎으로 새겨버린 그리운 이름을
부르다가 찾아왔네 그 집 앞
대답 없는 네 창가엔 아픔만 밀려와
눈물지며 돌아서네 그 집 앞
이제 다시 다시는 너를 생각 말아야지
돌아 올 수 없는 지나간 시간인걸
이제 다시 다시는 울지도 말아야지
어차피 잊어야 할 슬픈 기억인걸
그 집 앞 우우 난 아직 떠날 수 없어
그 집 앞 우우 난 너를 지울 수 없어
그 집 앞 우우 난 아직 떠날 수 없어
눈물 속에 서성이네 그 집 앞
이제 다시 다시는 너를 생각 말아야지
돌아 올 수 없는 지나간 시간인걸
이제 다시 다시는 울지도 말아야지
어차피 잊어야 할 슬픈 기억인걸
그 집 앞 우우 난 아직 떠날 수 없어
그 집 앞 우우 난 너를 지울 수 없어
그 집 앞 우우 난 아직 떠날 수 없어
눈물 속에 서성이네 그 집 앞"
고향집,128,나상도,"바로 가면 저기가 고향집인데
뭐가 그리 바쁜걸까 눈 인사도 못했네
성공해서 돌아오마 다짐을 했던
그날 밤 울 엄니
소리죽여 울었네 나도 따라 울었네
가고파라 내 고향집
저 고개를 넘어가면 엄니가 계시는데
뭐가 그리 바쁜걸까 안부인사도 못했네
세상따라 뛰고 뛰고 기고 날아도
마냥 그자리
정안수 떠놓고 기도하고 계시던
가고파라 내 고향집
보고파라 울 엄니"
눈물의 블루스,54,추가열,"사랑이 그리워요
야속하게 떠났지만
그대가 곁에 없어서
아름다운 꽃도 지고
살아갈 이유 잃어 버렸어
사랑할 때 그때는 몰랐어
이별이 정말 그렇게 올 줄은
흐르는 눈물 감추지 않을래
숨겨 온 슬픔 하늘은 알아줄까
그대 나를 잊지 마요
이별이 정녕 갈라놓아도
우리 사랑 끝이 아닌데
못 오실 님이라 눈물이 나요

사랑할 때 그때는 몰랐어
이별이 정말 그렇게 올 줄은
흐르는 눈물 감추지 않을래
숨겨 온 슬픔 하늘은 알아줄까
그대 나를 잊지 마요
이별이 정녕 갈라놓아도
우리 사랑 끝이 아닌데
못 오실 님이라 눈물이 나요
우리 사랑 끝이 아닌데
못 오실 님이라 눈물이 나요"
당신이 좋더라구요,29,최성수,"당신이 좋더라구요 살아가면 갈수록
죽도록 미웠다가 미칠 만큼 때론 좋았다가

사랑이라는 건 미쳐서 행복한 눈에 뭐가 씌워질 때죠
소중한 것은 눈에 밟혀요 세월이 가도

아침 햇살 비칠 때 참 좋더라구요
두려움에 떨었던 지난 밤 이 사라지니까요
물론 또 올 테죠 걱정이 많아요 사는 게 불안해요
하지만 곁에 당신 있으니 좋더라구요

비바람 속을 혼자 걸어가게 하지 않을게요
당신 홀로 남들 모르게 울게 하진 않을게요

기쁘면 기쁜 대로 그러다가 슬프면 슬픈 대로
사는 대로 살지 말아요 생각대로 살아요

당신이 좋아요 보고 또 봐도 좋더라구요
예쁜 것이 좋더라 구요 당신이 그래요

꽃들은 지고 다시 또 피고 바람은 다시 불죠
선물처럼 하루하루 살아

당신이 좋아요 보고 또 봐도 좋더라구요
소중한 것은 지켜야지요 당신이 그래요

꽃들은 지고 다시 또 피고 바람은 다시 불죠
모든 것에 감사하며 살아요

나만큼 당신 사랑할 사람 어디에도 없어요
지금처럼 우리 살아요 당신이 좋더라구요"
금지된 사랑,582,진욱,"울지 마
여기에 새겨진
우리 이름을 봐
소중한 초대장이
젖어버리잖아
슬퍼 마 너의 가족들이
보이지 않아도
언젠간 용서할
그날이 올 거야
내 사랑에 세상도 양보한 널
나 끝까지 아끼며 다가갈게
약속해 줘 서로만 바라보다
먼 훗날 우리
같은 날에 떠나

긴 세월 흐른 뒤돌아보아도
아무런 후회 없도록
단 하룰 살아도
너 행복하도록 만들 거야
내 사랑에 세상도 양보한 널
나 끝까지 아끼며 사랑할게
약속해 줘 서로만 바라보다
먼 훗날 우리
같은 날에 떠나"
쓰리랑,361,최수호,"아리아리 아리랑
(아리아리 아리랑)
쓰리 쓰리 쓰리랑
(쓰리 쓰리 쓰리랑)
아리아리 쓰리 쓰리 넘어간다
아리랑 고개를 쓰리랑 고개를 넘어간다
노래하세 노래하세 모두 모여
꾀꼬리 같은 노래 한 곡 불러보세
독양새 서쪽 새 원앙새 봉황 새 소리로다
닐니리 노래하세
놀아보세 놀아보세 흥겨웁게
한잔 술에 물 탄 듯이 놀아보세
어제도 오늘도 내일도 모래도 같은 세월
둥글둥글 놀아보세
아리아리 아리랑
(아리아리 아리랑)
쓰리 쓰리 쓰리랑
(쓰리 쓰리 쓰리랑)
아리아리 쓰리 쓰리 넘어간다
아리랑 고개를 쓰리랑 고개를 넘어간다

여보시오 여보시오 날 좀 보소
나를 두고 떠나가면 아니 되오
이 사람 저 사람 요 사람 그 사람 찾아봐도
로또가 최고로다
안아주소 안아주소 안아줘요
동지섣달 처달래미 무심하오
재성이면 감천이라 꽃이 피네
찰떡궁합 우리로다
아리아리 아리랑
(아리아리 아리랑)
쓰리 쓰리 쓰리랑
(쓰리 쓰리 쓰리랑)
아리아리 쓰리 쓰리 넘어간다
아리랑 고개를 쓰리랑 고개를 넘어간다
아리아리 내 사랑
(아리아리 내 사랑)
쓰리 쓰리 내 사랑
(쓰리쓰리 내 사랑)
날 두고 떠나면 십 리도 못 가서 돌아와요
내 사랑 아리 쓰리
아리아리 아리랑
(아리아리 아리랑)
쓰리 쓰리 쓰리랑
(쓰리 쓰리 쓰리랑)
아리아리 쓰리 쓰리 넘어간다
아리랑 고개를 쓰리랑 고개를
못 넘어간다"
미워도 다시 한번,53,김용필,"이 생명 다 바쳐서
죽도록 사랑했고
순정을 다 바쳐서
믿고 또 믿었건만
영원히 그 사람을
사랑해선 안될 사람
말없이 가는 길에
미워도 다시 한번
아 아 안녕

지난날 아픈 가슴
오늘의 슬픔이여
여자의 숙명인가
운명의 장난인가
나만이 가야 하는
그 사랑의 길이기에
울면서 돌아설 때
미워도 다시 한번
아 아 안녕"
분위기 좋고,354,최수호,"분위기 좋고좋고 느낌이 와요와요
준비는 됐어됐어 오메 좋은 거
분위기 좋고좋고 폼도 좋구나 좋아
준비는 됐어됐어 나는 행복해
봐요봐요 봐요봐요
아싸 이쁜 내 사랑
보고 싶어 갑니다 가요
내가 가요 당신만의 사랑이 되어
길은 멀어도 마음은 하나요
뜨거운 내 마음 받아만 준다면
분위기 좋고좋고 느낌이 와요와요
준비는 됐어됐어 오메 좋은 거
분위기 좋고좋고 폼도 좋구나 좋아
준비는 됐어됐어 나는 행복해
내 인생에도 꽃이 핀다
내 사랑에도 꽃이 핀다
분위기 좋고좋고 느낌이 와요와요
준비는 됐어됐어 아따 좋은 거
분위기 좋고좋고 폼도 좋구나 좋아
준비는 됐어됐어 나는 행복해
사랑이 온다와요 옵니다 옵니다와요
느낌이 와요와요 오메 좋은 거
그 님이 온다와요 좋구나 좋구나좋아
준비는 됐어됐어 나는 행복해"
당신의 봄이 오네요,63,이라희 (Leerahee),"봄이 오네요
또 다시 봄이 오네요
당신과 추억이 많던
변함없는 봄이 오네요

생각이 나요
내 가슴속 바람이 불면
떠나간 당신 흔적들
바람에 실려 내게로 와요

길가에 가득 피어있는
어떤 꽃보다 아름다웠고
향기로웠고 당신의 봄을 잊지못해요

이 계절 다시 찾아와
당신이 그리워 가슴아파도
빈자리 채워 줄 당신 생각에
또 다시 봄이 설레요
다시 또 봄은 오겠죠

봄이 오네요
또 다시 봄이 오네요
떠나간 당신 이지만
봄볕에 물든 당신이 보여요

갈가에 가득 피어있는
어떤 꽃보다 아름다웠고
향기로웠고 당신의 봄을 잊지못해요

이 계절 다시 찾아와
당신이 그리워 가슴아파도
빈자리 채워 줄 당신 생각에
또 다시 봄이 설레요
다시 또 봄은 오겠죠"
사랑의 미로,100,최진희,"1.그토록 다짐을 하건만 사랑은 알 수 없어요 사랑으로 눈먼 가슴은 진실 하나에 울지요 @그대 작은 가`슴에` 심어준 사랑이여` 상처를` 주지마오 영원`히 끝도` 시작도 없이` 아득한 사`랑의 미로여` ,,,,,,,,,,,2. 흐르는 눈물은 없어도 가슴은 젖어 버리고 두려움에 떨리는것은 사랑의 기쁨인가요 그~~~여` ,,,,,,,,,,,3. 때로는 쓰라린 이별도 쓸쓸히 맞이하면서 그리움만 태우는 것이 사랑의 진실인가요 그~~~여`. (456)"
울고 넘는 박달재,"4,436",정동원,"천둥산 박달재를
울고넘는 우리임아
물항라 저고리가
굵은비에 젖는구려
왕거미 집을 짓는
고개마다 구비마다
울었소 소리쳤소
이 가슴이 터지도록
부엉이 우는 산골
나를 두고 가는 임아
둘아올 기약이나
성황님께 빌고 가소
도토리 묵을 싸서
허리춤에 달아주며
한사코 우는구나
박달재의 금봉이야"
묻지마라 인생길,72,김성환,"인생길이 어디냐고 묻지를 마라
한치앞을 모르는 길인데
가는 세월 못잡고 오는 세월 못막고
너도 가고 나도 가는 그 길이 아니냐
어디서 왔다가 어디로 가는지
너도 모르고 나도 모르는 길
바람처럼 구름처럼 돌고 돌다가
하늘이 부르면 가는 길이 아니냐
세상살이 무거운 짐 다 내려놓고
한잔 술에 쉬었다 가세
인생길이 힘들다고 탓하지 마라
누구나 왔다가는 길인데
빈손으로 왔다가 빈손으로 가는 길
너도 가고 나도 가는 길이 아니냐
어디서 왔다가 어디로 가는지
너도 모르고 나도 모르는 길
바람처럼 구름처럼 돌고 돌다가
하늘이 부르면 가는 길이 아니냐
오늘 밤은 지친 몸을 달래가면서
한잔 술에 잠을 청한다
어디서 왔다가 어디로 가는지
너도 모르고 나도 모르는 길
바람처럼 구름처럼 돌고 돌다가
하늘이 부르면 가는 길이 아니냐
세상살이 무거운 짐 다 내려놓고
한잔 술에 쉬었다 가세
한잔 술에 쉬었다 가세"
목포의 눈물,144,이난영,"사공의 뱃노래 가물거리면
삼학도 파도 깊이 스며드는데
부두의 새악시 아롱젖은 옷자락
이별의 눈물이냐 목포의 설움

삼백년 원한 품은 노적봉 밑에
임자취 완연하다 애달픈 정조
유달산 바람도 영산강을 안으니
임그려 우는 마음 목포의 사랑"
옥이,163,하나로,"아직도 내 사랑은
너 하나인데
사랑의 마침표를
눈물로 찍고

내 모든것을
다 주어도 모자랐나
가네 가네 떠나가네
옥이가 가 네
연기처럼 바람처럼
내 영혼을 앗아간 여자
내 젊음을
꺽고 간 여자
어이해
남이 되고 말았나
옥아 아 직도 내 사랑은
너 하나인데
사랑의 마침표를
눈물로 찍고
돌아서 간
옥이 옥이 야

아직도 내 사랑은
너 하나인데
사랑의 마침표를
눈물로 찍고

내 모든것을
다 주어도 모자랐나
가네 가네 떠나가네
옥이가 가 네
이슬처럼 빗물처럼
내 영혼을 적셔준 여자
내 가슴에
머물던 여자
어이해
남이 되고 말았나
옥아 아 직도 내 사랑은
너 하나인데
사랑의 마침표를
눈물로 찍고
돌아서 간
옥이 옥이 야
연기처럼 바람처럼
내 영혼을 앗아간 여자
내 젊음을
꺽고 간 여자
어이해
남이 되고 말았나
옥아 아 직도 내 사랑은
너 하나인데
사랑의 마침표를
눈물로 찍고
돌아서 간
옥이 옥이 야
돌아서 간
옥이 옥이 야"
사랑해서 미안해,322,송대관,"사랑해서 미안해
사랑해서 미안해
나는 그대를
사랑하고 있어요
사랑해서 미안해
사랑해서 미안해
나는 그대를
사랑하고 있어요
좋아해서 미안해
좋아해서 미안해
나는 그대를
좋아하고 있어요
그대 바라보면 황홀해
그대 바라보면 행복해
그대가 아파할 때
난 그만 울어 버렸어
너의 슬픔 내 슬픔이야
너의 기쁨 내 기쁨이야
간절하게 기도를 했지
내 사랑 지켜 달라고
사랑해서 미안해
사랑해서 미안해
그대 허락 없이
내마음을 주어 버렸어

좋아해서 미안해
좋아해서 미안해
그대 허락 없이
내마음을 주어 버렸어
사랑해서 미안해
사랑해서 미안해
나는 그대를
사랑하고 있어요
좋아해서 미안해
좋아해서 미안해
나는 그대를
좋아하고 있어요
그대 바라보면 황홀해
그대 바라보면 행복해
그대가 아파할 때
난 그만 울어 버렸어
너의 슬픔 내 슬픔이야
너의 기쁨 내 기쁨이야
간절하게 기도를 했지
내 사랑 지켜 달라고
사랑해서 미안해
사랑해서 미안해
그대 허락 없이
내마음을 주어 버렸어
사랑해서 미안해"
사랑이여,136,유심초,"별처럼 아름다운 사랑이여
꿈처럼 행복했던 사랑이여
머물고 간 바람처럼
기약 없이 멀어져 간 내 사랑아
한송이 꽃으로 피어라
지지 않는 사랑의 꽃으로
다시 한번 내 가슴에
돌아오라 사랑이여 내 사랑아
아 사랑은 타버린 불꽃
아 사랑은 한줄기 바람인것을
아 까맣게 잊으려 해도
왜 나는 너를 잊지 못하나
오 내 사랑

아 사랑은 타버린 불꽃
아 사랑은 한줄기 바람인것을
아 까맣게 잊으려 해도
왜 나는 너를 잊지 못하나
오 내 사랑
오 내 사랑 영원토록 못 잊어
못잊어"
여로,32,이미자,"그 옛~날 오색댕기

바~람에 나부낄 때

봄 나비 나래 위에

꿈을 실어 보았는데

날으~는 낙엽 따라

어디론가 가버렸네

무심한 강물 위에

잔주름 여울지~~고

아~쉬움에 돌아 보~는

여~~자의 길



언~젠가 오랜 옛날

볼~우물 예뻤을 때

뛰는 가슴 사랑으로

부푼적도 있었는데

흐르~는 세월따라

어디론가 사라졌네

무심한 강바람에

흰머리 나부끼~~고

아~쉬움에 돌아보~는

여~~자의 길"
사랑밖에 난 몰라,615,장윤정,"그대 내곁에선 순간 그 눈빛이 너무 좋아
어제는 울었지만 오늘은 당신땜에
내일은 행복할거야
얼굴도 아니 멋도 아니아니
부드러운 사랑만이 필요했어요
지나간 세월 모두 잊어버리게
당신없인 아무것도 이젠 할 수 없어
사랑밖엔 난 몰라
- 간 주 중 -
무심히 버려진 날 위해 울어주던 단 한사람
커다란 어깨위에 기대고 싶은 꿈은
당신은 깨지 말아요
이날을 언제나 기다려왔어요
서러운 세월만큼 안아주세요
그리운 바람처럼 사라질까봐
사랑하다 헤어지면 다시 보고싶고
당신이 너무 좋아"
무너진 사랑탑,287,남인수,"반짝이는 별빛 아래 소곤소곤
소곤대는 그날 밤
천 년을 두고 변치 말자고
댕기 풀어 맹세한 님아
사나이 목숨 걸고 바친 순정
모질게도 밟아놓고
그대는 지금 어디
단꿈을 꾸고 있나
야속한 님아
무너진 사랑탑아

달이 잠긴 은물결이 살랑살랑
살랑대는 그날 밤
손가락 걸며 이별 말자고
울며불며 맹세한 님아
사나이 벌판 같은 가슴에다
모닥불을 질러놓고
그대는 지금 어디
사랑에 취해 있나
못 믿을 님아
꺾어진 장미화야"
꽃바람,532,박상철,"그대는 나에게 꽃바람
내 마음 흔들어 논 꽃바람
바보가 되고 말았어요
나 그대 사랑하니까
누군가를 사랑하면
이렇게 눈이 머나요
단 한 사람 당신이기에
사랑에 눈을 떴어요
가면 가는 대로 오는 대로
그 까짓 것 사랑이 뭐길래
이렇게 아프고 괴로운지
내 맘 나도 몰라요
그대는 나에게 꽃바람
내 마음 흔들어 논 꽃바람
바보가 되고 말았어요
나 그대 사랑하니까
누군가를 사랑하면
이렇게 눈이 머나요
단 한 사람 당신이기에
사랑에 눈을 떴어요
가면 가는 대로 오는 대로
그 까짓 것 사랑이 뭐길래
이렇게 아프고 괴로운지
내 맘 나도 몰라요
그대는 나에게 꽃바람
내 마음 흔들어 논 꽃바람
바보가 되고 말았어요
나 그대 사랑하니까
그대는 나에게 꽃바람
내 마음 흔들어 논 꽃바람
바보가 되고 말았어요
나 그대 사랑하니까
나 그대 사랑하니까
나 그대 정말 사랑하니까"
빙글빙글,934,Nami (나미),"그저 바라만 보고 있지
그저 눈치만 보고 있지
늘 속삭이면서도
사랑한다는
그 말을 못 해
그저 바라만 보고 있지
그저 속만 태우고 있지
늘 가깝지도 않고
멀지도 않은
우리 두 사람
그리워지는 길목에 서서
마음만 흠뻑 젖어 가네
어떻게 하나
우리 만남은
빙글빙글 돌고
여울져 가는 저 세월 속에
좋아하는 우리 사이
멀어질까 두려워
어떻게 하나
우리 만남은
빙글빙글 돌고
여울져 가는 저 세월 속에
좋아하는 우리 사이
멀어질까 두려워

그저 바라만 보고 있지
그저 속만 태우고 있지
늘 가깝지도 않고
멀지도 않은
우리 두 사람
그리워지는 길목에 서서
마음만 흠뻑 젖어 가네
어떻게 하나
우리 만남은
빙글빙글 돌고
여울져 가는 저 세월 속에
좋아하는 우리 사이
멀어질까 두려워
어떻게 하나
우리 만남은
빙글빙글 돌고
여울져 가는 저 세월 속에
좋아하는 우리 사이
멀어질까 두려워
어떻게 하나
우리 만남은
빙글빙글 돌고
여울져 가는 저 세월 속에
좋아하는 우리 사이
멀어질까 두려워
어떻게 하나
우리 만남은
빙글빙글 돌고
여울져 가는 저 세월 속에
좋아하는 우리 사이
멀어질까 두려워"
울고넘는 박달재,323,박재홍,"천둥산 박달재를
울고넘는 우리임아
물항라 저고리가
굵은비에 젖는구려
왕거미 집을 짓는
고개마다 구비마다
울었소 소리쳤소
이 가슴이 터지도록

부엉이 우는 산골
나를 두고 가는 임아
둘아올 기약이나
성황님께 빌고 가소
도토리 묵을 싸서
허리춤에 달아주며
한사코 우는구나
박달재의 금봉이야"
어머니,6,최진희,"마음 하나 편할 때는
가끔씩은 잊었다가
괴롭고 서러울 땐
생각나는 어머니
지난 여름 정든 고향
개울 가에서
어머님을 등에 업고
징검다리 건널 때
너무나도 가벼워서
서러웠던 내 마음
아직도 나는 나는
잊을 수가 없습니다

젖 줄 떠나 자란 키는
당신보다 크지만
지금도 내 마음은
그 팔 베게 그립니다
내 팔 베개 의지 하신
야윈 얼굴에
야속하게 흘러버린
그 세월이 무정해
어머님이 아실까봐
소리없이 울었네
지금도 그 한밤을
잊을 수가 없습니다"
파란낙엽,166,문주란,"1.
외로운 가슴에 파란낙엽이 스쳐갈 때
울고 싶도록 그리운 당신
물결도 잠든 어느 날에 호수가에서 맺은
사랑의 역사 허무해도
못잊어 애태우는 낙엽지는 내 마음
2.
허전한 가슴에 파란낙엽이 휘날릴 때
죽고 싶도록 보고픈 당신
별들이 고운 밤하늘을 바라보면서 맺은
사랑의 역사 흘러가니
슬픔만 쌓여가듯 낙엽지는 내 마음"
마음이 고와야지,328,남진,"새까만 눈동자의 아가씨
겉으론 거만한 것 같아도
마음이 비단같이 고와서
정말로 나는 반했네

마음이 고와야 여자지
얼굴만 예쁘다고 여자냐
한번만 마음주면 변치않는
여자가 정말 여자지

사랑을 할때는
두눈이 먼다고 해도
아가씨 두 눈은
별같이 반짝거리네

마음이 고와야 여자지
얼굴만 예쁘다고 여자냐
한번만 마음주면 변치않는
여자가 정말 여자지

새까만 눈동자의 아가씨
겉으론 거만한 것 같아도
마음이 비단같이 고와서
정말로 나는 반했네

마음이 고와야 여자지
얼굴만 예쁘다고 여자냐
한번만 마음주면 변치않는
여자가 정말 여자지

사랑을 할때는
두눈이 먼다고 해도
아가씨 두 눈은
별같이 반짝거리네

마음이 고와야 여자지
얼굴만 예쁘다고 여자냐
한번만 마음주면 변치않는
여자가 정말 여자지 -"
촛불,215,조용필,"그대는 왜 촛불을 키셨나요
그대는 왜 촛불을 키셨나요
연약한 이 여인은
누구에게 말할까요
사랑의 촛불이여
여인의 눈물이여
너 마저 꺼진다면
꺼진다면 꺼진다면
바람아 멈추어라
촛불을 지켜다오
바람아 멈추어라
촛불을 지켜다오
연약한 이 여인을 누가
누가 누가 지키랴
그대는 왜 촛불을 키셨나요
그대는 왜 촛불을 키셨나요
끝없는 그리움은
누구에게 말할까요
철없는 촛불이여
외로운 불빛이여
너 마저 꺼진다면
꺼진다면 꺼진다면
바람아 멈추어라
촛불을 지켜다오
바람아 멈추어라
촛불을 지켜다오
연약한 이 여인을 누가
누가 누가 지키랴"
숨어우는 바람소리 (2011 Ver.),213,임수정,"갈 대밭이 보이는언덕
통나 무집 창가에 길떠 난 소 녀같이
하얗게 밤을 새우네
김이나 는 차 한잔을 마주 하고 앉으면
그사 람 목 소린가
숨어 우 는 바 람소리
둘이서 걷던 갈대밭길에 달은 지고 있는데
잊는다 하고 무슨 이유로 눈물이 날까요
아 아아 길잃은 사슴 처럼
그리움 이돌아오면 쓸 쓸 한 갈 대숲에
숨어우 는 바 람 소리

둘이서걷 던 갈대받길에 달 은지고있는데
잊는다하 고 무슨이유 로눈물이날 까요
아 아아 길잃은 사슴 처럼
그리움 이돌아오면 쓸 쓸 한갈 대숲에
숨어우 는 바 람 소 리"
백년의 약속,136,임수정,"내가 선택한 사랑의 끈에
나의 청춘을 묶었다
당신께 드려야 할
손에 꼭쥔 사랑을 이제서야 보낸다
내 가슴에 못질을 하는
현실의 무게속에도
우리가 잡은 사랑의 향기 속에
눈물도 이젠 끝났다
세상이 힘들 때 너를 만나
잘 해주지도 못하고
사는게 바빠서 단 한번도
고맙다는 말도 못했다
백년도 우린 살지 못하고
언젠가 헤어지지만
세상이 끝나도 후회없도록
널 위해 살고 싶다

삼십년쯤 지나 내 사랑이
많이 약해져 있을 때
영혼을 태워서 당신 앞에
나의 사랑을 심겠다
이 세상에 너를 만나서
짧은 세상을 살지만
평생동안 한 번이라도
널 위해 살고 싶다
이 세상에 너를 만나서
짧은 세상을 살지만
평생동안 한 번이라도
널 위해 살고 싶다
널 위해 살고 싶다"
훌쩍훌쩍,147,금단비,"훌쩍 훌쩍 날 버리고 떠나지마요
설레는 사람이
이렇게 생길거라고 생각못했어
가슴이 마음이 떨려요
함께있으면 손이 닿으면
또 시작이 된건지
또 사랑이 온건지
뜨겁게 찡하게 한 번 만나 볼까요
사랑합니다 좋아합니다
훌쩍훌쩍 눈물이 나요
가지마세요 가지말아요
훌쩍훌쩍 날 버리고 떠나지마요
설레는 사람이
이렇게 생길거라고 생각 못했어
가슴이 마음이 떨려요
함께있으면 손이 닿으면
또 시작이 된건지
또 사랑이 온건지
뜨겁게 찡하게 한 번 만나 볼까요
사랑합니다 좋아합니다
훌쩍훌쩍 눈물이 나요
가지마세요 가지말아요
훌쩍훌쩍 날 버리고 떠나지마요
사랑합니다 좋아합니다
훌쩍훌쩍 눈물이 나요
가지마세요 가지말아요
훌쩍훌쩍 날 버리고 떠나지마요
사랑합니다 좋아합니다
훌쩍훌쩍 눈물이 나요
가지마세요 가지말아요
훌쩍훌쩍 날 버리고
날 버리고 떠나지마요"
新 사랑고개,604,금잔디,"미아리 눈물 고개
님이 넘던 이별고개
아주 오래전에 미아리 고개
울며 불며 매달리던 눈물고개
오늘날에 현재 미아리 고개
갈테면 가라지 냅두는 고개
내가 뭐 잡을줄 아니
천만의 만만의 콩떡
여자답게 상냥하게 보내는거야
미아리 눈물고개
니가 떠난 이별고개
니가 없어도 남자는 많아
갈테면 어서 가라지
행여 나에게 돌아올 생각
꿈에도 하지 말아줘
아주 오래전에 미아리 고개
울며 불며 매달리던 눈물고개
오늘날에 현재 미아리 고개
갈테면 가라지 냅두는 고개
내가 뭐 잡을줄 아니
천만의 만만의 콩떡
여자답게 깔끔하게 보내는거야
미아리 눈물고개
니가 떠난 이별고개
니가 없어도 남자는 많아
갈테면 어서 가라지
행여 나에게 연락할 생각
꿈에도 하지 말아줘
행여 나에게 돌아올 생각
꿈에도 하지 말아줘
닐리리 닐리리 닐니리"
어쩔사 (어쩔 수 없는 사랑),521,금잔디,"어쩔 수 없는 내 사랑
당신을 사랑한다고
웃으며 말은 했지만
돌아서 우는 내 발길을
당신은 영영 모르리
어쩔사
당신의 그 말이 거짓말인 줄
알면서도 속아 준 것이
가슴에서 울고 바람 따라 울고
강물처럼 흘러도
어쩔 수 없는 나의 사랑은
어쩔사 어쩔사 사랑
어쩔 수 없는 내 사랑
어쩔 수 없는 내 사랑
당신을 사랑한다고
웃으며 말은 했지만
돌아서 우는 내 발길을
당신은 영영 모르리
어쩔사
당신의 그 말이 거짓말인 줄
알면서도 속아 준 것이
가슴에서 울고 바람 따라 울고
강물처럼 흘러도
어쩔 수 없는 나의 사랑은
어쩔사 어쩔사 사랑
어쩔 수 없는 내 사랑
어쩔 수 없는 내 사랑"
희망가,207,나훈아,"이 풍진 세상을 만났으니
너의 희망이 무엇이냐
부귀와 영화를 누렸으면
희망이 족할까
푸른 하늘에 밝은 달 아래
곰곰히 생각하니
세상 만사가 춘몽중에
또 다시 꿈 같도다
이 풍진 세상을 만났으니
너의 희망이 무엇이냐
부귀와 영화를 누렸으면
희망이 족할까
담소화락에 엄벙덤벙
주색잡기에 침몰하랴
세상만사를 잊었으면
희망이 족하다
세상만사를 잊었으면
희망이 족하다"
행복한인연,162,영조,"나를 만나서 행복했나요
아직 처음처럼 사랑하나요
그댈 만나서 나는 행복했어요
처음 그때 보다 더 행복해요
눈 내리는 겨울이었죠
우리 처음 만난 계절이
하나가 되는 운명 앞에서
원앙처럼 사랑한거죠
돌아볼수록 눈물이나요
지난 모든것이 아름다워서
그댈 위하여 나 살아 갈래요
그게 내 인생의 행복이니까
끝이 없는 시간을 함께 걸어온거죠
한번도 이별없는 사랑을
항상 함께 있어도 그리운 사랑
그대와 나의 행복한 인연
눈 내리는 겨울이었죠
우리 처음 만난 계절이
하나가 되는 운명 앞에서
원앙처럼 사랑한거죠
돌아볼수록 눈물이나요
지난 모든것이 아름다워서
그댈 위하여 나 살아 갈래요
그게 내 인생의 행복이니까
끝이 없는 시간을 함께 걸어온거죠
한번도 이별없는 사랑을
항상 함께 있어도 그리운 사랑
그대와 나의 행복한 인연
그대와 나의 행복한 인연"
아모르파티,961,김연자,"산다는게 다 그런거지
누구나 빈손으로와
소설같은 한 편의 얘기들을
세상에 뿌리며 살지
자신에게 실망 하지마
모든걸 잘할 순 없어
오늘보다 더 나은 내일이면 돼
인생은 지금이야 아모르파티
아모르파티
인생이란 붓을 들고서
무엇을 그려야 할지
고민하고 방황하던
시간이 없다면 거짓말이지
말해뭐해 쏜 화살처럼
사랑도 지나 갔지만
그 추억들 눈이 부시면서도
슬펐던 행복이여
나이는 숫자 마음이
진짜 가슴이 뛰는 대로 가면돼
이제는 더이상 슬픔이여 안녕
왔다갈 한번의 인생아
연애는 필수 결혼은 선택
가슴이 뛰는대로 가면 돼
눈물은 이별의 거품일 뿐이야
다가올 사랑은 두렵지 않아
아모르 파티 아모르파티
말해 뭐해 쏜 화살처럼
사랑도 지나 갔지만
그 추억들 눈이 부시면서도
슬펐던 행복이여
나이는 숫자 마음이
진짜 가슴이 뛰는 대로 가면돼
이제는 더이상 슬픔이여 안녕
왔다갈 한번의 인생아
연애는 필수 결혼은 선택
가슴이 뛰는대로 가면 돼
눈물은 이별의 거품일 뿐이야
다가올 사랑은 두렵지 않아
아모르 파티 아모르파티
아모르 파티"
바람바람바람,"7,906",영탁,"문밖엔 귀뚜라미 울고
산새들 지저귀는데
내 님은 오시지는 않고
어둠만이 짙어가네
저멀리 기타소리
귓가에 들려오는데
언제 님은 오시려나
바람만 휭하니 부네
내 님은 바람이련가
스치고 지나가는 바람
오늘도 잠 못 이루고
어둠속에 잠기네
그대 이름은 바람 바람바람
왔다가 사라지는 바람
그대 이름은 바람 바람바람
날 울려 놓고 가는 바람
창가에 우두커니 앉아
어두운 창밖 바라보면
힘없는 내 손 잡아주며
님은 곧 오실것 같아
저멀리엔 교회 종소리
귓가에 들려오는데
언제 님은 오시려나
바람만 휭하니 부네
내 님은 바람이련가
스치고 지나가는 바람
오늘도 잠 못 이루고
어둠속에 잠기네
그대 이름은 바람 바람바람
왔다가 사라지는 바람
그대 이름은 바람 바람바람
날 울려 놓고 가는 바람
날 울려 놓고 가는 바람
날 울려 놓고 가는 바람"
어머나,"18,615",임영웅,"어머나 어머나 이러지 마세요
남자의 마음은 갈대랍니다
안돼요 왜이래요 묻지 말아요
더이상 내게 원하시면 안돼요
오늘 처음 만난 당신이지만
내사랑인걸요
헤어지면 남이 되어 모른척하겠지만
좋아해요 사랑해요
거짓말처럼 당신을 사랑해요
소설속에 영화속의
멋진 주인공은 아니지만
괜찮아요 말해봐요
당신 위해서라면 다줄께요
어머나 어머나 이러지마세요
남자의 마음은 바람입니다
안돼요 왜이래요 잡지 말아요
더이상 내게 바라시면 안돼요
오늘 처음 만난 당신이지만
내사랑인걸요
헤어지면 남이 되어 모른척하겠지만
좋아해요 사랑해요
거짓말처럼 당신을 사랑해요
소설속에 영화속의
멋진 주인공은 아니지만
괜찮아요 말해봐요
당신 위해서라면 다줄께요
소설속에 영화속의
멋진 주인공은 아니지만
괜찮아요 말해봐요
당신 위해서라면 다줄께요"
헤이리 처녀,"1,316",박성호,"앞 태 보든 뒤 태 보든 파주 헤이리
깻잎 같은 가르마도 파주 헤이리
동네방네 소문났네 파주 헤이리
헤이리 처녀
온 동네에 청년들이 따라다니네
지나가던 강아지도 따라다니네
오색 빛깔 청초롬한 저고리 입은
파주 헤이리 처녀
오로로 레호로레이리 요히히레히리
요호리요 로호로래히리 헤이리
야랄라후두 야랄라우디
야랄라우릿도리
오로로 레호로레이리 요히히레히리
요호리요 로호로래히리 헤이리
야랄라후두 야랄라우디 에 로휘
욜라레이오우 두리루릿
릿디 요롤레이호
야랄라우디 요랄라 야랄라우디
요랄라 레히 릿디리
욜라레이오우 두리루릿
릿디 요롤레이호
야랄라우디 요랄라 야랄라우디
요랄라 로휘
용기 내서 다가가리 파주 헤이리
포마드로 가르마를 파주 헤이리
내가 먼저 채가리라 파주 헤이리
헤이리 처녀
미남까진 아니지만 고백해보리
주머니는 비었지만 고백해보리
밝은 햇살 한가득이 해맑게 웃는
파주 헤이리 처녀
오로로 레호로레이리 요히히레히리
요호리요 로호로래히리 헤이리
야랄라후두 야랄라우디
야랄라우릿도리
오로로 레호로레이리 요히히레히리
요호리요 로호로래히리 헤이리
야랄라후두 야랄라우디 에 로휘
욜라레이오우 두리루릿
릿디 요롤레이호
야랄라우디 요랄라 야랄라우디
요랄라 레히 릿디리
욜라레이오우 두리루릿
릿디 요롤레이호
야랄라우디 요랄라 야랄라우디
요랄라 로휘
오로로 레호로레이리 요히히레히리
요호리요 로호로래히리 헤이리
야랄라후두 야랄라우디
야랄라우릿도리
오로로 레호로레이리 요히히레히리
요호리요 로호로래히리 헤이리
야랄라후두 야랄라우디 에 로휘"
경사났네,562,김다현,"오래오래 건강하세요
경사 났네 경사 났네요
동네방네 경사 났네요
우리 아버지 생신이신 날
동네방네 경사 났네요
자식 걱정에 밤 세우시던
그 한숨을 어찌 잊나요
고맙습니다 감사합니다
오래오래 건강하세요
경사 났네 경사 났네요
동네방네 경사 났네요
우리 어머니 생신이신 날
동네방네 경사 났네요
자식 걱정에 밤 세우시던
그 눈물을 어찌 잊나요
고맙습니다 감사합니다
오래오래 건강하세요
하루하루를 밤 세우시던
그 정성을 어찌 잊나요
고맙습니다 감사합니다
오래오래 건강하세요
오래오래 행복하세요"
남은 것은 당신뿐,"14,752",김호중,"나에겐 당신이라는 의미를 깨닫기까지
수많은 계절이 꿈처럼 지나갔다오
사는 게 너무 힘들어 떠나려 했던 날에도
못난 내가 눈에 밟혀 돌아온 거 기억하오
세월의 끝자락에
우리 함께 할 수 있어서
작아진 몸이라도
서로 의지 할 수 있어서 음
우리 지난날 돌아보니
남은 것은 당신뿐이오
사는 게 너무 힘들어 떠나려 했던 날에도
못난 내가 눈에 밟혀 돌아온 거 기억하오
세월의 끝자락에
우리 함께 할 수 있어서
작아진 몸이라도
서로 의지 할 수 있어서 음
여보 아이들도 떠나니
남은 것은 당신뿐이오
남은 것은 당신뿐이오"
카페에서,"4,764",이찬원,"나 혼자 이렇게 앉아 있어도
그 사람 오지 않네
이곳에 와서 만난 그 사람
지금은 왜 못 오시나
희미한 불빛 카페에서
남은 술 잔 에
던져버린 나의 모습
바라보는 너기에
잊을 수 없어 아
그 추억
아 그 순 간
사랑의 미련이어라
못잊어 이렇게 찾아 헤매도
그 사람 소식 몰라
나 항상 너를
생각 하지만
네 모습 보이지 않네
희미한 불빛 카페에서
남은 술 잔 에
나의 발길 묶어 놓고
떠나버린 너지만
지울 수 없어 아
오늘도
아 내일도
사랑은 추억이어라"
돌리도,72,김민건,"잘해 잘해 잘해
바라볼 때 잘해
너만 바라볼 때
잘해 잘해 잘해
있을 때 잘해
옆에 있을 때
돌리도 돌리도
내 사랑 돌리도
첫눈에 뿅 갔다고
나 없이는 못 산다고
죽자 살자 매달린
요놈의 사랑아
당신 사랑 깊이를
자로 자로 재보니
일 미터도
못 되더라
잘해 잘해 잘해
바라볼 때 잘해
너만
바라볼 때
잘해 잘해 잘해
있을 때 잘해
옆에 있을 때
한 번 떠난 사랑은
다시 오지 않아
후회할 때는
이미 늦었어
돌리도 돌리도
내 사랑 돌리도
돌리도 돌리도
내 사랑 돌리도
잘해 잘해 잘해
바라볼 때 잘해
너만
바라볼 때
잘해 잘해 잘해
있을 때 잘해
옆에
있을 때
돌리도 돌리도
내 사랑 돌리도
첫눈에 뿅 갔다고
나 없이는 못 산다고
죽자 살자 매달린
요놈의 사랑아
당신 사랑 깊이를
자로 자로 재보니
일 미터도
못 되더라
잘해 잘해 잘해
바라볼 때 잘해
너만
바라볼 때
잘해 잘해 잘해
있을 때 잘해
옆에
있을 때
한 번 떠난 사랑은
다시 오지 않아
후회할 때는
이미 늦었어
돌리도 돌리도 내 사랑 돌리도
돌리도 돌리도
내 사랑 돌리도
내 사랑 돌리도
돌려줘"
연락선,197,민수현,"음 떠나가네
음 님이 떠나가네
음 떠나가네
내 님 실은 연락선이
해풍에 날리는
옷고름을 손에 쥐고
가지 말라고 가지 말라고
붙잡아도 매달려도 보았는데
떠나가네 연락선은
물거품만 남기고
음 떠나가네
내 님 실은 연락선이
해풍에 날리는
옷고름을 손에 쥐고
가지 말라고 가지 말라고
붙잡아도 매달려도 보았는데
떠나가네 연락선은
물거품만 남기고
떠나가네 연락선은
물거품만 남기고
물거품만 남기고
물거품만 남기고"
누구 없나요,"6,997",정동원,"누구 없나요
시린 가슴에 촛불을 피워줄 사람
어두컴컴한 나의 인생을
환하게 밝혀줄 사람
누구 없나요
아픈 마음을 포근히 감싸줄 사람
비가 내리는 하루하루에
우산이 되어 줄 사람
똑똑똑 나 들어가도 될까요
자 어서 들어오세요
오래 기다려 온 나의 사랑을
당신께 드리겠어요
딱딱딱 내 맘을 알아주네요
더 많이 알고 싶어요
마주 잡은 손을 놓지 말아요
그대만 사랑할게요
좋아 좋아
누구 없나요
시린 가슴에 촛불을 피워줄 사람
비가 내리는 하루하루에
우산이 되어 줄 사람
똑똑똑 나 들어가도 될까요
자 어서 들어오세요
오래 기다려 온 나의 사랑을
당신께 드리겠어요
딱딱딱 내 맘을 알아주네요
더 많이 알고 싶어요
마주 잡은 손을 놓지 말아요
그대만 사랑할게요
마주 잡은 손을 놓지 말아요
그대만 사랑할게요
좋아 좋아"
제비처럼,"1,031",홍지윤,"꽃 피는 봄이 오면
내 곁으로 온다고 말했지
노래하는 제비처럼
언덕에 올라보면
지저귀는 즐거운 노랫소리
꽃이 피는 봄을 알리네
그러나 당신은 소식이 없고
오늘도 언덕에 혼자 서 있네
푸르른 하늘 보면
당신이 생각나서
한 마리 제비처럼
마음만 날아가네
당신은 제비처럼
반짝이는 날개를 가졌나
다시 오지 않는 님이여
그러나 당신은 소식이 없고
오늘도 언덕에 혼자 서 있네
푸르른 하늘 보면
당신이 생각나서
한 마리 제비처럼
마음만 날아가네
당신은 제비처럼
반짝이는 날개를 가졌나
다시 오지 않는 님이여
당신은 제비처럼
반짝이는 날개를 가졌나
다시 오지 않는 님이여
다시 오지 않는 님이여"
"너나 좋아해, 나너 좋아해","1,132",홍지윤,"속절없이 흐르는 게
시간이야
세월가도 모르는 게
사랑이야
안개처럼 가리워진
마음이야
샛별처럼 빛나는 게
사랑이야
어제도 어제도
오늘도 오늘도
내일도 변함없이
듣고 싶은 말
너 나 좋아해
나 너 좋아해
너 나 좋아해
나 너 좋아해
매일 매일 하고 싶은
이야기야
두근 두근 설레이는
순간이야
둘이서만 주고받는
사랑이야
너 나 좋아해
나 너 좋아해
속절없이 흐르는 게
시간이야
세월가도 모르는 게
사랑이야
안개처럼 가리워진
마음이야
샛별처럼 빛나는 게
사랑이야
어제도 어제도
오늘도 오늘도
내일도 변함없이
듣고 싶은 말
너 나 좋아해
나 너 좋아해
너 나 좋아해
나 너 좋아해
매일 매일 하고 싶은
이야기야
두근 두근 설레이는
순간이야
둘이서만 주고받는
사랑이야
너 나 좋아해
나 너 좋아해
둘이서만 주고받는
사랑이야
너 나 좋아해
나 너 좋아해"
꽃보다 아름다운 너,"1,198",진해성,"꽃보다 아름다운 너
내 맘에 쏙 드는 너
오빠라고 불러주던 너를
님이라 부르고 싶어
상냥한 미소로
아름다운 눈빛으로
내 마음을 내 마음을
사로잡은 너
내 모든 걸 다 바쳐
내 정열 불태우리라
꽃보다 아름다운 너
내 맘에 쏙 드는 너
오빠라고 불러주던 너를
님이라 부르고 싶어
꽃보다 아름다운 너
내 맘에 쏙 드는 너
오빠라고 불러주던 너를
님이라 부르고 싶어
상냥한 얼굴로
아름다운 목소리로
내 마음을 내 마음을
사로잡은 너
내 모든 걸 다 바쳐
내 정열 불태우리라
꽃보다 아름다운 너
내 맘에 쏙 드는 너
오빠라고 불러주던 너를
님이라 부르고 싶어
상냥한 미소로
아름다운 눈빛으로
내 마음을 내 마음을
사로잡은 너
내 모든 걸 다 바쳐
내 정열 불태우리라
꽃보다 아름다운 너
내 맘에 쏙 드는 너
오빠라고 불러주던 너를
님이라 부르고 싶어
오빠라고 불러주던 너를
님이라 부르고 싶어"
청계천 (New recording version),481,조명섭,"별들이 흘러가는 밤
조명이 흘러가는 밤
마음두고 정을 두고
떠나가는 거리의 추억
연인들의 잡은 두 손인가
황혼들의 잡은 두 손인가
청춘의 꽃잎은 피고지고
바람에 흩날리는 우리 인생
그래도 머물 곳 없으면
떠오르는 청계천을 찾아가네
연인들의 잡은 두 손인가
황혼들의 잡은 두 손인가
청춘의 꽃잎은 피고지고
바람에 흩날리는 우리 인생
그래도 머물 곳 없으면
떠오르는 청계천을 찾아가네
그래도 갈 곳이 없으면
떠오르는 청계천에 쉬어 가네
청계천에 쉬어 가네"
사랑의 미로,165,전종혁,"그토록 다짐을 하건만
사랑을 알 수 없어요
사랑으로 눈먼 가슴은
진실하나에 울지요
그대 작은 가슴에
심어준 사랑이여
상처를 주지 마오
영원히
끝도 시작도 없이
아득한 사랑의 미로여
흐르는 눈물은 없어도
가슴은 젖어버리고
두려움에 떨리는 것은
사랑의 기쁨인가요
그대 작은 가슴에
심어준 사랑이여
상처를 주지 마오
영원히
끝도 시작도 없이
아득한 사랑의 미로여
그대 작은 가슴에
심어준 사랑이여
상처를 주지 마오
영원히
끝도 시작도 없이
아득한 사랑의 미로여"
정주지 않으리,"1,983",손태진,"사랑하다 헤어지면
그만인 줄 나는 알았는데
헤어지고 남는 것은
눈물보다 정이었네
이제는 그 누구를
다시 사랑하더라도
정 주지 않으리라
정 주지 않으리라
사랑보다 깊은 정은
두 번 다시 주지 않으리
미워하고 돌아서면
잊혀질 줄 나는 알았는데
이별 뒤에 남는 것은
미련보다 정이었네
이제는 그 누구를
다시 사랑 하더라도
정 주지 않으리라
정 주지 않으리라
사랑보다 깊은 정은
두 번 다시 주지 않으리
이제는 그 누구를
다시 사랑하더라도
다시 사랑하더라도~
정 주지 않으리라
정 주지 않으리라
정 주지 않으리라
정 주지 않으리라
사랑보다 깊은 정은
두번 다시
주지 않으리
두번 다시 주지 않으리"
있을 때 잘해,215,공훈,"있을 때 잘해 후회하지 말고
있을 때 잘해 후회하지 말고
있을 때 잘해 흔들리지 말고
있을 때 잘해 흔들리지 말고
가까이 있을 때 붙잡지 그랬어
있을 때 잘해 그러니까 잘해
있을 때 잘해 그러니까 잘해
이번이 마지막 마지막 기회야
이제는 마음에 그 문을 열어줘
아무도 모르게 보고파질 때
그럴 때마다 너를 찾는거야
바라보고 있잖아
있잖아
사랑하고 있잖아
있잖아
더이상 내게 무얼 바라나
있을 때 잘해
있을 때 잘해
있을 때 잘해 후회하지 말고
있을 때 잘해 후회하지 말고
있을 때 잘해 흔들리지 말고
있을 때 잘해 흔들리지 말고
가까이 있을 때 붙잡지 그랬어
있을 때 잘해 그러니까 잘해
있을 때 잘해 그러니까 잘해
이번이 마지막 마지막 기회야
이제는 마음에 그 문을 열어줘
아무도 모르게 보고파질 때
그럴 때마다
너를 찾는 거야
바라보고 있잖아
사랑하고 있잖아
더이상 내게 무얼 바라나
있을 때 잘해
있을 때 잘해
이번이 마지막
마지막 기회야
이제는 마음에 그 문을 열어줘
아무도 모르게
보고파질 때
그럴 때마다 너를 찾는 거야
바라보고 있잖아
바라보고 있잖아
사랑하고 있잖아
사랑하고 있잖아
더이상 내게 무얼 바라나
있을 때 잘해
있을 때~~~ 잘해"
여자이니까,203,신성,"사랑한다 말할까 좋아한다 말할까
아니야 아니야 말못해
나는 남자이니까
만나자고 말할까 조용한 찻집에서
아니야 아니야 난 싫어
나는 남자이니까
사랑한단 말 대신에
웃음을 보였는데
모르는체하는 당신
미워 정말 미워
미워한다 말할까
싫어한다 말할까
아니야 아니야 말 못해
당신 사랑하니까
사랑한단 말 대신에
웃음을 보였는데
모르는체하는 당신
미워 정말 미워
미워한다 말할까
싫어한다 말할까
아니야 아니야 말 못해
당신 사랑하니까
당신 사랑하니까"
예쁜 사랑(Beautiful love),510,정다경,"i love you, you love me, I love you
i love you, you love me, I love you
예쁜 사랑은 모양도 없어
그저 서로 닮아가는 것
모난 모습 믿음으로 부서져
둥근 사랑이 되었다
함께 숨쉬고 함께 아파야
이것이 예쁜 사랑
같은 꿈꾸며 함께 걸어가
꿈같이 예쁜 사랑
그말조차 아름다워라
그말조차 아름다워라
이것이 예쁜 사랑
i love you, you love me, I love you
i love you, you love me, I love you
예쁜 사랑은 기다림이야
이해하고 참아주는 것
다른 모습 믿음으로 스치니
둥근 사랑만 남았다
함께 숨쉬고 함께 아파야
이것이 예쁜 사랑
같은 꿈꾸며 함께 걸어가
꿈같이 예쁜 사랑
그말조차 아름다워라
그말조차 아름다워라
이것이 예쁜 사랑
그말조차 아름다워라
그말조차 아름다워라
이것이 예쁜 사랑"
울엄마,105,무룡,"울 엄마 날 낳아
걱정 태산이 되고
주름 깊은데
세상사 나 잘났다 허풍소리에
눈가에 이슬 맺히시네
어리 버리 가진 것 없어 떠버리
말로만 한숨 드렸네
어리 버리 수많은 날을 응어리
가슴에 한만 드렸네
무병장수 부디 하옵소서
어리 버리 가진 것 없어 떠버리
말로만 한숨 드렸네
어리 버리 수많은 날을 응어리
가슴에 한만 드렸네
무병장수 부디 하옵소서
어리 버리 가진 것 없어 떠버리
말로만 한숨 드렸네
어리 버리 수많은 날을 응어리
가슴에 한만 드렸네
세월 비켜 부디 가옵소서"
NO 징징,313,한문철,"야, 거기 너
너 말이야 너.
야 너 그렇게 자꾸
징징 대지 마
(대지마 대지마 대지마)
해, 해, 뭐든 해보는 거야
진심은 통할 테니까
징징 대지 마
(대지마 대지마 대지마)
달려 일단 해 보는 거야
운명아 들어와 들어와 들어와
들어와
둥근 해가 떴다
일어나 기지개 펴
냉큼 이도 닦아
더 빡빡 반짝거리게
야 인마 정신 차려
해가 인마 중천이야
자 밖으로 나가자 자 자
(왼발, 오른발, 왼발, 오른발)
작년에 왔던 각설이도
죽지도 않고 돌아오는데
어찌해 그대는 삐뚜름 서서
해보도 않고 투덜대는데
네가 버린 오늘은
누군가 바란 내일인데
깜짝할 새 멀리로
달아나 버릴 텐데
늦었다 후회한 그때가
정말로 늦은 거야
그러니 후회를 하지 마
오늘 이 기회는 한 번 뿐이야
그러니까
징징 대지 마
(대지마 대지마 대지마)
해, 해, 뭐든 해보는 거야
진심은 통할 테니까
징징 대지 마
(대지마 대지마 대지마)
달려 일단 해 보는 거야
운명아 들어와 들어와 들어와
부딪혀 줄게
No 징징, No 징징, No 징징
너 겪어봐 더 겪어봐야 아는 거야
No 징징, No 징징, No 징징
너 지치지 마, 미치면 이긴 거야
어, 이런 이런 이런, 이러면 안 되죠
인정할 건 인정 해야죠
너와 나의 인생의 블랙박스
과연 몇 대 몇 일까요?
답답한 표정으로
박박 우길 시간에
답 찾아 달렸으면
그러면 어른이 너 된대요
작년에 썼던 새해 다짐을
날짜만 바꿔 적어 놓는데
가지도 않는 헬스비면
강남에 빌딩을 사고 남는데
핑계로 미룬 매일은
자꾸만 쌓여만 가는데
깜짝할 새 또 나이만
배불리 먹을 텐데
늦었다 후회한 그때가
정말로 늦은 거야
그러니 후회를 하지 마
오늘 이 기회는 한 번 뿐이야
그러니까
징징 대지 마
(대지마 대지마 대지마)
해, 해, 뭐든 해보는 거야
진심은 통할 테니까
징징 대지 마
(대지마 대지마 대지마)
달려 일단 해 보는 거야
운명아 들어와 들어와 들어와
부딪혀 줄게
No 징징, No 징징, No 징징
너 겪어봐 더 겪어봐야 아는 거야
No 징징, No 징징, No 징징
너 지치지 마, 미치면 이긴 거야"
건강이 최고더라,107,신승태,"건강이 최고더라
한세상을 살아보니 건강이 최고요
행복하게 살려거든 건강이 최고요
나이들면 건강한게 최고 부자다
돈도 부질없다 명예도 부질없다
건강이 제일 이더라
아프지 말어라 청춘도 한때 더라
지킬수 있을때 지키자
돈있어도 돈없어도 건강이 최고요
살아보니 건강한게 최고 부자다
부귀영화 너보다도 건강이 최고다
건강이 최고더라
건강이 최고더라
한세상을 살아보니 건강이 최고요
행복하게 살려거든 건강이 최고요
나이들면 건강한게 최고 부자다
돈도 부질없다 명예도 부질없다
건강이 제일 이더라
아프지 말어라 청춘도 한때 더라
지킬수 있을때 지키자
돈있어도 돈없어도 건강이 최고요
살아보니 건강한게 최고 부자다
부귀영화 너보다도 건강이 최고다
건강이 최고더라
부귀영화 너보다도 건강이 최고다
건강이 최고더라
건강이 최고더라"
희나리,51,양지원 (YangJiwon),"사랑함에 세심했던 나의 마음이
그렇게도 그대에겐 구속이었소

믿지못해 그런 것이 아니었는데
어쩌다가 헤어지는 이유가 됐소

내게 무슨 마음의 병 있는 것처럼
느낄 만큼 알 수 없는 사람이 되어

그대 외려 나를 점점 믿지 못하고
왠지 나를 그런 쪽에 가깝게 했소

나의 잘못이라면 그대를 위한
내 마음의 전부를 준 것뿐인데

죄인처럼 그대 곁에 가지 못하고
남이 아닌 남이 되어 버린 지금에

기다릴 수밖에 없는 나의 마음은
퇴색하기 싫어하는 희나리 같소

내게 무슨 마음의 병 있는 것처럼
느낄 만큼 알 수 없는 사람이 되어

그대 외려 나를 점점 믿지 못하고
왠지 나를 그런 쪽에 가깝게 했소


나의 잘못이라면 그대를 위한
내 마음의 전부를 준 것뿐인데

죄인처럼 그대 곁에 가지 못하고
남이 아닌 남이 되어 버린 지금에

기다릴 수밖에 없는 나의 마음은
퇴색하기 싫어하는 희나리 같소
퇴색하기 싫어하는 희나리 같소"
뻐꾸기 둥지 위로 날아간 새,440,안성훈,"도대체 왜 이럴까
누가 좀 말려줘봐
왜 자꾸 어두워만지면은
밖으로 나가는지
모르겠어
오늘은 또 어디서
누구를 또 만날까
분명히 어제처럼
별 볼일 없이
끝날 테지만
오늘 밤이 이 세상에서
마지막이 될 것처럼
혼신의 힘을 다해서
춤추고 노래해
한 마리 새처럼
내가 혼자라는 외로움이
그 안에 다시 못 들어오게
비라도 내리게
하늘을 찔러봐
저기 맑은 하늘 모두 다가
너의 세상이니까
도대체 몇 명인지
셀 수도 없을 만큼
오늘 밤 그대 곁에 왔다가 스쳐간
여자들은 많겠지만
어떻게 오셨나요
어디서 오셨나요
똑같은 얘기들을 하고 있는 넌
뻐꾸기 같아
오늘 밤에 누구라도
자기 짝을 찾기 위해
혼신의 힘을 다해서
춤추고 노래해
한 마리 새처럼
그냥 잠시라도
내 안에서 함께 할 사랑 찾고 싶어서
시간이 갈수록
불안해 지지만
그렇다고 다시 어제처럼
혼자이긴 싫었어
깨어진 어둠에
아침이 오나 봐
주윌 둘러보고 알게 됐어
오늘도 역시 혼자라는 걸
다시 또 혼자야
오늘도 혼자야
저기 너무 맑은 하늘 위로
새가 되어 버린 너"
오늘같이 좋은 날,722,송가인,"푸른 바다에 배를 띄워라
근심 걱정 다 버리고
이렇게 좋은 날에 이렇게 좋은 날에
우리 모두 뱃놀이 가자
사람이 살면은 몇백 년 산다고
아둥바둥 욕심을 내나
오늘같이 좋은 날 오늘같이 좋은 날
아니놀고 무엇하리
어차피 인생이란 한 번뿐인데
웃으면서 살아갑시다
푸른 바다에 노를 저어라
사랑하는 정든 님과
이렇게 좋은 날에 이렇게 좋은 날에
우리 모두 춤을 춰보자
사람이 살면은 몇백 년 산다고
아둥바둥 욕심을 내나
오늘같이 좋은 날 오늘같이 좋은 날
아니놀고 무엇하리
어차피 인생이란 한 번뿐인데
사랑하며 살아갑시다
어차피 인생이란 한 번뿐인데
사랑하며 살아갑시다"
뻥이야,73,이대원,"찾을거야 오늘은 찾을거야
완벽한 내 스타일
이쪽도 스캔 저쪽도 스캔
2.0의 매의 눈으로
화려한 클럽 라운지 나이트에서
이리저리 옮겨다니며 드디어만난 나의 이상형
어디에 있으셨나요 왜 이제야 나타난거죠
나 평생을 그대만 찾았는데
(핑펭퐁!)
아침부터 그댈보며 사랑한다 말해야지
쟈기야 사랑해 아니야 뻥이야
평생을 기다려온 완벽한 내스타일
아니야 뻥이야 미안해 뻥이야
조명이좀 어두웠었나
술이조금 과했었겠지
이모든게 꿈일꺼야 모두 뻥일꺼야
아니야 뻥이야
찾을거야 오늘은 찾을거야
완벽한 내 스타일
이쪽도 스캔 저쪽도 스캔
2.0의 매의 눈으로
잔잔한 한강 산책로 헬스장를
이리저리 옮겨다니며 드디어만난 나의 이상형
어디에 있으셨나요 왜 이제야 나타난거죠
나 평생을 그대만 찾았는데
(핑펭퐁!)
아침부터 그댈보며 사랑한다 말해야지
쟈기야 사랑해 아니야 뻥이야
평생을 기다려온 완벽한 내스타일
아니야 뻥이야 미안해 뻥이야
조명이좀 어두웠었나
술이조금 과했었겠지
이모든게 꿈일꺼야 모두 뻥일꺼야
조명이좀 어두웠어
술이많이 취했었었어
이모든게 이모든게 모두뻥일꺼야
제발~ 깨어나자~ 아니야 뻥이야"
남남북녀,80,김지애,"남자는 남쪽 먼 고향에서 날마다 조금씩 잊혀져 가고
여자는 북쪽 서울 서울로 날마다 조금씩 멀어져 갔네
키보다 더 높은 그리움들이 남자의 가슴을 때리고 가도
여자는 빌딩 속 나비를 찾아 두고온 첫사랑을 지워야 했네
물복숭아 아름답게 핀 그날 밤을 그날 밤을
남자는 남쪽 먼 고향에서 밤마다 하나 씩 추억을 줍고
여자는 북쪽 서울 서울로 밤마다 하나 씩 허물을 벗네
남자는 남쪽 먼 고향에서 날마다 조금씩 잊혀져 가고
여자는 북쪽 서울 서울로 날마다 조금씩 멀어져 갔네
키보다 더 높은 그리움들이 남자의 가슴을 때리고 가도
여자는 네온싸인 불빛 아래서 두고온 첫사랑을 태워야 했네
물복숭아 아름답게 핀 그날 밤을 그날 밤을
남자는 남쪽 먼 고향에서 밤마다 하나 씩 추억을 줍고
여자는 북쪽 서울 서울로 밤마다 하나 씩 허물을 벗네
밤마다 하나 씩 허물을 벗네"
귀거래사,"1,122",김신우,"하늘 아래 땅이 있고
그위에 내가 있으니
어디인들 이 내몸 둘 곳이야 없으리
하루해가 저문다고 울터이냐
그리도 내가 작더냐
별이지는 저 산너머
내 그리 쉬어가리라
바람아 불어라
이 내몸을 날려주려마
하늘아 구름아
내 몸 실어 떠나가련다

해가 지고 달이 뜨고
그안에 내가 숨쉬니
어디인들 이 내몸 갈 곳이야 없으리
작은것을 사랑하며 살터이다
친구를 사랑하리라
말이 없는 저 들녘에
내 님을 그려 보련다
바람아 불어라
이 내몸을 날려주려마
하늘아 구름아
내 몸 실어 떠나가련다
바람아 불어라
이 내몸을 날려주려마
하늘아 구름아
내 몸 실어 떠나가련다"
둘이 걸었네,165,정종숙,"둘이 걸었네 어제 그길을
불빛따라 우산도 없이
오늘 밤에는 가로등불이
유난히도 반짝입니다
수많은 사람들의 오가는기쁨
꿈꾸는 거리마다 수많은 사연
둘이 걸었네 불빛 사이로
속삭이며 둘이걸었네
오늘 밤에는 가로등불이
유난히도 반짝 입니다
만나면 하는말은 별로 없지만
그래도 행복한건 우리둘인데
오늘도 우리는 둘이 걸었네
수많은 사람들의 오가는 기쁨
꿈꾸는 거리마다 수많은 사연
둘이 걸었네 불빛사이로
속삭이며 둘이 걸었네
오늘 밤에는 가로등불이
유난히도 반짝 입니다
만나면 하는 말은 별로 없지만
그래도 행복한건 우리둘인데
오늘도 우리는 둘이 걸었네"
이별의 부산정거장,"1,757",조명섭,"보슬비가 소리도 없이
이별 슬픈 부산정거장
잘 가세요 잘 있어요
눈물의 기적이 운다
한 많은 피난살이 설움도 많아
그래도 잊지 못할 판자집이여
경상도 사투리의 아가씨가 슬피 우네
이별의 부산정거장
서울 가는 십이열차에
기대앉은 젊은 나그네
시름 없이 내다보는
창 밖의 등불이 존다
쓰라린 피난살이 지나고 보니
그래도 끊지 못할 순정 때문에
기적도 목이 메여 소리 높이 우는구나
이별의 부산정거장
가기 전에 떠나기 전에
하고 싶은 말 한 마디를
유리창에 그려보는
그 마음 안타까워라
고향에 가시거든 잊지를 말고
한 두 자 봄 소식을 전해주소서
몸부림 치는 몸을 뿌리치고 떠나가는
이별의 부산정거장"
마부,181,강진,"세월앞에 장사있나
고장 날 때도 됐지
낡은 수레로 먼 길 왔구나
돌아갈 수 없는
머나먼 길을 숨차게
허겁지겁 달려 왔구나
해보고 싶은 일도 많고 많은데
세월에 꺾이고 세상에 꿇었다
인생은 마부였던가 가야할
지평선 머리에 이고
석양에 버드나무
말고삐 메는 인생은 마부
세월앞에 장사있나 고장 날 때도 됐지
낡은 수레로 먼 길 왔구나
돌아갈 수 없는
머나먼 길을 숨차게
허겁지겁 달려 왔구나
해보고 싶은 일도 많고 많은데
세월에 꺾이고 세상에 꿇었다
인생은 마부였던가 가야할
지평선 머리에 이고
석양에 버드나무
말고삐 메는 인생은 마부
인생은 마부"
공주는 외로워,802,김자옥,"거울속에 보이는 아름다운 내 모습
나조차 눈을 뗄수 없어
세상 어떤 예쁜 꽃들이 나보다 더 고울까
난 정말 완벽한 여자예요
때로는 날보는 여자들의
질투어린 시선이~
여리고 순수한 내마음을
아프게도 하지만
누가 누가 알아줄까
아~ 혼자라는 외로움을
예쁜 나는 공주라 외로워

때로는 날보는 여자들의
질투 어린 시선이~
여리고 순수한 내마음을
아프게도 하지만
누가 누가 알아줄까
오~ 혼자라는 외로움을
예쁜 나는 공주라 외로워
누가 누가 알아줄까
오~ 혼자라는 외로움을
예쁜 나는 공주라 외로워"
봄비,437,김추자,"이슬비 내리는 길을 걸으며
봄비에 젖어서 길을 걸으며
나 혼자 쓸쓸히
빗 방울 소리에
마음을 달래도
외로운 가슴을
달랠길 없네
한 없이 적시는
내 눈 위에는
빗 방울 떨어져
눈물이 되었나
한 없이 흐르네
봄비
나를 울려주는 봄비
언제까지 나리려나
마음마저 울려주네
봄비
외로운 가슴을
달랠길없네
한 없이 적시는
내 눈 위에는
빗방울 떨어져
눈물이 되었나
한없이 흐르네
봄비
나를 울려주는 봄비
언제까지 나리려나
마음마저 울려주네 봄비
외로운 가슴을
달랠길 없네
한 없이 적시는
내 눈 위에는
빗방울 떨어져
눈물이 되었나
한없이 흐르네

루루루루루루루루
루루루루루루
루루루루루루루루
루루루루루루
루루루루루루루루
루루루루루루"
타인,213,이미자,"우리는 타인이었고
지금도 타인이지만
짧았던 한 순간의
짖궂은 만남도 있었지
우연히 시작되었던
그날의 작은 인연이
내 야윈 가슴속에
너무나 큰 상처로 남아
그렇게도 빨리 끝날 인연이라면
맺지 못할 사랑이었다면
처음부터 우리 서로
만나지도 않았어야 좋았을 것을
심술궂은 그 인연 하필 우릴 찾아와
왜 이다지 가슴 아프게 하나
그렇게도 수많은 사람들 중에서
하필이면 당신과 나였나

그렇게도 빨리 끝날 인연이라면
맺지 못할 사랑이었다면
처음부터 우리 서로
만나지도 않았어야 좋았을 것을
심술궂은 그 인연 하필 우릴 찾아와
왜 이다지 가슴 아프게 하나
그렇게도 수많은 사람들 중에서
하필이면 당신과 나였나"
바람에 흔들리고 비에 젖어도,123,최진희,"지난날은 모두가 꿈이었던가
사랑은 허물어져지고
조용히 돌아온 이자리엔 나 혼자 뿐인데
눈감으면 지금도 옆에 있는 너
그손을 잡을 수 없어
눈물을 흘리며 떠나리라 잊어야 하리라

오늘도 바람에 흔들리는 내마음
찬비가 내리면 젖으려고 하는데
바람아 바람아 불어오지 말아라
찬비야 찬비야 내리지를 말아라

아~ 이제는 사라져간 사람을
아~ 이제는 멀어져간 추억을
왜 못잊나 바람에 흔들리고 비에 젖어도
내 너를 잊으리라 잊으리라
오늘도 바람에 흔들리는 내마음
찬비가 내리면 젖으려고 하는데
바람아 바람아 불어오지 말아라
찬비야 찬비야 내리지를 말아라

아~ 이제는 사라져간 사람을
아~ 이제는 멀어져간 추억을
왜 못잊나 바람에 흔들리고 비에 젖어도
내 너를 잊으리라 잊으리라"
미운정 고운정,224,Nami (나미),"떠나갑니다 나를 두고 갑니다
미운정 고운정을 남기고 떠납니다

돌아올 기약없는
연락선 뱃머리는 멀어지는데
내마음 구름이 되어
당신을 따라갑니다

당신은 이 가슴에
미운정 고운정을 남겨놓았네
노을진 바닷가에서
당신을 불러봅니다

당신을 불러봅니다"
남자는 속으로 운다,124,전미경,"남자가 깊은밤에 홀로 울적엔
그리워 우는것은 아니야
보고파 우는것도 아니야
미련은 더 더욱 아니야

버림받은 내 청춘은 술잔을 붙잡고
사랑의 노래를 부른다
이별의 노래를 부른다
다시못올 내 사랑아

웃으면서 큰소리 치지만
남자는 속으로 운다

여자가 깊은밤에 슬피 울적엔
그리워 우는것은 아니야
보고파 우는것도 아니야
미련은 더 더욱 아니야

상처받은 내 가슴은 술잔을 붙잡고
사랑의 노래를 부른다
이별의 노래를 부른다
다시 못올 내 사랑아

웃으면서 잘가라 했지만
여자는 남 몰래 운다 -

여자는 남 몰래 운다 -"
여자야,261,유현상,"여자야 여자야 너는 아직 모르지
울고 있구나 여자야
약해지면 안돼
한동안 못본다고 잊혀지겠니
하룻밤의 정도 아닌데
간다는 말도없이
온다는 기약없이
그렇게 떠나갔지만
돌아올거야 여자야
약해지면 안돼
여자야 여자야 너는 아직 모르지
웃고 있구나 여자야
흔들리면 안돼
한동안 못본다고 어디 가겠니
하룻밤의 정도 아닌데
간다는 말도없이
온다는 기약없이
그렇게 떠나갔지만
기다려야지 여자야
흔들리면 안돼
여자야 여자야 약해지면 안돼"
찻집의고독,79,김란영,"그 다방에 들어설 때에
내 가슴은 뛰고 있었지
기다리는 그 순간만은
꿈결처럼 감미로웠다
약속시간 흘러갔어도
그사람은 보이지 않고
싸늘하게 식은 찻잔에
슬픔처럼 어리는 고독
아 사랑이란 이렇게도
애가 타도록 괴로운 것이라서
잊으려해도 잊을 수 없어
가슴 조이며 기다려요
주르르르르르르르륵
주르르르르르르르륵
주르르르르르르르륵
주르르르르르르르륵"
사랑의 기도,44,나미애,"천상에 계신 이여
나의 기도 들어주소서
그사람을 사랑하니
그이름 내게 주소서
이내 마음 진실하니
이내 사랑 믿으소서
그이의 불행한 모든 아픔을
목숨 다바쳐 사랑하리니
도와주소서 아직은
어둠속에 울고 있나이다

나에게 무슨일이 생겼는지
굽어 보소서
내 가슴엔 그 사람에
이름만 가득합니다
사랑으로 생긴 슬픔
내것으로 받으리니
사랑을 맹세한 내 입술로는
세상 누구도 허물치 않으니
간청하오니 소중한
인연으로 살게 하옵소서
간청하오니 소중한
인연으로 살게 하옵소서"
님은 먼곳에,140,김추자,"사랑한다고 말할 걸 그랬지

님이 아니면 못산다 할 것을

사랑한다고 말할 걸 그랬지

망설이다가 가버린 사람

마음 주고 눈물 주고

꿈도 주고 멀어져 갔네

님은 먼 곳에 영원히 먼 곳에

망설이다가 님은 먼 곳에



사랑한다고 말할 걸 그랬지

망설이다가 가버린 사람

마음 주고 눈물 주고

꿈도 주고 멀어져 갔네

님은 먼 곳에 영원히 먼 곳에

망설이다가 님은 먼 곳에"
불나비,147,조관우,"얼마나 사무치는 그리움이냐
밤마다 불을 찾아 헤매는 사연
차라리 재가 되어 숨진다 해도
아 너를 안고 가련다
불나비 사랑

무엇으로 끄나요 사랑의 불길
밤을 안고 떠도는 외로운 날개
한많은 세월속에 멍들은 가슴
아 너를 안고 가련다
불나비 사랑"
오동잎,236,최헌,"오동잎 한잎 두잎 떨어지는 가을밤에
그 어디서 들려오나 귀뚜라미 우는 소리
고요하게 흐르는 밤의 적막을 어이해서 너만은
싫다고 울어대나 그 마음 서러우면 가을바람
따라서 너의 마음 멀리멀리 띄워 보내 주려무나

고요하게 흐르는 밤의 적막을 어이해서 너만은
싫다고 울어대나 그 마음 서러우면 가을바람
따라서 너의 마음 멀리멀리 띄워 보내 주려무나
띄워 보내 주려무나"
눈물이 진주라면,201,이미자,"눈물이 진주라면
눈물이 진주라면
행여나 마를 새라
방울방울 엮어서
그 님 오실 그 날에
진주 방석 만들 것을
지금은 눈물도 다 흘려서
흔적만 남아 있네

눈물이 진주라면
눈물이 진주라면
내 마음 내 사랑을
방울방울 엮어서
그 님 오실 자리에
진주 방석 드릴 것을
지금은 눈물도 다 흘려서
자국만 남아 있네"
아침의 나라에서,422,김연자,"모두가 다정한 친구처럼
모두가 다정한 형제처럼
우리의 가슴이 열리는 곳
오 서울코리아
사랑이 넘치는 거리에서
바람이 시원한 강변에서
일류의 꿈들이 피어난다
오 서울코리아
푸른 하늘에
나부끼는 깃발은
세계가 하나로
뭉쳐지는 평화의 손길
모이자 모이자
아침의 나라에서
모이자 모이자
우리함께 달리자

나라와 나라는 이웃처럼
나라와 나라는 가족처럼
모두가 하나로 이어지는곳
오 서울코리아
찬란히 떠오른 햇빛아래
언제나 이땅은 아름답게
지구의 미래는 밝아온다
오 서울코리아
푸른하늘에 나부끼는 깃발은
세계가 하나로 뭉쳐지는
평화의 손길
모이자 모이자
아침의 나라에서
모이자 모이자
우리함께 달리자"
가슴 아프게,79,남진,"당신과 나사이에
저바다가 없었다면 쓰라린
이별만은 없었을 것을
해저문 부두에서
떠나가는 연락선을
가슴아프게 가슴아프게
바라보지 않았으리
갈매기도 내 마음같이
목메어 운다
당신과 나 사이에
연락선이 없었다면
날두고 떠나지는 않았을것을
아득한  바다멀리
떠나가는 연락선을
가슴아프게 가슴아프게
바라보지 않았으리
갈매기도 내 마음 같이
목메어 운다"
사랑가,"6,497",송가인,"에라 좋구나 에라 좋구나
우리 함께 춤을 춰 보자
세상 시름 다 잊고 흥에 겨워서
얼싸안고 춤을 춰보자
부어라 마시어라 한잔의 술을
그대와 둘이서 정들어 가는 밤
시간아 가지를 마라
나를 두고 가지를 마라
날이 새면 내사랑 떠나간다
에라 좋구나 정말 좋구나
우리 함께 춤을 춰 보자
슬픔일랑 저 강물에
던져버리고
얼싸안고 춤을 춰 보자
가슴에 타오르는 사랑의 불꽃
빨갛게 빨갛게 물들어 가는밤
시간아 가지를 마라
나를 두고 가지를 마라
날이 새면 내사랑 떠나간다
부어라 마시어라 한잔의 술을
그대와 둘이서 정들어 가는밤
시간아 가지를 마라
나를 두고 가지를 마라
날이 새면 내사랑 떠나간다"
세월이길 장사있나,"2,786",박서진,"세월 이길 장사 있나
세월아 가지를 마라
니가 가면 시들어 갈
내 청춘 어쩌란 말야
허겁지겁 앞만 보고 달려온 인생
남은 건 까맣게 탄 주름진 얼굴
술 타령 하면서 넋두리 하면서
잠시 머물다 갈 인생
세월 이길 장사 있나
세월 이길 장사 있나
세월아 가지를 마라
니가 가면 시들어 갈
내 청춘 어쩌란 말야
약이련가 병이련가 세월의 무상
사랑도 헤어짐도 사치였다
돈 타령 하면서 하소연 하면서
바람에 묻혀 갈 인생
세월 이길 장사 있나
세월 이길 장사 있나"
젊은 태양,189,강수빈,"햇빛쏟는 거리에서 그대 그대
고독을 느껴보았네 그대 그대
우리는 너나없는 이방인
왜 서로를 사랑하지않나
햇빛쏟는 하늘보며 웃자 웃자
외로운 떨쳐버리고 웃자 웃자
우리는 너나없는 나그네
왜 서로를 사랑하지않나
종소리 바람소리
고이고이 잠들던날
먼하늘에 저 태양이 웃는다
햇빛쏟는 거리에서 그대 그대
고독을 느껴보았네 그대 그대
우리는 너나없는 나그네
왜 서로를 사랑하지않나
모진바람 거센 파도
가슴속에 몰아쳐도
먼하늘에 저태양이 웃는다
햇빛쏟는 거리에서 그대 그대
고독을 느껴보았네 그대 그대
우리는 너나없는 나그네
왜 서로를 사랑하지않나
햇빛쏟는 하늘보며 웃자 웃자
외로운 떨쳐버리고 웃자 웃자
우리는 너나없는 나그네
왜 서로를 사랑하지않나
왜 서로를 사랑하지않나
왜 서로를 사랑하지않나"
사랑은 장난이 아니야,608,태진아,"사랑은 장난이 아니야
사랑은 장난이 아니야
진실인 거야
한 사람 사랑하는 게
왜 이렇게 힘이 드는가
나 좋다고 말해놓고
그냥 가면 나는 어쩌나
나 없인 못 산다고 말해놓고서
나 없인 못 산다고 말해놓고서
거짓말이었나
나한테 한 말이
거짓말이었나
사랑은 장난이 아니야
사랑은 장난이 아니야
진실인 거야
사랑은 장난이 아니야
사랑은 장난이 아니야
진실인 거야
당신을 사랑하는 게
왜 이렇게 힘이 드는가
사랑한다 말해놓고
떠나가면 나는 어쩌나
나 없인 못 산다고 말해놓고서
나 없인 못 산다고 말해놓고서
거짓말이었나
나한테 한 말이
거짓말이었나
사랑은 장난이 아니야
사랑은 장난이 아니야
진실인 거야
사랑은 장난이 아니야
사랑은 장난이 아니야
진실인 거야"
여인,78,솔개 트리오,"바람에 취해버린 꽃처럼
가로등 위에 있었죠
여인이여 내려지는 빗물을
어떻게 막으셨나요
어제는 밤거리에 홀로선
그림자를 바라보았죠
여인이여 비에 젖은 창문을
왜 닫으셨나요
그댄 왜 긴긴밤을
한 번도 창가에서
기대서있는 모습이
내겐 보이지 않나
왜 잊으셨나요
어제는 밤거리에 홀로선
그림자를 바라보았죠
여인이여 비에 젖은 창문을
왜 닫으셨나요
그댄 왜 긴긴밤을
한 번도 창가에서
기대서있는 모습이
내겐 보이지 않나
왜 잊으셨나요
왜 잊으셨나요"
강촌에 살고 싶네,73,나훈아,"날이새면 물새들이 시름없이 나는
꽃피고 새가우는 논 밭에 묻혀서
씨뿌려가꾸면서 땀을흘리며
냇가에 늘어진 버드나무아래서
조용히 살고파라 강촌에 살고싶네
해가지면 뻐꾹새가 구슬프게 우는밤
희미한 등불앞에 모여앉아서
다정한 친구들과 정을 나누고
흙냄새 마시며 내일위해 일하며
조용히 살고파라 강촌에 살고싶네"
밤열차,"1,855",박서진,"뜨거운 눈물 흘려야하는 사랑
빈 가슴 부여잡고 차창에 기대어
밤 이슬 내리는 창 밖을 보며
아쉬움에 자꾸만 뒤돌아보는데
기적소리 울음소리
나를 나를 나를 울리네
이제 가면 못 볼 사랑 보고플 사랑
다시 오면 안 됩니까 말을 해 줘요
밤 열차는 미련없이 떠나가는데
뜨거운 눈물 흘려야하는 사랑
빈 가슴 부여잡고 차창에 기대어
밤 이슬 내리는 창 밖을 보며
아쉬움에 자꾸만 뒤돌아보는데
기적소리 울음소리
나를 나를 나를 울리네
이제 가면 못 볼 사랑 보고플 사랑
다시 오면 안 됩니까 말을 해 줘요
밤 열차는 미련없이 떠나가는데"
나를 꼭 안아 주세요,427,요요미,"나를 꼭 안아 주세요
당신이 너무 좋아요
정말 꼭 안아주세요
애타는 가슴달래 주세요
당신 가슴에 안겨 아잉몰라
토닥토닥 두드려 볼래요
꿈일까 생시일까
내 두 볼을 꼬집어 볼래요
아 꼭 안아 주세요
아 말해 주세요
당신도 나만을 사랑 사랑한다고
나를 꼭 안아 주세요
당신이 너무 좋아요
정말 꼭 안아주세요
애타는 가슴달래 주세요
당신 가슴에 안겨 아잉몰라
토닥토닥 두드려 볼래요
꿈일까 생시일까
내 두 볼을 꼬집어 볼래요
아 꼭 안아 주세요
아 말해 주세요
당신도 나만을 사랑 사랑한다고
당신 가슴에 안겨 아잉몰라
토닥토닥 두드려 볼래요
꿈일까 생시일까
내 두 볼을 꼬집어 볼래요
아 꼭 안아 주세요
아 말해 주세요
당신도 나만을 사랑 사랑한다고
당신도 나만을 사랑 사랑한다고"
천태만상 (Dance ver.),425,윤수현,"천태만상 인간 세상
사는 법도 가지가지
귀천이 따로 있나
재판한다 판사 변호한다 변호사
범인 잡는 형사 계룡산에 부채 도사
연구한다 박사 운전한다 기사
트럭 택시 기차 전차
버스 봉고 도저 기중기
요리한다 요리사 소개한다 중개사
파마한다 미용사 간호한다 간호사
얼럴러리여
천태만상 인간 세상
사는 법도 가지가지
귀천이 따로 있나
술 판다 술장수 밥 판다 밥장수
옷 판다 옷장수 고기 채소 과일장수
놀고먹는 백수 운동한다 선수
축구 야구 농구 배구
씨름 골프 복싱 태권도
말을 탄다 기수 집 짓는다 목수
돌 깎는다 석수
고라니 잡는 포수 얼럴러리여
천태만상 인간 세상
사는 법도 가지가지
귀천이 따로 있나
천태만상 인간 세상
사는 법도 가지가지
귀천이 따로 있나
설교한다 목사님 염불한다 스님
가르친다 선생님 병고친다 의사님
재롱둥이 연예인 나라 지키는 군인
육군 공군 해군 해병대
특전사 카투사 순경 의경
공무 보는 공무원 업무 보는 회사원
경비 보는 경비원
청소하는 미화원 얼럴러리여
천태만상 인간 세상
사는 법도 가지가지
귀천이 따로 있나
농사짓는 농부 고기 잡는 어부
공사장에 잡부 알바 도우미 파출부
약초 캐는 심마니 오일장에 할머니
달래 냉이 취나물 콩나물 고사리
더덕 단감 곶감
이고 지고 오셔서
한 푼 두 푼 벌어서
손주 용돈 주면서 고생고생하는데
백수가 웬 말이냐
천태만상 인간 세상
사는 법도 가지가지
귀천이 따로 있나"
돌고 돌아 가는 길,103,노사연,"산 넘어 넘어 돌고 돌아
그 뫼에 오르려니
그 뫼는 어드메뇨
내 발만 돌고 도네
강 건너 건너 흘러 흘러
그 물에 적시려니
그 물은 어드메뇨
내 몸만 흘러 흘러
발만 돌아 발 밑에는
동그라미 수북하고
몸 흘러도 이내 몸은
그 안에서 흘렀네
동그라미 돌드라도
아니 가면 어이해
그 물 좋고 그 뫼 좋아
어이해도 가야겠네
산 넘어 넘어 넘어
돌고 돌아 가는 길에
뱅글 뱅글 돌드라도
어이 아니 돌을 소냐
흘러 흘러 세월 가듯
내 푸름도 한때 인걸
돌드라도 가야겠네
내 꿈 찾어 가야겠네
산 넘어 넘어 돌고 돌아
그 뫼에 오르려니
그 뫼는 어드메뇨
내 발만 돌고 도네
강 건너 건너 흘러 흘러
그 물에 적시려니
그 물은 어드메뇨
내 몸만 흘러 흘러"
하얀 목련,"2,262",박서진,"하얀 목련이
필 때면
다시
생각나는 사람
봄비 내린
거리마다
슬픈
그대 뒷모습
하얀 눈이
내리던 어느 날
우리
따스한 기억들
언제까지
내 사랑이어라
내 사랑이어라
거리엔
다정한 연인들
혼자서 걷는
외로운 나
아름다운
사랑 얘기를
잊을 수
있을까
그대 떠난
봄처럼
다시
목련은 피어나고
아픈 가슴
빈자리엔
하얀 목련이
진다
거리엔
다정한 연인들
혼자서 걷는
외로운 나
아름다운
사랑 얘기를
잊을 수
있을까
하얀 목련이
다시
생각나는 사람
하얀 눈이
내리던 날
눈이 내리면
우리
따스한 기억
따스했던
기억들
그대 떠난
봄처럼
다시
목련은 피어나고
아픈 가슴
빈자리엔
하얀 목련이
진다
아픈 가슴
빈자리엔
하얀 목련이
진다"
무조건,"20,118",임영웅,"짜라짜라 짜짜짜
짜라짜라 짜짜짜
뽕숭아 뽕숭아학당
짜짜라 짜라짜라
뽕 숭 아
배움있는 곳에
우릴 불러줘
언제든지 달려갈게
낮에도 열공
밤에도 열공
언제든지 배울거야
다른 사람들이
우릴 부르면
한참을 생각해 보겠지만
붐쌤이 우릴 불러준다면
무조건 달려갈거야
짜짜라 짜라짜라
뽕 숭 아
배움을 향한 우리사랑은
무조건 무조건이야
배움을 향한 우리사랑은
특급 사랑이야
태평양을 건너
대서양을 건너
인도양을 건너서라도
배울 수 있으면 달려갈거야
무조건 뽕숭아학당
짜짜라 짜라짜라 뽕 숭 아
짜라짜라 짜짜짜
짜라짜라 짜짜짜
뽕숭아 뽕숭아학당
짜짜라 짜라짜라
뽕 숭 아
배움있는 곳에
우릴 불러줘
언제든지 달려갈게
낮에도 열공
밤에도 열공
언제든지 배울거야
다른 사람들이
우릴 부르면
한참을 생각해 보겠지만
붐쌤이 우릴 불러준다면
무조건 달려갈거야
짜짜라 짜라짜라
뽕 숭 아
배움을 향한 우리사랑은
무조건 무조건이야
배움을 향한 우리사랑은
특급 사랑이야
태평양을 건너
대서양을 건너
인도양을 건너서라도
배울 수 있으면 달려갈거야
무조건 뽕숭아학당
뽕숭아 뽕숭아학당
짜짜라 짜라짜라
뽕 숭 아"
첨밀밀 (甛蜜蜜),"3,163",장민호,"甜蜜蜜 你笑得甜蜜蜜
tián mì mì , nǐ xiào de tiánmìmi
달콤해요, 당신의 미소는 달콤해요

好像花儿开在春风里
hǎoxiàng huā'ér kāi zài chūnfēng li
마치 봄 바람에 피우는 꽃과 같아요

开在春风里
kāi zài chūnfēng li
봄 바람 속에 피어난

在哪里 在哪里见过你
zaì nǎ li, zài nǎ li jiànguo nǐ
어디선가 당신을 만난 적이 있어요

你的笑容这样熟悉
nǐ de xiàoróng zhèyang shúxī
당신의 미소는 낯이 익은데

我一时想不起
wǒ yìshí xiǎngbuqǐ
잠시 생각이 안 나는군요

啊 在梦里
a zài mèng li
아 꿈 속이었어요

梦里 梦里见过你
mèng li mèng li jiànguo nǐ
꿈 속에서 당신을 보았어요

甜蜜 笑得多甜蜜
tiánmì xiào de duō tiánmì
너무나도 달콤한 그 미소

是你 是你 梦见的就是你
shì nǐ, shì nǐ, mèngjiàn de jiùshì nǐ
꿈에서 본 건 바로 당신이었어요.

在哪里 在哪里见过你
zài nǎ li, zài nǎ li jiànguo nǐ
어디선가 당신을 본 것 같아요.

你的笑容这样熟悉
nǐ de xiàoróng zhèyang shúxi
당신의 웃는 얼굴이 낯설지 않은데

我一时想不起
wǒ yìshí xiǎngbuqǐ
잠시 생각이 나질 않네요.

啊 在梦里
a, zài mèng li
아, 꿈 속이었군요.

甜蜜蜜 你笑得甜蜜蜜
tián mì mì , nǐ xiào de tiánmìmi
달콤해요, 당신의 미소는 달콤해요

好像花儿开在春风里
hǎoxiàng huā'ér kāi zài chūnfēng li
마치 봄 바람에 피우는 꽃과 같아요

开在春风里
kāi zài chūnfēng li
봄 바람 속에 피어난

在哪里 在哪里见过你
zaì nǎ li, zài nǎ li jiànguo nǐ
어디선가 당신을 만난 적이 있어요

你的笑容这样熟悉
nǐ de xiàoróng zhèyang shúxī
당신의 미소는 낯이 익은데

我一时想不起
wǒ yìshí xiǎngbuqǐ
잠시 생각이 안 나는군요

啊 在梦里
a zài mèng li
아 꿈 속이었어요

梦里 梦里见过你
mèng li mèng li jiànguo nǐ
꿈 속에서 당신을 보았어요

甜蜜 笑得多甜蜜
tiánmì xiào de duō tiánmì
너무나도 달콤한 그 미소

是你 是你 梦见的就是你
shì nǐ, shì nǐ, mèngjiàn de jiùshì nǐ
꿈에서 본 건 바로 당신이었어요.

在哪里 在哪里见过你
zài nǎ li, zài nǎ li jiànguo nǐ
어디선가 당신을 본 것 같아요.

你的笑容这样熟悉
nǐ de xiàoróng zhèyang shúxi
당신의 웃는 얼굴이 낯설지 않은데

我一时想不起
wǒ yìshí xiǎngbuqǐ
잠시 생각이 나질 않네요.

啊 在梦里
a, zài mèng li
아, 꿈 속이었군요."
사랑이 뭐길래,273,신성,"사랑이 뭐길래 사랑이 뭐길래
소리없이 나를 애태우나
바라만 보아도 스며들 듯한
그 모습이 나는 좋아
이 사람이 마지막 남자겠지
믿고 싶은 여자 여자 마음
사랑이 뭐길래 사랑이 뭐길래
희노애락 남기고 가나
당신이 뭐길래 당신이 뭐길래
보고 싶어 흐느껴 우나
홀로 있는 밤이 너무나 싫어
외로워서 난 정말 싫어
사랑 뒤에 남는 건 눈물인데
왜 이렇게 마음이 설레일까
당신이 뭐길래 당신이 뭐길래
내 마음을 흔들어 놓나
이 사람이 마지막 남자겠지
믿고 싶은 여자 여자 마음
사랑이 뭐길래 사랑이 뭐길래
희노애락 남기고 가나
희노애락 남기고 가나"
꿈속의 사랑,356,미래로 가는 길(김윤길&신미래),"사랑해선 안 될 사람을
사랑하는 죄이라서
말 못 하는 내 가슴은 이 밤도
울어야 하나
사랑해선 안 될 사람을
사랑하는 죄이라서
말 못하는 내 가슴은 이 밤도
울어야 하나
잊어야만 좋을 사람을
잊지 못한 죄이라서
소리 없이 내 가슴은 이 밤도
울어야 하나
사랑 애달픈 내 사랑아
어이 맺은 하룻밤의 꿈
다시 못 볼 꿈이라면 차라리
눈을 감고 뜨지 말 것을
사랑해선 안 될 사람을
사랑하는 죄이라서
말 못 하는 내 가슴은 이 밤도
울어야 하나
사랑 애달픈 내 사랑아
어이 맺은 하룻밤의 꿈
다시 못 볼 꿈이라면 차라리
눈을 감고 뜨지 말 것을
사랑해선 안 될 사람을
사랑하는 죄이라서
말 못 하는 내 가슴은 이 밤도
울어야 하나
Swing Swing Swing ma baby
Swing Swing Swing ma baby
Swing Swing Swing ma baby
Swing Swing Swing ma baby
꿈속의 사랑"
의정부 터미널,69,박혜신,"성불사 풍경소리 들려오면
백석천 친구들이 그리워라
중앙로 네거리엔
네온불만 춤추는데
오늘도 교외선은 소식이 없고
떠나간 그사람이 행여 돌아올까
또 다시 찾아온
의정부 터미널엔
쓸쓸한 가로등만이
나를 반겨 주네
망월사 풍경소리 들려오면
중랑천 친구들이 그리워라
태평로 네거리엔
네온불만 춤추는데
오늘도 경원선은 소식이 없고
떠나간 그사람이 행여 돌아올까
또 다시 찾아온
의정부 터미널엔
쓸쓸한 가로등만이
나를 반겨 주네
쓸쓸한 가로등만이
나를 반겨 주네
의정부 터미널"
그댈 잊었나,30,임지훈,"그댈 잊었나
사랑의 이야기
그댈 잊었나
꿈젖은 지난날들
그댈 잊었나
사랑의 이야기
그댈 잊었나
추억의 조각들
맺지 못할 꿈일랑
떨구어 버리려
두눈 꼬옥 감아도
눈물 훔쳐내어도
자꾸 생각나는건
무엇 때문일까
이젠 영영 잊으려
두눈 꼬옥 감아도
맺지 못할 꿈일랑
떨구어 버리려
두눈 꼬옥 감아도
눈물 훔쳐내어도
자꾸 생각나는건
무엇 때문일까
이젠 영영 잊으려
두눈 꼬옥 감아도
두눈 꼬옥 감아도"
잃어버린 우산,433,재하,"안개비가 하얗게
내리던 밤
그대 사는 작은 섬으로
나를 이끌던 날부터
그대 내겐 단 하나
우산이 되었지만
지금 빗속으로 걸어가는
나는 우산이 없어요
이젠 지나버린 이야기들이
내겐 꿈결 같지만
하얀 종이 위에
그릴 수 있는
작은 사랑이어라
라랄 라라라랄 랄랄라랄라
라라 라라라랄라
잊혀져 간 그날의 기억들은
지금 빗속으로 걸어가는
내겐 우산이 되리라
이젠 지나버린 이야기들이
내겐 꿈결 같지만
하얀 종이 위에
그릴 수 있는
작은 사랑이어라
잊혀져 간 그날의 기억들은
지금 빗속으로 걸어가는
내겐 우산이 되리라"
블링블링,"5,726",정동원,"만남은 인연의 시작
추억은 세월의 흔적
결혼은 연애의 선물
행복은 지금 이순간
입술아 어서 말을 해
나없이 못 산다고
나만을 사랑한다고
이렇게 애원할 때가
눈앞에 있을 때가
따뜻한 봄날인거야
거울아 어서 말을 해
내가 젤 예쁘다고
내가 젤 매력 있다고
혹시나 해보지만
역시나 기대만큼
원한말을 들을 수 없어
이 세상사가 다 그래
간절히 원할 때는 더디고
마음을 비우니까
어느새 눈처럼 녹아들잖아
오늘은 Party Party
한 번 뿐인 인생
나를 더 사랑하며 살거야
더 많이 많이 행복하고 싶어
이렇게 하루하루 블링블링 Oh Yeh
블링블링
세월아 샘을 내지 마
비결이 무어냐고
내 나이 안 보인다고
그전엔 몰랐지만
앞으로 사는 동안
너를 의식하지 않을래
이 세상사가 다 그래
간절히 원할 때는 더디고
마음을 비우니까
어느새 눈처럼 녹아들잖아
오늘은 Party Party
한 번뿐인 인생
나를 더 사랑하며 살거야
더 많이 많이 행복하고 싶어
이렇게 하루하루 블링블링
오늘도 Party Party
청춘은 다시 다시
뭐든 생각하기 나름이지
행복은 많이 많이
사랑도 많이 많이
이렇게 오늘도 블링블링
블링블링
블링블링"
내사랑 삼겹살 (Feat. 혜진),25,야식이,"삼 삼 삼 삼 삼겹이예요
두툼두툼한 너
빨강 하얀 섹시한 매력의 조합
노 릇 노 릇 구워주세요
화끈 화끈하게
지글지글 그 소리 날 미치게 해
상추에 한 쌈 싸볼까
깻잎에 한 잎 싸볼까
파무침 부추무침 모두 다 좋아요
상추에 한 쌈 싸볼까
깻잎에 한 잎 싸볼까
이런 내 사랑이예요
너 없으면 못살아
삼 삼 삼 삼 삼겹이예요
두툼두툼한 너
빨강 하얀 섹시한 매력의 조합
노 릇 노 릇 구워주세요
화끈 화끈하게
지글지글 그 소리 날 미치게해
상추에 한 쌈 싸볼까
깻잎에 한 잎 싸볼까
파무침 부추무침 모두 다 좋아요
상추에 한 쌈 싸볼까
깻잎에 한 잎 싸볼까
이런 내 사랑이예요
너 없으면 못살아
앞다리살 뒷다리살
안심도 등심도 다 좋지만
오직 나의 사랑은 삼겹살 너야
상추에 한 쌈 싸볼까
깻잎에 한 잎 싸볼까
파무침 부추무침 모두 다 좋아요
상추에 한 쌈 싸볼까
깻잎에 한 잎 싸볼까
이런 내 사랑이예요
너 없으면 못살아
너 없으면 못살아"
열두줄,419,김태연,"가슴을 뜯는
가야금소리
달빛 실은 가야금소리
한 줄을 퉁기면 옛님이
생각나고 또 한 줄을
퉁기면 술맛이 절로 난다
둥기당기 둥기당기당
둥기당기 둥기당기당
사랑 사랑 내 사랑아
어화둥둥 내 사랑아
열두줄 가야금에 실은
그 사연
어느 누가 달래 주리오
가슴을 뜯는 가야금소리
구곡간장 애타는 소리
한 줄을 퉁기면
옛님이 생각나고
또 한 줄을 퉁기면
술맛이 절로난다
둥기당기 둥기당기다
둥기당기 둥기당기다
사랑 사랑 내사랑아
어화둥둥 내사랑아
열두줄 가야금에 실은
그 사연 어느 누가
달래주리오"
삐용삐용,66,강승연,"삐용삐용 삐용삐용
엠블런스 불러 주세요
제대로 사고가 났어요
내사랑 119
나 정말 미치겠어요
심장이 자꾸 쿵쿵거려요
호흡도 가빠지고 안되겠어요
그 사람 생각하다가
얼굴이 달아오르고
개업식 풍선처럼 허우적대요
의사선생님 고쳐주세요
치료가 필요해요
응급처치 인공호흡
내입에 입맞출때면
그대 숨결에 눈뜨고싶어요
삐용삐용 삐용삐용
엠블런스 불러 주세요
제대로 사고가 났어요
그 사람 생각하다가
삐용삐용 삐용삐용
엠블런스 불러 주세요
제대로 사고가 났어요
내사랑 119
나 정말 미치겠어요
가슴이 자꾸 울렁거려요
손끝이 짜릿해서 안되겠어요
그사람 생각하다가
눈앞에 번개가 치고
귓가엔 천둥소리 우르르 쾅쾅
신이시여 멈춰주소서
안정이 필요해요
응급처치 인공호흡
내입에 입맞출때면
그대 숨결에 눈뜨고싶어요
삐용삐용 삐용삐용
엠블런스 불러 주세요
제대로 사고가 났어요
그 사람 생각하다가
삐용삐용 삐용삐용
엠블런스 불러 주세요
제대로 사고가 났어요
내사랑 119
이놈의 사랑이 사람잡네
삐용삐용 삐용삐용
엠블런스 불러 주세요
제대로 사고가 났어요
내사랑 119
내사랑 119
내사랑 119"
한잔의 인생 (MR),"7,911",임영웅,"한세상 치고 받고 살다가 보면
그냥 저냥 살고픈 날들 있지만
세월 속 청춘을 지나
아등바등 달려오니
술 한 잔이 간절하구나
당신도 마셔 본 적 있는가
한잔의 맹물 같은 인생
인생아 눈물을 마셔라
꿈 찾아 헤매던 그 열정 삼키네
인생아 사랑을 마셔라
님 찾아 헤매던 그 순정 삼키네
빈 술잔에 채워나 보자
한잔의 눈물 같은 인생
당신도 마셔 본 적 있는가
한잔의 맹물 같은 인생
인생아 눈물을 마셔라
꿈 찾아 헤매던 그 열정 삼키네
인생아 사랑을 마셔라
님 찾아 헤매던 그 순정 삼키네
빈 술잔에 채워나 보자
한잔의 눈물 같은 인생
빈 술잔에 채워나 보자
한잔의 눈물 같은 인생"
비가 오려나,158,조관우,"오늘 밤 비가 오려나
별 빛 하나 보이질 않네
오늘 참 쓸쓸하구나
왜 이렇게 눈물이 나는지
보고프면 보고 싶다
졸라도 보고
그리우면 그립다고
불러 볼 텐데
아 아 내일이면
그대 혹시 돌아오려나
아 아 차라리
기다린다 말이나 해둘걸
새벽도 더디 오누나
이 비도 지나가고 없는데
얼마나 더 아파해야
그대가 알까
얼마나 더 기다려야
내 맘을 알까
아 아 내일이면
그대 혹시 돌아오려나
아 아 차라리
기다린다 말이나 해둘걸
새벽도 더디 오누나
이 비도 지나가고 없는데"
사랑아,107,조항조,"사랑아 기 죽지 마라
내 나이는 죄도 벌도 아니야
누구나 건너야 하는
그 자리에 먼저 와 있을 뿐이야
아직 난 사랑 할수 잇어
마음은 늘 청춘 이니까
세월은 속일 수 없나봐
잡을 수도 없겠지
어느새 변해 버린 모습
괜시리 또 서러워 지네
가슴은 늘 그대로 인데
꿈은 어데로 갔나
사랑아 기죽지 마라
내 나이는 죄도 벌도 아니야
누구나 건너야 하는 그 자리에
먼저 와 있을뿐이야
아직 난 사랑 할수 있어
마음은 늘 청춘 이니까
가슴은 녹슬지 않나 봐
다시 뛰는 걸 보면
세월도 비켜 가는 사람
또 한번 나 할수 있을까
이토록 뜨거운 가슴은
왜 난 잊고 살았나
사랑아 기죽지 마라
내 나이는 죄도 벌도 아니야
누구나 건너야 하는 그 자리에
먼저 와 있을 뿐이야
아직 난 사랑할수 있어
마음은 늘 청춘 이니까
마음은 늘 청춘 이니깐"
훨훨훨,136,홍성원,"사랑도 부질없어
미움도 부질없어
청산은 나를 보고
말없이 살라 하네
버려라 훨훨
벗어 버려라 훨훨
사랑도 미움도
버려라 벗어라 훨훨훨
아 아
물같이 바람같이 살라 하네
탐욕도 벗어 놓고
성냄도 벗어 놓고
창공은 나를 보고
티 없이 살라 하네
버려라 훨훨
벗어 버려라 훨훨
탐욕도 성냄도
버려라 벗어라 훨훨훨
아 아
물같이 바람같이 살라 하네
물같이 바람같이 살라 하네"
똑같은 사람,82,류지광,"바람에 꽃잎이 떨어져요
달빛이 구름에 가리워요
비가 내려요
어둠이 깔려요
당신이 떠나갔던 그 날처럼
옛 사랑이 아련하다 누가 말했나
내 님이 싫어졌다 누가 말했나
시간이 흘러도
세상이 변해도
똑같이 눈물이 흐르네
잊으려 해도
잊을 수 없는
당신은 똑같은 사람
바람에 낙엽이 떨어져요
별빛이 구름에 가리워요
눈이 내려요
어둠이 깔려요
그래도 당신은 똑같은 사람
옛 사랑이 아련하다 누가 말했나
내 님이 싫어졌다 누가 말했나
시간이 흘러도
세상이 변해도
똑같이 눈물이 흐르네
잊으려 해도
잊을 수 없는
당신은 똑같은 사람
시간이 흘러도
세상이 변해도
똑같이 눈물이 흐르네
잊으려 해도
잊을 수 없는
당신은 똑같은 사람
당신은 똑같은 사람"
사랑님,603,진욱,"몇 굽이 돌고 돌아
사랑님을 보았을까
새벽 안개 이슬되어
알알이 맺혔구나
한 올 한 올 타는 가슴
어디에 둘까
그리운 맘 사랑에 졌네
아아아아 아아아아
안타까운 내 님이여
저 구름에 몸을 실어
둥실 둥실 띄워볼까
저 바람은 내 맘 알까
먹물 같은 이 내 심정
사랑님은 아시려나
몇 굽이 돌고 돌아
사랑님을 보았을까
새벽 안개 이슬되어
알알이 맺혔구나
한 올 한 올 타는 가슴
어디에 둘까
그리운 맘 사랑에 졌네
아아아아 아아아아
안타까운 내 님이여
저 구름에 몸을 실어
둥실 둥실 띄워볼까
저 바람은 내 맘 알까
먹물 같은 이 내 심정
사랑님은 아시려나
우리 님은 아시려나"
오키도키야,450,안성훈,"오케이 오케이 오키도키야
세상이 뭐라 해도
오케이 오케이 포기는 없다
내 인생아 아자
인생이란 무대 위에서
저마다의 배역은 있지만
내 인생의 무대 위에서
주인공은 바로 나
어디서나 2번 3번 서러움도 컸지만
지금부터 서로에게 우린 1번인 거야
오케이 오케이 오키도키야
세상이 가는 대로
오케이 오케이 오키도키야
내 길을 달려간다
오케이 오케이 오키도키야
세상이 뭐라 해도
오케이 오케이 포기는 없다
내 인생아 아자
당당하게 사랑할 거야
미안한 사랑은 난 싫어
보란 듯이 성공할 거야
호강시켜 줄 거야
어디서나 2번 3번 서러움도 컸지만
나를 믿는 나의 1번 당신이 있으니
오케이 오케이 오키도키야
가슴이 가는 대로
오케이 오케이 오키도키야
내 길을 달려간다
오케이 오케이 오키도키야
세상이 뭐라 해도
오케이 오케이 포기는 없다
내 인생아 아자
내 인생아 아자"
고향역,116,박성온,"코스모스 피어있는 정든 고향역
이뿐이 곱뿐이
모두 나와 반겨주겠지
달려라 고향열차
설레는 가슴 안고
눈 감아도 떠오르는
그리운 나의 고향역
코스모스 반겨주는 정든 고향역
다정히 손 잡고
고개마루 넘어서 갈 때
흰머리 날리면서
달려온 어머님을
얼싸안고 바라보았네
멀어진 나의 고향역"
폼 나게 살거야,453,안성훈,"폼 나게 살 거야
멋지게 살 거야
어차피 사는 세상
하루를 살아도 내 사랑
백 년을 살아도 내 사랑
나는 나는 네가 좋더라
이제부터 폼 나게 살 거야
그 누가 누가 누가 뭐래도
큰소리치고 살게 할 거야
따라와 따라와
다 내가 해줄 거야 따라와
따라와 따라와
아무 걱정 하지 말고 따라와
하루를 살아도 멋지게 살 거야
폼 나게 살 거야
폼 나게 살 거야
멋지게 살 거야
어차피 사는 인생
천년을 살아도 내 사랑
백 년을 살아도 내 사랑
나는 나는 네가 좋더라
따라와 따라와
다 내가 해줄 거야 따라와
따라와 따라와
아무 걱정 하지 말고 따라와
하루를 살아도 멋지게 살 거야
폼 나게 살 거야
폼 나게 살 거야"
가을을 남기고 간 사랑,465,송민준,"가을을 남기고 떠난 사랑
겨울은 아직 멀리 있는데
사랑할수록 깊어가는 슬픔에
눈물은 향기로운 꿈이었나
당신의 눈물이 생각날 때
기억에 남아있는 꿈들이
눈을 감으면 수많은 별이 되어
어두운 밤하늘에 흘러가리
아 그대 곁에 잠들고 싶어라
날개를 접은 철새처럼
눈물로 쓰여진 그 편지는
눈물로 다시 지우렵니다
내 가슴에 봄은 멀리 있지만
내 사랑 꽃이 되고 싶어라

아 그대 곁에 잠들고 싶어라
날개를 접은 철새처럼
눈물로 쓰여진 그 편지는
눈물로 다시 지우렵니다
내 가슴에 봄은 멀리 있지만
내 사랑 꽃이 되고 싶어라"
비 내리는 금강산,724,송가인,"비에 젖은 금강산이 한 맺혀 우는데
흐느껴 외쳐봐도 목놓아 불러봐도
대답이 없네
고향 땅 그려보며 지새운 세월
울다가 지친 날이 그 언제던가
떠나올 때 눈물짓던 어머니 모습
헤매도는 불효자식
불러 나 주오
어머니 살아생전 보고픈 맘에
그 모습이 이제는 점점 흐려져만 갑니다
우리 엄니 보고파 울며 나 홀로 잠든 밤이
몇 날 몇 해 였던가
꿈속에서나 다시 만날 거나
보고픈 우리 엄니
고향 땅 그려보며 지새운 세월
울다가 지친 날이 몇 해였던가
이제는 기억 속에 멀어져 가네
저녁달도 홀로 지는 이국 하늘에
헤매도는 불효자식 불러 나 주오"
싫다 싫어,54,김용필,"당신 아닌 다른 사람도
얼마든지 많고 많은데
왜 하필 당신만을 사랑하고
이렇게도 애를 태우나
싫다 싫어 꿈도 사랑도
싫다 싫어 생각을 말자
당신의 거미줄에
묶인 줄도 모르고
철없이 보내버린
내가 너무 미워서
아차 해도 뉘우쳐도
모두가 지난 이야기

당신 아닌 다른 사람도
얼마든지 많고 많은데
왜 하필 당신만을 사랑하고
괴로움에 눈물 흘리나
싫다 싫어 꿈도 사랑도
싫다 싫어 모든 것이
세 가닥 거미줄에
묶인 줄도 모르고
철없이 보내버린
내가 너무 미워서
아차 해도 뉘우쳐도
모두가 지난 이야기

싫다 싫어 꿈도 사랑도
싫다 싫어 모든 것이
세 가닥 거미줄에
묶인 줄도 모르고
철없이 보내버린
내가 너무 미워서
아차 해도 뉘우쳐도
모두가 지난 이야기"
어머님,336,안성훈,"어머님 오늘 하루를
어떻게 지내셨어요
백날을 하루같이 이 못난 자식 위해
손발이 금이 가고 잔주름이 굵어지신
어머님
몸만은 떠나있어도
어머님을 잊으오리까
오래오래 사세요
편히 한번 모시리다

어머님 어젯밤 꿈엔
너무나 늙으셨어요
그 정성 눈물 속에 세월이 흘렀건만
웃음을 모르시고 검은 머리 희어지신
어머님
몸만은 떠나있어도
어머님을 잊으오리까
오래오래 사세요
편히 한번 모시리다"
사랑의 눈동자,309,유익종,"잊을 수 없는 우리의 사랑
이 가슴에 슬픔만 남아
이젠 난
당신을 알고
사랑을 알고 느꼈어요
끊을 수 없는 우리의 사랑
가슴가득 그리움 남아
이젠 난 당신을 알고
사랑을 알고 느꼈어요
그대의
사랑은 내 마음
감싸주고
그대의 그모습은
사랑의 눈동자여
잊을 수 없는
우리의 사랑
이 가슴에 슬픔만 남아
이젠 난
당신을 알고
사랑을 알고 느꼈어요

그대의 사랑은
내 마음 감싸주고
그대의 그모습은
사랑의 눈동자여
잊을 수 없는 우리의 사랑
이 가슴에 슬픔만 남아
이젠 난
당신을 알고
사랑을 알고 느꼈어요"
들국화 여인,39,현철,"사랑이 병이나면
무슨 약이 있나요
그것은 하나 오직 당신의
그 정이라야 합니다
세월이 흘러가면
잊혀진다 하지만
그것은 내마음을
달래려고 하는 말
오늘밤도 오늘밤도 눈물짓는
들국화 여인

가슴에 타는 불꽃은
무엇으로 끄나요
그것은 하나 오직 당신의
그 정이라야 합니다
찬바람 불어오는
외진길가 모퉁이
오늘도 서러웁게
떨고 있는 들국화
어느누가 어느누가 감싸주랴
들국화 여인"
등대지기,353,은희,"얼어붙은 달 그림자
물결 위에 비치면
한 겨울에 거센 파도
모으는 작은 섬
생각하라 저 등대를
지키는 사람의
거룩하고 아름다운
사랑의 마음을

얼어붙은 달 그림자
물결 위에 비치면
한 겨울에 거센 파도
모으는 작은 섬
생각하라 저 등대를
지키는 사람의
거룩하고 아름다운
사랑의 마음을"
붉은 입술,220,김용임,"밤을 새워 지는 달도
별을 두고 가는데
배 떠난 부둣가에는
검은 연기만 남아
맺지 못 할 사연두고 떠난 사람을
이렇게 밤을 새며 울어야 하나
잊지 못 할 붉은 입술
나를 두고 가는 사람
원망도 했다마는
헤여질 운명이기에 웃으며 보냈지
단 하나의 사랑만은 믿어주세요
사랑의 노래를 들려주던
잊지 못 할 붉은 입술"
사랑하세요,224,양수경,"사랑하세요
당신의 그 옷을 벗어요
다시 여자로 사세요
당신을 가둬놨던 옷을 벗고
새 옷을 갈아입어요
잊었던 화장을 하고
잊었던 내 향기를 찾고
사라진 지난날의 내 모습과
행복을 찾아요
그 누구도 인생은 장담 못 해요
자고 나면 바뀌는 게 인생이니까
세상을 바보처럼 살지 말아요
그래야 슬픈 일이 없을 테니까
이제는 나는 여자가 되고
이제는 나는 사랑이 되고
추운 겨울 피는 동백꽃처럼
내일이면 나는 활짝 필 겁니다
사연 없는 사람 있나요
평생 행복한 사람이 있나요
아무리 비싼 구두를 신어도
먼지가 쌓입니다
우리는 나뭇잎처럼
세상에 매달려 살지만
내 인생은 반짝이는 별이라고
생각을 하세요
그 누구도 인생은 장담 못 해요
자고 나면 바뀌는 게 인생이니까
세상을 바보처럼 살지 말아요
그래야 슬픈 일이 없을 테니까
이제는 나는 여자가 되고
이제는 나는 사랑이 되고
추운 겨울 피는 동백꽃처럼
내일이면 나는 활짝 필 겁니다
이제는 나는 여자가 되고
이제는 나는 사랑이 되고
추운 겨울 피는 동백꽃처럼
내일이면 나는 활짝 필 겁니다
사랑하세요"
한 많은 대동강 (송가인 Ver.),725,김지율,"한 많은 대동강아
변함없이 잘 있느냐
모란봉아 을밀대야
네 모양이 그립구나
철조망이 가로막혀
다시 만날 그때까지
아 아 소식을 물어본다
한 많은 대동강아
편지 한 장 전할 길이
이다 지도 없을소냐
아 아 썼다가 찢어버린
한 많은 대동강아"
사랑의 경계선,92,박우철,"끊어진 인연의 강을
당신과 나 사이에 두고
타는 가슴 어쩌지를 못해
눈물만 떨굽니다
사랑의 경계선을 넘지 못했던
바보같은 미련이 울어
건너 건너 시간의 늪을 건너
당신께 가고 싶지만
바람속의 길을 잃은
운명의 배는
세월만 태우고 가네요
애달픈 이별의 강을
당신과 나 사이에 두고
시린 가슴 어쩌지를 못해
고개만 떨굽니다
사랑의 경계선을 넘지 못했던
바보같은 미련이 울어
건너 건너 시간의 늪을 건너
당신께 가고 싶지만
바람속에 길을 잃은 운명의 배는
세월만 태우고 가네요
세월만 태우고 가네요"
정열의 꽃,310,강훈,"정열의 꽃 피었다
가슴에 내 가슴에
정열의 꽃 피었다
가슴에 내 가슴 속에 피었다
그대 사랑 참이슬로
뿌리를 내리고
밤 풀벌레 소리로
그대 이름 외우며
달과 별을 헤이면서
사랑을 만들고
세상 속의 빛을 모아
정열의 꽃 피웠죠
고마워요
절 지켜줘서
난 정말 행복해요
이제 서야 끝이 보인
서로의 시작 앞에
산소처럼 너무 깨끗한
공기처럼 너무 투명한
이런 사랑 갖게 해준
당신을 사랑해요
오늘은 찐찐하게
키스해 줘요~
그대 사랑 참이슬로
뿌리를 내리고
밤 풀벌레 소리로
그대 이름 외우며
달과 별을 헤이면서
사랑을 만들고
세상 속의 빛을 모아
정열의 꽃 피웠죠
고마워요
절 지켜줘서
난 정말 행복해요
이제 서야 끝이 보인
서로의 시작 앞에
산소처럼 너무 깨끗한
공기처럼 너무 투명한
이런 사랑 갖게 해준
당신을 사랑해요
오늘은 찐찐하게
키스해 줘요~
당신을 사랑해요
오늘은 찐찐하게
키스해 줘요~"
여자야,46,유현상,"여자야 여자야
너는 아직 모르지
울고 있구나 여자야
약해지면 안돼
한 동안 못 본다고 잊혀지겠니
하룻밤의 정도 아닌데
간다는 말도 없이
온다는 기약 없이
그렇게 떠나갔지만
돌아올거야 여자야
약해지면 안돼

여자야 여자야
너는 아직 모르지
웃고 있구나 여자야
흔들리면 안돼
한 동안 못 본다고 어디가겠니
하룻밤의 정도 아닌데
간다는 말도 없이
온다는 기약 없이
그렇게 떠나갔지만
기다려야지 여자야
흔들리면 안돼
여자야 여자야
약해지면 안돼"
꼭 필요합니다,142,문주란,"꼭 나는 당신이
꼭 나는 당신이 필요합니다
내 당신 있어야
내 당신 있어야
두려움이 없어요
나에게 냉정한 얼굴로
절 대하지 말아요
그러면 가슴이 아파요
나도 모르게
꼭 나는 당신이
꼭 나는 당신이 필요합니다
내 당신 있어야
내 당신 있어야
두려움이 없어요

나에게 냉정한 얼굴로
절 대하지 말아요
그러면 가슴이 아파요
나도 모르게
꼭 나는 당신이
꼭 나는 당신이 필요합니다
내 당신 있어야
내 당신 있어야
두려움이 없어요"
못난 내 청춘,101,현철,"누구를 원망해
이 못난 내 청춘을
분하게도 너를 잃고
돌아서는 이발길
아 야속타 생각을 말자해도
이렇게 너를
너를 못잊어 운다
잘있거라 나는 간다
부디 행복하여라
쓰라린 이별에
사랑도 빼앗기고
돌아서는 발길 위에
떨어지는 이 눈물
아 무정타 누구를 원망하랴
이제는 너를
너를 찾지 않으마
잘있거라 나는 간다
부디 행복하여라"
마음이 울적해서,27,설운도,"마음이 울적해서 길을 나섰네
지나간 옛 추억이 내 가슴을 울리는데
한잔술에 뜻대로 부르는 노래
임자잃은 나그네 노래
산데리아 불빛속에 서성이면서
불러봅니다 그대 이름을
바보같은 그대이름을
이 밤도 내 마음은
이 밤도 이 마음은
아 빙글빙글 춤을 춥니다

날마다 생각나는 추억 때문에
오늘도 잊으려고 발길따라 나섰네
한잔술에 뜻대로 부르는 노래
임자잃은 나그네 노래
산데리아 불빛속에 서성이면서
불러봅니다 그대 이름을
바보같은 그대이름을
이 밤도 내 마음은
이 밤도 이 마음은
아 빙글빙글 춤을 춥니다
아 빙글빙글 춤을 춥니다"
여자의 일생,310,장윤정,"바람 불어와 꽃잎이 지고
향기 비 되어 내 맘 적시면
떠난 그대가 다시 내 님 되어
포근히 나를 안아 주네요
날마다 그대의 여자가 되요
하 너무 무정한 나의 사랑아
이제는 갈께요 갈께요
내 심장 바람되어
그대의 여자가 되어

그대 생각에 행복할 텐데
눈물이 흘러 웃고 싶은데
아직 그대도 날 사랑한다고
어서 내게 속삭여 주세요
오늘도 그대의 여자가 되요
하 너무 지독한 나의 사랑아
이제는 갈께요 갈께요
내 숨결 향기되어
그대의 여자가 되어"
쌈바의 여인,47,설운도,"내 마음을 사로잡는 그대
쌈바춤을 추고있는 그대
화려한 불빛 음악에 젖어
사랑에 취해버린 그대
사랑 사랑한다고
좋아 좋아한다고
눈빛 하나로 몸짓 하나로
내 마음 사로 잡는 밤
쌈바 쌈바 쌈바 쌈바
춤을 추고있는 그대
쌈바 쌈바 쌈바 쌈바
사랑스런 나의 그대
이 밤 그대는 불 타오르는
영원한 나만의 사랑

사랑 사랑한다고
좋아 좋아한다고
젖은 머릿결 젖은 눈동자
내 마음 사로 잡는 밤
쌈바 쌈바 쌈바 쌈바
춤을 추고있는 그대
쌈바 쌈바 쌈바 쌈바
사랑스런 나의 그대
이 밤 그대는 불 타오르는
영원한 나만의 사랑
쌈바 쌈바 쌈바 쌈바
춤을 추고있는 그대
쌈바 쌈바 쌈바 쌈바
사랑스런 나의 그대
이 밤 그대는 불 타오르는
영원한 나만의 사랑"
사주팔자,275,장고,"어쭈 어쭈 어쭈구리
잘도 났네 잘도 났네
어떤 사람 잘도 났네
부러울게 하나 없네
에헤야 데헤야
세상에 태어날 때부터
사주팔자도 만들어지는 세상
울 어머니 날 낳실때
사주팔자가 잘 되라고
돈이라도 집어주고
부탁하지 그랬소
그랬으면 요놈의 사주팔자
상팔자가 되었을텐데
잘 났어도 못 났어도
세상살이가 고달퍼도
원망을 말자 한탄을 말자
나하기 달렸거늘
두드려라 그러면 열린다 했소
요놈의 사주팔자
확 바꿔서 보란듯이 잘 살거야
얕보지마라 얕보지마라
쥐구멍에 볕들 날 있단다
세상에 태어날 때부터
사주팔자도 만들어지는 세상
울 어머니 날 낳실때
사주팔자가 잘 되라고
돈이라도 집어주고
부탁하지 그랬소
그랬으면 요놈의 사주팔자
상팔자가 되었을텐데
잘 났어도 못 났어도
세상살이가 고달퍼도
원망을 말자 한탄을 말자
나하기 달렸거늘
두드려라 그러면 열린다 했소
요놈의 사주팔자
확 바꿔서 보란듯이 잘 살거야
얕보지마라 얕보지마라
쥐구멍에 볕들 날 있단다"
잊게 해주세요,115,혜은이,"만나서는 않될 사람을
왜 만나게 하셨나요
잊어야만 하는 당신을
왜 잊을 수 없나요
떠나가 주세요 맺을 수 없는 사랑
제발 제발 잊게해 주세요
다시는 사랑을 사랑을 않겠어요
떠나가 주세요 맺을 수 없는 사랑
제발 제발 잊게해 주세요
다시는 사랑을 사랑을 않겠어요
다시는 사랑을 사랑을 않겠어요"
오뚝이 인생,139,배일호,"내일은 해가뜬다
나도 뜬다 뜬다
이제부터 내세상이다
걱정하지마 고민하지마
까짓것해 보는거야
걱정일랑 잊어
고민일랑 버려
이제부터 내세상이다
야야야 내가누구냐
오 뚝이란다
야야야 내가누구냐
오 뚝이란다
넘어지면 일어나는
오뚝이란다
사람팔자 시간문제다
내일은 해가뜬다
나도 뜬다 뜬다
이제부터 내세상이다
내일은 해가뜬다
나도 뜬다 뜬다
이제부터 내세상이다
걱정하지마 고민하지마
까짓것해 보는거야
걱정일랑 잊어 고민일랑 버려
다시한번 해보는거다
야야야 내가누구냐
오뚝이란다
야야야 내가누구냐
오뚝이란다
넘어지면 일어나는
오뚝이란다
사람팔자 시간문제다
내일은해가뜬다
나도 뜬다 뜬다
이제부터 내세상이다
야야야 내가누구냐
오뚝이란다
야야야 내가누구냐
오뚝이란다
넘어지면 일어나는
오뚝이란다
사람팔자 시간문제다
내일은 해가뜬다
나도 뜬다 뜬다
이제부터 내 세상이다
내일은 해가 뜬다
나도 뜬다 뜬다
이제부터 내 세상이다
화이팅"
빈깡통,564,박상철,"딸랑 딸랑 딸랑 딸랑 딸랑 딸랑
가진 것 없지만 마음은 부자
빈 깡통이 나가신다
돈 없으면 어때서 모자라면 어때서
나를 나를 놀리 지이마
세상에 태어나서 한번쯤은
떵떵 거리며 살고 싶었다
무시하지 마라 놀리지 마라
내 멋에 살아간단다
돈 없고 백 없고 걱정도 없는
마음은 부자랍니다
딸랑 딸랑 딸랑 딸랑 딸랑 딸랑
가진 것 없지만 마음은 부자
빈 깡통이 나가신다
돈 없으면 어때서 모자라면 어때서
나를 나를 놀리 지이마
세상에 태어나서 한번쯤은
떵떵 거리며 살고 싶었다
무시하지 마라 놀리지 마라
내 멋에 살아간단다
돈 없고 백 없고 걱정도 없는
마음은 부자랍니다
돈 없고 백 없고 걱정도 없는
마음은 부자랍니다"
내 꿈을 향해서,"2,407",박서진,"내 꿈을 향해서
거치른 비바람과
차가운 눈보라도
내 갈 길은 절대로
막을 순 없을 거다
이 세상에 태어나서
한 번쯤은 이뤄 보리라
한 걸음 한 걸음 뛰어서
한 움큼 한 움큼 쥐어 보자
내 꿈을 향해서
내 꿈을 향해서
아무리 힘들어도
차가운 시련이 와도
내 갈 길은 절대로
포기는 없을 거다
이 세상에 태어나서
한 번쯤은 이뤄 보리라
한 걸음 한 걸음 뛰어서
한 움큼 한 움큼 쥐어 보자
내 꿈을 향해서
한 걸음 한 걸음 뛰어서
한 움큼 한 움큼 쥐어 보자
내 꿈을 향해서
내 꿈을 향해서"
사랑의 와이파이,872,홍진영,"오직 나만을 사랑해줘요
평생 나만을 바라봐줘요
첫눈에 홀딱 반했나 봐요
사랑의 삘이 통했나 봐요
그대는 이제 내꺼
영원히 내꺼야
당신만이 내 사랑
하루도 우리 사랑 끊기면 안 돼
느려도 싫어 싫어요
낮에도 한밤에도 팡팡 터져라
사랑의 와이파이야
첫눈에 홀딱 반했나 봐요
사랑의 삘이 통했나 봐요
그대는 이제 내꺼
영원히 내꺼야
당신만이 내 사랑
오직 나만을 사랑해줘요
평생 나만을 바라봐줘요
당신 밖에 나는 몰라요
내겐 당신뿐이야
오늘은 나를 향한
그대 마음이
웬일로 잡히질 않아
산 넘고 물 건너도 팡팡 터져라
사랑의 와이파이야
첫눈에 홀딱 반했나 봐요
사랑의 삘이 통했나 봐요
그대는 이제 내꺼
영원히 내꺼야
당신만이 내 사랑
오직 나만을 사랑해줘요
평생 나만을 바라봐줘요
당신 밖에 나는 몰라요
내겐 당신뿐이야
라라라라라 라라라
내가 내가 외롭지 않게
라라라라라 라라라
내 가슴 울리지 않게
오직 나만을 사랑해줘요
평생 나만을 바라봐줘요
당신밖에 나는 몰라요
내겐 당신뿐이야
그대는 이제 내꺼 영원히 내꺼야
당신만이 내 사랑"
Hot Baby,246,레드썬,"Honey
전화 받아 뭐해 안 받고 뭐해
딴 생각 하지마라 Boy
지금 장난해 내가 만만해 너
날 시험하지마 Boy
Baby 너에게 모든걸 다 줬잖아
내 순정 가져갔잖아
너만 좋아한다 너만 사랑한다
더 크게 말해줘
Honey
Baby hot hot hot 너는 나만의 honey
영원한 나만의 Baby
누가 뭐라해도 뭐라고 해도
난 항상 너뿐이야
Baby hot hot hot 너는 나만의 Honey
뜨거운 나만의 Baby
누가 뭐라해도 뭐라고 해도
너만을 가질거야
전화 받아 뭐해 안 받고 뭐해
딴 생각 하지마라 Boy
지금 장난해 내가 만만해 너
날 시험하지마 Boy
Baby 너에게 모든걸 다 줬잖아
내 순정 가져갔잖아
너만 좋아한다 너만 사랑한다
더 크게 말해줘
Honey
Baby hot hot hot 너는 나만의 honey
영원한 나만의 Baby
누가 뭐라해도 뭐라고 해도
난 항상 너뿐이야
Baby hot hot hot 너는 나만의 Honey
뜨거운 나만의 Baby
누가 뭐라해도 뭐라고 해도
너만을 가질거야
hot hot hot hot hot hot hot hot
hot hot hot hot honey hot hot hot hot honey
Baby hot hot hot 너는 나만의 Honey
영원한 나만의 Baby
누가 뭐라해도 뭐라고 해도
너만을 가질거야"
두줄기 눈물,87,나훈아,"이슬비 내리던 밤에
나혼자 걸었네 정든 이거리
그대는 가고 나혼자만이
거니는 밤길 그리워
그리워서 흘러내리는
두줄기 눈물속에 아련히
보이는 것은 희미한 옛 사랑
그대는 가고 없어도
나혼자 걸었네 눈물의 거리
참을 수 없는 상처만 안고
거니는 밤길 보고파
보고파서 흘러내리는
두줄기 눈물속에 아련히
보이는 것은 희미한 옛 사랑"
분교,118,나훈아,"기역 니은 잠이 든 교정에
맨드라미 저 혼자 피다가
아이들이 그리운 날은
꽃잎을 접는다
계절이 오는 운동장마다
깃발처럼 나부끼던 동무여
다들 어디서 무얼하고 있는지
옛날 다시 그리워지면
텅빈 교실 내가 앉던 의자에
나 얼굴 묻는다
늑목 밑엔 버려진 농구공
측백나무 울타리 너머로
선생님의 손풍금 소리
지금도 들리네
지붕도 없는 추녀 끝에는
녹슨 종이 눈을 감고 있는데
다들 어디서 그 소리를
듣느뇨 추억 찾아 옛날로 가면
몽당연필 같은 지난 세월이
나를 오라 부르네
몽당연필 같은 지난 세월이
나를 오라 부르네"
친구야,215,김범룡,"비바람 몰아치는 캄캄한 밤에
저 멀리 떠나버린 나의 친구야
지금은 어디에서 무얼 하는지
너무도 그립구나
별들이 반짝이는 바다에 서면
밀려드는 파도 같은 인생이구나
어디서 무얼하든 나의 친구야
너의 꿈 잊지마오
그늘진 니 얼굴에
환한 웃음을 띄우려마
저 하늘이 무너져도
우린 뭐든지 할 수가 있어
친구야 친구야 험한 세상에
다리가 될께 친구야
친구야 사랑한다 나의 친구야
어릴 때 너는 내게 나의 형처럼
내 어깨 두드리며 날 지켜주었지
어디서 무얼하든 나의 친구야
너의 꿈 잊지마오
그늘진 니 얼굴에
환한 웃음을 띄우려마
저 하늘이 무너져도
우린 뭐든지 할 수가 있어
친구야 친구야 험한 세상에
다리가 될께 친구야
친구야 영원한 나의 친구야
누구나 알고 있어
넌 쓰러지지 않는다는 걸
너에겐 힘이 있어
친구야 친구야 험한 세상에
다리가 될께 친구야
친구야 사랑한다 나의 친구야
오 친구야 친구야
친구야 친구야
영원한 나의 친구야"
붐붐붐,698,장윤정,"붐붐 붐부르 붐붐붐
붐붐 붐부르 붐붐붐
난 아직 몰라요
사랑은 소리 없이 와서
내 맘 흔들어 놓고
바람에 흩어진 연기처럼
말없이 사라지네요
그대가 그대가 가고 없는
쓸쓸한 이 밤에
지나간 추억이 생각나
술 한 잔 하네요
붐붐 붐부르 붐붐붐
붐붐 붐부르 붐붐붐
난 아직 당신 몰라요
붐붐 붐부르 붐붐붐
붐붐 붐부르 붐붐붐
눈물이면 오지 마요
이별은 소리 없이 와서
날 아프게 하고
빗물에 젖은 꽃잎처럼
내 맘도 울고 있네요
그대가 그대가 가고 없는
쓸쓸한 이 밤에
지나간 추억이 생각나
술 한 잔 하네요
붐붐 붐부르 붐붐붐
붐붐 붐부르 붐붐붐
난 아직 당신 몰라요
붐붐 붐부르 붐붐붐
붐붐 붐부르 붐붐붐
눈물이면 오지 마요
붐붐 붐부르 붐붐붐
붐붐 붐부르 붐붐붐
난 아직 당신 몰라요
붐붐 붐부르 붐붐붐
붐붐 붐부르 붐붐붐
사랑이면 내가 가요
사랑이면 내가 가요"
한 많은 대동강,"5,891",송가인,"한 많은 대동강아
변함없이 잘 있느냐
모란봉아 을밀대야
네 모양이 그립구나
철조망이 가로막혀
다시 만날 그때까지
아 소식을 물어본다
한 많은 대동강아
대동강 부벽루야
뱃노래가 그립구나
귀에 익은 수심가를
다시 한 번 불러본다
편지 한 장 전할 길이
이다지도 없을 쏘냐
아 썼다가 찢어버린
한 많은 대동강아"
아내에게 바치는 노래,550,성빈 (최윤하),"젖은 손이 애처로워
살며시 잡아본 순간
거칠어진 손마디가
너무나도 안타까웠소
시린 손끝에 뜨거운 정성
고이 접어 다져온 이 행복
여민 옷깃에 스미는 바람
땀방울로 씻어온 나날들
나는 다시 태어나도
당신만을 사랑하리라
나는 다시 태어나도
당신만을 사랑하리라"
추억의 소야곡,"5,469",이찬원,"다시 한 번 그 얼굴이
보고 싶어라
몸부림 치며 울며
떠난 사람아
저 달이 밝혀주는 이 창가에서
이 밤도 너를 찾는
이 밤도 너를 찾는 노래 부른다
바람 결에 너의 소식
전해들으면
행복을 비는 마음 애달프구나
불러도 대답 없는
흘러 간 사랑
차라리 잊으리라
차라리 잊으리라 맹세 슬프다"
대찬인생,"1,471",김경민,"박차고 태어나서
겁날게 뭐가있냐
깨지고 박살나도
제대로 한판붙어봐
탑7 못 됐다고
기죽고 살지 마라
가슴을 활짝펴고
멋있게 사는거야
세상만사 그런거지
가끔은 꼬일 때도 있지
소주한잔 걸치고 이렇게 소리쳐봐
한번죽지 두번죽냐 덤빌테면
모두 덤벼봐
깡으로 치자면
둘째가라면 섭섭해
한번뽑은 칼이라면 찔러야지
호박이라도
까지것 어떠냐 목숨한번 걸어봐
대차게 살기위해
이땅에 태어났다
실패를 하더라도
뼈빠지게 한번 살아봐
뛰는놈 머리위로
나는놈 있다지만
그런건 상관없어
오십보 백보니까
결승전은 못 갔지만
동원이한테 졌다지만
그렇다고 내인생
파김치 된건아냐
한번죽지 두번죽냐
덤빌테면 모두 덤벼봐
깡으로 치자면 둘째가라면 섭섭해
한번뽑은 칼이라면 찔러야지
호박이라도
까지것 어떠냐 목숨한번 걸어봐
까지것 어떠냐
목숨한번 걸어봐"
남자는 여자를 귀찮게 해,648,남승민,"처음에 사랑할 때 그 이는
씩씩한 남자였죠
밤하늘에 별도 달도 따주마
미더운 약속을 하더니
이제는 달라졌어 그 이는
나보고 다 해달래
애기가 되어버린 내 사랑
당신 정말 미워 죽겠네
남자는 여자를 정말로 귀찮게 하네
남자는 여자를 정말로 귀찮게 하네
결혼을 하고 난 후 그 이는
나보고 다 해달래
밥달라 사랑달라 보채고
둘이서 놀기만 하쟤요
할 일은 해도해도 많은데
자기만 쳐다보래
웃어라 안아달라 조르는
당신 골치아파 죽겠네
남자는 여자를 정말로 귀찮게 하네
남자는 여자를 정말로 귀찮게 하네
남자는 여자를 정말로 귀찮게 하네"
나성에 가면,"5,783",정동원,"나성에 가면 편지를 띄우세요
사랑의 이야기 담뿍 담은 편지
나성에 가면 소식을 전해줘요
하늘이 푸른지 마음이 밝은지
즐거운 날도 외로운 날도
생각해 주세요
나와 둘이서 지낸 날들을
잊지 말아줘요
나성에 가면 편지를 띄우세요
함께 못가서 정말 미안해요
나성에 가면 소식을 전해줘요
안녕 안녕 내 사랑
나성에 가면 편지를 띄우세요
꽃모자를 쓰고 사진을 찍어보내요
나성에 가면 소식을 전해줘요
예쁜 차를 타고 행복을 찾아요
당신과 함께 있다하면은 얼마나
좋을까 어울릴거야 어디를 가도
반짝거릴텐데
나성에 가면 편지를 띄우세요
함께 못가서 정말 미안해요
나성에 가면 소식을 전해줘요
안녕 안녕 내 사랑
안녕 안녕 내 사랑"
촛불잔치 EDM REMIX,69,이재성,"촛불 잔치를 벌려 보자
촛불 잔치야
바람에 별이 떨어지고
어둠만이 밀려오면
지난 날 아름답던 꿈들
슬픔으로 내게 다가와
행여나 발자국 소리에
창밖을 보며 지샌 밤
내 가슴 멍울지게 해도
나 그대 미워하진 않아
나의 작은 손에 초 하나 있어
이 밤 불 밝힐 수 있다면
나의 작은 마음에 초 하나 있어
이 밤 기도할 수 있다면
촛불 잔치를 벌려 보자 촛불 잔치야
촛불 잔치를 벌려 보자 촛불 잔치야
부슬부슬 비마저 내리면
울음이 터질것만 같아
그사람 이름을 되뇌이다
하얗게 지새우는 밤
새벽 바람에 실려오는
저 멀리 성당의 종소리
나 무릎 꿇고 두손 모아
그를 위해 날 태우리라
나의 작은 손에 초 하나 있어
이 밤 불 밝힐 수 있다면
나의 작은 마음에 초 하나 있어
이 밤 기도할 수 있다면
촛불 잔치를 벌려 보자 촛불 잔치야
촛불 잔치를 벌려 보자 촛불 잔치야"
살다보니 (인생별곡),"7,381",영탁,"살다보니 살다보니 알게 되더라
인생이란 내 뜻대로 되지 않더라
돌아보니 돌아보니 꿈만 같더라
그래도 행복하더라
인생은 그런거라고 눈물이 반인거라고
살다보니 살다보니 이제야 알 것 같더라
때로는 행복했었지 때로는 눈물 겨웠지
쓴맛 단맛 보고나니 인생을 알 것 같더라
영화처럼 만나서 소설처럼 헤어진
사랑했던 그사람은 지금은 어디있을까
살다보니 살다보니 알게 되더라
인생이란 내 뜻대로 되지 않더라
돌아보니 돌아보니 꿈만 같더라
그래도 행복하더라
주름진 얼굴이지만 마음은 청춘이라고
스쳐가는 연인들의 가슴을 설레게하네
한 편의 이야기처럼 한 편의 드라마처럼
밤을 세워 애기해도 모자란 인생이야기
떠나버린 그 사람 지금은 행복할까
내 곁에서 사랑할 때 조금만 더 잘해줄걸
살다보니 살다보니 알게 되더라
인생이란 내 뜻대로 되지 않더라
돌아보니 돌아보니 꿈만 같더라
그래도 행복하더라
즐거워도 힘들어도 어차피 세월은 가네
산다는게 별거 있나 웃으며 살아가야지
살다보니 살다보니 알게 되더라
인생이란 내 뜻대로 되지 않더라
돌아보니 돌아보니 꿈만 같더라
그래도 행복하더라
살아보니 살아보니 알 것 같더라
인생이란 내 맘대로 할 수 없더라
돌아보니 돌아보니 꿈만 같더라
그래도 행복하더라
그래도 행복하더라"
미움인지 그리움인지,49,박혜신,"잊어야한다고 다짐하면서
돌아섰던 가슴속에
미움인지 그리움인지
알 수 없는 그대생각
잊으면 모두 그만인 것을
왜 이렇게 잊지 못할까
오지 않을 그 사람을
행여 올까 기다리는
바보 같은 미련일까
생각을 말자고 다짐하면서
방황했던 지난세월
미움인지 그리움인지
떠나지 않는 그 모습
잊으라 그 한마디남기고
떠나버린 그 사람인데
기다리면 무엇 하나
애태우면 무엇 하나
이젠 모두 잊어야지"
사나이 순정,"4,374",이찬원,"묻지 마라 욕하지 마라
사나이 순정이란다
바람처럼 살아왔다
나의 과거를 묻지를 말아
험하고 험한 인생이었다
후회 없지만 눈물이 난다
쓸쓸한 이 거리 난 너를 만났고
사랑을 알았고 꿈을 가졌다
이 생명 다 바쳐 널 사랑하리라
사나이 한평생
내 사랑 너를 위해
묻지 마라 욕하지 마라
사나이 순정이란다
묻지 마라 욕하지 마라
사나이 순정이란다
바람처럼 살아왔다
나의 과거를 묻지를 말아
험하고 험한 인생이었다
후회 없지만 눈물이 난다
쓸쓸한 이 거리 난 너를 만났고
사랑을 알았고 꿈을 가졌다
이 생명 다 바쳐 널 사랑하리라
사나이 한평생
내 사랑 너를 위해
묻지 마라 욕하지 마라
사나이 순정이란다
사나이 순정이란다"
지중해 (Cover Ver.),18,신나,"지친 어깰 돌아서
내려오는 달빛을 본다
별 빛 같은 네온에
깊은 밤을 깨워보지만
죽음보다 더 깊은
젊은 날은 눈을 감은 채
돌아누웠지 숨을 죽이며
울고 있었지
천년 같은 하루와
내 모든 걸 빼앗아 가고
한숨 속에 살다가
사라지는 나를 보았지
나도 내가 누군지
기억조차 할 수가 없어
나를 데려가 할 수있다면
너의 곁으로
돌아가는 길에
나를 내려 줘
나도 네가 사는 곳에
가진 않을래
돌아오는 길은 너무
멀지만 더 이상은
나를 버리고 살 순 없어
떠나자 지중해로
잠든 너의 꿈을 모두 깨워봐
나와함께 가는 거야
늦지는 않았어
가보자 지중해로
늦었으면 어때
내 손을 잡아봐
후회 없이 우리
다시 사는 거야
천년 같은 하루와
내 모든 걸 빼앗아 가고
한숨 속에 살다가
사라지는 나를 보았지
나도 내가 누군지
기억조차 할 수가 없어
나를 데려가 할 수있다면
너의 곁으로
돌아가는 길에
나를 내려 줘
나도 네가 사는 곳에
가진 않을래
돌아오는 길은 너무
멀지만 더 이상은
나를 버리고 살 순 없어
떠나자 지중해로
잠든 너의 꿈을 모두 깨워봐
나와함께 가는 거야
늦지는 않았어
가보자 지중해로
늦었으면 어때
내 손을 잡아봐
후회 없이 우리
다시 사는 거야
떠나자 지중해로
잠든 너의 꿈을 모두 깨워봐
나와함께 가는 거야
늦지는 않았어
가보자 지중해로
늦었으면 어때
내 손을 잡아봐
후회 없이 우리
다시 사는 거야
떠나자 떠나자"
수은등,95,장송호,"어스름 저녁길에 하나 둘
수은등 꽃이 피며는
그대와 단둘이서 거닐던
이 길을 서성입니다
수은등 은은한 빛 변함 없어도
당신은 변했구려 보이질 않네
아 수은등 불빛아래
이 발길은 떠날 줄 몰라
어두운 밤 거리에 하나 둘
오색불 깜빡거리면
그대의 웃음소리 들려 올듯
내 가슴은 설레이네
바람부는 이 거리는 변함이 없건만
당신은 변했구려 보이질 않네
아 오색불 깜빡이는
이 거리를 잊으셨구려
수은등 은은한 빛 변함 없어도
당신은 변했구려 보이질 않네
아 수은등 불빛아래
이 발길은 떠날 줄 몰라"
가지마,"2,058",손태진,"가지 마 가지 마
동아줄로도 못 잡는 청춘
미련만 한숨만
제발 남지 않는 삶이 되길
눈물방울 빗물로
여기면서 살아왔던 날들이
후회 한 점 없다면 그건 거짓말
그저 오로지 사랑 하나만을 위해
나 살리라 오늘 내일도
가지 마 가지 마
동아줄로도 못 잡는 청춘
미련만 한숨만
제발 남지 않는 삶이 되길
눈물방울 빗물로
여기면서 살아왔던 날들이
후회 한 점 없다면 그건 거짓말
그저 오로지 사랑 하나만을 위해
나 살리라 오늘 내일도
눈물방울 빗물로
여기면서 살아왔던 날들이
후회 한 점 없다면 그건 거짓말
그저 오로지 사랑 하나만을 위해
나 살리라 오늘 내일도"
기억 저편에,722,송가인,"그리움에 잠 못 드는 가을밤처럼
기억 저편 시간 속으로
하루 종일 비 내리는 좁은 골목길
나 혼자서 걸었죠
가끔은 생각이 나겠죠
아직도 아파하나요
힘들고 외로움에 지쳐도
이제는 슬퍼 말아요
그리움은 내 가슴에 남아있는데
여울진 기억 저편에
가끔은 생각이 나겠죠
아직도 아파하나요
힘들고 외로움에 지쳐도
이제는 슬퍼 말아요
그리움은 내 가슴에 남아있는데
여울진 기억 저편에
여울진 기억 저편에"
한 많은 대동강,716,송가인,"한 많은 대동강아
변함없이 잘 있느냐
모란봉아 을밀대야
네 모양이 그립구나
철조망이 가로막혀
다시 만날 그때까지
아 소식을 물어본다
한 많은 대동강아
대동강 부벽루야
뱃노래가 그립구나
귀에 익은 수심가를
다시 한번 불러본다
편지 한 장 전할 길이
이다지도 없을쏘냐
아 썼다가 찢어버린
한 많은 대동강아"
구름정원 (feat. 현숙),1,박승권,"꽃구름 바라보며 다시 찾아온 북한산 구름정원 우리를 반겨주네
아름다운 그 모습이 나의 발길을 오늘도 붙잡고 놔주질 않네 산새들 노래소리가
아~ 아아 구름정원 또다시 찾아오마

동녘하늘 바라보며 다시 찾아온 북한산 구름정원 또 다시 반겨주네
아름다운 그 모습이 나의 발길을 오늘도 붙잡고 놔주질 않네 산새들 노래소리가
아~ 아아 구름정원 또 다시 찾아오마

아름다운 그 모습이 나의 발길을 오늘도 붙잡고 놔주질 않네 산새들 노래소리가
아~ 아아 구름정원 또 다시 찾아오마
또 다시 찾아오마"
별이 빛나는 밤에,87,윤항기,"너와 내가 맹세한
사랑한다는 그 말
너와 내가 맹세한
사랑한다는 그 말
차라리 듣지 말 것을
애당초 믿지 말 것을
사랑한다는 그 말에
모든 것 다 버리고
별이 빛나는 밤에
너와 내가 맹세하던 말
사랑한다는 그 말은
별 빛 따라 흘렀네
머나 먼 하늘 위에
별들이 빛나는 밤
그리워요 사랑해요
유성처럼 사라져버린
별이 빛나는 밤에
너와 내가 맹세하던 말
사랑한다는 그 말은
별 빛 따라 흘렀네

머나 먼 하늘 위에
별들이 빛나는 밤
그리워요 사랑해요
유성처럼 사라져버린
별이 빛나는 밤에
너와 내가 맹세하던 말
사랑한다는 그 말은
별 빛 따라 흘렀네
별이 빛나는 밤에
별이 빛나는 밤에
별이 빛나는 밤에
별이 빛나는 밤에"
애인이 돼주세요,"4,642",이찬원,"그대여 나에 애인이 되어
애인이 되주세요
외롭고 쓸쓸한 나의
나의 가슴에
사랑이 사랑이 사랑이 싹트도록
뜨거운 눈길로
상처 뿐인 나를 달래줘요
오늘도 캄캄한 밤
나이트 클럽에서 처음 본 사람이지만
왠지 나도 모르게 왠지 나도 모르게
자꾸만 끌리는 사람
사랑에 눈빛이 마음에 들었는지
아 손짓하며 미소를 짓는 그 사람
그대여 나의 애인이 되어
애인이 되주세요
외롭고 쓸쓸한 나의
나의가슴에
추억이 추억이 추억이 싹트도록
따뜻한 미소로
상처 뿐인 나를 달래줘요
오늘도 캄캄한 밤
나이트 클럽에서 처음 본 사람이지만
왠지 나도 모르게 왠지 나도 모르게
자꾸만 끌리는 그 사람
사랑에 몸짓이 마음에 들었는지 아
윙크하며 미소를 짓는 그 사람"
가시오,133,김양,"가시오 가시오
꺾인 내 맘도 가져가시오
님 그리움에 지쳐버린 사랑은
향기 없는 꽃이 되었소
애틋한 꽃잎은 시들어
이 내 마음 갈 곳 없어
그리운 내님은 어디에
불러도 대답이 없네
아 보고픈 내 사랑아
사무친 슬픔 어이할까
가시오 가시오
꺾인 내 맘도 가져가시오
님 그리움에 지쳐버린 사랑은
향기 없는 꽃이 되었소
아 보고픈 내 사랑아
사무친 슬픔 어이할까
가시오 가시오
꺾인 내 맘도 가져가시오
님 그리움에 지쳐버린 사랑은
향기 없는 꽃이 되었소
찬바람에 낙엽 지듯
내 그리움 품에 안고 가시오
가시오 가시오
꺾인 내 맘도 가져가시오
님 그리움에 지쳐버린 사랑은
향기 없는 꽃이 되었소
향기 없는 꽃이 되었소"
삼천포 아가씨,42,은방울 자매,"비 내리는 삼천포에
부산 배는 떠나간다
어린 나를 울려놓고
떠나가는 내 님이여
이제 가면 오실 날짜
일년이요 이년이요
돌아와요 네 돌아와요 네
삼천포 내 고향으로

조개껍질 옹기종기
포개놓은 백사장에
소꿉장난 하던 시절
잊었나 님이시여
이 배 타면 부산 마산
어디든지 가련만은
기다려요 네 기다려요 네
삼천포 아가씨는"
흔적,39,최유나,"이제는 가도
되는 건가요
어두워진 거리로
오늘만은 왠지
당신 앞에서
울고 싶지 않아요
어차피 내가 만든
과거속에서
살아가야 하지만
절반의 책임마저
당신은 모르겠지요
지나간 날을 추억이라며
당신이 미소 지을때
기억해요
슬픈 여자 마음에
상처뿐인 흔적을

어차피 내가 만든
과거속에서
살아가야 하지만
절반의 책임마저
당신은 모르겠지요
지나간 날을
추억이라며
당신이 미소 지을때
기억해요
슬픈 여자 마음에
상처뿐인 흔적을
기억해요
슬픈 여자 마음에
상처뿐인 흔적을"
인연,60,하동진,"이제는 두 번 다시

사랑 때문에 울지 않으리

이제는 두 번 다시

나는 너를 보내지 않으리

사랑 때문에 괴로웠던

지난 날들은

이제는 이제는 모두 끝이야

수많은 사람 만나 만나서

내 모든 걸 다 주어 봐도

때가 되면 떠나버리는

무정한 사람이더라

인연이라는 것은

때가 되어야만 만나지는 것

지난 날을 괴로워말자

언젠가 너도 괴로울테니까



이제는 두 번 다시

과거 때문에 울지 않으리

이제는 두 번 다시

나는 너를 보내지 않으리

사랑 때문에

괴로웠던 지난 날들은

나에겐 또 다시 없을 테니까

수 많은 사람 만나 만나서

내 모든 걸 다 주어봐도

때가 되면 떠나버리는

무정한 사람이더라

인연이라는 것은

하늘 만이 그걸 알 수 있는 것

지난 날은 괴로워말자

언젠가 너도 괴로울테니까"
잠깐,138,인순이,"돌아서서 떠나갈때 변하더라도
잠깐 웃고 지금만 있어요
왜 가는지 왜 가는지
떠나가는 이유라도 들어봅시다
사랑은 농담처럼
장난으로 생각하나요
웃는 내가 바보지
웃는 내가 바보야
웃는 내가 어리석지

도망치듯 달아나듯 변하는 그대
잠깐 그럴 수가 있나요
가더라도 가더라도
마지막 술잔이나 비우고 가소
속 다르고 겉 달랐던
사랑한다 그 말을
믿은 내가 바보지
믿은 내가 바보야
믿은 내가 어리석지"
이별,489,장계현,"새벽 꽃잎에 맺힌 아침 이슬은
이별의 슬픔에 흘린 그대의 눈물인가요
지난 밤 다정스런 사랑의 속삭임도
떨어지는 아침 이슬에 멀리 사라졌소
눈물 속에 비치는 못 이룰 우리의 사랑
곱게 핀 내 청춘은 무엇을 위해 바쳤나
새벽 꽃잎에 맺힌 아침 이슬은
이별의 슬픔에 흘린 그대의 눈물인가요

눈물 속에 비치는 못 이룰 우리의 사랑
곱게 핀 내 청춘은 무엇을 위해 바쳤나
새벽 꽃잎에 맺힌 아침 이슬은
이별의 슬픔에 흘린 그대의 눈물인가요
그대의 눈물인가요 그대의 눈물인가요"
꽃,"1,567",장윤정,"날 찾아 오신 내님
어서오세요
당신을 기다렸어요
라이 라이야
어서오세요
당신의 꽃이 될래요
어디서 무엇하다
이제 왔나요
당신을 기다렸어요
라이 라이야
어서오세요
당신의 꽃이 될래요
사랑의 꽃씨를 뿌려
기쁨을 주고
서로 행복 나누면
니이 라이 라이 라이 라야
당신은 나의 나무가 되고
니이 라이 라이 라이 라야
나는 당신의 꽃이 될래요

날 찾아 오신 내님
어서오세요
당신을 기다렸어요
라이 라이야
어서오세요
당신의 꽃이 될래요
어디서 무엇하다
이제 왔나요
당신을 기다렸어요
라이 라이야
어서오세요
당신의 꽃이 될래요
사랑의 꽃씨를 뿌려
기쁨을 주고
서로 행복 나누면
니이 라이 라이 라이 라야
당신은 나의 나무가 되고
니이 라이 라이 라이 라야
나는 당신의 꽃이 될래요
나는 당신의 꽃이 될래요"
그리움은 가슴마다,93,이미자,"<1절

애타도록 보고파도 찾을 길 없네

오늘도 그려보는 그리운 얼굴

그리움만 쌓이는데

밤하늘에 잔별같은 수많은 사연

꽃은 피고지고 세월이 가도

그리움은 가슴마다 사무쳐 오네



<2절

꿈에서도 헤맷지만 만날길 없네

바람부는 신작로에 흩어진 낙업

서러움만 쌓이는데

밤이슬 젖어드는 서글품 가슴

꽃이 다시피는 새봄이 와도

그리움은 가슴마다

메아리 치네"
그 때 그 사람 (Original Ver.),358,심수봉,"비가오면 생각나는 그사람

언제나 말이 없던 그사람

사랑의 괴로움을 몰래 감추고

떠난 사람 못잊어서 울던 그 사람



그 날 차안에서 내게 물었지

세상에서 젤 슬픈게 뭐냐고

사랑보다 더 슬픈건 정이라며

고개를 떨구던 그때 그 사람



외로운병실에서 기타를 쳐주고

외로워하며 다정했던 사랑한 사람



안녕이란 단 한마디 말도 없이

지금은 어디에서 행복할까

어쩌다 한번쯤은 생각해줄까

지금도 보고싶은 그때 그 사람"
비와 외로움,660,위일청,"낯설은 이 비가 내몸을 적시며
살며시 찾아드는 외로움
조용한 선 술집에서 생각하는 그대모습

길가의 가로등 내몸을 비추면
살며시 찾아드는 외로움
조용한 그 카페에서 생각하는 그대모습
그대가 내곁에서 멀어져 바람속에 묻힐때
또 다시 길을 나서며 맞는 낯설은 비와 외로움
내마음 쓰러져 길가에 쓸쓸함이 쌓이네
(내마음 쓰러져 길가에 쓸쓸함이 쌓이네)"
사랑이 뭐길래,104,최영철,"사랑이 뭐길래 사랑이 뭐길래
소리없이 나를 애태우나
바라만 보아도 스며들 듯한
그 모습이 나는 좋아
이 사람이 마지막 남자겠지
믿고 싶은 여자 여자 마음
사랑이 뭐길래 사랑이 뭐길래
희노애락 남기고 가나
당신이 뭐길래 당신이 뭐길래
보고싶어 흐느껴 우나
홀로 있는 밤이 너무나 싫어
외로워서 난 정말 싫어
사랑 뒤에 남는건 눈물인데
왜 이렇게 마음이 설레일까
당신이 뭐길래 당신이 뭐길래
희노애락 남기고 가나
이 사람이 마지막 남자겠지
믿고 싶은 여자 여자 마음
사랑이 뭐길래 사랑이 뭐길래
희노애락 남기고 가나
희노애락 남기고 가나"
녹슬은 기찻길,197,나훈아,"휴전선 달빛아래 녹슬은 기찻길
어이해서 피 빛인가 말 좀 하렴아
전해다오 전해다오 고향 잃은 서러움을
녹슬은 기찻길아 어버이 정 그리워 우는 이 마음

대동강 한강 물은 서해에서 만나
남과 북의 이야기를 주고받는데
전해다오 전해다오 고향 잃은 서러움을
녹슬은 기찻길아 너처럼 내 마음도 울고 있단다"
슬픈 화가의 눈물,890,진해성,"그리운님 보고플 때
화실에 홀로 앉아
지난추억 생각하면서
당신을 그려봅니다
세월 흐른 지금은
어떻게 변해있을까
추억만을 그리며 사는
슬픈화가의 눈물
사무치게 그리울 때
화폭에 그린얼굴은
그리워도 보고싶어도
만날 수 없는 옛사랑
세월 흐른 지금은
어떻게 변해있을까
추억만을 그리며사는
슬픈화가의 눈물"
비내리는 고모령,895,진해성,"어머님의 손을 놓고 돌아설 때엔
부엉새도 울었다오 나도 울었소
가랑잎이 휘날리는 산 마루턱을
넘어오던 그날 밤이 그리웁구나
맨드라미 피고 지고 몇 해 이던가
물방아간 뒷전에서 맺은 사랑아
어이해서 못잊느냐 망향초 신세
비 내리던 고모령을 언제 넘느냐"
부산 갈매기,191,문성재,"지금은 그 어디서 내 생각 잊었는가
꽃처럼 어여쁜 그 이름도
고왔던 순이 순이야
파도 치는 부둣가에 지나간 일들이
가슴에 남았는데
부산 갈매기 부산 갈매기
너는 정녕 나를 잊었나
지금은 그 어디서 내 모습 잊었는가
꽃처럼 어여쁜 그 이름도
고왔던 순이 순이야
그리움이 물결치면 오늘도 못 잊어
내 이름 부르는데
부산 갈매기 부산 갈매기
너는 벌써 나를 잊었나
부산 갈매기 부산 갈매기
너는 벌써 나를 잊었나"
꽃길,"1,250",윤수현,"다시 돌아가라하면 싫어요
난 못가요
비단옷 꽃길이라도
이제 다시 사랑안해요
몰라서 걸어온 그 길 알고는
다시는 못가
아파도 너무나 아파
사랑은 또 무슨 사랑
다시 돌아가라하면 싫어요
난 못가요
비단옷 꽃길이라도
이제 다시 사랑안해요
몰라서 걸어온 그 길 알고는
다시는 못가
아파도 너무나 아파
꽃길은 또 무슨 꽃길
몰라서 걸어온 그 길 알고는
다시는 못가
아파도 너무나 아파
사랑은 또 무슨 사랑
꽃길은 또 무슨 꽃길"
Be Happy,596,설운도,"그대 오늘 너무나 슬프네요
언제까지 기억 할게요
이제 그댄 영원히 나의 곁을
떠나야만 하니까요
잊지는 말아요 우리의 사랑을
좋은 기억으로 간직해요
행복해야 해요 날 떠나 보낸 걸
후회하지 않게
미안해요 어색한 이 자리
나를 위해 참고 있겠죠
그대에게 아픔만 남기고
떠나는 날 용서해요
어쩌면 좋아요 자꾸 눈물이 나
그대의 모습을 볼 수 없죠
행복해야 해요 나보다 더 많이
그래야만 해요
어쩌면 난 흔들릴지 몰라
한동안 나 아플지 몰라
안 되는 줄 알고 있으면서
자꾸 그댈 안고 싶어
그 슬픈 눈으로 날 보지 말아요
웃는 그대 모습 보여줘요
행복해야 해요 날 떠나 보낸 걸
후회하지 않게 후회하지 않게"
대동강 편지,90,나훈아,"대동강아 내가왔다
을밀대야 내가왔다
우표없는 편지속에 한세월 묻어놓고
지금은 낳설은 나그네 되어
칠백리 고향길을 찾아왔다고
못본체마라 못본체 마라 반겨주렴아
대동강아 내가왔다
부벽루야 내가왔다
주소없는 겉봉투에
너의얼굴 그리다가
눈보라 치던밤 달도없던밤
울면서 떠난길을 돌아왔다고
못본체하네 못본체하네 반겨주렴아"
선창,"1,235",조명섭,"울려고 내가 왔던가
웃으려고 왔던가
비린내 나는 부둣가엔
이슬 맺은 백일홍
그대와 둘이서 꽃씨를 심던 그날도
지금은 어디로 갔나 찬비만 내린다
울려고 내가 왔던가
웃으려고 왔던가
울어본다고 다시 오랴
사나이의 첫 순정
그대와 둘이서 희망에 울던 항구를
웃으며 돌아가련다 물새야 울어라"
5호선 여인,791,류지광,"아닐거야 아니겠지
하지만 자꾸 돌아보게 돼
그 어느날 지하철 5호선에서
우연히 마주친 여인
눈인사를 건넸지만
쓸쓸히 바라만 보다
어느 역이었나 어느 역이던가
총총히 내리면서 뒤돌아볼 때
맺힌 눈물 나는 보았네
아아아 5호선 여인
아닐거야 아니겠지
하지만 자꾸 돌아보게 돼
그 어느날 지하철 5호선에서
우연히 마주친 여인
눈인사를 건넸지만
쓸쓸히 바라만 보다
어느 역이었나 어느 역이던가
총총히 내리면서 뒤돌아볼 때
맺힌 눈물 나는 보았네
아아아 5호선 여인
맺힌 눈물 나는 보았네
아아아 5호선 여인"
내 나이가 어때서,"3,016",장민호,"야 야 야 내 나이가 어때서
사랑에 나이가 있나요
마음은 하나요
느낌도 하나요
그대만이 정말 내 사랑인데
눈물이 나네요
내 나이가 어때서
사랑하기 딱 좋은 나인데
어느 날 우연히 거울 속에 비춰진
내 모습을 바라보면서
세월아 비켜라
내 나이가 어때서
사랑하기 딱 좋은 나인데
야 야 야 내 나이가 어때서
사랑에 나이가 있나요
마음은 하나요
느낌도 하나요
그대만이 정말 내 사랑인데
눈물이 나네요
내 나이가 어때서
사랑하기 딱 좋은 나인데
어느 날 우연히 거울 속에 비춰진
내 모습을 바라보면서
세월아 비켜라
내 나이가 어때서
사랑하기 딱 좋은 나인데
사랑하기 딱 좋은 나인데"
물레야,"4,956",이찬원,"한밤이 지났느냐
돌아라 물레야
홀로타는 등불마저
쓸쓸한 밤을
너 아니면 나는 어떡해
하루이틀 기다린 님이
달이가고 해가가도
물레만 도네
기다려도 오지않는
무심한 님이시여
돌아가는 물레야
한밤이 지났느냐
돌아라 물레야
홀로타는 등불마저
쓸쓸한 밤을
너 아니면 나는 어떡해
하루이틀 기다린 님이
달이가고 해가가도
물레만 도네
기다려도 오지않는
무심한 님이시여
돌아가는 물레야"
오늘밤에,"18,217",임영웅,"오늘 밤에 아무도 모르게
너랑 둘이서 둘이서 사랑을 할거야
오늘 밤에 아무도 모르게
뚜뚜 뚜루 뚜뚜 뚜두르
이 밤이 무서워 난 네가 없으면
내 곁에 좀 더 머물러요
리듬 속 너와 내가 춤을 출 때면
그 순간이 행복할거야
Baby 너랑 나랑
우리 둘이 영원하도록
사랑의 맹세를 난 약속할거야
오늘 밤에 아무도 모르게
너랑 둘이서 둘이서 사랑을 할거야
오늘 밤에 아무도 모르게
둘이서 하는 불장난
후우 후우 후우
뚜뚜 뚜루 뚜뚜 뚜두르
사랑이 뭐냐고 물어보신다면
나의 대답은 말해 뭐해
불타는 마음으로 지켜줄거야
당신만이 곁에 있다면
Baby 너랑 나랑
우리 둘이 영원하도록
사랑의 맹세를 난 약속할거야
오늘 밤에 아무도 모르게
너랑 둘이서 둘이서 사랑을 할거야
오늘 밤에 아무도 모르게
뚜뚜 뚜루 뚜뚜 뚜두르
꿈이라면 깨지 않게 해줘
떠나가지마 가지마 가지마 가지마
오늘 밤에 아무도 모르게
둘이서 하는 불장난
후우 후우 후우
뚜뚜 뚜루 뚜뚜 뚜두르"
연하의 남자,"7,057",영탁,"나는 나는 연하의 남자
부를 때 누나라고
누나라고 말하지만
내 맘은 설레이고 있어요
처음 본 순간부터
내 마음을 뺏겼어요
내 영혼을 흔들었어요
이제부턴 동생 아닌
남자로 봐주세요
당신을 사랑합니다
내 사랑을 받아주세요
조건없이 다 드릴께요
당신에게 빠져버린
당신에게 빠져버린
나는 나는 연하의 남자
나는 나는 연하의 남자
부를 때 누나라고
누나라고 말하지만
내 맘은 설레이고 있어요
처음 본 순간부터
내 마음을 뺏겼어요
내 영혼을 흔들었어요
이제부턴 동생 아닌
남자로 봐주세요
당신을 사랑합니다
내 사랑을 믿어주세요
행복하게 해 드릴께요
당신에게 빠져버린
당신에게 빠져버린
나는 나는 연하의 남자
당신에게 빠져버린
당신에게 빠져버린
나는 나는 연하의 남자
연하의 남자"
아가야 (哀夢),306,송민경,"많이 바쁘신가요
어제 꿈에서도 찾았는데
눈물이 앞을 가려서
차마 움직일 수 없었죠
아가야 우리 아가야
귓가에 맴돈 소리
아가야 우리 아가야
보이지가 않아요
차마 돌아갈수없는 것은
손끝이라도 닿을까
그리움 별빛에 새기고
나는 돌아갑니다
루루루 루루루
루루루루 루루루
아가야 우리 아가야
귓가에 맴돈 소리
아가야 우리 아가야
보이지가 않아요
차마 돌아갈수없는 것은
손끝이라도 닿을까
그리움 별빛에 새기고
나는 돌아갑니다
그리움 가슴에 새기고
나는 돌아갑니다
루루루 루루루
루루루루 루루루"
당신은 누구십니까,45,서미주,"시도때도 없이 사랑하더니
아무렇지 않게 떠나가네요
마음대로 왔다 마음대로
가는 당신은 누구십니까
애처로워 바라보나요
마지막 인사를 준비하나요
모르는척 눈감아봐도
가슴이 먼저 압니다
행복하여 난 몰랐습니다
당신마음 시들어 버렸다는걸
장미가시같은 아찔한
사랑 향기에 취했었네요
행복하여 난 몰랐습니다
흐르는 눈물은 내꺼 아니죠
아지랑이 같은 사라지는 사랑
다 필요없어요
애처로워 바라보나요
마지막 인사를 준비하나요
모르는척 눈감아봐도
가슴이 먼저 압니다
행복하여 난 몰랐습니다
당신마음 시들어 버렸다는걸
장미가시같은 아찔한
사랑 향기에 취했었네요
행복하여 난 몰랐습니다
흐르는 눈물은 내꺼 아니죠
아지랑이 같은 사라지는
사랑 다 필요없어요
아지랑이 같은 사라지는
당신은 누구십니까"
걷다 보면,987,남승민,"창틈 새로 속삭이는
살랑살랑 바람 소리
잠든 나를 깨우며
내 마음 흩뜨려 놓네
저 하늘 위로 떠가는 구름
나도 똑같은 걸
정처 없이 사라져도
잡지 못할 뿐인 걸
한발 두발 걷다 보면
내 시간의 저 끝인데
어느새 지나버린 세월 뒤로 한 채
한 번 두 번 넘어져도
내 심장은 더 뛰는데
먼 훗날 후회 없이 웃을 수 있게
시작조차 아득했던
길고 또 긴 내 여행길
품어 왔던 내 꿈들 언제쯤 이뤄지나
저 언덕 너머 희미한 연기
나도 똑같은 걸
소리 없이 사라져도
잡지 못할 뿐인 걸
한발 두발 걷다 보면
내 시간의 저 끝인데
어느새 지나버린 세월 뒤로 한 채
한 번 두 번 넘어져도
내 심장은 더 뛰는데
먼 훗날 후회 없이 웃을 수 있게
이젠 멈출 수 없는데
돌아갈 수도 없는데
아직 까마득한 저 외길이
펼쳐져 있는 걸
나에게
한발 두발 걷다 보면
내 시간의 저 끝인데
어느새 지나버린 세월 뒤로 한 채
한 번 두 번 넘어져도
내 심장은 더 뛰는데
먼 훗날 후회 없이 웃을 수 있게"
폼나게 살거야,207,"골드미스(공소원,김다나,박주희,영지,한초임)","폼나게 살거야
멋지게 살거야
어차피 사는 세상
하루를 살아도 내 사랑
백년을 살아도 내 사랑
나는 나는 네가 좋더라
이제부터 폼나게 살거야
그 누가 누가 누가 뭐래도
큰소리치고 살게 할거야
따라와 따라와
다 내가 해줄 거야 따라와
따라와 따라와
아무 걱정하지 말고 따라와
하루를 살아도
멋지게 살거야
폼나게 살거야
폼나게 살거야"
으라차차 내 인생,133,송준근,"앗 이게 누구야 이 아저씨 누구야
세월에 폭탄 맞은 이 사람은 누구야
겁없던 그 시절 당당했던 그 시절
거울 속에 저 사람 누구야
부족하면 부족한 데로
넘치면 넘치는 데로
버텨준 당신이 고마워
유턴 없는 인생살이 으라차차 사는 거지
순리대로 인연 따라 인생사 다 그런 거야
앗 이게 누구야 이 아줌마 누구야
세월에 변해버린 이 사람은 누구야
고왔던 그 시절 반짝이던 그 시절
거울 속에 저 사람 누구야
부족하면 부족한 데로
넘치면 넘치는 데로
버텨준 당신이 고마워
유턴 없는 인생살이 으라차차 사는 거지
순리대로 인연 따라 인생사 다 그런 거야
인생사 다 그런 거야"
돌고 돌아가는 길,"1,748",양지은,"산 넘어 넘어 돌고 돌아
그 뫼에 오르려니
그 뫼는 어드메뇨
내 발만 돌고 도네
강 건너 건너 흘러 흘러
그 물에 적시려니
그 물은 어드메뇨
내 몸만 흘러 흘러 흘러
발만 돌아 발 밑에는
동그라미 수북하고
몸 흘러도 이내
몸은 그 안에서 흘렀네
동그라미 돌더라도
아니가면 어이해
그 물 좋고 그 뫼 좋아
어이해도 가야겠네
산 넘어 넘어 넘어
돌고 돌아 가는 길에
뱅글 뱅글 돌더라도
어이 아니 돌을 소냐
흘러 흘러 세월가듯
내 푸름도 한 때 인걸
돌더라도 가야겠네
내 꿈 찾아 가야겠네
산 넘어 넘어 돌고 돌아
그 뫼에 오르려니
그 뫼는 어드메뇨
내 발만 돌고 도네
강 건너 건너 흘러 흘러
그 물에 적시려니
그 물은 어드메뇨
내 몸만 흘러 흘러"
사랑도 모르면서,"2,274",장민호,"사랑은 믿는거라고
무조건 믿는거라고
달콤한 말로
나를 꼬드기고
작별의 인사 없이
떠나 가버렸나
사랑은 통속한 잡지에
밑줄 치는 낙서가 아니야
사랑도 모르면서
사랑도 모르면서 모르면서
내 이름은 왜 또 불렀소
사랑은 믿는거라고
끝까지 믿는 거라고
달콤한 말로 나를 꼬드기고
작별의 인사 없이
떠나 가버렸나
사랑은 통속한 잡지에
밑줄 치는 낙서가 아니야
사랑도 모르면서
사랑도 모르면서 모르면서
내 이름은 왜 또 불렀소
사랑도 모르면서
사랑도 모르면서 모르면서
내 이름은 왜 또 불렀소"
애타는 마음 (Cover Ver.),0,미스터 팡,"바로 너야
이쁜 이 장미 닮은 너야
입술이 딸기 같은거야
내 맘을 1초만에 다 뺏겨 버렸어
그래 나야
널 아껴주는 사람 나야
널 지켜주는 사람 나야
니 사랑 송두리째 다 뺏어 주겠어
어느 때보다 확실해
다른 애보다 위험해
자꾸만 눈길이 가 이상하지 나
소란해 내 심장이
쿵 쾅 뛰는 소리 커져가
니가 다가와 주면
사랑일까 사랑일까
이런 게 사랑일까
어떡해 얼굴이 금방 새빨개진 이유가
뭔지 내게 말해줘
사랑일까 사랑일까
이런 게 사랑일까
나나나 촌스럽지만
다다다 유치하지만
애애애 애 타는 내 맘 속에 너 있어
오직 너야
수 십 번 생각해도 너야
두리번 둘러봐도 너야
내 사랑 너의 품에 다 던져 주겠어
어느 때보다 확실해
다른 애보다 위험해
자꾸만 눈길이 가 이상하지 나
소란해 내 심장이
쿵 쾅 뛰는 소리 커져 가
니가 다가와 주면
사랑일까 사랑일까
이런 게 사랑일까
어떡해 얼굴이 금방 새빨개진 이유가
뭔지 내게 말해줘
사랑일까 사랑일까
이런 게 사랑일까
널 바라 볼 때 설레어 올 때
내 머린 하늘까지 닿을 듯이 ol'e
우연이 운명이 된
이 순간에 말하자면
시간이 멈춘 것 같아
I'm ready for love
나나나 촌스럽지만
다다다 유치하지만
애애애 애 타는 내 맘 속에 너 있어"
아내는 지금,46,강진,"해는 지는데 아내는 지금
해 지는데 아내는 지금~


오늘도 아내는 外出을 한다
어디 가냐 물어 볼 수도 없다
눈치라도 줄까 봐 짜증낼까 두려워
같이 있고싶단 말도 못하고


아~ 親舊도 趣味도 멀리한 채
살아온 歲月이 野俗하구나
오늘도 아내는 늦는다며
저녁은 알아서 하라네요


해 지는데 아내는 지금~



<간 주>


외로움 달래려 나서 보지만
아무 데도 나는 갈 곳이 없다
잘나가던 時節도 모두 부질없더라
드라마 시간만 기다리는 身世

아~ 親舊도 趣味도 멀리한 채
살아온 歲月이 野俗하구나
오늘도 아내는 늦는다며
저녁은 알아서 하라네요

해 지는데 아내는 지금~

------------------------------------
오늘도 아내는 늦는다며
저녁은 알아서 하라네요


해 지는데 아내는 지금~"
바람꽃,0,설하윤,"바람아 훨훨 불어다오
애타는 내 가슴에 한줄기 바람꽃
바람이 있다면 바람꽃 흩날리는
하얀 언덕 그대와
단둘이 거닐고 싶어라
아무도 모르게 피어온 내 마음
이제는 바람에 실어
훨훨훨 저 멀리 내님 닿는 곳까지
날리고 싶어라
하늘아 바람아 이 맘 담아
그대 가슴에 꽃을 피워라
사랑아 사랑아
내 가슴 속에 한줄기 바람꽃
그대 손 꼭잡고 하늘 위 구름따라
살랑살랑 그대와
단둘이 거닐고 싶어라
아무도 모르게 피어온 내 마음
이제는 바람에 실어
훨훨훨 저 멀리 내 님 닿는 곳까지
날리고 싶어라
하늘아 바람아 이 맘 담아
그대 가슴에 꽃을 피워라
사랑아 사랑아
내 가슴속에 한줄기 바람꽃
매일 밤 나는 꿈속에서
당신을 기다렸어요
운명처럼 만난 그대와
하늘을 날고 싶어요
하늘아 바람아 이 맘 담아
그대 가슴에 꽃을 피워라
사랑아 사랑아
내 가슴속에 한줄기 바람꽃
하늘아 사랑아
내 가슴속에 한줄기 바람꽃
한줄기 바람꽃"
폼나게 살거야,139,김정민,"폼나게 살 거야 멋지게 살 거야
어차피 사는 세상
하루를 살아도 내 사랑
백년을 살아도 내 사랑
나는 나는 니가 좋더라
이제부터 폼나게 살 거야
그 누가 누가 누가 뭐래도
큰소리 치고 살게 할 거야
따라와 따라와
다 내가 해줄 거야 따라와
따라와 따라와
아무 걱정하지 말고 따라와
하루를 살아도 멋지게 살 거야
폼나게 살 거야
폼나게 살 거야 멋지게 살 거야
어차피 사는 세상
하루를 살아도 내 사랑
백년을 살아도 내 사랑
나는 나는 니가 좋더라
이제부터 폼나게 살 거야
그 누가 누가 누가 뭐래도
큰소리 치고 살게 할 거야
따라와 따라와
다 내가 해줄 거야 따라와
따라와 따라와
아무 걱정하지 말고 따라와
하루를 살아도 멋지게 살 거야
폼나게 살 거야
폼나게 살 거야"
울긴 왜 울어,155,공훈,"울지마 울긴 왜 울어
고까짓 것 사랑 때문에
빗속을 거닐며 추억일랑 씻어버리고
한잔 술로 잊어버려요
어차피 인생이란
이별이 아니더냐
울지마 울긴 왜 울어
바보처럼 울긴 왜 울어
울지마 울긴 왜 울어
고까짓 것 미련 때문에
흐르는 강물에 슬픔일랑 던져 버리고
돌아서서 웃어버려요
어차피 인생이란
연극이 아니더냐
울지마 울긴 왜 울어
바보처럼 울긴 왜 울어
어차피 인생이란
이별이 아니더냐
울지마 울긴 왜 울어
바보처럼 울긴 왜 울어"
돼지토끼,139,박성온,"넌 돼끼돼끼해 또 말랑말랑해
네 냄새까지 너무나 사랑스러워
눈이 안 보이게 웃으면
심장이 아프잖아
넌 토끼시끼해 또 뽀실뽀실해
네 뱃살까지 너무나 사랑스러워
젤리 같은 너 마냥 소중해
영원히 안아줄게
비 맞지 마 두피 멍들라
내가 구름도 가려줄게
제발 밤에는 집에만 있어
번쩍번쩍 빛이 나니까
바람 불면 나가지도 마
날아갈 리 없겠지만은
혹시나 고운 피부
바람에 아파할까 봐
넌 돼끼돼끼해 또 말랑말랑해
네 냄새까지 너무나 사랑스러워
눈이 안 보이게 웃으면
심장이 아프잖아
넌 토끼시끼해 또 뽀실뽀실해
네 뱃살까지 너무나 사랑스러워
젤리 같은 너 마냥 소중해
영원히 안아줄게

늙어지면 지리산 가자
때론 많이 외롭겠지만
흑염소 키우면서
우리 둘이서 살까 봐
넌 돼끼돼끼해 또 말랑말랑해
네 냄새까지 너무나 사랑스러워
눈이 안 보이게 웃으면
심장이 아프잖아
넌 토끼시끼해 또 뽀실뽀실해
네 뱃살까지 너무나 사랑스러워
젤리 같은 너 마냥 소중해
영원히 안아줄게
넌 그대로면 돼 또 있어주면 돼
내 목숨까지 다해서 사랑해 줄게
너를 만난 건 신의 한수야
하늘에 감사할게"
친구야,391,신성,"비바람 몰아치는 캄캄한 밤에
저 멀리 떠나버린 나의 친구야
지금은 어디에서 무얼 하는지
너무도 그립구나

별들이 반짝이는 바다에 서면
밀려드는 파도 같은 인생이구나
어디서 무얼 하던 나의 친구야
너의 꿈 잊지 마오

그늘진 니 얼굴에
환한 웃음을 띄우려 마
저 하늘이 무너져도
우린 뭐든지 할 수가 있어

친구야 친구야
험한 세상에 다리가 될게
친구야 친구야
사랑한다 말해 친구야

어릴 때 너는 내게 나의 형처럼
내 어깰 두드리며 날 일으켜 주었지
어디서 무얼하든 나의 친구야
너의 꿈 잊지 마오

그늘진 니 얼굴에
환한 웃음을 띄우려 마
저 하늘이 무너져도
우린 뭐든지 할 수가 있어

친구야 친구야
험한 세상에 다리가 될게
친구야 친구야
겸허한 나의 친구야

누구나 알고 있어
넌 쓰러지지 않는다는 걸
너에겐 힘이 있어

친구야 친구야
험한 세상에 다리가 될게
친구야 친구야
사랑한다 나의 친구야

친구야 (친구야)
친구야
영원한 나의
친구야"
케 세라 세라,414,안성훈,"누구나 가슴 한편엔
꿈이 남아 있겠지
사는 게 녹록지 않아
잠시 묻어뒀겠지
현실이 힘들게 하지만
사랑이 나를 외롭게 하지만
케 세라 세라
아직 끝이 아니야
오라 온다
내 꿈속에 사는 날 그날
케 세라 세라
케 세라 세라
아직 끝이 아니야
온다 오라
내 꿈속에 사는 날 그날
케 세라 세라
그 날 케 세라 세라"
돌아와요 부산항에,513,조용필,"꽃피는 동백섬에 봄이 왔건만
형제 떠난 부산항에 갈매기만 슬피 우네
오륙도 돌아가는 연락선 마다
목메어 불러봐도 대답 없는 내 형제여
돌아와요 부산항에 그리운 내 형제여

가고파 목이 메어 부르던 이거리는
그리워서 헤매이던 긴긴날의 꿈이었지
언제나 말이 없는 저 물결들도
부딪쳐 슬퍼하며 가는 길을 막았었지
돌아왔다 부산항에 그리운 내 형제여"
내하나의 사랑은 가고,105,최유나,"너를 보내는 들판에
마른 바람이 슬프고
내가 돌아선 하늘에
살빛 낮달이 슬퍼라
오래토록 잊었던
눈물이 솟고
등이 휠 것 같은
삶에 무게여
가거라 사람아
세월을 따라
모두가 걸어가는
쓸쓸한 그 길로

이젠 그 누가 있어
이 외로움 견디며 살까
이젠 그 누가 있어
이 가슴 지키며 살까
아 저 하늘에 구름이나 될까
너 있는 그 먼땅을 찾아나설까
사람아 사람아
내 하나의 사람아
이 늦은 참회를 너는 아는지"
사랑의 배신자,196,나훈아,"얄밉게 떠난 님아
얄밉게 떠난 님아
내 청춘 내 순정을
짓밟아 놓고
얄밉게 떠난 님아
더벅머리 사나이에
상처를 주고
너 혼자 미련없이
돌아서서 가는가
배신자여 배신자여
사랑의 배신자여

얄밉게 떠난 님아
얄밉게 떠난 님아
내 청춘 내 행복을
짓밟아 놓고
얄밉게 떠난 님아
더벅머리 사나이에
상처를 주고
너 혼자 미련없이
돌아서서 가는가
배신자여 배신자여
사랑의 배신자여"
보고싶은 얼굴,308,현미,"눈을 감고 걸어도
눈을 뜨고 걸어도
보이는 것은 초라한 모습
보고 싶은 얼굴
거리마다 물결이 거리마다 발길이
휩쓸고 지나간 허황한 거리에
눈을 감고 걸어도
눈을 뜨고 걸어도
보이는 것은 초라한 모습
보고 싶은 얼굴

거리마다 물결이 거리마다 발길이
휩쓸고 지나간 허황한 거리에
눈을 감고 걸어도
눈을 뜨고 걸어도
보이는 것은 초라한 모습
보고 싶은 얼굴"
인동초,93,현철,"시간이란 파도가 허물고간 가슴에

모래알로 부서저가는 허무한 내사랑

수많번에 이별이 와도 단한번의 사랑을 위해

긴긴날 그리움을 가슴에다 않고서

아아 이밤도 울어야 하는 인동초를 아세요



세월이란 파도가 허물고간 가슴에

모래알로 부서저버린 허무한 내사랑

언젠가는 돌아오리라 어리석은 미련때문에

긴긴날 기다림을 꽃잎에 새겼다

아아 이밤도 울어야 하는 인동초를 아세요"
장모님,172,배일호,"화초처럼 곱게 곱게 기른 딸을
나에게 내어주시며
내 몸처럼 아끼고
잘 살아가라던
장모님의 그 말씀이
귓전에 맴돌아
하루에도 열두번
참고 살아가지만
어찌하면 좋을까요
나의 장모님
처음과는 달라졌어요
아내는 지금 그렇게도
상냥하고 얌전하더니
너무나도 변했어요
무서워 졌어요
어찌하면 좋을까요
장모님 우리 장모님
솜씨좋고 맵시 좋아
마음까지도 볼것없다 하시며
귀밑머리 하얗토록
잘 살아가라던
장인어른 그 말씀이
귓전에 맴돌아
하루에도 열두번
참고 살아가지만
어찌하면 좋을까요
나의 장모님
처음과는 달라졌어요
아내는 지금 그렇게도
상냥하고 얌전하더니
너무나도 변했어요
무서워졌어요
어찌하면 좋을까요
장모님 우리 장모님
처음과는 달라졌어요
아내는 지금 그렇게도
상냥하고 얌전하더니
너무나도 변했어요
무서워졌어요
어찌하면 좋을까요
장모님 우리 장모님
장모님 우리 장모님
장모님"
사랑의 동반자,200,문연주,"세월은 나와 같이
동반자로 살아왔지만
저만치서 바라보며
날 지켜주는 한 사람
당신 사랑이 이렇게도
좋은 줄을 몰랐네
세월 가도 나에게는
소중한 당신
우리 사랑에 바람 불어도
우리 사랑에 비가 내려도
변치 않을 사랑의 동반자
세월은 나와 같이
동반자로 살아왔지만
저만치서 바라보며
날 지켜주는 한 사람
이십 년 전 삼십 년 전
서로 사랑했듯이
백 년 가도 천 년 가도
사랑은 하나
우리 사랑에 바람 불어도
우리 사랑에 비가 내려도
변치 않을 사랑의 동반자
변치 않을 사랑의 동반자"
돼지토끼 (Inst.),430,장윤정,"넌 돼끼돼끼해 또 말랑말랑해
니 냄새까지 너무나 사랑스러워
눈이 안보이게 웃으면
심장이 아프잖아
넌 토끼시끼해 또 뽀실뽀실해
니 뱃살까지 너무나 사랑스러워
젤리 같은 너 마냥 소중해
영원히 안아줄게
비 맞지마 두피 멍들라
내가 구름도 가려줄게
제발 밤에는 집에만 있어
번쩍번쩍 빛이 나니까
바람 불면 나가지도 마
날아갈리 없겠지만은
혹시나 고운 피부
바람에 아파할까 봐
넌 돼끼돼끼해 또 말랑말랑해
니 냄새까지 너무나 사랑스러워
눈이 안보이게 웃으면
심장이 아프잖아
넌 토끼시끼해 또 뽀실뽀실해
니 뱃살까지 너무나 사랑스러워
젤리 같은 너 마냥 소중해
영원히 안아줄게
늙어지면 지리산 가자
때론 많이 외롭겠지만
흑염소 키우면서
우리 둘이서 살까 봐
넌 돼끼돼끼해 또 말랑말랑해
니 냄새까지 너무나 사랑스러워
눈이 안보이게 웃으면
심장이 아프잖아
넌 토끼시끼해 또 뽀실뽀실해
니 뱃살까지 너무나 사랑스러워
젤리 같은 너 마냥 소중해
영원히 안아줄게
넌 그대로면 돼 또 있어주면 돼
내 목숨까지 다해서 사랑해 줄게
너를 만난 건 신의 한수야
하늘에 감사할게"
내 엄마 (My Mom),25,진미령,"어머니 지난밤 잠을 또 설치셨나요
자식들 생각에
깊은 잠을 못 이루시고
가는 길 두려워 잠 못 이루셨나요
자식들 잘 되라고
손 모아 기도를 하시네
저 잘났다고 뿔뿔이 떠나가니
얼마나 허망하세요
두려워 마세요
이 자식이 내 남은 삶 드릴 테니
몇 해만이라도 편안히
우리 곁에 머물러 주세요
저 잘났다고 뿔뿔이 떠나가니
얼마나 허망하세요
두려워 마세요
이 자식이 내 남은 삶 드릴 테니
몇 해만이라도 편안히
우리 곁에 머물러 주세요
몇 해만이라도 편안히
자식 곁에 머물로 주세요"
정답,86,나영,"내 생각이 맞는지
네 생각이 맞는지
찾아봐도 정답은 없더라
지나버린 내 인생
묻혀버린 내 청춘
살아봐도 정답은 없더라
만날 사람 있어 좋고 좋아라
찾을 사람 있어 좋은데
살면서 무얼 더 바랄까요
내 인생에 남은 건 당신이더라
당신이 정답이더라
내 생각이 맞는지
네 생각이 맞는지
찾아봐도 정답은 없더라
지나버린 내 인생
묻혀버린 내 청춘
살아봐도 정답은 없더라
만날 사람 있어 좋고 좋아라
찾을 사람 있어 좋은데
살면서 무얼 더 바랄까요
내 인생에 남은 건 당신이더라
당신이 정답이더라
내 인생에 남은 건 당신이더라
당신이 정답이더라
당신이 정답이더라"
인생가,21,강진,"가야 세월이고 늙어야 사람이고
써야 돈이고 불어야 바람아니냐
아쉬워 말자 떠나가버린건
잊어버리자 내것이 아니었다
놓치면서 살고 보내며 사는게
인생의 그림 아니냐
다치면 어떠냐 잃으면 어떠냐
지금 이대로 이대로를
인정하면서 용서하면서 사랑하면서 살자
미워 한다고 뭐가 달라지나

가야 세월이고 늙어야 사람이고
써야 돈이고 불어야 바람아니냐
아쉬워 말자 떠나가버린건
잊어버리자 내것이 아니었다
놓치면서 살고 보내며 사는게
인생의 그림 아니냐
다치면 어떠냐 잃으면 어떠냐
지금 이대로 이대로를
인정하면서 용서하면서 사랑하면서 살자
미워 한다고 뭐가 달라지나"
아득히 먼 곳,41,이승재,"찬바람 비껴 불어 이르는 곳에
마음을 두고 온 것도 아니라오
먹구름 흐트러져 휘도는 곳에
미련을 두고 온 것도 아니라오
아 어쩌다 생각이 나면
그리운 사람있어 밤을 지새고
가만히 생각하면
아득히 먼곳이라
허전한 이 내 맘에 눈물 적시네

황금빛 저녁 노을 내리는 곳에
사랑이 머무는 것도 아니라오
호숫가 푸른 숲속 아늑한 곳에
내님이 머무는 것도 아니라오
아 어쩌다 생각이 나면
그리운 사람 있어 밤을 지새고
가만히 생각하면
아득히 먼곳이라
허전한 이 내 맘에 눈물 적시네
아 어쩌다 생각이 나면
그리운 사람 있어 밤을 지새고
가만히 생각하면
아득히 먼곳이라
허전한 이 내 맘에 눈물 적시네"
순이 생각,125,백영규,"시냇물 흘러흘러 내곁을 스치네
물가에 마주앉아
사랑을 그리며 속삭였네 우리꿈을
내일이면 만날 그날이 돌아오건만
얼마나 변했을까나 우리 순이야
설레임에 내마음은 벌써
고향으로 달려가고 있네
순이 생각에
모두가 반겨주네 정다운 순이도
새소리 물소리 내 사랑 순이도
아름다운 우리 고향

내일이면 만날 그날이 돌아오건만
얼마나 변했을까 우리 순이야
설레임에 내마음은 벌써
고향으로 달려가고 있네
순이 생각에
모두가 반겨주네 정다운 순이도
새소리 물소리 내 사랑 순이도
아름다운 우리 고향"
종로에서,"2,034",JS,"그렇게 떠나야만 했던
시간 속에서
너를 보내기는 정말 싫었어
돌아서는 너의 슬픈 미소속에
사무친 그리움을 나는 알았어
회기로 향하던
쓸쓸한 플랫폼에서
서성이던 모습 보이지 않고
허전한 빈 공간 속을 걷고 있는
너의 모습 생각해봤어
오고가는 많은 사람들 속에서
너는 무얼 생각하고 있을까
두 눈에 이슬 가득 담고
슬픈 미소 지으며
무얼 그리워하고 있을까
내가 곁에 있어도
그립다고 말하던 그대여
힘겹던 네 모습이 나를 울리네
내가 곁에 있어도
그립다고 말하던 그대에게
내일은 사랑한다 말해 줄꺼야

오고가는 많은 사람들 속에서
너는 무얼 생각하고 있을까
두 눈에 이슬 가득 담고
슬픈 미소 지으며
무얼 그리워하고 있을까
내가 곁에 있어도
그립다고 말하던 그대여
힘겹던 네 모습이 나를 울리네
내가 곁에 있어도
그립다고 말하던 그대에게
내일은 사랑한다 말해 줄꺼야
내가 곁에 있어도
그립다고 말하던 그대에게
내일은 사랑한다 말해 줄꺼야"
당신은 나의 운명 (석지훈),219,하윤주,"지금 내 마음 속에 하나에서 열까지
온통 당신 생각으로 가득합니다
당신을 모두를 사랑한 내 인생
행복을 꿈꾸며 살고 있어요
당신은 나의 운명
처음 만난 그날 부터
행여나 당신의 사랑이 식으면
내 마음을 불태워 당신께 받치리라
당신은 나의 운명 이세상 다하도록

당신은 나의 운명
처음 만난 그날 부터
행여나 당신의 사랑이 식으면
내 마음을 불태워 당신께 받치리라
당신은 나의 운명 이세상 다하도록"
댄싱퀸,862,박현빈,"새침한 아가씨 지적인 아가씨
말숙한 아가씨
사랑할 준비하고 모두 다 오세요
무지개 빛 찬란한 희망을 꿈꾸며
나의 정열에 음악에
맞춰 춤을춰요
춤을 춥시다 밤이 새도록
그대의 날이 랍니다
댄스 댄스 댄스 춤을 춥시다
댄스 댄스 댄스 리듬에 맞춰
댄스 댄스 댄스 내게 오세요
그대 오늘의 섹시한 여자
오 댄싱퀸

어려워 마세요 창피해 마세요
두려워 마세요
사랑할 준비하고 모두 다 오세요
골치아픈 하루일 모두다 잊고서
나의 정열에 음악에 맞춰 춤을춰요
춤을 춥시다 밤이 새도록
그대의 날이 랍니다
댄스 댄스 댄스 춤을 춥시다
댄스 댄스 댄스 리듬에 맞춰
댄스 댄스 댄스 내게 오세요
그대 오늘의 섹시한 여자
오 댄싱퀸
댄스 댄스 댄스 춤을 춥시다
댄스 댄스 댄스 리듬에 맞춰
댄스 댄스 댄스 내게 오세요
그대 오늘의 섹시한 여자
오 댄싱퀸"
첫 차 (Feat. 방실이),995,SUPER JUNIOR-T (슈퍼주니어 T),"새벽 안개 헤치며 달려가는
첫 차에 몸을 싣고 꿈도 싣고
내 마음 모두 싣고 떠나갑니다
당신을 멀리멀리
이루지 못할 사랑이라면
내가 먼저 떠나가야지
꿈같은 세월 짧았던 행복
생각이 나겠지만
아쉬운 정도 아쉬운 미련도
모두 다 잊겠어요
새벽 안개 헤치며 달려가는
첫 차에 몸을 싣고 꿈도 싣고
내 마음 모두 싣고 떠나갑니다
당신을 멀리멀리
멀리멀리 떠나갈 그대가 떠나가니
마음이 아파와 쓰리고 지쳐가
쓰라린 상처 고스란히 두고 가니
첫차에 몸을 실어 맡겨
차차 시간흘러 잊어
사랑하는 그대였지만
아쉬워도 사랑해도 떠나가야죠
멀어지는 당신을 생각하면
가슴을 적셔오는 지난 추억
어차피 잊어야 할 사람인 것을
이토록 슬퍼질까
이루지 못할 사랑이라면
내가 먼저 떠나가야지
꿈 같은 세월 짧았던
행복 생각이 나겠지만
아쉬운 정도 아쉬운 미련도
모두 다 잊겠어요
새벽 안개 헤치며 달려가는
첫 차에 몸을 싣고 꿈도 싣고
내 마음 모두 싣고 떠나갑니다
당신을 멀리멀리
당신을 멀리멀리"
사랑밖엔 난 몰라,109,심수봉,"그대 내 곁에 선 순간

그 눈빛이 너무 좋아

어제는 울었지만 오늘은 당신땜에 내일은 행복할거야

얼굴도 아니 무엇도 아니아니

부드러운 사람만이 필요했어요

지나간 세월모두 잊어버리게

당신없인 아무것도 이젠 할 수 없어

사랑밖엔 난 몰라



무심버려진 날 위해

울어주던 단 한 사람

커다란 어깨위에 기대고 싶은 꿈을

당신은 깨지 말아요

이 날을 언제나 기다려 왔어요

서러운 세월만큼 안아주세요

그리운 바람처럼 사라질까봐



사랑하다 헤어지면 다신

보고싶고 당신이 너무 좋아"
가버린 당신,120,최진희,"잊는다고 생각하면
또 다시 당신 생각
미웁다고 생각하면
오히려 웃던 그 얼굴
오지 않을 사람인데
가버린 당신인데
기다려도 미워해도
모두가 부질없는데
사랑했던 그 순간들
이젠 모두 떠나가 버린
한 조각의 꿈인 것을
왜 이렇게 잊지 못할까
오지 않을 사람인데
가버린 당신인데
기다려도 미워해도
모두가 부질없는데
사랑했던 그 순간들
이젠 모두 떠나가 버린
한 조각의 꿈인 것을
왜 이렇게 잊지 못할까
오지 않을 사람인데
가버린 당신인데
기다려도 미워해도
모두가 부질없는데
모두가 부질없는데"
잊을수 없는 여인,126,이미자,"떠도는 몸이라서 사랑마져도
내마음 내뜻대로 하지못하고
한없는 과로움에 가슴태우며
잊으려 애를써도 발버둥쳐도
잊을수없는 여인 내마음의 여인

못씻을 상처입고 그대를 두고
떠나야 하는사정 말못할사연
한맺힌 가슴안고 나는가지만
이목숨 지기전에 다하기전에
잊을수없는 여인 내마음에 여인"
그쟈,0,최백호,"봄날이 오며는 뭐하노 그쟈
우리는 너무 멀리 떨어져 있는데
꽃잎이 피면은 뭐하노 그쟈
우리는 너무 멀리 떨어져 있는데
그래도 우리 맘이 하나가 되어
암만 날이가도 변하지 않으면
조금은 외로워도 괜찮타 그쟈
우리는 너무너무 사랑하니까
그래도 우리 맘이 하나가 되어
암만 날이가도 변하지 않으면
조금은 외로워도 괜찮타 그쟈
우리는 너무너무 사랑하니까
우리는 너무너무 사랑하니까
우리는 너무너무 사랑하니까"
열정,400,혜은이,"안개속에서 나는 울었어
외로워서 한참을 울었어
사랑하고 싶어서 사랑 받고싶어서
들판에서서 나는 울었어
외로워서 한참을 울었어
사랑하고 싶어서 사랑받고 싶어서
만나서 차 마시는 그런 사랑 아니야
전화로 얘기하는 그런 사랑 아니야
웃으며 안녕하는 그런 사랑 아니야
가슴 터질듯 열망하는 사랑
사랑때문에 목숨거는 사랑
같이 있지 못하면 참을 수 없고
보고싶을때 못 보면 눈멀고마는
활화산처럼 터져오르는
그런 사랑 그런 사랑
어둠속에 나는 울었어
외로워서 한참을 울었어
사랑하고 싶어서 사랑받고 싶어서

만나서 차마시는 그런 사랑 아니야
전화로 얘기하는 그런 사랑 아니야
웃으며 안녕하는 그런 사랑 아니야
가슴터질듯 열망하는 사랑
사랑때문에 목숨거는 사랑
같이 있지 못하면 참을 수 없고
보고싶을때 못보면 눈멀고 마는
활화산처럼 터져 오르는
그런 사랑 그런 사랑
어둠 속에서 나는 울었어
외로워서 한참을 울었어
사랑하고싶어서 사랑받고싶어서"
사랑의 종말,141,박경애,"외로워 외로워서 못 살겠어요
하늘과 땅사이에 나혼자
사랑을 잊지못해 애타는 마음
대답없는 메아리 허공에 지네
꽃잎에 맺힌사랑 이루지 못해
그리움에 타는 마음 달래가면서
이렇게 가슴이 아플줄 몰랐어요
외로워 외로워서 못 살겠어요"
전선야곡,174,나훈아,"가랑잎이 휘날리는 전선의 달밤
소리없이 내리는 이슬도 차가운데
단잠을 못이루고 돌아눕는 귓가에
장부의 길 일러주신 어머님의 목소리
아 그 목소리 그리워
들려오는 종소리를 자장가 삼아
꿈 길 속에 달려간 내 고향 내 집에는
정안수 떠놓고서 이 아들의 공비는
어머님의 흰머리가 눈부시어 울었오
아 쓸어안고 싶었오"
추억의 대관령,249,나훈아,"대관령 굽이굽이
아흔아홉 굽잇길
이별의 눈물인가
안개비만 내리네
님을 두고 정을 두고
미련에 울며
떠나는 나그네도
걸음 멈추네
구름도 부는 바람도
쉬어가는 대관령 고개
산허리 돌고 돌아
굽이굽이 돌아서
대관령 넘어가는
구름 같은 나그네
무정하고 야속한 님
아무 말 없이
보내는 그 마음도
내 맘 같을까
서산에 지는 해도
울고 넘는 대관령 고개
서산에 지는 해도
울고 넘는 대관령 고개"
정답,305,신유,"사랑에 정답 찾아 인생에 정답 찾아
긴긴날을 홀로 왔지만
어디에도 정답은 없네
고개를 돌려 보고 또 봐도
물음표뿐인 세상이더라
오답속에 정답이 보여
인생길 너무도 짧아
사랑길 너무도 짧아
바람인가 구름인가
먼 길 돌아 돌아왔지만
그 어디에도 정답은 없네

사랑에 정답 찾아 인생에 정답 찾아
긴긴날을 홀로 왔지만
어디에도 정답은 없네
고개를 숙여 거꾸로 봐도
느낌표없는 세상이더라
오답속에 진실이 보여
인생길 너무도 짧아
사랑길 너무도 짧아
바람인가 구름인가
먼 길 돌아 돌아왔지만
그 어디에도 정답은 없네"
추풍령,151,남상규,"구름도 자고 가는
바람도 쉬어가는
추풍령 구비마다
한 많은 사연
흘러간 그 세월을
뒤돌아보며
주름진 그 얼굴에
이슬이 맺혀
그 모습 흐렸구나
추풍령 고개
기적도 숨이 차서
목메어 울고 가는
추풍령 구비마다
싸늘한 철길
떠나간 아쉬움이
뼈에 사무쳐
거치른 두 뺨 위에
눈물이 어려
그 모습 어렸구나
추풍령 고개"
수은등,"3,185",장민호,"어스름 저녁길에 하나 둘
수은등 꽃이 피며는
그대와 단둘이서 거닐던
이 길을 서성입니다
수은등 은은한 빛 변함 없어도
당신은 변했구려 보이질 않네
아 수은등 불빛 아래
이 발길은 떠날 줄 몰라
어두운 밤 거리에 하나 둘
오색불 깜빡거리면
그대의 웃음소리 들려 올 듯
내 가슴은 설레이네
바람 부는 이 거리는 변함이 없건만
당신은 변했구려 보이질 않네
아 오색불 깜빡이는
이 거리를 잊으셨구려"
2013 대지의 항구 (tvN '꽃보다 할배' 주제곡),"1,080",주현미,"버들잎 외로운 이정표 밑에
말을 매는 나그네야 해가 졌느냐
쉬지 말고 쉬지를 말고
달빛에 길을 물어
꿈에 어리는 꿈에 어리는
항구 찾아 가거라
랄랄랄라라
랄랄랄라라
랄랄랄라 랄랄라 랄랄라
인생은 모두의 즐거운 잔치
힘껏 흔들어 다같이
내일 일은 모르는 인생
바람을 따라 길 따라 가네
눈 깜빡할 새 시간은 가네
복잡한 세상 기막힌 세상
흘러들 가네
다랏다다 다들 흘러가는
세월 앞엔 똑같은 사람들
다문 남들만큼 행복하게
살기만을 바랄뿐
내게 주어진 가벼운 봇짐
어깨에 떡 하니 둘러메고
This story 거짓없이
함께 떠나자 It's so Real Ye
버들잎 외로운 이정표 밑에
말을 매는 나그네야 해가 졌느냐
쉬지 말고 쉬지를 말고
달빛에 길을 물어
꿈에 어리는 꿈에 어리는
항구 찾아 가거라
랄랄랄라라
랄랄랄라라
랄랄랄라 랄랄라 랄랄라
인생은 모두의 즐거운 잔치
힘껏 흔들어 다같이
내일 일은 모르는 인생
모두들 꿈을 찾아 떠나네
아까운 세월 가두고 싶네
똑같은 세상
똑같은 일상
하루가 가네 허
어디로 가는지도 모르는 채
먼 길을 떠나려고 나설 때
기대반 두려움반
인생사 새옹지마
Oh my god
내게 주어진 무거운 고민
여기에 모두 다 내려놓고
This story 거짓없이
함께 떠나자 It's so Real Ye
쉬지 말고 쉬지를 말고
달빛에 길을 물어
꿈에 어리는 꿈에 어리는
항구 찾아 가거라
랄랄랄라라
랄랄랄라라
랄랄랄라 랄랄라 랄랄라
인생은 모두의 즐거운 잔치
힘껏 흔들어 다같이
내일 일은 모르는 인생
Cheers for U"
야화,115,소리새,"별빛을 살라먹고
별빛을 살라먹고
그향기 그힘으로
밤에 피는 너는 야화
무량한 너의기도
내맘을 달래주고
화사한 너의 웃음
가슴에 남았는데
난 이제 어디로 가나
난 이제 어디로 가나
바람이 부는대로
오늘도 흩날리며
끝없이 기다리는
밤에 피는 너는 야화
무량한 너의 기도
내맘을 달래주고
화사한 너의 웃음
가슴에 남았는데
난 이제 어디로 가나
난 이제 어디로 가나
바람이 부는대로
오늘도 흩날리며
끝없이 기다리는
밤에 피는 너는 야화"
훨훨 (세월호 추모곡),249,김용임,"아이야 내 아이야
초롱한 내 아이야
아직도 다 못 다 핀
가여운 내 아이야
불쌍해서 어째
애처러워서 어째
어이 너를 보내리
내 어이 너를 잊겠니
훨훨 잘 가거라
엄마는 오늘 밤도 슬피운다
아이야 내 아이야
해맑은 내 아이야
꽃다운 우리아이
나비가 되었구나
불쌍해서 어째
애처러워서 어째
어이 너를 보내리
내 어이 너를 잊겠니
훨훨 잘 가거라
아빠는 오늘밤도 슬피운다
아이야 가엾은 내 아이야"
집에 안 들어갈꺼야,98,미쓰트로트,"당신을 보면 내 가슴이 떨려
미칠 것 같아요
언제부터 내가 이렇게
편했는지 알 수 없어요
두근두근거리는 내 마음을
감추려 애쓰지 마
안 되겠어 오늘은
집에 안 보내줄 거야
새빨간 립스틱
평소보다 더 짧은 치마
이렇게 적극적인 여자
섹시한 나를
가만히 두지는 말아요
혼자 있긴 싫어요
날 두고 가진 말아요
모른 척 하지 마
이미 당신은 내게 신호를 보내요
나 그런 여자 아녜요
진짜 사랑하고 있어요
나 오늘 집에 안 보낼 거야
당신이 내 옆에 있기만 하면
하루가 짧아요
이상하게 자꾸 하루종일
시간이 부족합니다
아슬아슬 보이는 내 마음을
감추려 애쓰지 마
안 되겠어 오늘은
집에 안 보내줄 거야
아찔한 옷차림
평소보다 더 짙은 화장
이렇게 적극적인 여자
섹시한 나를
가만히 두지는 말아요
혼자 있긴 싫어요
날 두고 가진 말아요
모른 척 하지 마 이미 당신은
내게 신호를 보내요
나 그런 여자 아녜요
진짜 사랑하고 있어요
나 오늘 집에 안 보낼 거야
나 오늘 집에 안 보낼 거야"
오메가쓰리,355,김빡,"돈도 없고 못 생기고
똑똑하지도 않지만
잘하는 건 딱 한가지
자기만 영원히 사랑해
당신이 원하는 거 다 줄 수 있어
내 곁에 있어주면
아프지도 않아 힘들지도 않아
사랑만 주면 나는 행복해
자기는 나의 오메가쓰리
당신 없인 하루도 힘들어
당신은 나의 오메가쓰리
자기를 사랑해
영원한 오메가쓰리야
돈도 없고 못 생기고
똑똑하지도 않지만
잘하는 건 딱 한가지
자기만 영원히 사랑해
당신이 원하는 거 다 줄 수 있어
내 곁에 있어주면
아프지도 않아 힘들지도 않아
사랑만 주면 나는 행복해
자기는 나의 오메가쓰리
당신 없인 하루도 힘들어
당신은 나의 오메가쓰리
자기를 사랑해
영원한 오메가쓰리야
항암효과 오메가쓰리
당뇨예방 오메가쓰리
전립선에 오메가쓰리
당신은 나의 오메가쓰리
노안방지 오메가쓰리
동맥경화 오메가쓰리
고혈압에 오메가쓰리
당신은 나의 오메가쓰리
오메 오메 오메 오메 오메가쓰리
자기는 나의 오메가쓰리
당신 없인 하루도 힘들어
당신은 나의 오메가쓰리
자기를 사랑해
영원한 오메가쓰리야
자기를 사랑해
영원한 오메가쓰리야"
실향민의 노래,860,진해성,"정든 고향 떠나올 때
눈물 짓던 어머님 모습
그 모습 그 목소리
사무치게 그리운데
지척에 내 고향을 저기 두고
왜 못가나
끊어진 경인선아 원한의 휴전선아
너만은 알아다오
실향민의 이 노래를
변해버린 가족사진
바라보다 한없이 울며
눈물로 살아왔소
실향민의 이름으로
언제나 찾아가나 그 언제나
만나보나
끊어진 경원선아 원한의 삼팔선아
너만은 들어다오
실향민의 망향가를"
꿀이다,246,신장미,"허니 허니 나의 허니
사랑의 꿀 허니
허니 허니 나의 허니
달콤한 꿀 허니
믿기지가 않아 내게도 사랑이
가슴이 콩닥콩닥
고장이 났나봐요
콧노래가 흥흥
맘은 싱숭생숭
애타게 기다리던
백마탄 왕자님 이야
안 믿었어 운명
누군가 지어낸 얘기
블링 블링한 나의 님이
이제야 나타났네
정말 꿀이다 이건 꿀이다
처음으로 느껴본 사랑
이게 꿈인지 헷갈리네여
꼬집어주세요 아 아 아
진짜 꿀이다 완전 꿀이다
달콤한 내사랑
내 전부를 모든 것을 드릴게요
허니 허니 나의 허니
사랑의 꿀 허니
허니 허니 나의 허니
달콤한 꿀 허니
안 믿었어 운명
누군가 지어낸 얘기
블링 블링한 나의 님이
이제야 나타났네
정말 꿀이다 이건 꿀이다
처음으로 느껴본 사랑
이게 꿈인지 헷갈리네여
꼬집어주세요 아 아 아
진짜 꿀이다 완전 꿀이다
달콤한 내사랑
내 전부를 모든 것을 드릴게요
정말 꿀이다 이건 꿀이다
처음으로 느껴본 사랑
이게 꿈인지 헷갈리네여
꼬집어주세요 아 아 아
진짜 꿀이다 완전 꿀이다
달콤한 내사랑
내 전부를 모든 것을 드릴게요
허니 허니 나의 허니
사랑의 꿀 허니
허니 허니 나의 허니
달콤한 꿀 허니"
바램,117,지원이,"내 손에 잡은 것이 많아서
손이 아픕니다
등에 짊어진 삶의 무게가
온몸을 아프게 하고
매일 해결해야 하는 일 땜에
내시간도 없이 살다가
평생 바쁘게 걸어 왔으니
다리도 아픕니다
내가 힘들고 외로워 질 때
내 얘길 조금만 들어 준다면
어느 날 갑자기 세월에 한복판에
덩그러니 혼자 있진 않겠죠
큰 것도 아니고 아주 작은 한마디
지친 나를 안아 주면서
사랑한다 정말 사랑 한다는
그 말을 해 준다면
나는 사막을 걷는다 해도
꽃 길이라 생각 할 겁니다
우린 늙어가는 것이 아니라
조금씩 익어가는 겁니다
내가 힘들고 외로워 질 때
내 얘길 조금만 들어 준다면
어느 날 갑자기 세월에 한복판에
덩그러니 혼자 있진 않겠죠
큰 것도 아니고 아주 작은 한마디
지친 나를 안아 주면서
사랑한다 정말 사랑 한다는
그 말을 해 준다면
나는 사막을 걷는다 해도
꽃 길이라 생각 할 겁니다
우린 늙어가는 것이 아니라
조금씩 익어가는 겁니다
저 높은 곳에 함께 가야 할 사람
그대뿐입니다"
몰래몰래,72,설혜영,"몰래몰래 그대를 몰래몰래
사랑하는 내 맘을 아시나요
사랑해요 당신을 사랑해요
내맘을 알아주세요
그대에게 다가가면
내맘은 왜이리 떨려올까요
사랑한단 말한마디 못하는
난정말 바본가봐요
사랑이란 이렇게도 힘든데
남들은 잘도하네요
사랑하는 마음만큼
그대는 자꾸만 멀어지네요
그래요 알아요
당신은 멀리있는걸
숨겨둔 내사랑을
그대향한 내마음을
이제는 보여줄께요
몰래몰래 그대를 몰래몰래
사랑하는 내맘을 아시나요
사랑해요 당신을 사랑해요
내맘을 알아주세요
그대에게 다가가면
내맘은 왜이리 떨려올까요
사랑한단 말한마디 못하는
난정말 바본가봐요
사랑이란 이렇게도 힘든데
남들은 잘도하네요
사랑하는 마음만큼
그대는 자꾸만 멀어지네요
그래요 알아요
당신은 멀리있는걸
숨겨둔 내사랑을
그대향한 내마음을
이제는 보여줄께요
몰래몰래 그대를 몰래몰래
사랑하는 내맘을 아시나요
사랑해요 당신을 사랑해요
내맘을 알아주세요
몰래몰래 그대를 몰래몰래
사랑하는 내맘을 아시나요
사랑해요 당신을 사랑해요
내맘을 알아주세요
몰래몰래 그대를 몰래몰래
사랑하는 내맘을 아시나요
사랑해요 당신을 사랑해요
내맘을 알아주세요"
너만 잘났냐 (You're The Boss),"1,469",윤정수,"너만 잘났냐 갓숙갓숙
나도 잘났다 갓숙갓숙
너 그렇게 살지 마라
이 세상에 많고 많은 사람 중에
널 만나 사랑을 했고
오빠니까 기 살려 주려 했지만
더 이상은 못 해먹겠다
밥 해 놔라 청소해라
가계부 써라
사랑이 무슨 장난이냐
남자 목소리가 너무 크다
너만 잘났냐 갓숙갓숙
나도 잘났다
세상에 너밖에 없냐
내가 호구냐 갓숙갓숙
나도 남자다
너 그렇게 살지 마라
어쩌다가 오빠 같은 사람 만나
사랑 아닌 사랑을 했고
요즘 내가 상황이 좋질 않아서
갓숙갓숙
네가 너무 예뻐 보였어
온실 속의 화초처럼
살게 해 줄게
그깟 돈은 벌어다 주마
숙아 오빠가 잘할게
너만 잘났냐 갓숙갓숙
나만 잘났다
세상에 너밖에 없냐
내가 호구냐 갓숙갓숙
나도 여자다
너 그렇게 살지 마라
나도 나도
핑크빛을 바라보지만
너무 지쳐버렸어
그래서 어쩌라고
카드 한도를 좀 높여 주라
원하는 게 그거였냐 까불지 마라
너만 잘났냐 갓숙갓숙
나만 잘났다
세상에 너밖에 없냐
카드 내놔라 갓숙갓숙
죄송합니다 갓숙갓숙
너 그렇게 살지 마라"
해변의 여인,103,나훈아,"물위에 떠있는 황혼에 종이배
말없이 바라보는 해변의 여인아
바람에 휘날리는 머리카락 사이로
황혼빛에 물들은 여인의 눈동자
조용히 들려오는 조개들의 옛이야기
말없이 거니는 해변의 여인아
바람에 휘날리는 머리카락 사이로
황혼빛에 물들은 여인의 눈동자
조용히 들려오는 조개들의 옛이야기
말없이 거니는 해변의 여인아"
아내,486,김범룡,"당신 울고 있나요
돌아 앉아서 눈물짓는 당신
그래요 실컷 울어요
당신 아픔이 다 사위어 질때까지
많은걸 주는 게 사랑인 줄 알았죠
바쁘게 살아온 수많은 그 세월 동안
당신은 너무도 외로웠었다는 걸
이제야 깨달은 바보를
용서할 수 있나요
아 내 아내여
부족한 나지만
내게는 오직 당신 뿐인데
사랑 사랑합니다
이내 가슴에 또다시
새깁니다
많은걸 주는 게 사랑인 줄 알았죠
바쁘게 살아온 수많은 그 세월 동안
당신은 너무도 외로웠었다는 걸
이제야 깨달은 바보를
용서할 수 있나요
아 내 아내여
부족한 나지만
내게는 오직 당신 뿐인데
사랑 사랑합니다
이내 가슴에 또다시
새깁니다
라라라라 라 라라
라라라라 라 라라
라라라라 라 라라
사랑합니다"
서울사람 (Feat. 브레이) (Prod. By 박근태),"3,223",홍진영,"아직도 그대가 좋아
이곳을 난 떠나지 못해
어디에 있나요
잃어버린 내 사랑을 찾아줘요
자주 만났던 영등포를
지나칠 때마다 계속 두리번거리네
우리 손 녹였던 허름한 술집은
어느새 허물어지고
높은 빌딩이 자리해
어디 있어 정처 없이 멈춰있지
어쩌다 보니 닮은 누군가를
하염없이 바라보고 있어
나는 또 이 자리에 기대
몇 번을 속았나 몰라
전부 다 그대 같아서
모두 따뜻한 표정들
적당한 미소들
나만 또 울고
몇 번을 믿었나 몰라
전부 다 그댈 닮아서
나를 찾아줘요
차라리 여기 가만 서 있을 테니
전부 내 이름만 궁금해
기억조차 못할 거면서
휘청휘청대면 안아주기만 해
멋진 사람 되고 싶었어
멀어진 만큼이나
길었던 머리도 잘라보고
좀처럼 안 입던 옷도 걸쳐서
여러 모습으로
하나 변한 건 없어 보이네
이 도시는 숲이 됐고 난 개미
정신 없게 지나치는 어깨 옆에
태연히 여태껏 외롭게
그대는 찾지 못하나
너무도 변해버린 날
어쩌면 나도 그렇게
다를 게 없어서 날 잊어가나
혹시 날 지나쳐갔나
멀리서 나를 봤어도
그대가 사랑한
그때 그 모습 지금과는 달라서
이 도시가 나를 지워요
아직도 그대가 좋아
이곳을 난 떠나지 못해
어디에 있나요
잃어버린 내 사랑을 찾아줘요"
눈물이 진주라면,"2,372",박서진,"눈물이 진주라면 눈물이 진주라면
행여나 마를세라 방울방울 엮어서
그 님 오실 그 날에
진주방석 만들것을
지금은 눈물도 다 흘려서
흔적만 남아 있네
눈물이 진주라면 눈물이 진주라면
내 마음 내 사랑을
방울방울 엮어서
그 님 오실 자리에
진주방석 드릴것을
지금은 눈물도 다 흘려서
자국만 남아 있네"
번지없는 주막,"1,293",조명섭,"문패도 번지수도 없는 주막에
궂은 비 나리든 그 밤이 애절쿠려
능수버들 태질허는 창쌀에 기대어
어느 날짜 오시겠소 울든 사람아
아주까리 초롱 밑에 마주 앉어서
따르는 이별주에 밤비도 애절쿠려
귀밑머리 쓰다듬어 맹세는 길어도
못 믿겠소 못 믿겠소 울던 사람아
깨무는 이빨에는 피가 터졌소
풍지를 악물며 밤비도 우는 구려
흘러가는 타관길이 여기만 아닌데
번지없는 그 술집을 왜 못잊느냐"
닐리리 만만세,"6,206",정동원,"사랑을 얻었으냐
돈을 벌었느냐
무엇을 위해 달려왔느냐
이것도 아니고 저것도 아니야
뒤돌아보니 빈손이더냐
인생이 그런 거야 모르는 게 정답
안다면 대박 로또 당첨
음 음 닐리리 만만세
몰라야 멋있지
잘 살아 온 거야
여기까지 고생 많았다
명예를 얻었느냐
꿈을 이뤘느냐
누구를 위해 살아왔느냐
여기도 아니고 저기도 아니야
헤매다 보니 빈손이더냐
인생이 그런 거야 모르는 게 정답
안다면 대박 로또 당첨
음 음 닐리리 만만세
몰라야 멋있지 잘 살아 온 거야
여기까지 수고 많았다
사랑을 얻었느냐
돈을 벌었느냐
무엇을 위해 달려왔느냐
이것도 아니고 저것도 아니야
뒤돌아보니 빈손이더냐
인생이 그런 거야 모르는 게 정답
안다면 대박 로또 당첨
음 음 닐리리 만만세
몰라야 멋있지
잘 살아 온 거야
여기까지 고생 많았다
인생이 그런 거야 모르는 게 정답
안다면 대박 로또 당첨
음 음 닐리리 만만세
몰라야 멋있지
잘 살아 온 거야
여기까지 수고 많았다"
서러운 사랑,"12,147",김호중,"사랑해도 눈물이 나는 건
무슨 이유인 걸까
잠 못 드는 이 어둠 속에서
너의 향기가 느껴져
사람들은 너무 쉽게
내게 말하죠
마음만은 주지 말라고
비어버린 마음만큼
아플 거라고
사랑은 슬픈 거라고
사랑해도 사랑을 해도
외로워져요
마음을 준 게 서러워져요
내 마음 아신다면
내 아픔 아신다면
그대 내 곁에 있어요
사람들은 너무 쉽게
내게 말하죠
마음만은 주지 말라고
비어버린 마음만큼
아플 거라고
사랑은 슬픈 거라고
사랑해도 사랑을 해도
외로워져요
마음을 준 게 서러워져요
내 마음 아신다면
내 아픔 아신다면
그대 내 곁에 있어요
그 사람이 너라서
그 사랑이 너라서
난 어디도 못 가요"
나의 노래,"22,281",임영웅,"아무 것도 가진 것 없는 이에게
시와 노래는 애달픈 양식
아무도 뵈지 않는 암흑 속에서
조그만 읊조림은 커다란 빛
나의 노래는 나의 힘
나의 노래는 나의 삶
자그맣고 메마른 씨앗 속에서
내일의 결실을 바라보듯이
자그만 아이의 읊음 속에서
마음에 열매가 맺혔으면
나의 노래는 나의 힘
나의 노래는 나의 삶
거미줄처럼 얽힌 세상 속에서
바람에 나부끼는 나뭇가지처럼
흔들리고 넘어져도 이 세상 속에는
마지막 한 방울의 물이 있는 한
나는 마시고 노래하리
나는 마시고 노래하리
수많은 진리와 양심의 금문자
찬란한 그 빛에는 멀지 않으리
이웃과 벗들의 웃음 속에는
조그만 가락이 울려 나오면
나는 부르리 나의 노래를
나는 부르리 가난한 마음을
그러나 그대 모두 귀 기울일 때
노래는 멀리멀리 날아가리
노래는 멀리멀리 날아가리"
해바라기 꽃,"2,803",김희재,"내 사랑은 해바라기꽃
당신만을 바라보면서
까만밤 하얀밤
달빛속을 지새며
순정을 먹고 사는 꽃
아침해가 뜰때까지
당신을 그리며
이슬맞고 피어나는 꽃
이밤을 새면
태양을 바라보면
일편단심 님 그리는 꽃
해바라기꽃을 아시나요
내 사랑은 해바라기꽃
당신만을 바라보면서
까만밤 하얀밤
고독으로 지새며
순정을 먹고 사는 꽃
한없는 열정으로
당신을 그리며
이슬맞고 피어나는 꽃
이밤을 새면
태양을 바라보며
일편단심 님 그리는 꽃
해바라기 꽃을 아시나요"
당신이 좋아,"7,628",영탁,"그대는 내 사랑
당신도 내 사랑
이세상의 그 무엇도
쨉이 안되지
원앙이 따로 있나
우리가 원앙이지
환상의 해피한 원앙이지
아 꿀맛 같은 그대 사랑에
내 인생을 걸었잖아
비가 와도 좋아
눈이 와도 좋아
바람 불어도 좋아
좋아 좋아 당신이 좋아
그대는 내 운명
당신도 내 운명
하늘 아래 누가 와도
쨉이 안되지
그댄 꽃 중에 꽃
당신은 벌 나비
환상의 해피한 꽃과 나비지
아 꿀맛같은 그대 사랑에
내 인생을 걸었잖아
비가 와도 좋아
눈이 와도 좋아
바람 불어도 좋아
좋아 좋아 당신이 좋아
아 꿀맛 같은 그대 사랑에
내 인생을 걸었잖아
비가 와도 좋아
눈이 와도 좋아
바람 불어도 좋아
좋아 좋아 당신이 좋아
좋아 좋아 당신이 좋아"
도로남,131,마미부 (유~진선미),"남이라는 글자에
점 하나를 지우고
님이 되어 만난 사람도
님이라는 글자에
점 하나만 찍으면
도로남이 되는
장난같은 인생사
가슴 아픈 사연에
울고 있는 사람도
복에 겨워 웃는 사람도
점 하나에 울고 웃는다
점 하나에 울고 웃는다
아 아 인생
돈이라는 글자에
받침 하나 바꾸면
돌이 되어 버리는 인생사
정을 주던 사람도
그 마음이 변해서
멍을 주고 가는
장난같은 인생사
가슴 아픈 사연에
울고 있는 사람도
복에 겨워 웃는 사람도
정 때문에 울고 웃는다
멍 때문에 울고 웃는다
아 아 인생
남편때문에 울고
자식덕에 웃고
내 청춘은 가고
아 아 인생
아 아 인생"
보약 같은 친구,"9,114",영탁,"아침에 눈을 뜨면
제일 먼저 생각나는
자네는 좋은 친구야
보약 같은 친구
피 한 방울 섞이지 않은
우리 두 사람
전생에 인연일거야
자식보다 자네가 좋고
돈보다 자네가 좋아
자네와 난
보약 같은 친구야
아아아 사는 날까지
같이 가세
보약 같은 친구야
같이 가세 보약 같은 친구야
자식보다 자네가 좋고
돈보다 자네가 좋아
자네와 난 보약 같은 친구야
아아아 사는 날까지
같이 가세 보약 같은 친구야
같이 가세 보약 같은 친구야
같이 가세 같이 가세 보약 같은 친구
친구"
별빛 같은 나의 사랑아 (Inst.),"19,592",임영웅,"당신이 얼마나 내게
소중한 사람인지
세월이 흐르고 보니
이제 알 것 같아요
당신이 얼마나 내게
필요한 사람인지
세월이 지나고 보니
이제 알 것 같아요
밤하늘에 빛나는
별빛 같은 나의 사랑아
당신은 나의 영원한 사랑
사랑해요 사랑해요
날 믿고 따라준 사람
고마워요 행복합니다
왜 이리 눈물이 나요
밤하늘에 빛나는
별빛 같은 나의 사랑아
당신은 나의 영원한 사랑
사랑해요 사랑해요
날 믿고 따라준 사람
고마워요 행복합니다
왜 이리 눈물이 나요
왜 이리 눈물이 나요"
오동도 블루스,"4,637",이찬원,"오동도 뱃길따라 오실 때는
여린 정 품에 안고 오질 마세요
물빛 순정은 항구의 정이라서
네온 불 한잔 술에 가슴이 타네
꽃이 피는 오동도 거리
사랑의 거리 정이 들면은
못 떠나는 오동도 블루스
오동도 물길따라 떠나실 때는
심은 정 홀로안고 울지 마세요
뱃고동 소리는 항구의 슬픔이요
네온 불 풋사랑은 너무 무정해
돌아 보는 오동도 거리
추억의 거리
정을 두고 떠나가는
오동도 블루스
꽃이 피는 오동도 거리
사랑의 거리 정이 들면은
못 떠나는 오동도 블루스
정이 들면은 못 떠나는
오동도 블루스"
사랑 빛 (MR),"8,294",임영웅,"그댈 보면 얼굴이 빨개지고
그댈 보면 가슴이 두근두근
아이처럼 수줍게 말하고
그댈 보면 괜시리 웃음이 나
바보처럼 자꾸만 그래
아마 내게 사랑이 온 건 가봐
그대는 내 마음 속의 President
내 가슴의 별 수 놓지
I'm Genie for you Girl
내 숨을 멎게 하지
그대가 원하는 건 다
너를 사랑하니까
내 사랑에 이유는 없잖아
You know 그대는 Darling
밤 하늘 별빛보다 아름다워요
내 맘속 깊은 곳에서 반짝거리는
나만의 사랑 빛 그대를 사랑해요
Darling 언제나 내 곁에서
빛을 내줘요
매일 밤 바라보고
바라봐도 아름다워요
그댄 나의 사랑 빛
그댈 보면
구름을 나는 기분
유치해도 자꾸만 그래 아마 내게
사랑이 온 건 가봐
그대는 Darling
밤 하늘 별빛보다 아름다워요
내 맘속 깊은 곳에서 반짝거리는
나만의 사랑 빛
그대를 사랑해요 Darling
언제나 내 곁에서
빛을 내줘요
매일 밤 바라보고
바라봐도 아름다워요
그댄 나의 사랑 빛
그대는 Lovely
저 하늘 햇살보다 눈이 부셔요
내 맘속 어둔 곳까지 밝게 비추는
나만의 사랑 빛 그대를 사랑해요
Lovely 두 눈을 감아봐도
그대 보여요
이렇게 바라보고 바라봐도
눈이 부셔요 그댄 나의 사랑 빛"
현아,"6,481",이찬원,"현아 외로운 이 밤
나홀로 지샐 순 없어
현아 뜨거운 눈물
이렇게 흘려야 하니
현아 너 떠난 후에
얼마나 울었는지
먼 곳에 있는 당신은
아무것도 몰라
달빛 물드는 밤이 오면
내 손을 잡아주며
영원히 내 곁에 있겠다고
맹세도 했었잖아
현아 날 버리지 말아요
현아 날 떠나지 말아요
현아 당신 떠나시면
이 슬픔 정말 어쩌란 말야
현아 쓸쓸한 밤길
나홀로 걸어봤지
현아 부는 바람이
너무도 차가워서
현아 너 떠난 후에
얼마나 외로운지
먼 곳에 있는 당신은
아무것도 몰라
별빛 수 놓은 밤이 오면
내 눈을 바라보며
영원히 날 사랑하겠다고
맹세도 했었잖아
현아 날 버리지 말아요
현아 날 떠나지 말아요
현아 당신 떠나시면
이 슬픔 정말 어쩌란 말야
현아 날 버리지 말아요
현아 날 떠나지 말아요
현아 당신 떠나시면
이 슬픔 정말 어쩌란 말야"
꽃보다 울 엄마,167,남승민,"이제 못다한 사랑 채워서
당신의 꽃병 될래요
금반지 끼워주고
예쁜 옷도 해드릴게요
당신께 나는 꽃이었나요
바라만 봐도 좋은
당신의 눈물로 채워진 꽃병에서
예쁜 모습을 향기를 자랑했지요
걸림돌 아닌 희망으로 나를 안고
기꺼이 택하신 험한 길
이제 못다한 사랑 채워서
당신의 꽃병 될래요
금반지 끼워주고
예쁜 옷도 해드릴게요
꽃보다 울엄마
당신도 그 시절 꽃이었었죠
누군가 미소 짓던
그 향기 그 고운 청춘을 버리고
나라는 열매 고이 지켜낸 사람
걸림돌 아닌 희망으로 나를 안고
겨울 강처럼 우셨을 내 어머니
이제 못다한 사랑 채워서
당신의 꽃병 될래요
금반지 끼워주고
예쁜 옷도 해드릴게요
꽃보다 울엄마
사랑해요 울엄마"
오빠 아직 살아있다,164,박현호,"오빠 아직 살아있다
나 아직 살아있어
은빛 정열의 사나이
오빠 아직 살아있다
나 아직 살아있어
은빛 정열의 사나이
오빠 아직 살아있다
가슴이 불타는
은빛 정열의 사나이
숨이 차 못 뛰는게 아니야
여유가 있어 그래
세상에 맞서는 법도 알거든
밤거리 찬란한 불빛이 외면한다 해도
내 인생 내 청춘
지금부터 시작이야
그래
오빠 아직 살아있다
나 아직 살아있어
은빛 정열의 사나이
오빠 아직 살아있다
가슴이 불타는
은빛 정열의 사나이
저 하늘 불타는 태양이
꺼져버린다 해도
내 사랑 내 여인 영원토록 지켜줄게
그래
오빠 아직 살아있다
나 아직 살아있어
은빛 정열의 사나이
널 향한 심장은 아직도 터질 듯 뛰는데
세월을 비켜 간 내 청춘
지금부터 시작이야
그래
오빠 아직 살아있다
나 아직 살아있어
은빛 정열의 사나이
오빠 아직 살아있다
가슴이 불타는
은빛 정열의 사나이
오빠 아직 살아있다
나 아직 살아있어
은빛 정열의 사나이
오빠 아직 살아있다
가슴이 불타는
은빛 정열의 사나이
오빠 아직 살아있다
나 아직 살아있어
은빛 정열의 사나이
오빠 아직 살아있다
나 아직 살아있어
은빛 정열의 사나이"
열두줄,96,홍성원,"가슴을 뜯는 가야금 소리
달빛 실은 가야금 소리
한 줄을 퉁기면
옛 님이 생각나고
또 한 줄을 퉁기면
술맛이 절로난다
둥기당기 둥기당기당
둥기당기 둥기당기당
사랑 사랑 내 사랑아
어화둥둥 내 사랑아
열두줄 가야금에 실은 그 사연
어느 누가 달래 주리오
가슴을 뜯는 가야금 소리
구곡간장 애타는 소리
한 줄을 퉁기면
옛 님이 생각나고
또 한 줄을 퉁기면
술맛이 절로난다
둥기당기 둥기당기당
둥기당기 둥기당기당
사랑 사랑 내 사랑아
어화둥둥 내 사랑아
열두줄 가야금에 실은 그 사연
어느 누가 달래 주리오
어느 누가 달래 주리오"
저리 가,114,이수호,"어느 날에 그대가
내 가슴에 와 닿았나
설명할 수 없는 내 마음
당신을 그리며 헤매이네
사랑해선 안 될 사람 내가 더 잘 알면서
그리워 자꾸 끌리면 어떡하나
잊는다 눈을 꼭 감으면 그대
보란 듯 미소로 다가오네
저리 가 저리 가 혼자 있고 싶어
저리 가 저리 가 날 내버려둬
시간이 갈수록 울게 될까봐 두려워
정 떼지 못한 내가 더 미워
사랑해선 안 될 사람 내가 더 잘 알면서
그리워 자꾸 끌리면 어떡하나
잊는다 눈을 꼭 감으면 그대
보란 듯 미소로 다가오네
저리 가 저리 가
저리 가 저리 가 혼자 있고 싶어
저리 가 저리 가 날 내버려둬
시간이 갈수록 울게 될까봐 두려워
정 떼지 못한 내가 더 미워
정 떼지 못한 내가 더 미워"
홍시(울엄마),109,나상도,"생각이 난다
홍시가 열리면
울 엄마가 생각이 난다
자장가 대신
젖가슴을 내주던
울 엄마가 생각이 난다
눈이 오면 눈 맞을 세라
비가 오면 비 젖을 세라
험한 세상 넘어질 세라
사랑땜에 울먹일 세라
그리워진다
홍시가 열리면
울 엄마가 그리워진다
눈에 넣어도
아프지도 않겠다던
울 엄마가 그리워진다

생각이 난다
홍시가 열리면
울 엄마가 생각이 난다
회초리 치고
돌아앉아 우시던
울 엄마가 생각이 난다
바람 불면 감기들 세라
안 먹어서 약해질 세라
힘든 세상 뒤처질 세라
사랑땜에 아파할 세라
그리워진다
홍시가 열리면
울 엄마가 그리워진다
생각만 해도
눈물이 핑 도는
울 엄마가 그리워진다
생각만 해도
가슴이 찡하는
울 엄마가 그리워진다
울 엄마가 생각이 난다
울 엄마가 보고파진다"
하룻밤 풋사랑,792,진해성,"하룻밤 풋사랑에
이 밤을 새우고
사랑에 못이 박혀
흐르는 눈물
손수건 적시며
미련만 남기고
말없이 헤어지던
아아아 하룻밤 풋사랑

하룻밤 풋사랑에
행복을 그리며
가슴을 움켜 안고
애타는 심정
이 밤도 못 잊어
거리를 헤매며
눈물을 벗을 삼던
아아아 하룻밤 풋사랑"
사랑과 진실,285,임채무,"갈대숲의 바람처럼
향기젖은 꽃잎처럼
여자의 생명은
사랑입니다
철없는 여인으로
당신을 만나
후회없이 사랑했고
갈등속에 방황하며
아픔도 배웠습니다
눈물도 배웠습니다
엄마가 되면서
인생을 알고
나 지금
텅빈 응접실처럼
허전한 마음으로
찻잔을 들어도
당신의 향기로
가득차 있을뿐
사랑과 진실의
간절한 기도로
내인생은 당신을 향해
타고있는 촛불입니다

엄마가 되면서
인생을 알고
나 지금
텅빈 응접실처럼
허전한 마음으로
찻잔을 들어도
당신의 향기로
가득차 있을뿐
사랑과 진실의
간절한 기도로
내인생은 당신을 향해
타고있는 촛불입니다"
기다리게 해놓고,40,방주연,"기다리게 해 놓고 오지않는 사람아
이 시간은 너를 위하여
기다리는 것인데
기다리게 해놓고 오지않는 사람아
나는 기다림에 지쳐서
이제 그만 가노라
약속했던 시간을 허공에 두고
만나지도 못한채 엇갈린 순간속에
떠나는 모습 미워지는 모습
나 혼자서 달랜다
기다리게 해놓고 오지않는 사람아
나는 기다림에 지쳐서
이제 그만 가노라

약속했던 시간을 허공에 두고
만나지도 못한채
엇갈린 순간속에
떠나는 모습 미워지는 모습
나 혼자서 달랜다
기다리게 해놓고 오지않는 사람아
나는 기다림에 지쳐서
이제 그만 가노라
이제 그만 가노라
이제 그만 가노라"
약손,171,전종혁,"세상에 다친 맘
낫는 약이 없을까
고단한 마음을
감출 길이 없구나
어릴적 어미품
배를 어루만지시던
약보다 따뜻한
그 손길이 생각난다
나아라 나아라
울 아가 울지마라
나아라 나아라
세상에 지지 마라
엄마 손은 약손
울 아가 배는 똥배
엄마 손은 약손
울 아가 배는 똥배
나아라 나아라
울 아가 울지마라
나아라 나아라
세상에 지지마라
나아라 나아라
울 아가 울지마라
나아라 나아라
세상에 지지마라
엄마 손은 약손
울 아가 배는 똥배
엄마 손은 약손
울 아가 배는 똥배
울 아가 배는 똥배"
춘자야,"2,119",손태진,"춘자야 보고 싶구나
그 옛날 선술집이 생각나구나
목포항 뱃머리에서 눈물짓던 춘자야

그 어느 하늘 아래 살고 있는지
이 밤도 네가 무척 보고 싶구나
나를 따라 천리만리 간다던 그 사람

어느덧 그 세월만 흘러갔구나
내 사랑 춘자야

꼭 한번 만나야 할 내 사랑 춘자야

춘자야 보고 싶구나
그 옛날 선술집이 생각나구나
부산항 뱃머리에서 눈물짓던 춘자야

지금은 어디에서 살고 있는지
오늘도 네가 무척 보고 싶구나
나 없이는 못 산다고 매달리던 사람

어느덧 그 세월만 흘러갔구나
내 사랑 춘자야

꼭 한번 만나야 할 내 사랑 춘자야

어느덧 그 세월만 흘러갔구나
내 사랑 춘자야

꼭 한번 만나야 할 내 사랑 춘자야
그리운 춘자야"
지금은 가지 마세요,178,김수희,"어제 나는 그이의 전부였는데
오늘은 지나간 여인이 되어
영원히 가슴으로 남았습니다
지금도 창밖에 비가 내리고
우리 이별을 잊게 하는데
이렇게 나만이 울어야 합니까
그대여 갈 때 가더라도
지금은 가지 마세요
잊혀진 여인으로 남는 나인데
그리운 사람되어 떠나지 마요
갈 때 가더라도
지금은 가지 마세요

어제 나는 그이의 전부였는데
오늘은 지나간 여인이 되어
영원히 가슴으로 남았습니다
그대여 갈 때 가더라도
지금은 가지 마세요
잊혀진 여인으로 남는 나이기에
그리운 사람되어 떠나지 마요
갈 때 가더라도
지금은 가지 마세요"
베사메무쵸,362,현인,"베사메 베사메무쵸
고요한 그날 밤
리라꽃 지던 밤에
베사메 베사메무쵸
리라꽃 향기를 나에게 전해다오
베사메무쵸야
리라꽃같은 귀여운 아가씨
베사메무쵸야
그대는 외로운 산타마리아
베사메 베사메무쵸
고요한 그날 밤
리라꽃 지던 밤에
베사메 베사메무쵸
리라꽃 향기를 나에게 전해다오
베사메무쵸야
리라꽃같은 귀여운 아가씨
베사메무쵸야
그대는 외로운 산타마리아
베사메 베사메무쵸
고요한 그날 밤
리라꽃 지던 밤에
베사메 베사메무쵸
리라꽃 향기를 나에게 전해다오"
눈물의 승차권,186,최진희,"떠나야할 사람인가
이토록 사랑하는데
떠날 시간 기다리는
가슴 아픈 우리 두사람
눈물에 젖은
눈물에 젖은 승차권을
말없이 건네주면서
말없이 건네주면서
이별이란 생각하니
추억이 새로워지네

잊어야할 사람인가
이토록 사랑하는데
그 사람은 떠나가고
나는 이제 보내야하네
눈물에 젖은
승차권을
마지막 인사이기에
하고싶은
이야기를
목이메어 말을 못하네

눈물에 젖은 승차권을
마지막 인사이기에
하고 싶은 이야기를
목이 메어 말을 못하네"
정거장,159,김수희,"떠나가면 눈물을 짓고 돌아오면 미소를 짓는

바람처럼 스쳐가는 수많은 얼굴

안녕이라는 인사를 하며 다시올 날 재회를 두고

안개처럼 사라지는 먼~ 기적소리

정거장~ 이 곳은 너와 나의 인생이 있는 곳

여자 여자~ 여자인 내가~ 기다려야지



떠나가는 사람들마다 돌아오는 사람들마다

오고가는 사람마다 수많은 사연

사랑한다는 그 말을 두고 다시 온다는 약속을 두고

바람결에 흩어지는 먼~ 기적소리

정거장~ 이 곳은 너와 나의 인생이 있는 곳

여자 여자~ 여자인 내가 기다려야지"
고목나무,186,장욱조,"저산마루 깊은 밤
산새들도 잠들고
우뚝 선 고목이
달빛아래 외롭네
옛사람 간곳 없다
올일도 없지마는
만날 날 기다리며
오늘이 또 간다
가고또가면 기다릴 그 날이
올일이 가깝구나
저산마루 깊은 밤
산새들도 잠들고
우뚝 선 고목이 달빛아래 외롭네

옛사람 간곳 없다
올일도 없지마는
만날 날 기다리면 오늘이 또 간다
가고 또 가면 기다릴 그 날이
올일이 가깝구나
저산마루 깊은 밤
산새들도 잠들고
우뚝선 고목이 달빛아래 외롭네"
강촌에 살고싶네,432,나훈아,"날이새면 물새들이
시름없이 날으는
꽃피고 새가우는
논밭에 묻혀서
씨뿌려 가꾸면서
땀을 흘리며
냇가에 늘어진
버드나무 아래서
조용히 살고 파라
강촌에 살고 싶네

해가지면 뻐꾹새가
구슬프게 우는밤
희미한 등불밑에
모여 앉아서
다정한 친구들과
정을 나누고
흙내음 마시며
내일 위해 일하며
조용히 살고파라
강촌에 살고 싶네"
인연,362,나훈아,"옷깃을 스쳐가도 인연이라 했는데
어쩌면 무정하게 갈 수 있나요
그토록 사랑해놓고
긴긴 세월 아름다운 날들은
떠나가는 당신도 못잊을 겁니다
사랑해요 가지마오
다시한번 생각해봐요

눈길만 마주쳐도 인연이라 했는데
어쩌면 무심하게 갈 수 있나요
내 마음 흔들어놓고
긴긴 세월 아름다운 날들은
떠나가는 당신도 못잊을 겁니다
사랑해요 가지마오
다시한번 생각해 봐요
다시한번 생각해 봐요"
아름다운 약속,170,박현빈,"그대를 만나기 위해
세상에 나는 온거야
나무와 새도 꽃도 나비도
우리를 위해서 존재해
이생명 다하는 날까지
그대와 함께 하고파
태양도 달도 별도 바람도
우리를 위해서 존재해
그대 기쁜 일이라면은
그 무엇도 할 수 있어
그대 행복해진다면은
그 무엇도 두렵지 않아
꺼지지 않는 등불이 되어
그대를 위해 밝히리
우리 사랑이 영원하기를
이세상 영원히 영원히

그대 기쁜 일이라면은
그 무엇도 할 수 있어
그대 행복해진다면은
그 무엇도 두렵지 않아
꺼지지 않는 등불이 되어
그대를 위해 밝히리
우리 사랑이 영원하기를
이세상 영원히 영원히
우리 사랑이 영원하기를
이세상 영원히 영원히"
단장의 미아리 고개,32,이미자,"1.미아리 눈물고개 님이 넘던 이별고개
화약 연기 앞을 가려 눈 못 뜨고 헤매일때
당신은 철사줄로 두손 꼭꼭 묶인채로
뒤 돌아보고 또 돌아보고 맨발로 절며절며
끌려 가신 이 고개여 한 많은 미아리 고개


2.아빠를 그리다가 어린 것은 잠이 들고
동지 섣달 기나긴 밤 복풍 한설 몰아칠 때
당신은 감옥살이 그 얼마나 고생을 하오
십년이 가도 백년이 가도 살아만 돌아 오소
울고 넘던 이고개여 한 많은 미아리고개"
환희,219,정수라,"어느 날 그대 내 곁으로 다가와
이 마음 설레이게 했어요
어느날
사랑은 우리 두 가슴에 머물러
끝없이 속삭이고 있어요

그대 손을 잡고 걸어가고 있는 이 순간
세상 모든 것이 아름답게 보여요

이제 나의 기쁨이 되어주오
이제 나의 슬픔이 되어주오
우리 서로 아픔을 같이 하면 다시 태어날 수 있는 걸
이제 그대 기쁨을 말해주오
이제 그대 슬픔을 말해주오
우리 서로 아픔을 같이할 때 행복할 수 있어요

그대 손을 잡고 걸어가고 있는 이 순간
세상 모든 것이 아름답게 보여요

이제 나의 기쁨이 되어주오
이제 나의 슬픔이 되어주오
우리 서로 아픔을 같이 하면 다시 태어날 수 있는 걸
이제 그대 기쁨을 말해주오
이제 그대 슬픔을 말해주오
우리 서로 아픔을 같이할 때 행복할 수 있어요

이제 나의 기쁨이 되어주오
이제 나의 슬픔이 되어주오
우리 서로 아픔을 같이 하며 다시 태어날 수 있는 걸
이제 그대 기쁨을 말해주오
이제 그대 슬픔을 말해주오
우리 서로 아픔을 같이할 때 행복할 수 있어요

이제 그대 기쁨을 말해주오
이제 그대 슬픔을 말해주오
우리 서로 아픔을 같이할 때 행복할 수 있어요"
진정 난 몰랐네,99,임희숙,"그토록 사랑히던
그 사람 잃어버리고
타오르는 내 마음에
흐느껴 우네
그토록 믿어 왔던
그 사람 돌아설 줄이야
예전에는 몰랐었네
진정 난 몰랐네
누구인가 불어 주는
휘파람 소리
행여나 찾아 줄까
그 님이 아니 올까
기다리는 마음 허무해라
그토록 믿어 왔던
그 사람 돌아설 줄이야
예전에는 몰랐었네
진정 난 몰랐네
누구인가 불어 주는
휘파람 소리
행여나 찾아 줄까
그 님이 아니 올까
기다리는 마음 허무해라
그토록 믿어 왔던
그 사람 돌아설 줄이야
예전에는 몰랐었네
진정 난 몰랐네"
새벽길,165,남정희,"사랑은 하늘가에 메아리로 흩어지고
그이름 입술마다 뱀 돌아서 아픈데
가슴에 멍든 상처 지울길 없어라
정답던 님의 얼굴 너무나도 무정해
울면서 돌아서는 안개짙은 새벽길
꽃잎은 눈처럼 창가에 내리는 밤
기러기 날개끝에 부쳐보는 사연은
사랑이 병이 되어 찾아온 가슴에
뜨겁던 님의 입김 너무나도 차거워
울면서 돌아서는 안개짙은 새벽길"
멋진인생,218,박정식,"아리 아리 아리 동동
쓰리 쓰리 쓰리 동동
잘 났다고 못 났다고 누가 말했나
서로 믿고 사랑하면
그것이 멋진 인생
많고 많은 사람 중에 우리 만남은
하늘에서 맺어 주신
천생 연분 일세
아리랑 쓰리랑
아라리가 났구나
아리 아리 아리 동동
쓰리 쓰리 쓰리 동동
아름다운 이 세상에
한 번 왔다 가는 인생
멋지게 살아 보세
아리 아리 아리 동동
쓰리 쓰리 쓰리 동동
잘 난 사람 못 난 사람 따로 있더냐
서로 믿고 사랑하면
그것이 멋진 인생
백짓장도 맞들면은 가볍다는데
세상 살이 힘들거든
함께 살아 봐요
아리랑 쓰리랑
아라리가 났구나
아리 아리 아리 동동
쓰리 쓰리 쓰리 동동
아름다운 이 세상에
한 번 왔다 가는 인생
멋지게 살아 보세
멋지게 살아 보세
멋진 인생"
사랑으로 하나가 되어 (Duet With 김종환),403,노사연,"배가 고파서 밥을 먹으면 그 때만 배가 부릅니다.

외로워서 외로움을 먹다보면 눈물로 배를 채우고.

날이 추워서 옷을 입으면 마음이 따뜻해지듯이

힘든 세상에 사랑의 옷을 만들어 입혀줘야 합니다.

비가 내려서 땅이 젖어 있으면 너를 업고 걸어갈게

눈이 내려서 땅이 미끄러우면 너의 손을 잡아줄게

사랑으로 하나가 되어 사랑으로 하나가 되어

우리는 모두 세상을 향해 사랑하길 원합니다.

사랑으로 하나가 되어 사랑으로 하나가 도어

우리는 모두 세상을 향해 사랑하길 원합니다.

(간주중)

어린 아이와 사랑하는 사람들, 슬픈 일 없이 살게 해주고

우린 똑같이 살아가야 하니까, 서로 흠집 내지 않고 살도록

사랑으로 하나가 되어 사랑으로 하나가 되어

우리는 모두 세상을 향해 사랑하길 원합니다.

사랑으로 하나가 되어 사랑으로 하나가 되어

우리는 모두 세상을 향해 사랑하길 원합니다."
내 인생 딩동댕,348,송해,"내 인생 딩동댕이야
산도 넘고 강도 건너
나 여기 서있네
눈도 맞고 비도 맞고
앞만 보고 달려왔었네
지나 온길 생각하면
아쉬움이 너무 많은데
좋은 친구 좋은 이웃
내 곁에 함께 있으니
괜찮아 이만 하면 괜찮아
내 인생 딩동댕이야
내 인생 딩동댕이야
산도 넘고 강도 건너
나 여기 서있네
눈도 맞고 비도 맞고
앞만 보고 달려왔었네
지나 온길 생각하면
아쉬움이 너무 많은데
좋은 친구 좋은 이웃
내 곁에 함께 있으니
괜찮아 이만 하면 괜찮아
내 인생 딩동댕이야
내 인생 딩동댕이야"
고향으로 가는 배 (新편곡),229,나훈아,"고향으로 가는 배 꿈을 실은 작은 배
정을 잃은 사람아 고향으로 갑시다
산과 산이 마주쳐 소곤대는 남촌에
아침 햇살 다정히 풀잎마다 반기니
고향으로 가는 배 꿈을 실은 작은 배
정을 잃은 사람아 고향으로 갑시다
산비둘기 쌍쌍이 짝을 찾는 남촌에
피리 부는 목동의 옛 노래가 그리운
고향으로 가는 배 꿈을 실은 작은 배
꿈을 잃은 사람아 고향으로 갑시다
고향으로 갑시다
고향으로 갑시다"
비타민씨 (Vitamin C),507,요요미,"비타민씨
그대 없인 못살아그대를 내가
하루라도 못 보면 맥을 못 춘다니까
나를 웃게 만드는 그대 솜씨에
내 맘 살금살금 넘어간다니까
과욕은 위험한데 자꾸자꾸 욕심나
그대가 부족한데 어디 계신가요
얘 몰래 쟤 몰래 나만 알고 싶어
비타민씨 내 가슴 속 못 떠나요 내 사랑
I want to see 그대가 날 고쳐놔요
그대는 나의 비타민씨
사랑을 써 나갈래 오늘부터 첫째 줄
그대가 입술에 닿으면 윙크 짓는 내 표정
그대 마법에 생긴 행복 터지는 미소
슬픔이 지워져요 그대 내게 머물면
기쁨이 그려져요 안아 주실래요
사랑이 위독해 나만이 그댈 갖고 싶어
비타민씨 내 가슴 속 못 떠나요 내 사랑
I want to see 그대가 날 고쳐놔요
그대는 나의 비타민씨
난 당신뿐 이에요
누가 뭐라 해도 내 눈엔 최고
이제 난 더 외롭지 않아
비타민씨 내 가슴 속 못 떠나요 내 사랑
I want to see 그대가 날 고쳐놔요
그대는 나의 비타민씨
나의 비타민
나의 비타민씨"
자기야,"7,890",영탁,"자기야 사랑인걸 정말 몰랐니
자기야 행복인걸 이젠 알겠니
자기를 만나서 사랑을 알았고
사랑을 하면서 철이 들었죠
나만의 사랑을 나만의 행복을
말로는 설명 할 수가 없잖아요
어쩜 좋아 어쩜 좋아 자기가 좋아
멋진 그대 멋진 그대 자기가 좋아
자기야 사랑인걸 정말 몰랐니
자기야 행복인걸 이젠 알겠니
자기야 사랑인걸 정말 몰랐니
자기야 행복인걸 이젠 알겠니
자기를 만나서 사랑을 알았고
사랑을 하면서 철이 들었죠
나만의 사랑을 나만의 행복을
말로는 설명 할 수가 없잖아요
어쩜 좋아 어쩜 좋아 자기가 좋아
멋진 그대 멋진 그대 자기가 좋아
자기야 사랑인걸 정말 몰랐니
자기야 행복인걸 이젠 알겠니
자기야 사랑인걸 정말 몰랐니
자기야 행복인걸 이젠 알겠니"
"너 나 좋아해, 나 너 좋아해","2,558",솔지,"속절없이 흐르는게
시간이야
세월가도 모르는게
사랑이야
안개처럼 가리워진
마음이야
샛별처럼 빛나는게
사랑이야
어제도 어제도
오늘도 오늘도
내일도 변함없이
듣고 싶은 말 말 말
너 나 좋아해
나 너 좋아해
너 나 좋아해
나 너 좋아해
매일 매일 하고 싶은
이야기야
두근 두근 설레이는
순간이야
둘이서만 주고 받는
사랑이야
너 나 좋아해
나 너 좋아해
속절없이 흐르는게
시간이야
세월가도 모르는게
사랑이야
안개처럼 가리워진
마음이야
샛별처럼 빛나는게
사랑이야
어제도 어제도
오늘도 오늘도
내일도 변함없이
듣고 싶은 말 말 말
너 나 좋아해
나 너 좋아해
너 나 좋아해
나 너 좋아해
매일 매일 하고 싶은
이야기야
두근 두근 설레이는
순간이야
둘이서만 주고 받는
사랑이야
너 나 좋아해
나 너 좋아해
둘이서만 주고 받는
사랑이야
너 나 좋아해
나 너 좋아해"
사랑이 이런 건가요,266,한강,"사랑이 이런 건가요
가슴이 떨려오네요
나 그대 생각하면은
자꾸만 가슴이 뛰네요
어쩌다 이렇게 멋진
그대를 만나게 됐는지
아무리 생각해도
난 행운의 남자인가 봐
난 이제 하루하루가
그대 있어 너무 행복해
그 깊은 사랑에 빠져
도대체 헤어 나올 수가 없어
사랑이 이런 건가요
가슴이 떨려오네요
나 그대 생각하면은
자꾸만 가슴이 뛰네요
난 이제 하루하루가
그대 있어 너무 행복해
그 깊은 사랑에 빠져
도대체 헤어 나올 수가 없어
사랑이 이런 건가요
가슴이 떨려오네요
나 그대 생각하면은
자꾸만 가슴이 뛰네요
나 그대 생각하면은
자꾸만 가슴이 뛰네요"
꽃놀이,50,문희옥,"사랑 바람 살랑살랑
불어오는 날
꽃놀이 갑니다
나비처럼 나폴나폴
꽃바람 쐬러 갑니다
준비는 따로 필요 없죠
사랑만 갖고 떠나요
사랑은 사랑은
달기만 해요
요로콤 요로콤
좋기만 해요
음~~ 노란 꽃
음~~ 파란 꽃
이 꽃을 다 더해도
당신만은 못해요
룰루랄라 꽃놀이 갑니다
(꽃놀이)
내 마음이 싱숭생숭
설레이는 날
꽃놀이 갑니다
사랑이 올까 혹시 몰라서
꽃바람 쐬러 갑니다
준비는 따로 필요 없죠
사랑만 갖고 떠나요
사랑은 사랑은
달기만 해요
요로콤 요로콤
좋기만 해요
음~~ 붉은 꽃
음~~ 하얀 꽃
이 꽃이 다 피어도
당신이 젤 예뻐요
룰루랄라 꽃놀이 갑니다
룰루랄라 꽃놀이 갑니다"
비련,265,신승태,"기도하는 사랑의 손길로
떨리는 그대를 안고
포옹하는 가슴과 가슴이
전하는 사랑의 손길
돌고 도는 계절의 바람 속에서
이별하는 시련의 돌을 던지네
아 눈물은 두 뺨에 흐르고
그대의 입술을 깨무네
용서하오 밀리는 파도를
물새에게 물어보리라
물어보리라
몰아치는 비바람을
철새에게 물어보리라
기도하는 사랑의 손길로
떨리는 그대를 안고
포옹하는 가슴과 가슴이
전하는 사랑의 손길
한 많은 이 세상 야속한 님아
정을 두고 몸만 가니 눈물이 나네
돌고 도는 계절의 바람 속에서
이별하는 시련의 돌을 던지네
아 눈물은 두 뺨에 흐르고
그대의 입술을 깨무네
용서하오 밀리는 파도를
물새에게 물어보리라
물어보리라 물어보리라 물어보리라
철새에게 물어 보리라"
여고시절,245,"딸부잣집(김연지,마리아,주미,트윈걸스,황우림)","어느 날 여고시절
우연히 만난 사람
변치 말자 약속했던
우정의 친구였네
수많은 세월이
말없이 흘러
아아아아아
지나간 여고시절
조용히 생각하니
그것이 나에게는
첫사랑이었어요
수많은 세월이
말없이 흘러
아아아아아
지나간 여고시절
조용히 생각하니
그것이 나에게는
첫사랑이었어요
첫사랑이었어요"
조율,"7,530",영탁,"잠자는 하늘님이여
이제 그만 일어나요
그 옛날 하늘빛처럼
조율 한번 해 주세요
알고 있지
꽃들은 따뜻한 오월이면
꽃을 피워야 한다는 것을
알고 있지
철새들은 가을하늘
때가 되면 날아가야
한다는 것을
문제 무엇이 문제인가
가는 곳도 모르면서
그저 달리고만 있었던 거야
지고 지순했던
우리네 마음이
언제부터 진실을
외면해 왔었는지
잠자는 하늘님이여
이제 그만 일어나요
그 옛날 하늘빛처럼
조율 한번 해주세요
미움이 사랑으로
분노는 용서로
고립은 위로로
충동이 인내로
모두 함께 손잡는다면
서성대는 외로운 그림자들
편안한 마음
서로 나눌 수 있을텐데
잠자는 하늘님이여
이제 그만 일어나요
그 옛날 하늘빛처럼
조율 한번 해 주세요
잠자는 하늘님이여
이제 그만 일어나요
그 옛날 하늘빛처럼
조율 한번 해 주세요
잠자는 하늘님이여
이제 그만 일어나요
일어나요 일어나요
일어나요 일어나요
잠자는 하늘님이여
이제 그만 일어나요
그 옛날 하늘빛처럼
조율 한번 해 주세요
잠자는 하늘님이여
이제 그만 일어나요
그 옛날 하늘빛처럼
조율 한번 해 주세요
내가 믿고 있는 건
이 땅과 하늘과 어린 아이들
내일 그들이 열린 가슴으로
조율 한번 해 주세요"
비내리는 영동교,"3,841",이찬원,"밤비 내리는 영동교를
홀로 걷는 이 마음
그 사람은 모를 거야
모르실 거야
비에 젖어 슬픔에 젖어
눈물에 젖어
하염없이 걷고 있네
밤비 내리는 영동교
잊어야지 하면서도
못 잊는 것은
미련 미련 미련 때문인가봐
비에 젖어 슬픔에 젖어
아픔에 젖어
하염없이 헤매이네
밤비 내리는 영동교
생각말자 하면서도
생각하는 건
미련 미련
미련 때문인가봐
미련 미련
미련 때문인가봐"
사모곡,838,홍지윤,"그리운 가슴으로 정을 재우고
기다리는 마음으로 한을 달래네
고운님 멀리 두고 헤이는 마음
청운의 뜻 이루기를 빌고 있기에
눈물도 한숨도 남 몰래 감추고
연모하는 순정 담아 불러보는 사모곡
오늘도 잠 못 이뤄 지새우는데
그 옛날 서린한이 왜이리 젖어드나
고운님 지극 정성 태산이 되어
아름다이 피워 올린 사랑이기에
꿈에도 못 잊어서 가슴만 태우고
연모하는 순정 담아 불러보는 사모곡
불러보는 사모곡"
남자는 말합니다,"2,382",김희재,"여행 갑시다
나의 여자여
하나뿐인
나의 여자여
상처투성이
병이 들어 버린 당신
여행가서
낫게 하리다
나란 사람 하나만 믿고
같이 살아온
바보 같이
착한 사람아
남자는 말합니다
고맙구요 감사해요
오직 나만
아는 사람아
안아 봅시다
나의 여자여
하나 뿐인
나의 여자여
고운 얼굴에 쓰여진
슬픈 이야기
오늘 밤에
지워 봅시다
나란 사람 하나만 믿고
같이 살아온
바보 같이
착한 사람아
남자는 말합니다
고맙구요 감사해요
오직 나만
아는 사람아
나란 사람 하나만 믿고
같이 살아온
바보 같이
착한 사람아
남자는 말합니다
고맙구요 감사해요
오직 나만
아는 사람아
오로지 나만
아는 사람아"
날개,942,양지은,"날아라 날아라 고뇌에 찬 인생이여
일어나 뛰어라 눕지 말고 날아라
일어나라 아이야 다시 한 번 걸어라
뛰어라 젊음이여 꿈을 안고 뛰어라
날아라 날아라 고뇌에 찬 인생이여
일어나 뛰어라 눕지 말고 날아라
어느 누가 청춘을 흘러가는 물이라 했나
어느 누가 인생을 떠도는 구름이라 했나
날아라 날아라 고뇌에 찬 인생이여
날아라 날아라 고뇌에 찬 인생이여
일어나 뛰어라 눕지 말고 날아라
어느 누가 청춘을 흘러가는 물이라 했나
어느 누가 인생을 떠도는 구름이라 했나
날아라"
선비 좋아마세요 (라틴디스코),68,배아현,"사랑이 무엇인지
당신은 모르는 것 같애
키만 훌쩍 컸을 뿐이지
나이만 먹었을 뿐이지
하는 것 아직 어린애 같애
답답해 난 정말
뭐든 해라 해야만 하고
아니면 못하는 당신
사람들은 말들을 하지
잘생겼다 매력 있다고
선비 같은 그 모습에
뿅 가는 내 친구도 있지만
선비 선비 좋아하지 마세요
선비 선비 좋아하지 마세요
선비 선비 좋아하다
지금껏 키스 한번 못 해봤다오
사랑이 무엇인지
당신은 모르는 것 같애
키만 훌쩍 컸을 뿐이지
나이만 먹었을 뿐이지
하는 것 아직 어린애 같애
답답해 난 정말
뭐든 해라 해야만 하고
아니면 못하는 당신
사람들은 말들을 하지
잘생겼다 매력 있다고
선비 같은 그 모습에
뿅 가는 내 친구도 있지만
선비 선비 좋아하지 마세요
선비 선비 좋아하지 마세요
선비 선비 좋아하다
지금껏 키스 한번 못 해봤다오
선비 선비 좋아하지 마세요
선비 선비 좋아하지 마세요
선비 선비 좋아하다
지금껏 키스 한번 못 해봤다오"
서당개 삼년 풍월을 읊는데,215,신승태,"하늘 천 따지 가마솥에
누룽지 박박 긁어라
얘들아 얘들아 얘들아
좀 조용히 좀 해라
훈장님 지금 책 읽잖니
저기 봐라 저 개 좀 봐라
쉬 월월월월 쉬 월월월월월
사랑만 주고 떠난
당신이 미워 당신이 미워
아픔만 주고 떠난
당신이 싫어 당신이 싫어
아파도 참았는데 미워도 참았는데
눈물이 눈물이 자꾸만 흘러내려요
서당개 삼 년 풍월을
읊는 눈치도 있건만
당신의 마음 왜 몰랐을까
그래서 그래서 울고파요
당신의 사랑 때문에
사랑만 주고 떠난
당신이 미워 당신이 미워
아픔만 주고 떠난
당신이 싫어 당신이 싫어
아파도 참았는데 미워도 참았는데
눈물이 눈물이 자꾸만 흘러내려요
서당개 삼 년 풍월을
읊는 눈치도 있건만
당신의 마음 왜 몰랐을까
그래서 그래서 울고파요
당신의 사랑 때문에
서당개 삼년 풍월을
읊는 눈치도 있건만
당신의 마음 왜 몰랐을까
그래서 그래서 울고파요
당신의 사랑 때문에
당신의 사랑 때문에"
나는 당신이 좋다,52,배일호,"1.당신이 나를 별로라지만
나는 당신이 좋다
지금행복도 살아온날도
모두가 당신 덕이요
말도많고 탈도많은 세상속에서
나하나만 믿고 살아온당신
당신과 함께한 그날들이 나는 참 좋다
젊어서 지금까지 사랑하면서 내곁에 있어준 당신
당신은 나를 별로라지만
나는 당신이 참 좋다.

2.당신이 나를 별로라지만
나는 당신이 좋다
지금 내곁에 당신이있어 내게는 행복이라오
말도많고 탈도많은 세상속에서
나하나만 믿고 살아온당신
당신과 함께한 그날들이 나는 참 좋다
젊어서 지금까지 사랑하면서 내곁에있어준 당신
당신은나를 별로라지만
나는 당신이 참 좋다
나는 당신이 참 좋다"
보고 싶다 내 사랑,195,불타는 소년단,"가로등 불빛이
꺼져가는 서울의 밤
갈 곳을 잃은 이 마음
추억에 젖은 채
이 거리를 걸어 봐도
눈물이 앞을 가리네
돌이킬 수 없는 그 세월
돌아올 수 없는 그 여자
우연히 어디서라도
꼭 한번 보고 싶은 그때 그 여자
아 아 밤은 깊어 가는데
외로워 너무 외로워
사랑아 내 사랑아
보고싶다 내 사랑아
화려한 불빛이
쏟아지는 서울의 밤
갈 곳을 잃은 이 마음
추억에 젖은 채
이 거리를 걸어 봐도
눈물이 앞을 가리네
돌이킬 수 없는 그 세월
돌아올 수 없는 그 여자
우연히 어디서라도
꼭 한번 보고 싶은
그때 그 여자
아 아 밤은 깊어가는데
외로워 너무 외로워
사랑아 내 사랑아
보고싶다 내 사랑아
보고싶다 내 사랑아
내 사랑아!"
신고할 거야,130,현역부B,"신고할 거야 신고할 거야
누나 내가 신고할 거야
누나 내가 신고할 거야
여보세요 경찰 아저씨
누나 좀 잡아주세요
하루에 한 번 내게 찾아와
내 맘 흔들어놓고
내 남자다 싶어졌는지
연락도 자주 안 해요
누나 미워요 누나 나빠요
누나 좀 잡아주세요
여자는 모두 똑같은가요
사랑을 시작할 땐 물불 안 가리더니
내 남자라고 생각이 들면
마음이 바뀌나 봐
신고할 거야 신고할 거야
누나 내가 신고할 거야
이제라도 달려온다면 용서해줄게
신고할 거야 신고할 거야
누나 내가 신고할 거야
여보세요 경찰 아저씨
누나 좀 잡아주세요
여자는 모두 똑같은가요
사랑을 물불 안 가리더니
내 남자라고 생각이 들면
마음이 바뀌나 봐
신고할 거야 신고할 거야
누나 내가 신고할 거야
이제라도 달려온다면 용서해줄게
신고할 거야 신고할 거야
누나 내가 신고할 거야
여보세요 경찰 아저씨
누나 좀 잡아주세요
신고할 거야 신고할 거야
여보세요 경찰 아저씨
누나 좀 잡아주세요
누나 좀 혼내주세요"
유리벽 사랑,82,정다한,"처음으로 느껴보았던
당신의 사랑 앞에서
그리움과 외로움이
낙엽처럼 쌓여만 가네
더 이상은 갈 수 없는
슬픈 사랑이였다면
차라리 맺지 말지
정을 왜 주고
아 유리벽 사랑
내 어이 너를 잊을 수 있나
가슴으로 느껴보았던
뜨거운 사랑 앞에서
내 모든 걸 다 주었다
아낌없이 다 주었는데
더 이상은 갈 수 없는
슬픈 사랑이였다면
이제는 떠나야지
아무 말 없이
아 타인의 사랑
내 어이 너를 잊을 수 있나
아~ 유리벽 사랑
내 어이 너를 잊을 수 있나"
너말이야,115,최윤하,"헤이 헤이 헤이 헤이
얼굴 좀 펴고 살아봐
조금만 생각을 바꿔 조금만
널린 게 행복이잖아
헤이 헤이 헤이 헤이
성질만 조금 죽이면
아이고 누구십니까 선생님
세상이 마중을 나와
인생사 차 떼고 포 떼고 살아도
나를 봐 항상 웃고 살잖아
따뜻한 햇살만 비춰도
웃고 살잖아
책대로 살아도 안되는 건 안되지
손 털고 내려와 괜찮아 끌탕하지 마
돈도 밥도 떡도
안되는 걱정은 왜 해
썩소 한번 휘익
날리면 그만인 것을
시시 때때로 멍 때리는 너
아아 아아 아아아 아아아아
헤이 헤이 헤이 헤이
너 말이야
인생사 차 떼고 포 떼고 살아도
나를 봐 항상 웃고 살잖아
따뜻한 햇살만 비춰도
웃고 살잖아
책대로 살아도 안되는 건 안되지
손 털고 내려와 괜찮아 끌탕하지 마
돈도 밥도 떡도
안되는 걱정은 왜 해
썩소 한번 휘익
날리면 그만인 것을
시시 때때로 멍 때리는 너
아아 아아 아아아 아아아아
헤이 헤이 헤이 헤이
너 말이야
헤이 헤이 헤이 헤이
너 말이야"
거울 앞에서,400,에녹,"거울 앞에 앉았다 이 낯선 여잔 누군가
거칠어진 손 주름진 얼굴 보니
괜히 눈물이 난다
남편 자식 걱정에 나를 잊고 살았다
이제는 날 위해 살고 싶다
나는 소중하니까
혼자 여행도 하고 친구와 영화도 보고
잃어버린 날 위해 아낌없이 쓰려고 해
한번 왔다 가는 인생 후회 없이 살아야지
두 번 다시 오지 않을 테니
그래 그래 인생이 뭐 별 거 있더냐
이렇게 사는 거지
혼자 여행도 하고 친구와 영화도 보고
잃어버린 날 위해 아낌없이 쓰려고 해
한번 왔다 가는 인생 후회 없이 살아야지
두 번 다시 오지 않을 테니
그래 그래 인생이 뭐 별거 있더냐
이렇게 사는 거지
이렇게 살다 가지"
공짜,0,신성,"당신을 사랑하고 좋아하는 거 공짜
하늘땅 바람 소리 새소리 공짜
얼마나 좋으냐 내가 사는 이 세상
아낌없이 조건 없이 주는 게 많아
해와 달 별을 보며 꿈을 꾸는 거 공짜
산과 들에 피어나는 꽃도 공짜
무엇을 더 바래 욕심 없이 살면 되지
당신의 웃음도 공짜
당신을 사랑하고 좋아하는 거 공짜
하늘땅 바람 소리 새소리 공짜
얼마나 좋으냐 내가 사는 이 세상
아낌없이 조건 없이 주는 게 많아
해와 달 별을 보며 꿈을 꾸는 거 공짜
산과 들에 피어나는 꽃도 공짜
무엇을 더 바래 욕심 없이 살면 되지
당신의 웃음도 공짜
해와 달 별을 보며 꿈을 꾸는 거 공짜
산과 들에 피어나는 꽃도 공짜
무엇을 더 바래 욕심 없이 살면 되지
당신의 웃음도 공짜"
정말 좋았네,424,최수호,"사랑 그 사랑이
정말 좋았네
세월 그 세월이
가는 줄도 모르고
불타던 두 가슴에
그 정을 새기면서
사랑을 주고 사랑을 받고
그 밤이 좋았네
사랑 그 사랑이
정말 좋았네

사랑 그 사랑이
정말 좋았네
이별 그 이별이
오는 줄도 모르고
푸르던 두 가슴에
참사랑 새기면서
마음을 주고 마음을 받고
그때가 좋았네
사랑 그 사랑이
정말 좋았네
정말 좋았네"
자갈치 아지매,426,안성훈,"흥남 부두 돌아 돌아
국제시장 돌고 돌아
소리 내어 울었네
소리 내어 불렀네
당신을 찾아 헤맸네
반짝반짝 반짝이는
항구의 작은 별들아
우리 엄마 계신 곳까지
나를 나를 데려가다오
영도다리 난간 위에서
남포동 뒷골목에서
자갈치 아지매가
목놓아 부르는 이름
엄마 엄마 엄마를 찾는
자갈치 아지매

흥남 부두 돌아 돌아
국제시장 돌고 돌아
소리 내어 울었네
소리 내어 불렀네
당신을 찾아 헤맸네
반짝반짝 반짝이는
항구의 작은 별들아
우리 엄마 계신 곳까지
나를 나를 데려가다오
영도다리 난간 위에서
남포동 뒷골목에서
자갈치 아지매가
목놓아 부르는 이름
엄마 엄마 엄마를 찾는
자갈치 아지매
자갈치 아지매"
보릿고개,"1,166",진해성,"아야 뛰지 마라
배 꺼질라
가슴 시린 보릿 고갯길
주린 배 잡고 물 한 바가지
배 채우시던
그 세월을
어찌 사셨소
초근목피에 그 시절
바람결에 지워져 갈 때
어머님 설움 잊고 살았던
한 많은 보릿고개여
풀피리 꺾어 불던
슬픈 곡조는
어머님의 한숨이었소
아야 우지 마라
배 꺼질라
가슴 시린 보릿 고갯길
주린 배 잡고 물 한 바가지
배 채우시던
그 세월을
어찌 사셨소
초근목피에
그 시절 바람결에
지워져 갈 때
어머님 설움 잊고 살았던
한 많은 보릿고개여
풀피리 꺾어 불던
슬픈 곡조는
어머님의 통곡이었소"
맥문동 오빠,97,김응수,"난 맥문동 오빠야 난 열정의 오빠야
에너지가 철철 넘치는 젊음의 아이콘
난 맥문동 오빠야 난 서천의 오빠야
세월 흘러가도 새파란 청춘의 아이콘

하늘의 기를 내려받고 땅의 뿌리내려 연을 맺고
봄여름 가을 겨울 변치 않는 맥문동 사랑
이 오빠가 다해줄게 이 오빠가 책임질게
천년만년 우리 함께 사랑해 임이 되어 사랑해

난 맥문동 오빠야 난 열정의 오빠야
에너지가 철철 넘치는 젊음의 아이콘


난 맥문동 오빠야 난 열정의 오빠야
에너지가 철철 넘치는 젊음의 아이콘
난 맥문동 오빠야 난 서천의 오빠야
세월 흘러가도 새파란 청춘의 아이콘

하늘의 기를 내려받고 땅의 뿌리내려 연을 맺고
봄여름 가을 겨울 변치 않는 맥문동 사랑
이 오빠가 다해줄게 이 오빠가 책임질게
천년만년 우리 함께 사랑해 임이 되어 사랑해

난 맥문동 오빠야 난 열정의 오빠야
에너지가 철철 넘치는 젊음의 아이콘
세월 흘러가도 새파란 청춘의 아이콘"
까맣게 타버린 내맘 (Heartbreak),78,미니마니 M (MINIMANI M),"까맣게 까맣게 타버린 내 맘
거울 속 초라해진 나
내 속이 시끌시끌해 너무 소란스러워

그대가 머물다간 내 맘의 빈자리
아직도 짙게 남았어 그대 향기가
내 맘 다 흔들어 놓고 떠나간 그대가 미워
쓰디쓴 술만 들이키는 이 밤

까맣게 까맣게 타버린 내 맘
거울 속 초라해진 나
내 속이 시끌시끌해 너무 소란스러워
하얗게 하얗게 지새우는 밤 오늘도 난
왜 멋대로 맘대로 그렇게 나를 떠나갔니


답답한 마음만이 내 하룰 가득 채워
여전히 같은 자리에 서 있는데
너만 바라보게 하고 이제와 헤어지잔 말
달빛도 무척 슬퍼보여 이 밤

까맣게 까맣게 타버린 내맘
거울 속 초라해진 나
내 속이 시끌시끌해 너무 소란스러워
하얗게 하얗게 지새우는 밤 오늘도 난
왜 멋대로 맘대로 그렇게 나를 떠나갔니

아 바람에 불어라 멀리
보이지 않는 곳까지
내 사랑도 가져가

까맣게 까맣게 타버린 내맘
거울 속 초라해진 나
내 속이 시끌시끌해 너무 소란스러워
하얗게 하얗게 지새우는 밤 오늘도 난
왜 멋대로 맘대로 그렇게 나를 떠나갔니
왜 멋대로 맘대로 그렇게
나를 떠나갔니"
인생길 나그네길,99,나훈아,"사나이 한번 나서
고향에만 살수 있나
젊어서 한 때라면 고생을 살자
부모님 슬하떠난 이못난 자식
눈보라 치는 길이 끝이 없어도
일곱번 쓰러져도 일어설테다
나그네길 인생길

사나이 어리석게
속아서만 살수있나
진실한 사랑앞에 목숨을 걸자
불같은 젊은가슴 피가뛰는데
무슨일 못할소냐 못이룰소냐
하늘이 뚤어져도 솟아날테다
나그네길 인생길"
또 만나요,397,손세욱,이제는 우리가 헤어져야 할시간 다음에 또 만나요 이제는우리가 헤어져야 할시간 다음에 또 만나요 헤어지는 마음이야 아시웁지만 웃으면서 헤어져요 다음에 만날날을 약속하면서 이제그만 해어져요
방랑시인 김삿갓,123,이민숙,"죽장에 삿갓쓰고 방랑 삼천리
흰 구름뜬 고개 넘어
가는 객이 누구냐
열두 대문 문간방에
걸식을 하며 술 한잔에
시 한수로 떠나가는 김삿갓
세상이 싫던가요 벼슬도 버리고
기다리는 사람 없는
이 거리 저 마을로
손을 젓는 집집마다
소문을 놓고 푸대접에
껄껄대며 떠나가는 김삿갓"
사모애(愛) REMIX,158,마이진,"이렇게도 당신을 사랑해도 될까요
가슴 아픈 사랑일 텐데
당신이란 사람을 가져도 될까요
아무런 댓가도 없이
이세상 모든게
먼지되어 사라져버린
그날이 언젠간 온데도
하나도 가지고 갈수없이
허전한인생
떠나갈 날이 온데도
당신만 당신 사랑만
가슴에 품고 갈테요
다른 세상에 만날 수 없어도
그이름 목놓아 부르리
이세상 모든게
먼지되어 사라져버린
그날이 언젠간 온데도
하나도 가지고 갈수없이
허전한인생
떠나갈 날이 온데도
당신만 당신 사랑만
가슴에 품고 갈테요
다른 세상에 만날 수 없어도
그이름 목놓아 부르리
그이름 목놓아 부르리"
의사 선생님,188,김용임,"의사선생님 의사선생님
나에게 약좀 주세요
사랑하다 병이들어
외로운 가슴
달래주고 위로해줄 약은 없나요
하루하루 괴로워서
나는 나는 못살아
잊고사는 그런약은 어디없나요
의사선생님 의사선생님
내병좀 고쳐 주세요

의사선생님 의사선생님
나에게 약좀 주세요
떠난 사람 못잊어서
멍이든 가슴
받은 상처 고칠약은
없는 건가요
하루하루 지내기가
너무 너무 못살아
아픈가슴 씻어내줄 약은 없나요
의사선생님 의사선생님
내병좀 고쳐 주세요"
과거는 흘러갔다,288,여운,"즐거웠던 그 날이
올 수 있다면
아련히 떠오르는
과거로 돌아가서
지금에 내 심정을 전해보련만
아무리 뉘우쳐도
과거는 흘러갔다

잃어버린 그 님을
찾을 수 있다면
까맣게 멀어져 간
과거로 돌아가서
못다한 사연들을 전해보련만
아무리 뉘우쳐도
과거는 흘러갔다"
사랑아 (Remix Summer Ver.),430,장윤정,"안돼요 안돼 날 두고 떠나면 안돼
그렇겐 못해 난 절대 보낼 순 없어
갈테면 가봐 모든 걸 잊고 떠나봐
그땐 뒤돌아서 후회를 할거야
희미한 기억속에 너의 이름 불러도
다신 볼수 없던 사랑한 사람
사랑아 나를 두고 떠나가지마
나만 두고 가려거든 다신 나를 찾지마
언젠가 그대 나를 찾는 다해도
그땐 내가 먼저 뒤돌아서 그대 볼수 없으니


안돼요 안돼 날 두고 떠나면 안돼
그렇겐 못해 난 절대 보낼 순 없어
갈테면 가봐 모든 걸 잊고 떠나봐
그땐 뒤돌아서 후회를 할거야
희미한 기억속에 너의 이름 불러도
다신 볼수 없던 사랑한 사람
사랑아 나를 두고 떠나가지마
나만 두고 가려거든 다신 나를 찾지마
언젠가 그대 나를 찾는 다해도
그땐 내가 먼저 뒤돌아서 그대 볼수 없으니"
연인들의 이야기,500,임수정,"무작정 당신이 좋아요 이대로
옆에 있어 주세요 하고픈 이야기
너무 많은데 흐르는 시간이 아쉬워
멀리서 기적이 우네요 누군가
떠나가고 있어요 영원히 내곁에
있어 주세요 이별은 이별은 싫어요

무작정 당신이 좋아요 이대로
옆에 있어 주세요 이렇게 앉아서
말은 안해도 가슴을 적시는 두사람
창밖엔 바람이 부네요 누군가
사랑하고 있어요 우리도 그런 사랑
주고 받아요 이별은 이별은 싫어요
이별은 이별은 싫어요"
내 하나의 사랑은 가고,0,진시몬,"너를 보내는 들판에 마른 바람이 슬프고
내가 돌아선 하늘엔 살빛 낮달이 슬퍼라
오래도록 잊었던 눈물이 솟고
등이 휠 것같은 삶의 무게여
가거라 사람아 세월을 따라
모두가 걸어가는 쓸쓸한 그길로

이젠 그 누가 있어 이 외로움 견디며 살까
이젠 그 누가 있어 이 가슴 지키며 살까
아 저 하늘에 구름이나 될까
너 있는 그 먼땅을 찾아 나설까
사람아 사람아 내 하나의 사람아
이 늦은 참회를 너는 아는지"
아직도 못다한 사랑,179,진시몬,"오늘도 갈대밭에
저홀로 우는 새는
내 마음을 알았나봐
쓸쓸한 바람에
아득히 밀려오는
또렷한 그 소리는
잃어버린 그 옛날의
행복이 젖어있네
외로움에 지쳐 버린
내 마음을 어떻게 말로
다하나요 난 몰라요 이가슴엔
아직도 못다한 사랑

지난 밤 꿈속에서
저 홀로 우는 여인
내 마음을 알았나봐
쓸쓸한 바람에
저만큼 밀려오는
또렷한 그 소리는
잃어버린 그 옛날의
행복이 젖어있네
외로움에 지쳐 버린
내 마음을 어떻게 말로
다하나요 난 싫어요 돌아와요
아직도 못다한 사랑"
사랑타령,67,이명주,"별난 남자 별난 여자
세상에 따로 있나
서로 믿고 아껴주고
정이 들면 사는거지
사람들은 사랑에
길 잃은 철새처럼
이리가도 사랑타령
저리가도 사랑타령
사랑을 하면서 의심하고
사랑을 하면서 헤어지고
사랑을 하면서 또 다른 사랑을
찾아 헤매네
아 사랑 사랑 사랑 사랑 사랑
늙으나 젊으나 사랑 타령
별난 사람 별난 인연
세상에 따로 있나
서로 마음 주고 받고
정이 들면 사는거지
사람들은 사랑에
길 잃은 철새처럼
이리가도 사랑타령
저리가도 사랑타령
사랑을 하면서 의심하고
사랑을 하면서 헤어지고
사랑을 하면서 또 다른 사랑을
찾아 헤매네
아 사랑 사랑 사랑 사랑 사랑
늙으나 젊으나 사랑 타령

별난 남자 별난 여자
세상에 따로 있나
서로 믿고 아껴주고
정이 들면 사는거지
사람들은 사랑에
길 잃은 철새처럼
이리가도 사랑타령
저리가도 사랑타령
사랑을 하면서 의심하고
사랑을 하면서 헤어지고
사랑을 하면서 또 다른 사랑을
찾아 헤매네
아 사랑 사랑 사랑 사랑 사랑
늙으나 젊으나 사랑 타령
늙으나 젊으나 사랑 타령"
아리송해,206,이은하,"아리송해

아리송해

어제 한 너의 말이 아리송해

아리송해

아리송해

어제 한 너의 말이 아리송해

사랑하기 때문에 미워한다는

터무니없는 말이 아리송해

사랑하기 때문에 돌아선다는

앞뒤 틀린 그 말이 아리송해

아리송해

아리송해

어제 한 너의 말이 아리송해

아리송해

아리송해

어제 한 너의 말이 아리송해

사랑하기 때문에 미워한다는

터무니없는 말이 아리송해

사랑하기 때문에 돌아선다는

앞뒤 틀린 그 말이 아리송해

아리송해

아리송해

어제 한 너의 말이 아리송해

아리송해

아리송해

어제 한 너의 말이 아리송해"
대전 부르스,153,나훈아,"잘 있거라 나는 간다, 이별의 말도 없이
떠나가는 새벽 열차 대전발 영시 오십분
세상은 잠이 들어 고요한 이 밤
나 만이 소리치며 울 줄이야
아아~ 붙잡아도 뿌리치는 목포행 완행열차
기적소리 슬피 우는 눈물의 플랫폼
무정하게 떠나가는 대전발 영시 오십분
영원히 변치 말자 맹세 했건만
눈물로 헤어지는 쓰라린 심정
아아~ 보슬비에 젖어가는 목포행 완행열차"
목련꽃 필 때면,345,최성수,"봄바람 불고요 개나리 활짝 피면
저기 저만큼 님이 올까요
기다리는 마음 꽃잎에 날려보내면
저기 저만큼 님이 올까요
기다리는 마음 이렇게 가슴 아픈 걸
사랑은 왜 서로 할까요
목련꽃 하얀 마음 가득 담고서
봄날을 기다리는 마음은
이렇게 가슴에 눈물이 흐르네
목련꽃 하얀 마음처럼

흐르는 강물에 꽃잎을 띄워 보내면
저기 저만큼 님이 올까요
하늘거리는 아지랑이 따라
저기 저만큼 님이 올까요
기다리는 마음 이렇게 가슴 아픈 걸
사랑은 왜 서로 할까요
목련꽃 하얀 마음 가득 담고서
봄날을 기다리는 마음은
이렇게 가슴에 눈물이 흐르네
목련꽃 하얀 마음처럼
목련꽃 하얀 마음처럼"
와락 부비부비,178,장윤정,"내 앞에 다시 그대가
예전에 추억 그대로
불타는 사랑 이대로
불타는 젊음 이대로

너를 처음 만났을 때
어제 본 듯 편안했었지
내 몸에 꼭 맞는
옷처럼 마치 나처럼
현실이란 긴 잠에서 나
이제 눈을 뜬거야
다시 또 이 곳에서
그대 만날 줄이야
예전 그음악이 그 추억이
또 다시 마른 들판 위에
바람 만난 불처럼
와락 부비 부비 부비 부비
사랑이 불타오는 이 밤에
와락 부비 부비 부비 부비
더이상 우리 헤어지지마
와락 부비 부비 부비 부비
보이지 않을만큼 다가와
와락 부비 부비 부비 부비
젊음이 불타오는 이 밤에
내 앞에 다시 그대가
예전에 추억 그대로
불타는 사랑 이대로
불타는 젊음 이대로

너를 처음 만났을 때
어제 본 듯 편안했었지
내 몸에 꼭 맞는
옷처럼 마치 나처럼
현실이란 긴 잠에서 나
이제 눈을 뜬거야
다시 또 이 곳에서
그대 만날 줄이야
예전 그음악이 그 추억이
또 다시 마른 들판 위에
바람 만난 불처럼
와락 부비 부비 부비 부비
사랑이 불타오는 이 밤에
와락 부비 부비 부비 부비
더이상 우리 헤어지지마
와락 부비 부비 부비 부비
보이지 않을만큼 다가와
와락 부비 부비 부비 부비
젊음이 불타오는 이 밤에"
애증의 강,256,최진희,"어제는 바람찬 강여울을 나홀로 걸었소

길잃은 사슴처럼 저강만 바라보았소

강건너 저끝에 있는 수많은 조약돌처럼

당신과 나사이에 사연도 참 많았소

사랑했던 날들보다 미워했던 날이 더많아

우리가 다시 저강을 건널수만 있다면

후회없이 후회없이 사랑할텐데

하지만 당신과 나는 만날수가 없기에

당신이 그리워지면 저강이 야속하다오

(당신이 그리워지면 저강이 야속하다오)"
우리 어머니,35,유지나,"1.
긴 머리 땋아 틀어 은비녀 꽂으시고
옥색치마 차려입고 사뿐 사뿐 걸으시면
천사처럼 고왔던 우리 어머니
여섯 남매 배곯을까 치마끈 졸라매고
가시밭길 헤쳐 가며 살아오셨네

헤진 옷 기우시며 긴 밤을 지새울 때
어디선가 부엉이가 울어대면 은
어머님도 울었답니다

2.
긴 머리 빗어내려 동백기름 바르시고
분단장 곱게 하고 내 손잡고 걸으실 때
마을 어귀 훤했었네. 우리 어머니
여섯 남매 자식걱정 밤잠을 못 이루고
칠십 평생 가시밭길 살아오셨네

천만년 사시는 줄 알았었는데
떠나실 날 그다지도 멀지 않아서
막내딸은 울었답니다"
나야 나 (원곡가수 남진),427,문주란,"바람이 분다 길가에 목롯집
그냥 가긴 서운하잖아
나 한 잔 자네 한 잔 권커니
한 번은 내 세상도 오겠지
아자
내가 뭐 어때서 나 건들지 마
운명아 비켜라
이 몸께서 행차하신다
때로는 깃털처럼 휘날리며
때로는 먼지처럼 밟히며
아자
하루를 살아냈네
나야 나야 나
나야 나야 나
밤늦은 골목길 외쳐보아도
젖은 그림자 바람에 밀리고
거리엔 흔들리는 발자국
어둠은 내리고 바람찬데
아자 괜찮아 나 정도면
나 건들지 마 운명아 비켜라
이 몸께서 행차하신다
때로는 깃털처럼 휘날리며
때로는 먼지처럼 밟히며
아자
하루를 살아냈네
나야 나야 나
나야 나야 나
밤늦은 골목길 외쳐보아도
젖은 그림자 바람에 밀리고
거리엔 흔들리는 발자국
어둠은 내리고 바람찬데
아자 괜찮아 나 정도면
아자 괜찮아 나 정도면"
그사람 이름은 잊었지만,314,박건,"루루 루루 루루루
루루루 루루 루루루
지금도 마로니에는 피고 있겠지
눈물속에 봄비가 흘러 내리듯
임자 잃은 술잔에 어리는 그 얼굴
아 청춘도 사랑도 다 마셔버렸네
그 길에 마로니에 잎이 지던 날 아
루루 루루 루루루
루루루 루루 루루루
지금도 마로니에는 피고 있겠지
아 청춘도 사랑도 다 마셔 버렸네
그 길에 마로니에 잎이 지던 날 아
루루 루루 루루루
루루루 루루 루루루
지금도 마로니에는 피고 있겠지
피고 있겠지
피고 있겠지"
당신이 좋아 (Feat. 장윤정),341,남진,"그대는 내 사랑 당신도 내 사랑
이 세상에 그 무엇도 쨉이 안되지
원앙이 따로 있나
우리가 원앙이지
환상의 해피한 원앙이지
아 꿀맛 같은 그대 사랑에
내 인생을 걸었잖아
비가 와도 좋아
눈이 와도 좋아 바람 불어도 좋아
좋아 좋아 당신이 좋아
그대는 내 운명 당신도 내 운명
하늘 아래 누가 와도 쨉이 안되지
그대는 꽃 중에 꽃 당신은 벌 나비
환상의 해피한 꽃과 나비지
아 꿀맛 같은 그대 사랑에
내 인생을 걸었잖아
비가 와도 좋아 눈이 와도 좋아
바람 불어도 좋아
좋아 좋아 당신이 좋아
아 꿀맛 같은 그대 사랑에
내 인생을 걸었잖아
비가와도 좋아 눈이 와도 좋아
바람 불어도 좋아
좋아 좋아 당신이 좋아
좋아 좋아 당신이 좋아"
난 너에게,"1,050",정수라,"난 네가 기뻐하는 일이라면
뭐든지 할수있어
난 네가 좋아하는 일이라면
뭐든지 할수있어
별보다 예쁘고 꽃보다 더 고운
나의 친구야
이 세상 다 주어도 바꿀수없는
나의 친구야
네곁에 있으면 사랑은 내것
네곁에 있으면 세상도 내것
난 네가 기뻐하는 일이라면
뭐든지 할수있어
난 네가 좋아하는 일이라면
뭐든지 할수있어
난 네가 기뻐하는 일이라면
뭐든지 할수있어
난 네가 좋아하는 일이라면
뭐든지 할수있어
별보다 예쁘고 꽃보다 더 고운
나의 친구야
이세상 다 주어도 바꿀수없는
나의 친구야
네곁에 있으면 사랑은 내것
네곁에 있으면 세상도 내것
난 네가 기뻐하는 일이라면
뭐든지 할수있어
난 네가 좋아하는 일이라면
뭐든지 할수있어
난 네가 좋아하는 일이라면
뭐든지 할수있어"
카사노바,183,선경,"누가 누가 어서 나좀 말려줘요
그녀 때문에 정신을 차릴수 없어
멀리 바라만 봐도
한눈에 쏙 들어오는 너
오늘 하루만 같이 있어줘
오오오 사랑해 사랑해
그녀가 날 보내요
아무래도 내가 마음에 들었나 아 하
사랑해 사랑해 결국 고백했지만
그녀 한마디 애인 있어요
오늘 꽝이야 나
어서 체념하고 돌아가자
그게 진정한 카사노바야
누가 누가 어서 나좀 말려줘요
그녀 때문에 정신을 차릴수 없어
멀리 바라만 봐도
한눈에 쏙 들어오는 너
오늘 하루만 같이 있어줘
오오오 사랑해 사랑해
그녀가 날 보네요
아무래도 내가
마음에 들었나 아 하
사랑해 사랑해 결국 고백했지만
그녀 한마디 애인 있어요
오늘 꽝이야 나
어서 체념하고 돌아가자
그게 진정한 카사노바야
오늘 꽝이야 나
어서 체념하고 돌아가자
그게 진정한 카사노바야
그게 진정한 카사노바야"
내 나이가 어때서,"1,101",오승근,"야야야 내 나이가 어때서
사랑에 나이가 있나요
마음은 하나요 느낌도 하나요
그대만이 정말 내 사랑인데
눈물이 나네요 내 나이가 어때서
사랑하기 딱 좋은 나인데
어느 날 우연히 거울 속에 비춰진
내 모습을 바라보면서
세월아 비켜라 내 나이가 어때서
사랑하기 딱 좋은 나인데
야야야 내 나이가 어때서
사랑에 나이가 있나요
마음은 하나요 느낌도 하나요
그대만이 정말 내 사랑인데
눈물이 나네요 내 나이가 어때서
사랑하기 딱 좋은 나인데
어느 날 우연히 거울 속에 비춰진
내 모습을 바라보면서
세월아 비켜라 내 나이가 어때서
사랑하기 딱 좋은 나인데
사랑하기 딱 좋은 나인데"
같이 있게 해주세요,222,동그라미,"마주보는 미소로 같이 있게 해 주세요
마주잡은 손길로 같이 있게 해 주세요
울고 웃는 인생길이 고달프다 하지만
갈라진 옷소매를 매만져 주면서
당신의 괴로움을 당신의 외로움을
달래 줄 수 있어요
같이 있게 해 주세요
사랑스런 눈길로 같이 있게 해 주세요
사랑스런 손길로 포근히 감싸 주세요
울고 웃는 인생길이 고달프다 하지만
주름진 그 얼굴에 내사랑 다 바치고
당신의 행복 속에 당신의 기쁨속에
살아갈 수 있어요
같이 있게 해 주세요"
넌 너무 예뻐,364,박현빈,"넌 너무 예뻐 누가 봐도 예뻐
하염없이 예뻐 사정 없이 예뻐
애기야 부를 때 빨리 나와
마스카라 5분 립스틱 5분
지웠다 발랐다
여우 둔갑 뚝 그만 하고
우리 애기
웃는 얼굴 안 발라도 너무 예뻐
내 맘 속에 짱 박힌 너
뭘 입어도 넌 넌 너무 예뻐
보고 싶다 빨리 내가 기다리잖아
넌 너무 예뻐 누가 봐도 예뻐
거울 속에 비친 너보다 더 예뻐
애기야 뭐하니 그냥 나와
빨간 구두 한 번 파란 구두 한 번
거울은 답답해
야단법석 뚝 그만하고
우리 애기 자신 있게
거울 한 번 무시해 봐
내 맘 속에 짱 박힌 너
바로 나와도 넌 넌 너무 예뻐
보고 싶다 빨리 내가 기다리잖아
우리 애기 자신 있게
거울 한 번 무시해 봐
내 맘 속에 짱 박힌 너
바로 나와도 넌 넌 너무 예뻐
보고 싶다 빨리 내가 기다리잖아
보고 싶다 빨리 내가 기다리잖아"
사랑,66,나훈아,"이세상에 하나밖에
둘도 없는 내 여인아
보고 또 보고 또 쳐다봐도
싫지않는 내 사랑아
비내리는 여름날에
내가슴은 우산이 되고
눈내리는 겨울날엔
내가슴은 불이 되리라
온세상을 다 준대도
바꿀 수 없는 내 여인아
잠시라도 떨어져서는
못 살것 같은 내 사랑아
행여 당신 외로울때
내가 당신 친구가 되고
행여 당신 우울할때
내가 당신 웃음 주리라
이세상에 하나밖에
둘도 없는 내 여인아
보고 또 보고 도 쳐다봐도
싫지않는 내 사랑아"
연모 (트롯트),346,박우철,"이도 저도 못하면서 사랑했었다
앞이 캄캄 안보이지만
당신과 나 약속이나 한듯
돌아가는 길을 지웠다
시간은 우리편이 아니라 해도
이제와 왔던 길을 바꿀수 있나
천번이고 만번이고
내 마음 물어보지만
당신을 떠나서는 나도
없다고 뜨거운 가슴이 말하네
이도 저도 못하면서 사랑했었다
앞이 캄캄 안보이지만
당신과 나 약속이나 한듯
돌아가는 길을 지웠다
시간은 우리편이 아니라 해도
이제와 가는길을 멈출 수 있나
천번이고 만번이고
내마음 물어보지만
당신을 떠나서는 나도 없다고
뜨거운 눈물이 말하네
뜨거운 가슴이 말하네"
미워도 다시 한 번,927,숙행,"이 생명 다 바쳐서
죽도록 사랑했고
순정을 다 받쳐서
믿고 또 믿었건만
영원히 그 사람을
사랑해 선 안 될 사람
말없이 가는 길에
미워도 다시 한 번
아 아 안녕
지난날 아픈 가슴
오늘의 슬픔이여
여자의 숙명인가
운명의 장난인가
나만이 가야하는
그 사랑의 길이기에
울면서 돌아설 땐
미워도 다시 한 번
아 아 안녕
영원히 그 사람을
사랑해 선 안 될 사람
말없이 가는 길에
미워도 다시 한 번
아 아 안녕
아 아 안녕"
그런 사람 만나고 싶다,0,나훈아,"인생은 어차피
홀로 가는 외롭고 쓸쓸한 길
내가 가는 그 길목에서
다정한 사람 만나고 싶다
고단하고 힘들 때면
마음으로 다가와
살포시 안아주는 따뜻한 사람
나보다 더 나를 아껴주고
위로해줄 그런 사람
기도로도 채워지지 않는
텅 빈 가슴을
사랑으로 보듬아줄 그런 사람
그런 사람 만나고 싶다
인생은 어디서 왔다가
어디로 가는 건지
내가 가는 그 길목에서
다정한 사람 만나고 싶다
내 마음이 허전하고
내 영혼이 슬퍼질 때
손 내밀어 잡아주는 포근한 사람
나보다 더 나를 챙겨주고
위해주는 그런 사람
기도로도 채워지지 않는
텅 빈 가슴을
사랑으로 다독여줄 그런 사람
그런 사람 만나고 싶다
그런 사람 만나고 싶다"
꼬마인형,"3,054",김희재,"그날밤 황홀한 시간을
난 잊을 수가 없어요
세상에 태어나서 맨 처음
당신을 알고 말았죠
말없이 흐르던 눈물을
난 감출 수가 없었네
창문에 부딪치는 빗방울을
하나 둘 세고 있었죠
늦어도 그날까지
약속만을 남겨둔채로
밤이 지나고 새벽
먼길을 떠나갈 사람이여
부서지는 모래성을
쌓으며 또 쌓으며
꼬마인형을 가슴에 안고
나는 기다릴래요
늦어도 그날까지
약속만을 남겨둔 채로
밤이 지나고 새벽
먼길을 떠나갈 사람이여
부서지는 모래성을
쌓으며 또 쌓으며
꼬마인형을 가슴에 안고
나는 기다릴래요
꼬마인형을 가슴에 안고
나는 기다릴래요"
오늘이 젊은날,"2,884",장민호,"나이야 가라 나이야 가라
나이가 대수냐
오늘이 가장 젊은 날
내 과거 묻지를 마세요
알아서 무엇 하나요
지난 일은 지난밤에 묻어요
살다 보면 다 그렇지
마음엔 나이가 없는 거란 걸
세월도 비켜가는 걸
잊지는 말아요 오늘 이 순간이
내 인생에 가장 젊은 날
나이야 가라 나이야 가라
나이가 대수냐
오늘이 가장 젊은 날
인생을 돌아보지 마세요
그렇게 흘려보내요
아쉬워도 시간 속에 묻어요
인생이란 다 그렇지
청춘엔 기준이 없는 거란 걸
지금도 한창때란 걸
잊지는 말아요 오늘 이 순간이
내 인생에 가장 젊은 날
나이야 가라 나이야 가라
나이가 대수냐
오늘이 가장 젊은 날
오늘이 가장 젊은 날"
대전 블루스,"4,605",이찬원,"잘 있거라 나는 간다
이별의 말도 없이
떠나가는 새벽열차
대전발 영시 오십분
세상은 잠이 들어
고요한 이 밤
나만이 소리치며
울줄이야 아아
붙잡아도 뿌리치는
목포행 완행열차
기적소리 슬피우는
이별의 플랫트홈
무정하게 떠나가는
대전발 영시 오십분
영원히 변치말자
맹세했건만
눈물로 헤어지는
쓰라린 심정 아아
부슬비에 젖어가는
목포행 완행열차"
역쩐인생: 가난한 남자,452,금잔디,"돈 없다고 무시하지 마
사람일 아무도 몰라
돈 있다고 으시대지 마
뒤통수 맞을지 몰라
세상만사 다 그래도
나 만큼이라도
그렇게 살지 말자
돈은 있다가도 없고
없다가도 있고
돌고 도는 인생
신나게 가즈아
힘차게 가즈아
한 번뿐인 인생
별거 없는 거야
맘껏 펼쳐봐
다 함께 웃자
더 크게 웃자
오늘도 가겠지만
내일이 오겠지만
역전 인생 기다려라
난 가난한 여자
아니 행복한 여자
돈 없다고 주눅 들지 마
실팬 성공의 어머니
돈 있다고 잘난 체 마라
내일은 아무도 몰라
세상만사 다 그래도
나만큼이라도
그렇게 살지 말자
돈은 있다가도 없고
없다가도 있고
돌고 도는 인생
신나게 가즈아
힘차게 가즈아
한 번뿐인 인생
별거 없는 거야
맘껏 펼쳐봐
다 함께 웃자
더 크게 웃자
오늘도 가겠지만
내일이 오겠지만
역전 인생 기다려라
난 가난한 여자
아니 행복한 여자
난난난난나난 난 정말 가난한 여자
아니아니 행복한 여자
난 가난한 여자"
계절이 오면,943,조명섭,"찬바람이 불어오는 가을날 깊은 밤에
들려오는 사랑노래 추억을 불러오면
서러워 우는거냐 애달픈 행복이더냐
말도 없이 걸어가는 이 몸은 무엇하리
귀뚜라미 울어대는 가을날 깊은 밤에
돌아오는 계절마다 그 님이 생각나면
그리워 우는거냐 서글픈 운명이더냐
비 내리는 담장 밑에 푸른꽃 피어나리
푸른꽃 피어나리"
간대요 글쎄,"4,755",이찬원,"가야 한대요 가야 한대요
이 한잔 커피를 마시고 나면
처음으로 돌아가야 한대요
자기밖에 모르도록
모르도록 만들어놓고
남의 사람되려고 간대요 글쎄
남의 사람되려고 간대요 글쎄
싸늘한 커피 잔에
이별을 남기고 돌아가야 한대요
글쎄 간대요 글쎄 간대요
이 한잔 커피를 마시고 나면
타인으로 돌아가야 한대요
자기밖에 모르도록
모르도록 만들어 놓고
남의 사람되려고 간대요 글쎄
남의 사람되려고 간대요 글쎄
텅 빈 커피 잔에
눈물을 남기고 글쎄 가야 한대요"
사랑했는데,186,풍금,"시들은 장미꽃
이 마음 따라우네
사랑했는데
서로가 좋아서
사랑했는데
어이 혼자
울어야 하나
여자의 눈물
그 팔에 안기어
꿈꾸던 창가엔
시들은 장미꽃
이 마음 따라우네
사랑했는데
서로가 좋아서
사랑했는데
그 팔에 안기어
꿈꾸던 창가엔
시들은 장미꽃
이 마음 따라우네
사랑했는데
서로가 좋아서
사랑했는데"
정주지 않으리,"4,263",이찬원,"사랑하다 헤어지면
그만인줄 나는 알았는데
헤어지고 남는 것은
눈물보다 정이었네
이제는 그 누구를
다시 사랑하더라도
정 주지 않으리라
정 주지 않으리라
사랑보다 깊은 정을
두 번 다시 주지 않으리
미워하고 돌아서면
잊혀질 줄 나는 알았는데
이별 뒤에 남는 것은
미련보다 정이었네
이제는 그 누구를
다시 사랑하더라도
정 주지 않으리라
정 주지 않으리라
사랑보다 깊은 정은
두 번 다시 주지 않으리
이제는 그 누구를
다시 사랑하더라도
정 주지 않으리라
정 주지 않으리라
사랑보다 깊은 정은
두 번 다시 주지 않으리"
머나먼 고향,"4,187",정동원,"머나먼 남쪽 하늘 아래 그리운 고향
사랑하는 부모 형제 이 몸을 기다려
천리 타향 낯선 거리 헤매는 발길
한잔 술에 설움을 타서 마셔도
마음은 고향 하늘을 달려갑니다
천리 타향 낯선 거리 헤매는 발길
한잔 술에 설움을 타서 마셔도
마음은 고향 하늘을 달려갑니다"
와요 와요,482,강혜연,"날 보러 날 보러 언제 오나요
날 보러 날 보러 언제 오나요
우리 오빠 서울 가시면
비단 구두 사 오신다는
그 약속이 어찌 좋은지
오실 날만 기다리네요
까치까치 우는 날이면
우리 오빠 내게 올세라
기다리는 마음이 커져
대문 밖을 서성이네요
날 보러 날 보러 언제 오나요
날 보러 날 보러 언제 오나요
날 보러 날 보러 빨리 오세요
우리 오빠 떠나신지
수백일이 넘었잖아요
어서 내게 와요
까치까치 우는 날이면
우리 오빠 내게 올세라
기다리는 마음이 커져
대문 밖을 서성이네요
날 보러 날 보러 언제 오나요
날 보러 날 보러 언제 오나요
날 보러 날 보러 빨리 오세요
우리 오빠 떠나신지
수백일이 넘었잖아요
날 보러 날 보러 언제 오나요
날 보러 날 보러 언제 오나요
날 보러 날 보러 못 오신다면
우리 오빠 계신 곳에
천리길도 따라갈테요
어서 내게 와요"
공항의 이별,"4,403",이찬원,"하고 싶은 말들이 쌓였는데도
한마디 말 못하고
헤어지는 당신을
이제 와서 붙잡아도
소용없는 일인데
구름 저 멀리 사라져 간
당신을 못 잊어 애태우며
허전한 발길 돌리면서
그리움 달랠 길 없어
나는 걸었네
수많은 사연들이 메아리 쳐도
지금은 말 못하고
떠나가는 당신을
이제 와서 뉘우쳐도
허무한 일인데
하늘 저 멀리 떠나버린
당신을 못 잊어 애태우며
쓸쓸한 발길 돌리면서
그리움 달랠 길 없어
나는 걸었네"
유일한 사람,"1,082",양지은,"그대는 나의 모자람을
미소로 채워주고
감싸주는 유일한 사람
그대는 나의 마음 속에
해가 뜨고 지는지를
알고 있는 유일한 사람
가는 길이 아무리 험하고 멀어도
우리 서로를 지켜주리라
내가 기뻐할때도
내가 슬퍼할때도
언제나 내 곁에
있어준 사람
내가 외로울때도
내가 아파할때도
따뜻한 미소로 지켜 줄 사람
그대는 나의 모자람을
미소로 채워주고
감싸주는 오직 한사람
그대는 나의 마음 속에
비가 오고 개는 지를
알고 있는 오직 한사람
누구 하나 힘들고
지치고 아프면
우리 서로를 업어 주리라
내가 기뻐할때도
내가 슬퍼할때도
언제나 내곁에 있어줄 사람
내가 외로울때도
내가 아파할때도
따뜻한 미소로 지켜 줄 사람
따뜻한 미소로 지켜 줄 사람"
타타타,414,김태연,"네가 나를 모르는데
난들 너를 알겠느냐
한치 앞도 모두 몰라
다 안다면 재미없지
바람이 부는 날엔 바람으로
비오면 비에 젖어
사는 거지 그런 거지
음음음 아 허허허
산다는 건 좋은 거지
수지맞는 장사잖소
알몸으로 태어나서
옷 한 벌은 건졌잖소
우리네 헛짚는 인생살이
한세상 걱정조차 없이 살면
무슨 재미 그런 게 덤이잖소
네가 나를 모르는데
난들 너를 알겠느냐
한치 앞도 모두 몰라
다 안다면 재미없지
바람이 부는 날엔 바람으로
비오면 비에 젖어
사는 거지 그런 거지
음음음 아 허허허
산다는 건 좋은 거지
수지맞는 장사잖소
알몸으로 태어나서
옷 한 벌은 건졌잖소
우리네 헛짚는 인생살이
한세상 걱정조차 없이 살면
무슨 재미 그런 게 덤이잖소"
잊혀진 계절 (MR),"7,920",임영웅,"지금도 기억하고 있어요
시월의 마지막 밤을
뜻 모를 이야기를 남긴 채
우리는 헤어졌지요
그 날의 쓸쓸했던 표정이
그대의 진실인가요
한마디 변명도 못하고
잊혀져야 하는 건가요
언제나 돌아오는 계절은
나에게 꿈을 주지만
이룰 수 없는 꿈은 슬퍼요
나를 울려요
그날의 쓸쓸했던 표정이
그대의 진심인가요
한마디 변명도 못하고
잊혀져야 하는건가요
언제나 돌아오는 계절은
나에게 꿈을 주지만
이룰 수 없는 꿈은 슬퍼요
나를 울려요"
잊었니 (MR),"8,348",임영웅,"잊었니 날 잊어버렸니
그 수많은 추억들은 잊어버렸니
가슴은 널 향해 팔 벌려
오늘도 간신히 버티고 있는데
추억이 점점 빛 바래가면
너와 거닐던 길에 우두커니 서
지우고 또 지우려 해도
네 숨결 목소리가 귓가에 들려
잊었니 날 잊어버렸니
아직 난 널 기다리잖아
사랑이 또 울고 있잖아
가슴엔 늘 눈물이 고여
지워도 자꾸 지우려 해도
그대 얼굴이 자꾸 떠오르네요
잊었니 날 잊어버렸니
아직 난 널 기다리잖아
사랑이 또 울고 있잖아
가슴엔 늘 눈물이 고여
잊었니 날 잊어버렸니
아직 난 널 기다리잖아
사랑이 또 울고 있잖아
가슴엔 늘 눈물이 고여
지워도 자꾸 지우려 해도
그대 얼굴이 자꾸 떠오르네요
지워도 자꾸 지우려 해도
그대 얼굴이 자꾸 떠오르네요
그대 얼굴이 자꾸 떠오르네요"
카발레,421,직장부,"리드미컬하게 움직이는 Dance Land
춤추는 카발레
매혹적인 매력적인 너의 그림자는
분홍빛 Wine glass
Piano 같은 나의 몸을 Touch
잠시 너의 눈을 감아봐
터질 것만 같은 느낌
한 박자 두 박자 흔들려봐
Let's dance crazy
I'm free 후후후후 후후후
Let's dance crazy
You are free 사랑해 영원히 널
밤은 해피엔딩 너의 흔들리는 스텝
춤추는 카발레
희미하게 타오르는 조명 불빛 아래
분홍빛 Wine glass
Drum 같은 나의 몸을 Touch (Ahh)
잠시 나를 사로 잡아봐
폭발할 것 같은 기분
세 박자 네 박자 흔들려봐
Let's dance crazy
I'm free 후후후후 후후후
Let's dance crazy You are free
사랑해
영원히
널
후후후후 후후후
후후후후 후후후
사랑하고 싶어 널
Ladies, Welcome to 미스터 트롯 2
Let's dance crazy
I'm free 후후후후 후후후
Let's dance crazy You are free
사랑해
사랑해
I love you
사랑해
널~~"
기억,108,곽지은,"가슴이 아파서
눈물에 가려서
그땐 기억 못 합니다
긴 시간이 흐르면
조금씩 지워지겠죠
세월에 무뎌진 아픔도
그땐 아물겠죠
잊을 수 없던 사랑도
지난 추억이 되고
지울 수 없던 상처도
기억 저편에
가슴이 아파서
너무나 시려서
기억조차 아픈 사랑
가슴이 아파서
눈물에 가려서
그땐 기억 못 합니다
또 하루가 지나고
조금씩 변해가겠죠
세월에 묻어둔 기억도
모두 잊었겠죠
잊을 수 없던 사랑도
지난 추억이 되고
지울 수 없던 상처도
기억 저편에
가슴이 아파서
너무나 시려서
기억조차 아픈 사랑
가슴이 아파서
눈물에 가려서
그땐 기억 못 합니다
가슴이 아파서
너무나 시려서
기억조차 아픈 사랑
가슴이 아파서
눈물에 가려서
그땐 기억 못 합니다
그땐 기억 못 합니다"
오빠차,101,진이랑,"나나나나 나나나나
나나나나 나나나나
밥 먹고 영화보고
차 한잔
오늘도 데이트는
땡이야
여자 맘을
너무 몰라
오빠하고
같이 있고 싶어요
오빠차로 십 분이면 집에 가
어떤 날은
오 분이면 도착해
그래가라 가버려라
갈테면은 아주 가라
가지마 오빠
오빠차 안 탈 거야
택시도 안 탈래
집까지 오빠 손잡고
걷고 싶어
걷다가 또 걷다가
다리가 아프면
오빠야
업어줄 거지
나나나나 나나나나
오빠차 안타 오빠 손을 잡고
영원히 함께 걸어갈 거야
오빠차로 십 분이면 집에 가
어떤 날은
오 분이면 도착해
그래가라 가버려라
갈테면은 아주 가라
가지마 오빠
오빠차 안 탈 거야
택시도 안 탈래
집까지 오빠 손잡고
걷고 싶어
걷다가 또 걷다가
다리가 아프면
오빠야
업어줄 거지
나나나나 나나나나
나나나나 나나나나
오빠차 안 탈 거야
택시도 안 탈래
집까지 오빠 손잡고
걷고 싶어
걷다가 또 걷다가
다리가 아프면
오빠야
업어줄 거지
나나나나 나나나나
오빠차 안타 오빠 손을 잡고
영원히 함께 걸어갈 거야"
그대가 좋아 (New Ver.),23,연예진,"그대가 좋아 그 누가 뭐라 해도
그대가 좋아 세상 누구보다도
그대가 좋아 나를 힘들게 해도
그대만 좋아 너무 좋아
이렇게 왔다가 돌아서면
내 맘은 어떻게 하나요
주저 말고 그대 고민 말고
진심을 보여줘요
애타는 내 맘을 다 알면서
정말 모른 척하시나요
재지 말고 그대 눈치 말고
사랑을 내게 줘요
온종일 그대 생각만 하고요
온통 난 그대 생각에 잠들죠
어쩜 좋아 너무 좋아
사랑에 빠졌어요
그대가 좋아 그 누가 뭐라 해도
그대가 좋아 세상 누구보다도
그대가 좋아 나를 힘들게 해도
그대만 좋아 너무 좋아
이렇게 왔다가 돌아서면
내 맘은 어떻게 하나요
주저 말고 그대 고민 말고
진심을 보여줘요
애타는 내 맘을 다 알면서
정말 모른 척하시나요
재지 말고 그대 눈치 말고
사랑을 내게 줘요
온종일 그대 생각만 하고요
온통 난 그대 생각에 잠들죠
어쩜 좋아 너무 좋아
사랑에 빠졌어요
그대가 좋아 그 누가 뭐라 해도
그대가 좋아 세상 누구보다도
그대가 좋아 나를 힘들게 해도
그대만 좋아 너무 좋아
그대가 좋아 그 누가 뭐라 해도
그대가 좋아 세상 누구보다도
그대가 좋아 나를 힘들게 해도
그대만 좋아 너무 좋아
그대만 좋아 너무 좋아"
청춘을 돌려다오,235,민수현,"청춘을 돌려다오 젊음을 다오
흐르는 내 인생에 애원이란다
못다 한 그 사랑도 태산 같은데
가는 세월 막을 수는 없지 않느냐
청춘아 내 청춘아 어딜 가느냐
청춘을 돌려다오 젊음을 다오
흐르는 내 인생에 애원이란다
지나간 그 옛날이 어제 같은데
가는 세월 막을 수는 없지 않느냐
청춘아 내 청춘아 어딜 가느냐"
항구의 남자,453,안성훈,"항구의 남자는
항구의 남자는
갈매기도 사랑한다네
들어라 한 잔 술
청춘을 담고
두 잔 술에 의리를 담아
묻지를 마라 남자의 사연을
묻지를 마라 첫 사랑일랑
항구의 남자는
항구의 남자는
바다가 사랑이란다
항구의 남자는
항구의 남자는
바다가 고향이란다
항구의 남자는
항구의 남자는
등대 불도 사랑한다네
들어라 한 잔 술
파도를 담고
두 잔 술에 하늘을 담아
묻지를 마라 남자의 사연을
묻지를 마라 첫 사랑일랑
항구의 남자는
항구의 남자는
바다가 사랑이란다
항구의 남자는
항구의 남자는
성격도 화끈하다네"
인생,135,박성온,"근심 없는 사람 누군가
출세하기 싫은 사람 누군가
가난하다 서러워 말고
더 이상 기죽지 말아라
잠시 잠깐 구경 온 세상
없음 말고 편가르지 말아라
잘났다고 콧날 세우고 살다가
똑같이 돌아갈 것을
만남의 기쁨이건
이별의 슬픔이건
다 한순간 꿈인 것을
사랑은 산들바람
오해는 천둥 바람
모두 다 버리고
그리고 놔두고 갈 것을
내 것처럼 갖지를 말고
나눠야지 많으면 뭐해 쓰나
머물다가 가버릴 세월 속에서
내 삶도 내 것이 아니죠

만남의 기쁨이건
이별의 슬픔이건
다 한순간 꿈인 것을
사랑은 산들바람
오해는 천둥 바람
모두 다 버리고
그리고 놔두고 갈 것을
살다 보면 기쁨도 있고
슬픈 표정 지으며 살겠지만
우리 인생 별거랍니까
오늘도 그렇게 사는 게 삶이죠
내 삶도 내 것이 아니죠"
일편단심,83,나상도,"나도 몰래 사랑했나 봐
아프도록 사랑했나 봐
시간 흐르고 흐르고 흘러도
그대라는 사람
못 잊을 것 같아요
나도 몰래 사랑했나 봐(사랑했나 봐)
가슴 아픈 사연을 담고
눈물 흐르고 흐르고 흘러도
나를 위로해 줄
그대라는 사람을
아 두 번 다시
아 못 할 사랑
가슴 찢어지는 아픔이 와도
그대만 사랑할래요
내 평생에 단 하나 소원(단 하나 소원)
그대 사랑하다 죽는 일
다음 세상 외면 말아요
그때 꼭 다시 만나요

나도 몰래 사랑했나 봐
아프도록 사랑했나 봐
시간 흐르고 흐르고 흘러도
그대라는 사람
못 잊을 것 같아요
나도 몰래 사랑했나 봐(사랑했나 봐)
가슴 아픈 사연을 담고
눈물 흐르고 흐르고 흘러도
나를 위로해 줄 그대라는 사람을
아 두 번 다시
아 못할 사랑
가슴 찢어지는 아픔이 와도
그대만 사랑할래요
내 평생에 단 하나 소원(단 하나 소원)
그대 사랑하다 죽는 일
다음 세상 외면 말아요
그때 꼭 다시 만나요
그때 꼭 다시 만나요"
정말 좋았네,733,송가인,"사랑 그 사랑이 정말 좋았네
세월 그 세월이 가는 줄도 모르고
불타던 두 가슴에 그 정을 새기면서
사랑을 주고 사랑을 받고
그 밤이 좋았네
사랑 그 사랑이 정말 좋았네
사랑 그 사랑이 정말 좋았네
이별 그 이별이 오는 줄도 모르고
푸르던 두 가슴에 참사랑 새기면서
마음을 주고 마음을 받고
그때가 좋았네
사랑 그 사랑이 정말 좋았네
정말 좋았네"
역전,10,김주영,"역전 역전
이제부터 역전
기차역 앞이 아냐
끝내기 한방
완전히 뒤집고
시원한 맥주 마시자

역전 역전
이제부터 역전
이대로 질 순 없다
이놈의 인생
멍들고 아파도
무릎을 꿇을 순 없다
역전 역전
이제부터 역전

되는 일은 없고
나갈 돈은 많고
꼬이고 꼬이는 내 인생아
이길 일은 없고
져줄 일만 있네
상처받은 내 마음은 어떡하나

아 서글픈 인생아
이렇게 살진 않겠어
아 궁지에 몰려도
이렇게 지고 살지 않겠어
이제부터 시작이야

역전 역전
이제부터 역전
기차역 앞이 아냐
끝내기 한방
완전히 뒤집고
시원한 맥주 마시자

역전 역전
이제부터 역전
이대로 질 순 없다
이놈의 인생
멍들고 아파도
무릎을 꿇을 순 없다

역전 역전
이제부터 역전
역전 역전
이제부터 역전


아 서글픈 인생아
이렇게 살진 않겠어
아 궁지에 몰려도
이렇게 지고 살지 않겠어
이제부터 시작이야

역전 역전
이제부터 역전
기차역 앞이 아냐
끝내기 한방
완전히 뒤집고
시원한 맥주 마시자

역전 역전
이제부터 역전
이대로 질 순 없다
이놈의 인생
멍들고 아파도
무릎을 꿇을 순 없다

역전 역전
이제부터 역전
역전 역전
이제부터 역전
역전 역전"
That Day (그날이),20,강승모,"시간이 약이다라는 말이 있어도
멈추지 않는 눈물이 있지요
그만 하려고 했지만
사랑에 눈이 멀어서
맘 아픈 추억만 한가득
세월아 용서해라
날 미워해도 난 괜찮아
되돌려 놓을 수 있는 사랑이라면
세윌아 넘 미안하다
지키지 못한 이 사랑
널 보낸 아픈 그날이

이별에 몸서리치는 나의 눈물이
참다 참다 못 참고 터졌어
다시 안 올 것만 같은
또 다른 사랑이 찾아와
내 눈물 멈추게 하네
세월아 용서해라
날 미워해도 난 괜찮아
되돌려 놓을 수 있는 사랑이라면
세월아 넘 미안하다
지키지 못한 이 사랑
널 보낸 아픈 그날이

세월아 용서해라
날 미워 해도 난 괜잖아
되돌려 놓을 수 있는 사랑이라면
세월아 넘 미안하다
지키지 못한 이 사랑
널 보낸 아픈 그날이"
어쩌라구YO,0,문천식,"어쩌라구 yo 어쩌자구 yo
내 인생 내 맘대로 살아가는데
어쩌라구 yo 어쩌자구 yo
네가 나 도와준거 하나없는데
어쩌라구 어쩌자구
도대체 어쩌자구 말 시키는데
안물 안궁 뭐 어때
알바 아니야 쏘왓
가만히 있으니까 내가 가마니야
보자보자하니 보자기야
오냐오냐 하면 오 재미로 보이냐구요
어쩌라구 어쩌자구
뭘 자꾸 딴지 거는데
한번 사는 인생 내 뜻대로
멋드러지게 살고싶은데
어쩌라구 어쩌자구
뭘 자꾸 딴지 거는데
걱정만은 고맙지만 사양하겠어
내 인생 내가 책임져
어쩌라구 yo 어쩌자구 yo
내 인생 내 맘대로 살아가는데
어쩌라구 yo 어쩌자구 yo
네가 나 도와준거 하나없는데
어쩌라구 어쩌자구
도대체 어쩌자구 쳐다보는데
어쩔티비 어쩔 냉장고
저쩔 청소기 쏘왓 뿌르르
왜 자꾸 감놔라 배놔라 하는거야
네 앞가림이나 하고살어
너가 내게 오지랖을 떨 짬밥이냐구
어쩌라구 어쩌자구
뭘 자꾸 딴지 거는데
한번 사는 인생 내 뜻대로
간드러지게 살고싶은데
어쩌라구 어쩌자구
뭘 자꾸 딴지 거는데
걱정은 고맙지만 사양하겠어
내 인생 내가 책임져
어쩌라구 어쩌자구
어쩌라구 어쩌자구"
럭키 (Lucky),229,박주희,"내맘에 꼭드는 사람을 만날것 같아
가슴이 쿵쾅쿵쾅 뛰는걸 보니

얼마나 너를너를 기다렸는데
이렇게 깊은 밤 널 만나다니

이밤이 너무너무 행복해
당신이 너무도 아름다워

너를 만난 오늘밤은 영원히 내게
잊지 못할 추억으로 남았어

내가슴 깊은 깊은 곳 그 곳까지
그대의 향기로 나를 취하게 해

내맘을 달래줄 사람을 만날것 같아
가슴이 자꾸자꾸 뛰는걸 보니

화려한 불빛불빛 그 불빛 아래
사랑할 그대를 만날것 같아

이밤이 너무너무 행복해
당신이 너무도 아름다워

너를 만난 오늘 밤은 영원히 내게
잊지 못할 추억으로 남았어

내 가슴 깊은 깊은곳 그 곳까지
그대의 향기로 나를 취하게 해

내가슴 깊은 깊은곳 그 곳까지
그대의 향기로 나를 취하게 해"
꼭 한번만,250,박윤경,"당신을 한번만 한번만 이라도
만나고 싶어요
세월이 그렇게 흘러갔어도
난 아직 잊지 못해요
철없던 나의 나의 가슴에
당신은 깊은 정을 남겨 놓은채
그렇게 냉정하게 떠나갔어도
당신을 미워하지 않았어요
너무 너무나 사랑했던 사람을
어떻게 잊을 수 있나요

당신을 우연히 우연히 만나면
말하고 싶어요
세월이 그렇게 흘러갔어도
당신을 사랑했다고
철없던 나의 나의 가슴에
당신은 깊은 정을 남겨 놓은채
그렇게 냉정하게 떠나갔어도
당신을 미워하지 않았어요
세월이 가면 그때 당신도
나를 용서할테니까
세월이 가면 그때 당신도
나를 용서할테니까"
어부의 노래,332,박양숙,"푸른물결 춤추고 갈매기때 넘나들던 곳

내고향집 오막살이가 황혼빛에 물들어간다

어머님은 된장국끓여 밥상위에 올려놓고

고기잡는 아버지를 밤새워 기다리신다



그리워라 그리워라 푸른물결 춤추는 그곳

아아아아아 저멀리서 어머님이 나를 부른다



어머님은 된장국끓여 밥상위에 올려놓고

고기잡는 아버지를 밤새워 기다리신다



그리워라 그리워라 푸른물결 춤추는 그곳

아아아아아 저멀리서 어머님이 나를 부른다"
떠날 수 없는 당신,290,김상배,"나를 너무 모르시는 모르시는 당신이여
짙은 안개 때문입니까 무심한 탓입니까
사랑에 눈먼 당신이기에 이 가슴 멍들기전에
모두다 잊고 모두다 잊고
어디론가 떠나고 싶지만
미련이 많아 미련이 많아
떠날 수 없는 당신

나를 너무 모르시는 모르시는 당신이여
흐린 달 빛 때문입니까 무심한 탓입니까
사랑에 귀먼 당신이기에 이가슴 멍들기전에
모두다 잊고 모두다 잊고
어디론가 떠나고 싶지만
너무 정들어 너무 정들어
떠날 수 없는 당신"
꽃과 나비,68,방주연,"모진 바람 불어오고
휘몰아 쳐도
그대는 나를 지켜주는
태양의 사나이
가진것이 없다지만
순정은 있어
너와 나는 나와 너는
꽃과 나비지
눈보라가 몰아쳐도
비가 내려도
그대는 나를 지켜주는
태양의 사나이
모든 것이 싫어져도
당신은 좋아
너와 나는 나와 너는
꽃과 나비지"
나는 행복합니다,451,윤항기,"나는 행복합니다
나는 행복합니다
나는 행복합니다
정말 정말 행복합니다
기다리던 오늘 그날이 왔어요
즐거운 날이예요 움츠렸던 어깨
답답한 가슴을 활짝 펴봐요
가벼운 옷차림 다정한 벗들과
즐거운 마음으로 들과 산을 뛰며
노래를 불러요 우리모두 다 함께
나는 행복합니다
나는 행복합니다
나는 행복합니다
정말 정말 행복합니다
진달래 꽃피는 봄이 지나면
여름이 돌아와요
쏟아지는 태양
젊음이 있는 곳
우리들의 여름이죠
강에도 산에도 넓은 바다에도
우리들의 꿈이 있어요
그곳으로 가요
노래를 부르며
우리모두 다 함께
나는 행복합니다
나는 행복합니다
나는 행복합니다
정말 정말 행복합니다
나는 행복합니다
나는 행복합니다
나는 행복합니다
정말 정말 행복합니다
나는 행복합니다
나는 행복합니다
나는 행복합니다
정말 정말 행복합니다"
그대 가는 길,382,박주희,"저 산에 걸린 해가 기울 때마다
그대 이름 부르고 싶지만
이 세상 하나뿐인 나의 사랑아
이제 더는 울지 않으리
사랑 아픈 사랑아
얼마나 아팠을까
홀로 남은 사랑
남겨두고 떠나야만 했을까
바람아 불어라
그대 가는 길 흔들리게
눈에 맺힌 눈물아 흘러라
그대 가는 길 볼 수 없게
저산에 걸린 해가 기울 때마다
그대 이름 부르고 싶지만
이 세상 하나뿐인 나의 사랑아
이제 더는 울지 않으리
바람아 불어라
그대 가는 길 흔들리게
눈에 맺힌 눈물아 흘러라
그대 가는 길 볼 수 없게
저산에 걸린 해가 기울 때마다
그대 이름 부르고 싶지만
이 세상 하나뿐인 나의 사랑아
이제 더는 울지 않으리
이제 더는 울지 않으리"
평생 내 편,909,하유비,"예뻤다가 미웠다
보고싶다가 가끔 지겹다
한 번씩 웬수 같은 그 사람
그래도 내 편입니다
웃어 주다가 나를 울린다
잘 해주다가 슬쩍 화낸다
가끔씩 미워 죽는 그 사람
그래도 내 편입니다
나만을 사랑 할
평생 내 편인 한 사람
누구보다 소중한
당신을 사랑합니다
언제나 내 옆에는 한 사람
평생 내 편 한 사람
당신을 사랑합니다
죽어도 내 옆에는 한 사람
사랑합니다
나는 당신만을 따라 갈 거예요
뒤돌아보면 서 있다
주저 앉으면 나를 잡는다
아파도 같이 걷는 그 사람
영원한 내 편입니다
나만을 사랑 할
평생 내 편인 한 사람
누구보다 소중한
당신을 사랑합니다
언제나 내 옆에는 한 사람
평생 내 편 한 사람
당신을 사랑합니다
죽어도 내 옆에는 한 사람
사랑합니다
나는 당신만을 따라 갈 거예요
언제나 내 옆에는 한 사람
평생 내 편 한 사람
당신을 사랑합니다
죽어도 내 옆에는 한 사람
사랑합니다
나는 당신만을 따라 갈 거예요
죽어도 당신만을 따라 갈 거예요"
월악산,335,주현미,"월악산 난간머리
희미한 저달아
천년사직 한이서린
1천 3백리
너는 아느냐
아바마마 그리움을
마애블에 심어놓고
떠나신 우리님을
월악산아 월악산아 말좀해다오
그님의 소식을

금강산 천리먼길
흘러가는 저구름아
마의태자 덕주공주 한많은 사연
너는 아느냐
하늘도 부끄러워
짚신에 삿갓쓰고
걸어온 하늘재를
월악산아 월악산아 말좀해다오
그님의 소식을"
후인,138,최성수,"그대 어깨가 늘어져
슬퍼보여서

가만히 다가가 그대를
안고 싶은데
슬쩍 가슴에 와 닿는
미소 때문에
그대 사랑하는 만큼
노래 부르리
좀 더 가까이 있고 싶어서
머뭇거리면
그대 나의 이름을 부를거 같아
나는 그대의 그림자보다
빛이 되고파
언제까지 가슴은 따뜻할거야
우리 사랑을 아직도
기다린다면

그대 기다리는것은 행복하니까

여린 가슴에 와 닿는 그대는
꽃잎 같아서
향기로운
추억을 남기고 싶어
우린 마주친 눈빛만으로
따뜻할거야
가슴속엔 진실이 담겨있으니
우리 사랑을 아직도
기다린다면

그대 기다리는것은 행복하니까
행복하니까"
꽃바람 여인,66,조승구,"가슴이 터질 듯한 당신의 그 몸짓은
날 위한 사랑인가 섹시한 그대모습
한모금 담배연기 사랑을 그리며
한잔의 샴페인에 영혼을 팔리라

세월의 향기인가 다가선 당신은
꽃바람 여인인가 나만의 사랑
사랑의 노예가 되어 버렸어
어쩔수 없었네 꽃바람 여인

영원의 사랑인가 숨이 막혀 오네요
망가진 내 모습은 어쩔 수 없는 사랑
한모금 담배연기 사랑을 그리며
한잔의 샴페인에 영혼을 팔리라

세월의 향기인가 다가선 당신은
꽃바람 여인인가 나만의 사랑
사랑의 노예가 되어 버렸어
어쩔수 없었네 꽃바람 여인

사랑의 노예가 되어 버렸어
어쩔수 없었네 꽃바람 여인"
당신은 바보야,236,이혜리,"사랑에 약한것이 여자라지만
그 마음 몰라주는
무정 한 남자의 마음
한 사람
품안에서 잠들 고 싶은
그 마음 모르는 사람
당신은 바보야 당신은 바보야
내 마음을 모르는 사람
당신은 바보야 당신은 바보야
사랑을 모르는 바보

사랑에 약한것이 남자 라지만
그 마음 몰라주는
무정한 여자의 마음
한 사람
품에 안고 잠들고 싶은
그 마음 모르는 사람
당신은 바보야 당신은 바보야
내 마음을 모르는 사람
당신은 바보야 당신은 바보야
사랑을 모르는 바보
당신은 바보야 당신은 바보야
사랑을 모르는 바보"
검은 나비,142,배호,"눈을 감고 안보려 해도
그 얼굴을 다신 안보려 해도
마음관 달리 안보고는 못 견디는
허전한 가슴 뜨거운 사랑
불같은 사랑 달빛없는 밤에
어두운 밤에 나래를 펴는
그 이름은 검은 나비 아 검은 나비

이젠 다시 안가려 해도
발을 돌려 다신 안가려 해도
마음관 달리 어느샌가 찾아 드는
야릇한 발길 뜨거운 사랑
불같은 사랑 비 내리는 밤에
어두운 밤에 향기를 품는
그 이름은 검은 나비 아 검은 나비"
백만송이 장미,424,심수봉,"먼 옛날 어느 별에서 내가 세상에 나올때
사랑을 주고오라는 작은 음성 하나 들었지
사랑을 할때만 피는 꽃 백만송이 피워오라는
진실한 사랑할때만 피어나는 사랑의 장미

미워하는 미워하는 미워하는 마음없이
아낌없이 아낌없이 사랑을 주기만 할때
수 백만송이 백만송이 백만송이 꽃은 피고
그립고 아름다운 내 별 나라로 갈 수 있다네

미워하는 미워하는 미워하는 마음없이
아낌없이 아낌없이 사랑을 주기만 할때
수 백만송이 백만송이 백만송이 꽃은 피고
그립고 아름다운 내 별 나라로 갈 수 있다네
 
진실한 사랑은 뭔가 괴로운 눈물 흘렸네
헤어져간 사람 많았던 너무나 슬픈 세상이었기에
수 많은 세월 흐른뒤 자기의 생명까지 모두 다준
비처럼 홀연히 나타난 그런 사랑 나를 안았네

미워하는 미워하는 미워하는 마음없이
아낌없이 아낌없이 사랑을 주기만 할때
수 백만송이 백만송이 백만송이 꽃은 피고
그립고 아름다운 내 별 나라로 갈 수 있다네

미워하는 미워하는 미워하는 마음없이
아낌없이 아낌없이 사랑을 주기만 할때
수 백만송이 백만송이 백만송이 꽃은 피고
그립고 아름다운 내 별 나라로 갈 수 있다네

이젠 모두가 떠날지라도 그러나 사랑은 계속 될거야
저 별에서 나를 찾아온 그토록 기다린 인연이데
그대와 나 함께라면 더욱더 많은 꽃을 피우고
하나가 된 우리는 영원한 저 별로 돌아가리라

미워하는 미워하는 미워하는 마음없이
아낌없이 아낌없이 사랑을 주기만 할때
수 백만송이 백만송이 백만송이 꽃은 피고
그립고 아름다운 내 별 나라로 갈 수 있다네

미워하는 미워하는 미워하는 마음없이
아낌없이 아낌없이 사랑을 주기만 할때
수 백만송이 백만송이 백만송이 꽃은 피고
그립고 아름다운 내 별 나라로 갈 수 있다네 "
처음이자 마지막 사랑,241,김연숙,"떨어진 꽃잎인가
너와 나의 작은 추억들
이제와서 생각해 보니
그것은 사랑이었네
그 언제 다시 만나
못 다한 말 전해볼까
그리움만 남기고 떠난
너는 나의 아름다운 꿈
사랑아 지금 너는 어디로 갔나
나그네 발길을 옮기며
내 마음속에 아픔만 주는
처음이자 마지막 사랑
그 언제 다시 만나
못 다한 말 전해볼까
그리움만 남기고 떠난
너는 나의 아름다운 꿈
사랑아 지금 너는 어디로 갔나
나그네 발길을 옮기며
내 마음속에 아픔만 주는
처음이자 마지막 사랑"
추억의 소야곡,65,이미자,"다시 한 번 그 얼굴이
보고 싶어라
몸부림치며 울며
떠난 사람아
저 달이 밝혀 주는
이 창가에서
이 밤도 너를 찾는
이 밤도 너를 찾는
그 노래 부른다

바람결에 너의 소식
전해 들으며
행복을 비는 마음
애달프구나
불러도 대답 없는
흘러간 사랑
차라리 잊으리라
차라리 잊으리라
맹세 슬프다"
여정,178,유현주,"지금 내가 슬픈 건
헤어진 아픔의 설움이기 보다는
사랑한 사람을 잃은
슬픔 때문입니다
지금 내가 우는 건
아쉬운 마음의 눈물이기 보다는
허전한 가슴에 텅빈
고독 때문입니다
죽음보다 더 깊은
그리움이 나를 울려요
내 가슴을 온통 채웠던
그대 사랑이 나를 울려요
지금 내가 우는 건
못이룬 사랑의 미련이기 보다는
허전한 가슴에 텅빈
고독 때문입니다
죽음보다 더 깊은
그리움이 나를 울려요
내 가슴을 온통 채웠던
그대 사랑이 나를 울려요
지금 내가 우는 건
못이룬 사랑의 미련이기 보다는
허전한 가슴에 텅빈
고독 때문입니다
허전한 가슴에 텅빈
고독 때문입니다"
바람만 알지,182,김범룡,"보내는 마음 아쉬워
눈을 감으면
떠나는 마음 서러워
눈물이 나오
내 가는 곳 어덴지
묻지 말아요
이 내 몸은 구름되어
떠도닐다가
어느날 비가 되어서
그대 곁에 다시 오련만
아아아아 아아아아
그날이 언제일까
아아아아 음음음음
바람만 알지
음음 음음 음음 음음

방울방울 이슬이
내리는 밤이면
그대 생각에 잠겨 한숨진다오
이내뺨에 흐르는 나의 설움을
저 멀리 당신은 알고 있나요
어느날 비가 되어서
그대 곁에 다시 오련만
아아아아 아아아아
그날이 언제일까
아아아아 음음음음
바람만 알지
음음 음음 음음 음음
음음 음음"
댄서의 순정,221,주현미,"댄서의 순정



이름도 몰라요 성도몰라

처음 본 남자 품에 얼싸 안겨

푸른등불 아래 붉은등불 아래

춤추는 댄서의 순정

그대는 몰라 그대는 몰라

울어라 섹소폰아~



새 빨간 드레스 걸쳐입고

넘치는 그라스에 눈물 지우며

비 내리는 밤도 눈 내리는 밤도

춤추는 댄서의순정

그대느 몰라 그대는 몰라

울어라 섹소폰아~"
남자라서 웃어요,841,김장훈,"난 한 잔을 마시고
그댈 웃으며 보냈죠
또 한 잔을 마시고
그저 바보처럼 웃었죠
웃어도 웃지 못하는 게 삶인데
남자라서 참 슬픈 세상인데
나 오늘도 이 무대 위에서
웃으며 크게 노래 불러요
나 괜찮아요
뒤돌아보지 마세요
울고 싶어도 웃잖아요
나 괜찮아요
미안해하지 마세요
죽고 싶어도 살잖아요
오늘도 눈물을 마신다
한 잔 술에 이별을 바친다
아쉽다 모든 것이 다
그리움만 남은 것인가
떠나가는 너의 뒷 모습에
돌아보는 것도 잊고 있을 때
그래 난 남자니까
웃으며 보내줄게 내 님아
잊어도 잊지 못하는 게 사랑인데
남자라서 참 슬픈 세상인데
나 오늘도 이 무대 뒤에서
웃으며 그댈 기다리네요
나 괜찮아요
뒤돌아보지 마세요
울고 싶어도 웃잖아요
나 괜찮아요
미안해하지 마세요
죽고 싶어도 살잖아요
Come on 무대 위로 조명이 드리워
나는 떠난 그녀를 그리며
미소란 가면을 쓰고
관객들 사이를 스치며
나를 버린 그녀와 눈이 마주쳐
멈칫하지만 숨을 가누며
무대를 내려와 그녀를 기다려
벌써 몇 시간 째
오늘도 술에 취하고
낯설은 여자 품에 눈을 감죠
괜찮아요
이젠 웃을 수 가 있어요
남자라서 바보처럼 웃어요
나 괜찮아요
뒤돌아보지 마세요
울고 싶어도 웃잖아요
나 괜찮아요
미안해하지 마세요
죽고 싶어도
어쩔 수 없이 숨 쉬며 살잖아요
나 괜찮아요
뒤돌아보지 마세요
울고 싶어도 웃잖아요
나 괜찮아요
미안해하지 마세요
죽고 싶어도 살잖아요"
몽애,159,진태령,"이밤이 지나면 나는 떠나요
날 다신찾지말아요
그대가 없으면 무엇도아닌나
하지만 나는 가야해요
잠이든 그대를 보고있어요
다시는 볼수 없겠죠
나곁에 없어도 아프지 말아요
슬퍼도 하지말아요
세상에 나없어도 당신은살아줘요
모든게 꿈만 같네요
우리가 사랑한게~
떨리는 가슴을 나갖고 떠나요
당신을 사랑해요

(간주)

세상에 나없어도 당신은 살아줘요
모든게 꿈만 같네요
우리가 사랑한게~`
떨리는 가슴을 나 갖고 떠나요
당신을 사랑해요
떨리는 가슴을 나 갖고 떠나요
당신을 사랑해요"
기다리는 아픔,107,나미애,"고독한 이 가슴에
외로움을 심어주고
초라한 내 모습에
멍울을 지게 했다
함께한 시간보다
더 많이 가슴을 태웠고
사랑한 날보다도
더 많이 아파했다
아픔속에 지워야할 사랑이면
고개숙인 향기마저 데려가지
눈을 떠도 감고 있는 내 그림자
그대에게 가고 있는데
날 위해 힘들다 말해줘
내가 기다릴 수 있게 해 줄래
돌아와 내 어진 가슴에
눈물이 마를수 있게
아픔속에 지워야할 사랑이면
고개숙인 향기마저 데려가지
눈을 떠도 감고 있는 내 그림자
그대에게 가고 있는데
날 위해 힘들다 말해줘
내가 기다릴 수 있게 해 줄래
돌아와 내 어진 가슴에
눈물이 마를 수 있게
눈물이 마를 수 있게"
그때 그사람,73,심수봉,"비가 오면 생각나는 그사람
언제나 말이 없던 그사람
사랑의 괴로움을 몰래 감추고
떠난 사람 못 잊어서 울던 그사람
그 어느 날 차안에서 내게 물었지
세상에서 제일 슬픈 게 뭐냐고
사랑보다 더 슬픈건 정이라며
고개를 떨구던 그 때 그사람
외로운 병실에서 기타를 쳐주고
위로하며 다정했던 사랑한 사람
안녕이란 단 한마디 말도 없이
지금은 어디에서 행복할까
어쩌다 한번쯤은 생각해줄까
지금도 보고 싶은 그 때 그사람
외로운 내 가슴에 살며시 다가와서
언제라도 감싸주던 다정했던 사람
그러니까 미워하며는 안되겠지
철없이 사랑인줄 알았었네
이제는 잊어야 할때 그 때 그 사람"
용두산 엘레지,183,김용임,"용두산아 용두산아
너만은 변치말자
한발 올려 맹세하고
두발 딛어 언약하던
한 계단 두 계단
일백 구십 사 계단에
사랑 심어 다져놓은
그 사람은 어디가고
나만 홀로 쓸쓸히도
그 시절 못잊어
아 못잊어 운다
용두산아 용두산아
그리운 용두산아
세월 따라 변하는게
사람들의 마음이나
둘이서 거닐던
일백 구십 사 계단에
즐거웠던 그 시절은
그 어디로 가버렸나
잘있거라 나는 간다
꽃피던 용두산아
용두산 엘레지"
기적 소리만,170,배성,"가랑 잎이 떨어지는 쓸쓸한 정거장
정든 그 사람을 멀리 보내고
나 홀로 섰네
사랑을 하면서도 보내야 하는
사나이 이 가슴을 알겠냐 만은
기적 소리만 기적 소리만은
내 마음 알고 갔겠지
기적도 잠이들은 적막한 정거장
비에 젖고 젖은 가로 등 밑에
나 홀로 섰네
사나이 두 주먹에 흘러 내리는
뜨거운 이 눈물을 알겠냐 만은
기적 소리만 기적 소리만은
내 마음 알고 갔겠지"
꽃물 (2014 Ver.),364,신유,"꽃물이 들었어요
외로웠던 나의 가슴에
빨강 노랑 분홍빛의
곱디 고운 사랑 꽃물이
어서 내게로 오세요
어서 손잡아 주세요
나는 그대 남자에요
하나도 아낌없이
하나도 남김없이
모두모두 줄게요
눈물일랑 주지 말아요
아픔일랑 주지 말아요
이제는 그대만이
나에게 전부에요
영원히 영원히 영원히
꽃물 든 나의 가슴에
상처를 주지 마세요
그대를 사랑합니다
꽃물이 들었어요
외로웠던 나의 가슴에
빨강 노랑 분홍빛의
곱디 고운 사랑 꽃물이
어서 내게로 오세요
어서 손잡아 주세요
나는 그대 남자에요
하나도 아낌없이
하나도 남김없이
모두모두 줄게요
눈물일랑 주지 말아요
아픔일랑 주지 말아요
이제는 그대만이
나에게 전부에요
영원히 영원히 영원히
꽃물 든 나의 가슴에
상처를 주지 마세요
그대를 사랑합니다
그대를 사랑합니다"
빠빠,500,한영,"술 한잔에 마음을 벗어요
두잔술에 그대가 좋아요
세잔술에 사랑을 배워요
오늘밤 그대와 비빠빠 룰라
그리워서 허기진 사랑이야
외로워서 정고픈 사랑이야
내게와요 내 맘에 들어오세요
오늘밤 그대와 비빠빠 룰라
이밤이 가기전에
비라도 내려주세요
꽃잎이 지기전에 꽃을 피워주세요
오늘밤 그대와 비빠빠 룰라
오늘밤 그대와 함께 비빠빠 룰라
그리워서 허기진 사랑이야
외로워서 정고픈 사랑이야
내게와요 내 맘에 들어오세요
오늘밤 그대와 비빠빠 룰라
이밤이 가기전에
비라도 내려주세요
꽃잎이 지기전에 꽃을 피워주세요
오늘밤 그대와 비빠빠 룰라
오늘밤 그대와 함께 비빠빠 룰라
오늘밤 그대와 비빠빠 룰라
오늘밤 그대와 함께 비빠빠 룰라"
울어라 기타줄,0,진해성,"낯설은 타향땅에
그 날밤 그 처녀가
웬일인지 나를 나를 못잊게 하네
기타줄에 실은 사랑 뜨내기 사랑
울어라 추억에 나의 기타여
밤마다 꿈길마다
그림자 애처러이
떠오르네 아롱 아롱
그 모습 그리워
기타줄에 실은 신세 유랑 몇 천리
울면서 퉁기는 나의 기타여"
늑대,183,아이큐 (I.Q),"늑대
으르렁거리지 말아요
오 늑대
사랑이 떠나가잖아
늑대
내곁에 다가오지 말아요
오 늑대
난 그저 여린 여우예요
가버렸던 내 사랑
잊었던 나의 사랑
감췄던 발톱은 꺼내지 마세요
아아
나도 참진 않아
늑대
날 두고 장난치지 말아요
오 늑대
당신만 사랑했잖아
늑대
날 헷갈리게 하지말아요
오 늑대
난 그저 여린 여우예요
각오했던 내 사랑
달콤한 나의 사랑
숨겨둔 이빨은 꺼내지 마세요
한없이 사랑에 약한 여자에요
늑대
으르렁 거리지 말아요
오 늑대
내 맘이 약해지잖아
늑대
사랑을 가르쳐주세요
오 늑대
난 그저 여린 여자예요"
연모,161,박우철,"이거저거 못하면서 사랑 했었다
앞이 캄캄 안 보이지만
당신과 나 약속이나 한듯
돌아가는 길을 지웠다
시간은 우리편이 아니라 해도
이제와 왔던 길을 바꿀 수 있나
천번이고 만번이고
내 마음 물어 보지만
당신을 떠나서는 나도 없다고
떠거운 가슴이 말하네
이거저거 못하면서 사랑 했었다
앞이 캄캄 안 보이지만
당신과 나 약속이나 한듯
돌아가는 길을 지웠다
시간은 우리편이 아니라 해도
이제와 가는 길을 멈출 수 있나
천번이고 만번이고
내 마음 물어 보지만
당신을 떠나서는 나도 없다고
뜨거운 눈물이 말하네
뜨거운 가슴이 말하네"
사랑하기 좋은날,661,최진희,"주룩주룩 비가 내린다
빗소리는 음악이 된다
바람에 떨어지는 낙엽은
외로운 가슴에 눈물이여라
두근두근 가슴이 뛴다
내가 이래도 되는 것인지
멈춰버린 사랑의 역에
고동치듯 들어오는 사랑
내 나이에 무슨 사랑
생각지도 못한 인연
꿈속에서 가끔 보았던
그 사람이 여기 있구나
사랑하기 좋은 날이야
춤이라도 추고 싶구나
이제 내가 무얼 바랄까
죽더라도 원이 없겠네
두근두근 가슴이 뛴다
내가 이래도 되는 것인지
멈춰버린 사랑의 역에
고동치듯 들어오는 사랑
내 나이에 무슨 사랑
생각지도 못한 인연
꿈속에서 가끔 보았던
그 사람이 여기 있구나
왜 이제야 오셨습니까
조금만 더 일찍 오시지
푸른 청춘 다간 시절에
빠듯하게 오셨나요
꿈속에서 가끔 보았던
그 사람이 여기 있구나"
아저씨 No.1 (넘버원),522,금잔디,"아저씨 넘버원 힘을 내세요
세상사 모든 건 돌고 도니까
다시 예전처럼 닐리리맘보
쨍하고 해가 뜰꺼야
소주 한잔 하셨네요
미소 뒤에 숨긴 눈물
순정파에 뜨거운 가슴을
누가 아프게 했나
산다는 게 다 뭐라고
인생살이 뭐라고
잡초들처럼 살아가지만
뭐가 어때서
아저씨 넘버원 힘을 내세요
세상사 모든 건 돌고 도니까
다시 예전처럼 닐리리맘보
쨍하고 해가 뜰꺼야
말 안 해도 다 알아요
속으로만 운다는 걸
순정파에 뜨거운 가슴을
누가 아프게 했나
산다는 게 다 뭐라고
인생살이 뭐라고
잡초들처럼 살아가지만
뭐가 어때서
아저씨 넘버원 힘을 내세요
세상사 모든 건 돌고 도니까
다시 예전처럼 닐리리맘보
쨍하고 해가 뜰꺼야
고개를 들어봐요
가슴을 활짝 펴요
아저씨 넘버원 힘을 내세요
세상사 모든 건 돌고 도니까
다시 예전처럼 닐리리맘보
쨍하고 해가 뜰꺼야
쨍하고 해가 뜰꺼야
아저씨 넘버원"
아몰라 미워,69,세컨드,"아몰라 미워 아몰라 미워
내손 잡아주세요
그대는 미워 너무나 미워
몰라 몰라 몰라요
그대를 만나서
너무나 너무 좋았어
내맘에 들어와
내심장 훔쳐간 사람
아이고 나 어떡해
내맘 알고나 이러는지
이랬다 저랬다가
저랬다 이랬다가
왜 자꾸 내맘을 몰라
아몰라 미워 아몰라 미워
살짝 놀란가슴에
그대는 미워 정말로 미워
정말 무심한 사람
날 버리고 가신 님아
십리도 못가서 발병이나
이러다 너 후회할거야
정말 무심한사람
그대를 만나서
너무나 너무 좋았어
내맘에 들어와
내심장 훔쳐간 사람
아이고 나 어떡해
내맘 알고나 이러는지
이랬다 저랬다가
저랬다 이랬다가
왜 자꾸 내맘을 몰라
아몰라 미워 아몰라 미워
살짝 놀란가슴에
그대는 미워 정말로 미워
정말 무심한 사람
아몰라 미워 아몰라 미워
살짝 놀란가슴에
그대는 미워 정말로 미워
정말 무심한 사람
날 버리고 가신 님아
십리도 못가서 발병이나
이러다 너 후회할거야
정말 무심한사람
아몰라 미워 아몰라 미워
살짝 놀란가슴에
그대는 미워 정말로 미워
정말 무심한 사람"
은근슬쩍,68,명랑소녀,"그대의 입술이 촉촉해
오늘은 평소와 좀 달라
무언갈 말하려는 그대 눈빛
내 맘 자꾸만 자꾸만 흔들려
이 밤이 길 것 같아
모른 척 하고 싶어
사실 좀 떨리지만
그래도 싫진 않아
안돼요 돼요 돼요
안돼요 돼요 돼요
은근슬쩍 그대 맘
애태우고 싶어요
오늘 밤 우리 둘이
술이나 한 잔 해요
은근슬쩍 그대의
어깨에 기댈게요
오늘은 이대로 끝일까
집으로 가기엔 아쉬워
하지만 내가 먼저 말하기엔
아직 난 맘의 준비가 안됐어
내일 또 만나자는
그런 말 듣기 싫어
남자답게 내 손을
꽉 잡아 주세요
안돼요 돼요 돼요
안돼요 돼요 돼요
은근슬쩍 그대 맘
애태우고 싶어요
오늘 밤 우리 둘이
술이나 한 잔 해요
은근슬쩍 그대의
어깨에 기댈게요
안돼요 돼요 돼요
안돼요 돼요 돼요
은근슬쩍 그대도
내 맘 눈치 챘나요
살며시 그대 뺨에
수줍게 입 맞추고
은근슬쩍 그대의
품 안에 들어 갈래요"
사랑인 것을,231,채희,"행여나 날 찾아 돌아올것만 같아
등불을 밝혀 둡니다
혹시 길이 엇갈려 나를 못보더라도
흔적 하나 남겨 주세요
유난히도 밝은 달빛을 등지고
당신을 보내던 그날
눈물이 마르도록 후회하고 또 해도
그것이 사랑인 것을
행여나 날 찾아 돌아올것만 같아
등불을 밝혀 둡니다
혹시 길이 엇갈려 나를 못보더라도
흔적 하나 남겨 주세요
백년이 흐르고 천년이 흘러도
당신만 사랑합니다
슬픔만일 지라도 아픔만일 지라도
그것이 사랑인 것을
그것이 사랑인 것을"
니까짓게 뭔데,704,지원이,"사랑아 니 까짓 게 뭔데
여린 내 가슴 아프게 해
세월아 니 까짓 게 뭔데
날 보고 잊으라네
가시는 길 편안한가요
당신이 돌아선 길
한잔 술에 서러울 때면
가끔은 원망도 해요
영원할 것 같던 사랑도 끝나고
눈부신 청춘도 추억에 저물고
거울 속의 비친
내 모습 낯설어
울지도 웃지도 못하고
사랑아 니 까짓 게 뭔데
여린 내 가슴 아프게 해
세월아 니 까짓 게 뭔데
날 보고 잊으라네
산다는 게 허무하지만
사랑은 다르더라
굴곡진 인생 무뎌가지만
이별엔 눈물이 난다
영원할 것 같던 사랑도 끝나고
눈부신 청춘도 추억에 저물고
거울 속의 비친
내 모습 낯설어
울지도 웃지도 못하고
사랑아 니 까짓 게 뭔데
여린 내 가슴 아프게 해
세월아 니 까짓 게 뭔데
날 보고 잊으라네
다 잊고 살라 하네"
여자이니까,74,나훈아,"사랑한다 말할까 좋아한다 말할까
아니야 아니야 난 싫어
나는 여자이니까
만나자고 말할까 조용한 찻집에서
아니야 아니야 말 못해
나는 여자이니까
사랑한단 말 대신에 웃음을 보냈는데
모르는 체 하는 당신 미워 정말 미워
미워한다 말할까 싫어한다 말할까
아니야 아니야 말 못해
당신 사랑하니까
사랑한단 말 대신에 웃음을 보냈는데
모르는 체 하는 당신 미워 정말 미워
미워한다 말할까 싫어한다 말할까
아니야 아니야 말 못해
당신 사랑하니까"
아름다운 스위스 아가씨,"1,137",김홍철,"저 알프스에 꽃과 같은
스위스 아가씨
귀여운 목소리로 요를레이디
발걸음도 가볍게 산을오르면
목소리합쳐서 노래를하네
그 아가씬 언제나
요를레이디 에이에이
요를레이 요를레이디
귀여운목소리로 요를레이디 에이에이
요를레이 요를레이디
하니오 레이요 하니오
레이요 하니오 레이요
하니오레 유후
하니오 레이요 하니오
레이요 하니오 레이요
릿디리리
귀여운 그아가씨 손을맞잡고
사랑을 고백했네 요를레이디
메아리를 높이높이 울려퍼지고
그 마을은 너도나도 흥겨웁다네
그 아가씬 언제나
요를레이디 에이에이
요를레이 요를레이디
귀여운목소리로 요를레이디 에이에이
요를레이 요를레이디
하니오 레이요 하니오
레이요 하니오 레이요
하니오레 유후
하니오 레이요 하니오
레이요 하니오 레이요
릿디리리
요를레이디요 레이디요 레이디요
레이디요 레이디요 레이두리리
요를레이디요 레이디요 레이디요
레이디요 레이두리리"
말이야,785,신유,"말이야 말이야
사랑한단 말이야
말이야 말이야
좋아한단 말이야
이런 내 맘을 색깔로
표현하면 어떤 색일까
이런 내 맘을 저 꽃들 중에서
비유하면 어떤 꽃일까
노랑색일까 초록색
분홍색일까 빨간색
진달래일까 수선화일까
달맞이 꽃일까
아무래도 나는 좋아요
그대 닮은 그 무엇도
오늘밤엔 고백할거야
사랑한다고 말이야
말이야 말이야
사랑한단 말이야
말이야 말이야
좋아한단 말이야
이런 내 맘을 색깔로
표현하면 어떤 색일까
이런 내 맘을 저 꽃들 중에서
비유하면 어떤 꽃일까
노랑색일까 초록색
분홍색일까 빨간색
진달래일까 수선화일까
달맞이 꽃일까
아무래도 나는 좋아요
그대 닮은 그 무엇도
오늘밤엔 고백할거야
사랑한다고 말이야
아무래도 나는 좋아요
그대 닮은 그 무엇도
오늘밤엔 고백할거야
사랑한다고 말이야
사랑한다고 말이야"
열애,728,홍자,"처음엔 마음을 스치며
지나가는 타인처럼
흩어지는 바람인 줄 알았는데
앉으나 서나 끊임없이 솟아나는
그대 향한 그리움
그대의 그림자에 싸여
이 한 세월 그대와 함께 하나니
그대의 가슴에 나는 꽃처럼 영롱한
별처럼 찬란한 진주가 되리라
그리고 이 생명 다하도록
이 생명 다하도록
뜨거운 마음속 불꽃을 피우리라
태워도 태워도 재가 되지 않는
진주처럼 영롱한 사랑을 피우리라
우우우우우
그리고 이 생명 다하도록
이 생명 다하도록
뜨거운 마음속 불꽃을 피우리라
태워도 태워도 재가 되지 않는
진주처럼 영롱한 사랑을 피우리라"
감수광,"4,854",이찬원,"바람부는 제주에는 돌도 많지만
인정많고 마음씨 고운
아가씨도 많지요
감수광 감수광 나어떡할렝
감수광 설릉사랑
보낸시엥 가거들랑 혼조옵서예
겨울 오는 한라산에 눈이 덮여도
당신 하고 나 사이에는
봄이 한창이라오
감수광 감수광 나어떡할렝
감수광 설릉사랑
보낸시엥 가거들랑 혼조옵서예
어쩌다가 나를 두고
떠난다해도 못잊어
그리우면 혼자 돌아옵서예
감수광 감수광 나어떡할렝 감수광
설릉사랑 보낸시엥
가거들랑 혼조옵서예"
폼나게 살거야,"3,335",김희재,"폼나게 살거야
멋지게 살거야
어차피 사는 세상
하루를 살아도 내 사랑
백년을 살아도 내 사랑
나는 나는 니가 좋더라
이제부터 폼나게 살거야
그 누가 누가 누가 뭐래도
큰소리치고 살게 할거야
따라와 따라와
다 내가 해줄거야 따라와
따라와 따라와
아무 걱정하지 말고 따라와
하루를 살아도
멋지게 살거야
폼나게 살거야
폼나게 살거야
멋지게 살거야
어차피 사는 세상
천년을 살아도 내 사랑
백년을 살아도 내 사랑
나는 나는 니가 좋더라
이제부터 폼나게 살거야
그 누가 누가 누가 뭐래도
큰소리 치고 살게 할거야
따라와 따라와
다 내가 해줄거야 따라와
따라와 따라와
아무 걱정하지 말고 따라와
하루를 살아도
멋지게 살거야
폼나게 살거야
폼나게 살거야"
사랑 반 눈물 반,"4,893",정동원,"사랑 반 눈물 반
인생이란 그런 거잖아
믿어왔던 그 정도 그 사랑도
한 순간의 물거품이지
흩어지는 모래알처럼
부서진 옛 사랑을
뼛 속 깊이 사무치는 그리움 안고
애원한들 못 오는 사람아
밤하늘의 저 별들은 내 마음 알까
지지베베 저 새들도 내 마음 알까
사랑 반 눈물 반
사랑 반 눈물 반
인생이란 그런 거잖아
믿어왔던 그 정도 그 사랑도
한 순간의 물거품이지
흩어지는 모래알처럼
부서진 옛 사랑을
뼛 속 깊이 사무치는 그리움 안고
애원한들 못 오는 사람아
밤하늘의 저 별들은 내 마음 알까
지지베베 저 새들도 내 마음 알까
사랑 반 눈물 반
밤하늘의 저 별들은 내 마음 알까
지지베베 저 새들도 내 마음 알까
사랑 반 눈물 반
사랑 반 눈물 반"
후회,"17,601",조성모,"너하고 헤어진 그 때는
아무렇지 않았어
오히려 까맣게 잊은 줄만 알았어
툭하면 멍하니
먼 하늘만 바라보곤 해
그러다 보면은 어김없이
눈물도 흘러
오래전에 넌 이미
내 곁을 떠나갔는데
정말 난 몰랐어
이제와서 이럴 줄이야
수척 해져버린 내 모습에
모두들 놀라
어떻게 된거냐
걱정스레 물어봤지만
너를 버릴 때
너무 담담한 나였었기에
너 때문이라고
차마 얘기할 수 없었어
너에게 잘 해준 적도 없는 내가
눈물만 나오게 했던 내가
이제와 이런 후횔 한다고
그래도 네가 보고 싶어
너무 보고 싶어
스치는 우연이라도
눈빛만이라도
향기만이라도
한번만 다시 보여줘
완전히 우리 끝난 것만
아니라고 하면
니가 흘렸었던 눈물만큼
나도 울거야
이제와 아무리 후회를 한대도
어디서 너를 다시
찾을 수가 있겠어
혹시 또 우연히 만난다 하여도
어떻게 너를 다시
사랑 할 수 있겠어
내 곁에 네 모습
왜 그런지 부담스러워
그렇게 쉽게 널
떠나버린 건지도 몰라
믿을 수 없게
그땐 아무렇지도 않았어
정말 난 몰랐어
이제 와서 이럴 줄이야
그 어떤 잘못이라도 용서를 했던
눈물도 미소로 삼키던 네게
이제와 이런 후횔 한다고
그래도 네가 보고 싶어
너무 보고 싶어
스치는 우연이라도
눈빛만이라도 향기만이라도
한 번만 다시 보여줘
완전히 우리 끝난 것만
아니라고 하면
니가 흘렸었던 눈물만큼
나도 울거야
너무나 니 모습 보고싶어
눈물이 나도
네 생각만으로
가슴 가득 채우고 나니
누구도 부럽지가 않을 만큼
너무 행복해
이제야 알겠어
이게 바로 사랑이란 걸"
울면서 후회하네,159,한여름,"순정을 다 바쳐서
믿었던 그 사람
사람의 낙서만
남기고 떠나갔네
사랑이 이렇게도
괴로운 줄 왜 몰랐을까
빼앗긴 내 마음을
찾을 수도 없으면서
울면서 후회하네
아 스쳐만 지나갈걸
그냥 그대로 있을걸
당신 앞에 머뭇거린
내가 미워서
울면서 후회하네
이 마음 다 바쳐서
믿었던 그 사람
사랑의 상처만
남기고 떠나갔네
슬픔이 이렇게도
아픈 것을 왜 몰랐던가
상처 난 내 마음을
달랠 수도 없으면서
울면서 후회하네
아 차라리 스칠 것을
쳐다보지 말 것을
당신 앞에
서성거린 내가 미워서
울면서 후회하네"
돈은 내가 낼게요,364,영지,"잠깐만 오 잠깐만 돈은 내가 낼게요
오늘밤 딱 오늘밤 시간 좀 내주세요
불타는 사랑은 내가 줄게요
당신은 시간만 내요
잠깐만 뒤를 돌아봐줘요
한 눈에 당신인 걸 알았죠
이 시간이 지나면 땅을 치겠죠
나에게 사랑한다 말해요
손 한 번 왜 못 잡나요
눈 딱 감고 화끈하게 나를 잡아요
잠깐만 오 잠깐만 돈은 내가 낼게요
오늘밤 딱 오늘밤 시간 좀 내주세요
불타는 사랑은 내가 줄게요
당신은 시간만 내요
잠깐만 뒤를 돌아봐줘요
한 눈에 당신인 걸 알았죠
이 시간이 지나면 땅을 치겠죠
나에게 사랑한다 말해요
손 한 번 왜 못 잡나요
눈 딱 감고 화끈하게 나를 잡아요
잠깐만 오 잠깐만 돈은 내가 낼게요
오늘밤 딱 오늘밤 시간 좀 내주세요
불타는 사랑은 내가 줄게요
당신은 시간만 내요
당신은 시간만 내요"
봄봄봄 (MR),"8,565",임영웅,"봄 봄 봄 봄이 왔네요
우리가 처음 만났던
그때의 향기 그대로
그대가 앉아 있었던
그 벤치 옆에 나무도
아직도 남아있네요
살아가다 보면
잊혀질거라 했지만
그 말을 하며 안 될 거란 걸
알고 있었소
그대여 너를 처음 본 순간
나는 바로 알았지
그대여 나와 함께 해주오
이 봄이 가기 전에
다시 봄 봄 봄 봄이 왔네요
그대 없었던 내 가슴
시렸던 겨울을 지나
또 벚꽃 잎이 피어나듯이
다시 이 벤치에 앉아
추억을 그려 보네요
사랑하다 보면
무뎌질 때도 있지만
그 시간마저 사랑이란 걸
이제 알았소
그대여 너를 처음 본 순간
나는 바로 알았지
그대여 나와 함께 해주오
이 봄이 가기 전에
우리 그만 참아요 이제
더 이상은 망설이지 마요
아팠던 날들은 이제 뒤로 하고
말할 거에요
그대여 너를 처음 본 순간
나는 바로 알았지
그대여 나와 함께 해 주오
이 봄이 가기 전에"
섬마을 선생님,"4,221",정동원,"해당화 피고 지는 섬 마을에
철새 따라 찾아온 총각 선생님
열아홉 살 섬 색시가 순정을 바쳐
사랑한 그 이름은 총각 선생님
서울엘랑 가지를 마오 가지를 마오
구름도 쫓겨가는 섬마을에
무엇 하러 왔는가 총각 선생님
그리움이 별처럼 쌓이는 바닷가에
시름을 달래보는 총각 선생님
서울엘랑 가지를 마오 떠나지 마오"
너는 내남자,"1,082",양지은,"꽉 낀 청바지 갈아입고
거리에 나섰다
오늘따라 보고 싶어
너무나 보고 싶어
그 까페를 찾아갔지만
너의 모습은 보이지 않았어
너를 의식 못한 내 방식대로
사랑한 탓으로
왠지 너를 놓칠 것 같은
예감 때문에
돌아오는 길이
난 무척 힘들었어
내가 미워도 한눈 팔지마
너는 내 남자
그래도 언제나 너는 내 남자
너를 의식 못한 내 방식대로
사랑한 탓으로
왠지 너를 놓칠 것 같은
예감 때문에
돌아오는 길이
난 무척 힘들었어
내가 미워도 한눈 팔지마
너는 내 남자
그래도 언제나 너는 내 남자"
불티,119,한강,"나의 뜨거운 마음을
불같은 나의 마음을
다시 태울 수 없을까
헤어지기는 정말 싫어
이제라도 살며시
나를 두고 간다면 하 하
내 마음 너무나 아쉬워
날마다 만나서 하는 말
모두 다 그렇고 그런 얘기
하루 또 하루 지나면
마음이 너무 답답해
돌아서 말없이 갈 때면
마음이 너무 아쉬워
나의 뜨거운 마음을
불같은 나의 마음을
다시 태울 수 없을까
헤어지기는 정말 싫어
이제라도 살며시
나를 두고 간다면 하 하 하 하
내 마음 너무나 아쉬워
날마다 만나서 하는 말
모두 다 그렇고 그런 얘기
하루 또 하루 지나면
마음이 너무 답답해
돌아서 말없이 갈 때면
마음이 너무 아쉬워
날마다 만나서 하는 말
모두 다 그렇고 그런 얘기
하루 또 하루 지나면
마음이 너무 답답해
돌아서 말없이 갈 때면
마음이 너무 아쉬워"
청춘응원가,"3,845",정동원,"한번 왔다 가는 인생 겁날 게 있나
나는 아직 청춘이다
한번 왔다 가는 인생 기죽지 마라
브라보다 나의 청춘아
묻지 마라 인생이란 정답이 없단다
알려거든 묻지 말고 세월에 맡겨라
가는 길이 힘들다고 울지마
내일은 달라질 거야
청춘아 주스 한잔 털어 넣고
웃어봐 힘을 내봐
한번 왔다 가는 인생 겁날 게 있나
나는 아직 청춘이다
한번 왔다 가는 인생 기죽지 마라
브라보다 나의 청춘아
묻지 마라 인생이란 정답이 없단다
알려거든 묻지 말고 세월에 맡겨라
가는 길이 힘들다고 울지마
내일은 달라질 거야
청춘아 주스 한잔 털어 넣고
웃어봐 힘을 내봐
한번 왔다 가는 인생 겁날 게 있나
나는 아직 청춘이다
한번 왔다 가는 인생 기죽지 마라
브라보다 나의 청춘아
한번 왔다 가는 인생 겁날 게 있나
나는 아직 청춘이다
한번 왔다 가는 인생 기죽지 마라
브라보다 나의 청춘아
브라보다 나의 청춘아"
미스고,178,강혜연,"미스고 미스고
나는 너를 사랑했었다
짧은 순간 내 가슴에 머물다 간
그 흔적 너무 크더라
시인처럼 사랑하고
시인처럼 스쳐간 너
계곡처럼 깊이 패인
그리움만 남긴 너
미스고 미스고
나는 나는 사랑의 삐에로
미스고 미스고
나는 너를 잊지 못했다
짧은 순간 내 가슴에 머물다 간
그 흔적 너무 깊더라
시인처럼 사랑하고
시인처럼 가버린 너
계곡처럼 깊이 패인
그리움만 남긴 너
미스고 미스고
나는 나는 사랑의 삐에로"
오케이,"6,206",영탁,"누구에겐 좋은 사람
또 누구에겐 나쁜 사람
그래그래 다들 뭐 그렇잖아
안 그래도 힘든 세상
Oh 나쁜 놈들 투성이야
왜 그래 왜 그래
왜 험한 말 나오게 해
때 빼고 광내고 멋지게
삐까 번쩍 살고 싶은데
현실은 날 벗어날 수 없게
자꾸 막아서지만
걱정하지 않아도 돼
오케이 오케이
웃으면서 살아갈래 인생은 짧으니까
고민고민하다가 끝내긴 싫어
갈팡질팡하다가 끝내긴 싫어
나만의 길을 걸어갈래 오케이
Oh 빛나는 날을 위해
때 빼고 광내고 멋지게
삐까번쩍 살고 싶은데
현실은 또 달아날 수 없게
자꾸 잡아채지만
걱정하지 않아도 돼
오케이 오케이
웃으면서 살아갈래 인생은 짧으니까
고민고민하다가 끝내긴 싫어
갈팡질팡하다가 끝내긴 싫어
나만의 길을 걸어갈래 오케이
Oh 빛나는 날을 위해
뻔뻔하게 살아갈래 오케이 오케이
오지랖은 사양할게 인생은 내꺼니까
고민고민하다가 끝내긴 싫어
갈팡질팡하다가 끝내긴 싫어
나만의 길을 걸어갈래 오케이
Oh 빛나는 날을 위해
오케이 빛나는 날을 위해"
버스,106,나영,"버스 떠났어요 이미 떠났어요
손 흔들지 마요 너무 늦었어
여잘 몰라 너무너무 몰라요
버스 떠났어요 이미 떠났어요
손 흔들지 마요 너무 늦었어
다음에는 있을 때 좀 잘해요
잘 못한게 그리 많아 손이 불나요
손이 무슨 잘 못인가요
잘 해주니 배 불러서 잘난 척 해요
사실 내가 더 아까워요
나를 그렇게도 쉽게 봤나요
잡은 물고기에 밥 안 주나요
왜 아쉬워 후회 하나요
이젠 전화기에 불 나요
버스 떠났어요 이미 떠났어요
손 흔들지 마요 너무 늦었어
여잘 몰라 너무너무 몰라요
버스 떠났어요 이미 떠났어요
손 흔들지 마요 너무 늦었어
다음에는 있을 때 좀 잘해요
잘 못한게 그리 많아 손이 불나요
손이 무슨 잘 못인가요
잘 해주니 배 불러서 잘난 척 해요
사실 내가 더 아까워요
나를 그렇게도 쉽게 봤나요
잡은 물고기에 밥 안 주나요
왜 아쉬워 후회 하나요
이젠 전화기에 불 나요
버스 떠났어요 이미 떠났어요
손 흔들지 마요 너무 늦었어
여잘 몰라 너무너무 몰라요
버스 떠났어요 이미 떠났어요
손 흔들지 마요 너무 늦었어
다음에는 있을 때 좀 잘해요"
가슴으로 울었네,414,해수,"내 맘 같을까 내 맘 같을까
가슴으로 울었네
(가슴으로 울었네)
바람은 손이 없어도
나뭇가지 휘어잡지만
이내 몸은 손 있어도
가는 님을 잡지 못하네
눈인사 한번하고 떠나갔지만
미소 띠고 갔지만
내 맘 같을까 내 맘 같을까
가슴으로 울었네
구름은 발이 없어도
님을 찾아갈 수 있지만
이내 몸은 발 있어도
님을 찾아가지 못하네
눈인사 한번하고 떠나갔지만
미소 띠고 갔지만
내 맘 같겠지 내 맘 같겠지
날 그리워하겠지
꽃들은 말이 없어도
나비들이 찾아오지만
이내 몸은 기다려도
님을 찾아오지를 않네
눈인사 한번하고 떠나갔지만
미소 띠고 갔지만
내 맘 같겠지 내 맘 같겠지
가슴으로 울었지
기다려도 기다려도
찾아오지를 않네
내 맘 같겠지 내 맘 같겠지
가슴으로 울었지
내 맘 같겠지 내 맘 같겠지
가슴으로 울었지
가슴으로 울었지"
내 삶을 눈물로 채워도,115,나상도,"간간이 너를 그리워하지만
어쩌다 너를 잊기도 하지
때로는 너를 미워도 하지만
가끔은 눈시울 젖기도 하지
어쩌면 지금 어딘가 혼자서
나처럼 저 달을 볼지도 몰라
초저녁 작게 빛나는 저 별을
나처럼 보면서 울지도 몰라
루 루 루 루 루
루 루 루 루 루
아마 난 평생을 못 잊을 것 같아 너를
어쩌면 우리 언젠가 또다시
우연을 핑계로 만날지 몰라
내 삶의 전부 눈물로 채워도
널 기다리면서 살른지 몰라
루 루 루 루 루
루 루 루 루 루
아마 난 평생을 못 잊을 것 같아 너를
루 루 루 루 루
루 루 루 루 루
아마 난 평생을 못 잊을 것 같아 너를"
추억으로 가는 당신,327,김중연,"나는 알아요 당신이 나를
얼마나 사랑하는지
내가 없으면 외로움 속에
조용히 흐느낄 그 사람
떠나야 할 까닭일랑 묻지 말아요
내가 너무 바보였어요
모든 것이 세월 속에 지워질 때면
그땐 내 맘 알게 될 거야
너무도 사랑한 당신
영원히 못 잊을 당신
추억으로 가는 당신
나는 알아요 당신을 떠날
그날이 내게 온 것을
내가 없으면 외로움 속에
조용히 흐느낄 그 사람
진정 그대 사랑이 필요한 것은
내가 아닌 또 다른 사람
모든 것이 눈물 속에 지워질 때면
그땐 내 맘 알게 될 거야
너무도 사랑한 당신
영원히 못 잊을 당신
추억으로 가는 당신 추억으로 가는 당신"
당신의 의미,73,황민우,"당신 사랑하는 내 당신
둘도 없는 내 당신
당신 없는 이 세상은
아무런 의미가 없어요
당신 사랑하는 내 당신
둘도 없는 내 당신
당신 없는 이 세상은
아무런 의미가 없어요
가지 마세요 가지 마세요
나를 두고 가지 마세요
당신 위하여 입은 앞치마에
눈물이 젖게 하지 마세요
당신 사랑하는 내 당신
둘도 없는 내 당신
당신 없는 이 세상은
아무런 의미가 없어요
당신 사랑하는 내 당신
둘도 없는 내 당신
당신 없는 이 세상은
아무런 의미가 없어요
가지 마세요 가지 마세요
나를 두고 가지 마세요
당신 위하여 입은 앞치마에
눈물이 젖게 하지 마세요
당신 사랑하는 내 당신
둘도 없는 내 당신
당신 없는 이 세상은
아무런 의미가 없어요
당신 없는 이 세상은
아무런 아무런 아무런 의미가 없어요
당신"
만남,397,안성훈,"우리 만남은 우연이 아니야
그것은 우리의 바램이었어
잊기엔 너무한 나의 운명이었기에
바랄 수는 없지만 영원을 태우리
돌아보지 마라 후회하지 마라
아 바보 같은 눈물 보이지 마라
사랑해 사랑해 너를
너를 사랑해

돌아보지 마라 후회하지 마라
아 바보 같은 눈물 보이지 마라
사랑해 사랑해 너를
너를 사랑해
사랑해 사랑해 너를
너를 사랑해"
토요일 밤에,73,추혁진,"오늘 밤만은 오늘만은
그대 나를 떠나가지 마라
깊어가는 이 밤
목요일 밤엔
그대 이 순간을 느껴
날 버리고 떠난
성훈과 지현
다정했던 해성과 상도
오늘 밤만은 모두 잊어요
목요일 밤 목요일 밤에
날 따라 해봐 미친척하고
소릴 질러봐
삶이 나
나를 힘들게 하고
열받게 해도
이 시간이 간이 다 가기 전에
내 품에 안겨 안겨 봐

날 괴롭히는
반고와 재하
사랑했던 서진과 용필
오늘 밤만은 모두 잊어요
목요일 밤 목요일 밤에
날 따라 해봐
양손을 들고
힘껏 뛰어봐
삶이 나
나를 힘들게 하고
미치게 해도
이 시간이 간이
다 가기 전에
내 품에 안겨 안겨봐
날 따라 해봐
미친척하고 소릴 질러봐
난나 나 나나 난나나 나나
미스터로또
목요일 밤 다 가기 전에
내 품에 안겨 안겨봐"
인생소풍,"4,429",정동원,"이 보게 어디까지 가는가
나는야 나도 잘 모른다네
종점이 어디라고 하던데
가는 대로 가보는 거지
세상에 내 뜻대로 되는 게 있었던 가
어쩌다가 나선 길인데
바람 불어도 비가 내려도
가는 데까지 가보는 거야
인생 소풍 다 그런 거 아닌가
이 보게 얼마만큼 왔는가
나는야 너무 돌아왔다네
어디서 왔다고들 하는데
그게 뭐가 중요하겠나
세상에 내 뜻대로 되는 게 있었던 가
어쩌다가 나선 길인데
바람 불어도 비가 내려도
가는 데까지 가보는 거야
인생 소풍 다 그런 거 아닌가
바람 불어도 비가 내려도
가는 데까지 가보는 거야
인생 소풍 다 그런 거 아닌가"
궁디팡팡,103,류원정,"내 사랑 궁디팡팡
궁디팡팡
예쁜 짓만 골라 하네요
너무 잘했어요
잘했어요
참 잘 했어요
당신만이
내 인생의 기쁨이에요
내 사랑 궁디
궁디팡팡
밥 안 먹어도
배부르다는 말
이제야 알 것 같아요
바라만 봐도
쳐다만 봐도
정말 배부르네요
라면 먹고 갈래 라는 그 말을
내가 할 줄은 몰랐죠
보고 있어도
보고 싶은 걸
멈출 수가 없어요
내 사랑 궁디팡팡
궁디팡팡
예쁜 짓만 골라 하네요
너무 잘했어요
잘했어요
참 잘 했어요
당신만이
내 인생의 기쁨이에요
내 사랑 궁디
궁디팡팡
궁디팡팡
궁디팡팡
참 잘 했어요
당신 없이는
못 살 것 같아요
넝쿨째 들어온 당신
환한 미소가
너무 멋진 걸
녹을 것만 같아요
손만 잡고 잘께 라는 그 말을
내가 할 줄은 몰랐죠
달고나처럼
초콜릿처럼
너무 달콤한 당신
내 사랑 궁디팡팡
궁디팡팡
예쁜 짓만 골라 하네요
너무 잘했어요
잘했어요
참 잘 했어요
당신만이
내 인생의 기쁨이에요
내 사랑 궁디
궁디팡팡
짚신도 짝이 있다면
그대가 내 짚신
내 맘에 쏙 드는 당신
내 사랑 궁디팡팡
궁디팡팡
예쁜 짓만 골라 하네요
너무 잘했어요
잘했어요
참 잘 했어요
당신만이
내 인생의 기쁨이에요
내 사랑 궁디 궁디팡팡
내 사랑 궁디 궁디팡팡"
비와 외로움,168,김란영,"낯설은 이 비가
내 몸을 적시면
살며시 찾아드는 외로움
조용한 선술집에서
생각하는 그대모습
길가의 가로등 내 몸을 비추면
살며시 찾아드는 외로움
조용한 그 카페에서
생각하는 그대 모습
그대가 내 곁에서 멀어져
바람속에 묻힐 때
또 다시 길을 나서면
맞는 낯설은 비와 외로움
내 마음 쓰러져
길가에 쓸쓸함이 쌓이네

길가의 가로등
내 몸을 비추면
살며시 찾아드는 외로움
조용한 그 카페에서
생각하는 그대 모습
그대가 내 곁에서 멀어져
바람속에 묻힐 때
또 다시 길을 나서면
맞는 낯설은 비와 외로움
내 마음 쓰러져
길가에 쓸쓸함이 쌓이네
내 마음 쓰러져
길가에 쓸쓸함이 쌓이네"
용서,144,진시몬,"나를 용서해요
나 이제 떠날게요
찢긴 가슴 여기 남긴채
돌아서 흐르는 눈물
감추지 못한
그래요 나를 용서하세요
당신이 말했던가요
날 사랑한다고
두 손가락 걸고 약속했던가요
우리 눈 감는 날까지
함께 하잔 말도
그대 입술처럼 새빨간
거짓이었나요
아 당신곁에 있던 난 무언가요
당신을 잊어야만 하는 난
아 내게 잘못이 하나
하나 있다면
변해갈 당신을 알지 못한 죄겠죠

당신이 말했던가요
날 사랑한다고
두 손가락 걸고
약속했던가요
우리 눈 감는 날까지
함께 하잔 말도
그대 입술처럼 새빨간
거짓이었나요
아 당신곁에 있던 난 무언가요
당신을 잊어야만 하는 난
아 내게 잘못이 하나
하나 있다면
변해갈 당신을 알지 못한 죄겠죠"
유일한 사람,68,김혜연,"그대는
나의 모자람을
미소로 채워주고
감싸주는 유일한 사람
그대는 나의 마음속에
해가 뜨고 지는지를
알고 있는
유일한 사람--
가는 길이 아무리
험하고 멀어-도
우리 서로를
지켜주리라--
내가 기뻐할때도
내가 슬퍼할때도--
언제나
내곁에 있어 줄 사람
내가 외로울때도
내가 아파할때도--
따뜻한 미소로
지켜줄 사람--

그대는
나의 모자람을
미소로 채워주고
감싸주는 오직 한 사람
그대는 나의 마음속에
비가 오고 개는지를
알고 있는
오직 한 사람--
누구 하나 힘들고
지치고 아프-면
우리 서로를
업어주리라--
내가 기뻐할때도
내가 슬퍼할때도--
언제나
내곁에 있어줄 사람
내가 외로울때도
내가 아파할때도--
따뜻한 미소로
지켜줄 사람--
따뜻한 미소로
지켜줄 사람--"
떠나가는 배,113,정태춘,"저기 떠나가는 배 거친 바다 외로이
겨울비에 젖은 돛에 가득 찬바람을 안고서
언제 다시 오마는 허튼 맹세도 없이
봄날 꿈같이 따사로운 저 평화의 땅을 찾아
가는 배여 가는 배여 그곳이 어드메뇨
강남길로 해남길로 바람에 돛을 맡겨
물결 너머로 어둠속으로 저기 멀리 떠나가는 배

너를 두고 간다는 아픈 다짐도 없이
남기고 가져갈것 없는 저 무욕의 땅을 찾아
가는 배여 가는 배여 언제 우리 다시 만날까
꾸밈없이 꾸밈없이 홀로 떠나가는 배
바람소리 파도소리 어둠에 젖어서 밀려올 뿐
바람소리 파도소리 어둠에 젖어서 밀려올 뿐"
황포 돛대,39,이미자,"마지막 석양빛을 기폭에 걸고
흘러가는 저배는 어디로 가느냐
해풍아 비바람아 불지를 마라
파도소리 구슬프면 이마음도 구슬퍼
아~~ 어디로 가는배냐 어디로 가는배냐
황포돛대야

순풍에 돛을 달고 황혼바람에
떠나가는 저사공 고향은 어디냐
사공아 말해다오 떠나는 뱃길
갈매기야 울지마라 이마음이 서럽다
아~~ 어디로 가는배냐 어디로 가는배냐
황포돛대야"
구름과 나,131,건아들,"바람에 흩어지는 한올의 실구름아
갈래갈래 내나레는
토담골로 하늘거린다
바람에 일렁이는 철부지 먹구름아
설레이는 가슴안고
동구밖으로 뛰어간다
구름아 너는 어데로 가느냐
나는 달린다 하얀 고향으로
처음에 ？O던 그곳
그곳에 내가 있단다 아
젊음이여 푸르름이여
젊음이여 뜨거움이여

달려간다

구름아 너는 어데로 가느냐
나는 달린다 하얀 고향으로
처음에 ？O던 그곳
그곳에 내가 있단다 아
젊음이여 푸르름이여
젊음이여 뜨거움이여
달려간다"
어찌합니까,102,지수,"멀어지는 그대모습 바라보는
내 눈엔 눈물 고이고
아픈 마음에 목이 메어와
목놓아 웁니다
가슴 시린 사랑을 마음에 묻고
떠나는 당신도 힘들겠지만
남겨진 나는 무슨 죕니까
사랑이 죄가 됩니까
상처로 얼룩진 사랑
지워도 지울 수 없는데
어찌합니까 어찌합니까
내안의 그대를

그리움에 목이 메여 소리쳐
당신을 불러보지만
이미 돌아선 당신마음을
돌릴 순 없네요
가슴시린 사랑을 마음에 묻고
떠나는 당신도 힘들겠지만
남겨진 나는 무슨 죕니까
사랑이 죄가 됩니까
상처로 얼룩진 사랑
지워도 지울 수 없는데
어찌합니까 어찌합니까
내안의 그대를 내안의 그대를"
까만 안경,349,유미,"까만 안경을 써요
아주 까만 밤인데 말이죠
앞이 보이질 않아도 괜찮아요
나는 울고싶을 뿐이죠
한 여자가 떠나요
너무나 사랑했었죠
그래요 내 여자예요
내 가슴속에서 울고 있는 여자
사랑해요 나도 울고 있어요
오 난 보고 싶어서 만나고 싶어서
차라리 죽고만 싶어요
미안해요 잘 해 주지 못한 나지만
이별까지도 사랑할거예요
행복한 사람이 되어주세요
제발요


한 여자가 떠나요
너무나 사랑했었죠
그래요 내 여자예요
내 가슴속에서 울고 있는 여자
사랑해요 나도 울고 있어요
오 난 보고 싶어서 만나고 싶어서
차라리 죽고만 싶어요
미안해요 잘 해 주지 못한 나지만
이별까지도 사랑할거예요
행복한 사람이 되어주세요


사랑해요 나도 울고있어요
오 난 보고싶어서 만나고 싶어서
차라리 죽고만 싶어요
미안해요 잘 해 주지 못한 나지만
이별까지도 사랑할거예요
행복한 사람이 되어주세요
제발요"
여자라서 웃어요 (Feat. 에픽하이(미쓰라 진)),465,심수봉,"난 한 잔을 마시고
그댈 웃으며 보냈죠
또 한 잔을 마시고
그저 바보처럼 웃었죠
웃어도 웃지 못하는 게 삶인데
여자라서 참 슬픈 세상인데
난 오늘도 이 무대 위에서
웃으며 크게 노래 불러요
난 괜찮아요
뒤돌아 보지마세요
울고 싶어도 웃잖아요
난 괜찮아요
미안해 하지 마세요
죽고 싶어도 살잖아요
오늘도 눈물을 마신다
한 잔 술에 이별을 바친다
아쉽다 모든 것이 다
그리움만 남은 것인가
떠나가는 너의 뒷모습에
돌아보는 것도 잊고 있을 때
그래 난 남자니까
웃으며 보내줄 게 내 님아
잊어도 잊지 못하는 게 사랑인데
여자라서 참 슬픈 세상인데
난 오늘도 이 무대 뒤에서
웃으며 그댈 기다리네요
난 괜찮아요
뒤돌아 보지마세요
울고 싶어도 웃잖아요
난 괜찮아요
미안해 하지 마세요
죽고 싶어도 살잖아요
무대 위로 조명이 드리워
나는 떠난 그녀를 그리며
미소란 가면을 쓰고
관객들 사이를 스치며
나를 버린 그녀와 눈이 마주쳐
멈칫 하지만 숨을 가누며
무대를 내려와 그녀를 기다려
벌써 몇 시간째
오늘도 술에 취하고
낯선 곳에서 슬픈 잠이 들죠
괜찮아요 이젠
웃을 수가 있어요
여자라서 바보처럼 웃어요
난 괜찮아요
뒤돌아 보지마세요
울고 싶어도 웃잖아요
난 괜찮아요
미안해 하지 마세요
죽고 싶어도 어쩔수 없이
숨 쉬며 살잖아요
난 괜찮아요
뒤돌아 보지마세요
울고 싶어도 웃잖아요
난 괜찮아요
미안해 하지마세요
죽고 싶어도 살잖아요"
정주고 내가 우네,265,조용필,"정든 님 사랑은 우는 마음
모르시나 모르시나요
무정한 당신이 내 마음
아실 때엔 땅을 치며 후회하련만
어차피 가신다면
이름마저 잊으리
정주고 내가 우네
너무나도 사랑했기에
정든 님 모습을 행여나
잊을때엔 잊을때에는
무정한 당신이 내 마음 꾸짖으니
야속하고 우울하련만
괴로움 남기시고
그대 어이 가려하오
첫사랑 고백하던
그 말씀을 잊으셨나요"
정때문에,81,송대관,"정주고 떠난 사람 그리워서
울긴 왜 울어 추억을 뿌려놓은
당신이기에 그 날은 행복했다 할래요
그까짓 것 미련이야 버리면
그만인 것을 끈끈한 정 때문에
정 때문에 괴로워 혼자 울고있어요

정주고 떠난 사람 못 잊어서
내가 왜 울어 서럽게 버림받은
바보라지만 원망은 하지 않을거예요
그까짓 것 미련이야 버리면 그만인것을
가슴에 못이 되어 못이 되어
서러워 내 가슴을 치네요
그까짓 것 사랑이야 잊으면
그만인 것을 남겨진 정 때문에
정 때문에 괴로워 혼자 울고 있어요"
사랑의 자리,75,염수연,"바람이 불어와도 생각이 나고
구름에 실려가도 생각이 난다
기약도 없이 소식도 없이
떠나버린 야속한 님아
사랑이 머물던 자리
그리움이 머물던 자리
그 님은 어디가고 어디가고
돌아올 줄 모르나
낙엽이 떨어져도 생각이 나고
강물이 흘려가도 생각이 난다
돌아 온다고 약속 해놓고
오지 않는 무정한 님아
사랑이 머물던 자리
그리움이 머물던 자리
그 님은 어디가고 어디가고
돌아올 줄 모르나"
검은 나비,119,김란영,"눈을감고 안보려 해도
그얼굴를 다신 안보려 해도
마음관 달리
안보고는 못견디는 허전한 가슴
뜨거운 사랑 불같은 사랑
달빛없는 밤에 어두운 밤에
나래를 펴는
그이름은 검은나비 아아 검은나비
이젠다시 안가려 해도
발을돌려 다신 안가려 해도
마음관 달리
어느샌가 찾아드는 야릇한 발길
뜨거운 사랑 불같은 사랑
비내리는 밤에 어두운 밤에
향기를 뿜는
그이름은 검은나비 아아 검은나비"
꽃나비 사랑,45,이상번,"꽃나비가 되어 날아가고파
그대품에 안기고 싶어
살랑살랑 대며 외면한 당신
내 품에 돌아와줘요
산이 높아 내게 못오시나
길이 멀어 못오나
야이야이야 나는 알아요
당신의 그 마음을
꽃나비가 되어서 날아와 줘요
내사랑 꽃나비 사랑
꽃나비가 되어 날아가고파
그대품에 안기고 싶어
산들산들 부는 바람에 실어
내사랑 전해 주고파
강이 깊어 내게 못오시나
길이 멀어 못오나
야이야이야 나는 알아요
당신의 그 마음을
꽃나비가 되어서 날아와 줘요
내사랑 꽃나비 사랑
꽃나비가 되어 날아가고파
그대품에 안기고 싶어
살랑살랑 대며 외면한 당신
내 품에 돌아와줘요
산이 높아 내게 못오시나
길이 멀어 못오나
야이야이야 나는 알아요
당신의 그 마음을
꽃나비가 되어서 날아와 줘요
내사랑 꽃나비 사랑
야이야이야 나는 알아요
당신의 그 마음을
꽃나비가 되어서 날아와 줘요
내사랑 꽃나비 사랑
내사랑 꽃나비 사랑"
내사람,437,김양,"바라만 봐도 좋은 사람
보고 있어도 그리운 사람
나를 살게하는 유일한 사람
그대가 내 사람입니다
바라만 봐도 좋은 사람
하늘보다 더 넓은 사람
사랑을 가르쳐 준 유일한 사람
그대가 내 전부입니다
아 하루를 살아도
그대뿐인 나의 사랑
아 하나뿐인 나의 그대
내 사람입니다
바라만 봐도 좋은 사람
보고 있어도 그리운 사람
나를 살게하는 유일한 사람
그대가 내 사람입니다
바라만 봐도 좋은 사람
하늘보다 더 넓은 사람
사랑을 가르쳐 준 유일한 사람
그대가 내 전부입니다
아 하루를 살아도
그대뿐인 나의 사랑
아 하나뿐인 나의 그대
내 사람입니다
그대 내 사람입니다"
한잔의 눈물,676,진미령,"오늘밤 내가슴 내가슴 적시는
희미한 추억이여
행복이었나 고통이었나
한번쯤은 사랑이었나
누구나 한번쯤은
간직해 보고싶은
애태움 속에 기다림이었나
나 혼자만의 외로움은
생각지도 않았어요
아아아아아아 뺨을 스치며
잔을 채우는 눈물이여
누구나 한번쯤은
간직해 보고싶은
애태움 속에 기다림이었나
나 혼자만의 외로움은
생각지도 않았어요
아아아아아아 뺨을 스치며
잔을 채우는 눈물이여
아아아아아아 뺨을 스치며
잔을 채우는 눈물이여"
몰라요,72,제이영 (J-Young),"몰라요 몰라요
몰라 몰라 몰라 몰라요
몰라 몰라 몰라 몰라요
몰라 몰라 몰라 몰라요
내 맘 하나 모르나요
줬다 폈다 내 맘 애타게
그댄 내 맘을 모르나요
내맘 내맘 좀 알아줘요
당신은 내가 딱 찜했어요
아 내 옆에 찰싹쿵
붙어있음 떡이 떨어져요
아 그대만 보면은
숨도 못쉬고 호흡곤란
몰라 몰라 몰라 몰라 몰라요
내맘 내맘 내맘 내맘
내맘도 모르죠
몰라 몰라 몰라 몰라 몰라요
내맘 내맘만 애가타죠
몰라 몰라 몰라 몰라요
몰라 몰라 몰라 몰라요
몰라 몰라 몰라 몰라요
내 맘 하나 모르나요
감출 수 없는 내 맘의 본능
숨길 수 없잖아
그대를 보는 눈빛
그대의 숨결을 느끼고파
모든걸 버리고서 떠나고파
너의 품 속 나의 오빠
아 내 옆에 찰싹쿵
붙어있음 떡이 떨어져요
아 그대만 보면은
숨도 못쉬고 호흡곤란
몰라 몰라 몰라 몰라 몰라요
내맘 내맘 내맘 내맘
내맘도 모르죠
몰라 몰라 몰라 몰라 몰라요
내맘 내맘만 애가타죠
몰라 몰라 몰라 몰라요
몰라 몰라 몰라 몰라요
몰라 몰라 몰라 몰라요
내 맘 하나 모르나요"
오빠가 간다,"1,642",최원영,"오빠가 간다 간다 간다
전속력으로 간다
오빠가 간다 간다 간다
너에게로 간다
자꾸 자꾸 자꾸
너만 보면 화끈화끈해
진짜 진짜 진짜
미쳤나 봐 어떡해
잠잘 땐 니 생각에
아침이 와요
눈뜰 땐 니가 없는
허무함에 빡친단 말야
니가 너무 보고 싶어
오빠가 간다 간다 간다
전속력으로 간다
오빠가 간다 간다 간다
너에게로 간다
아무 말도 하지마
그냥 나를 안아줘
너에게 바로 지금
당장 오빠가 간다
땡글 땡글 땡글
땡그란 너의 두 눈에
풍덩 풍덩 풍덩
빠졌나 봐 어떡해
힘들 땐 기대버려
오빠어깨에
아플 땐 전화 때려
사정없이 오빠폰으로
사랑한다 우리애기
오빠가 간다 간다 간다
전속력으로 간다
오빠가 간다 간다 간다
너에게로 간다
아무 말도 하지마
그냥 나를 안아줘
너에게 바로 지금
당장 오빠가 간다
힘들었던 과거 따위
이제 모두 탁 털어내
망설였던 너의 마음
이젠 오빠가 잡아줄게
오빠가 간다 간다 간다
전속력으로 간다
오빠가 간다 간다 간다
너에게로 간다
아무 말도 하지마
그냥 나를 안아줘
너에게 바로 지금
당장 오빠가 간다"
바다새,151,미스터 팡,"어두운 바닷가 홀로 나는 새야
갈곳을 잃었나 하얀 바다새야
힘없는 소리로 홀로 우는 새야
네 짝을 잃었나 하얀 바다새야 하하
모두가 가고 없는데
바다도 잠이 드는데
새는 왜 날개 짓하며
이렇게 날아만 다닐까
새야 해지고 어두운데
새야 어디로 떠나갈까
새야 달마저 기우는데
새야 아픈 맘 어이하나
어두운 바닷가 홀로 나는 새야
갈 곳을 잃었나 하얀 바다새야 하하
힘 없는 소리로 홀로우는 새야
네 짝을 잃었나 하얀 바다새야 하하
모두가 가고 없는데
바다도 잠이 드는데
새는 왜 날개짓하며
저렇게 날아만 다닐까
새야 해지고 어두운데
새야 어디로 떠나갈까
새야 달마저 기우는데
새야 아픈 맘 어이하나"
여보당신우리자기내사랑,122,버니걸스,"턴 잇 업 스윙
여보 당신 우리 자기
여보 당신 우리 자기
여보 당신 우리자기 내 사랑
내 곁에 있어줘요 내 사랑
나만을 바라봐요 오 마이 달링
무지하게 사랑해요 허니
여보 당신 우리 자기 내 사랑
언제나 예스 뭐든지 패스
우리의 사랑은 완벽한 댄스
똑 소리 나게 어려운 일도
힘겨운 일도
척척척 알아서 해결 해줘요
눈물이 나게 내 머릿속을
내 마음속을
어쩜 그리 다 아나요
오오 그대만 있어 준다면
내 곁에 있어 준다면
이 세상 그 어떤 시련이 와도
내 사랑
주저하지 않아요
오오 그대만 있어 준다면
내 곁에 있어 준다면
영원토록 행복할거야 허니
여보 당신 우리 자기 내 사랑
영원히 달링 베베
사랑해 허니 베베
이대로 영원히 내 곁에 머물러줘
i love you so much
내 곁에 있어줘요 내 사랑
나만을 바라봐요 오 마이 달링
무지하게 사랑해요 허니
여보 당신 우리 자기 내 사랑
언제나 콜 뭐든지 쿨
우리의 사랑은 달콤한 꿀
똑 소리 나게 어려운 일도
힘겨운 일도
척척척 알아서 해결 해줘요
눈물이 나게 내 머릿속을
내 마음속을
어쩜 그리 다 아나요
오오 그대만 있어 준다면
내 곁에 있어 준다면
이 세상 그 어떤 시련이 와도
내 사랑
주저하지 않아요
오오 그대만 있어 준다면
내 곁에 있어 준다면
영원토록 행복할거야 허니
여보 당신 우리 자기 내 사랑"
제가 쏩니다,"1,367",최완수,"제가 제가 제가 제가 제가 쏩니다
아버지 어머니 형제여 감사합니다
그 동안 그 동안 그 동안
고생 많았죠
세월이 참 빠르네요
저도 이제 다 컸어요
가족들 행복은 완수가 책임집니다
입꼬리가 올라가네
한바탕 웃음 잔치
하하호호 웃어 봐요
제가 제가 제가 제가 제가 쏩니다
비가 오나 눈이 오나 제가 쏩니다
최완수가 큰 맘 먹고 왔어요
오늘 하루 마음 놓고 즐겨요
제가 제가 제가 제가 제가 쏩니다
친구야 뭐하냐 바쁘냐 얼굴 좀 보자
우리도 우리도 우리도 어른 다 됐네
세월이 참 빠르구나
오랜만에 한잔 하자
그 시절 그 동네 그 술집
다 모여 보자
입꼬리가 올라가네
한바탕 웃음 잔치
하하호호 웃어 봐요
제가 제가 제가 제가 제가 쏩니다
비가 오나 눈이 오나 제가 쏩니다
최완수가 큰 맘 먹고 왔어요
오늘 하루 마음 놓고 즐겨요
제가 제가 제가 제가 제가 쏩니다
제가 제가 제가 제가 제가 쏩니다"
그대로그렇게,292,Fevers,"네 사랑하는 그대여 정말 가려나
내가슴 속에 외로움 남겨 둔체로
내 사랑하는 그대여 정말 가려나
내가슴 속에 서글픔 남겨 둔체로
떨어지는 저 꽃잎은 봄이면 피지만
내사랑 그대 떠나면 언제오려나
날아가는 저 철새도 봄이면 오지만
내사랑 그대 떠나면 언제오려나
그대로 그렇게 떠나간다면
난 정말 어찌 하라고
그대로 그렇게 떠나간다면
난 정말 울어 버릴걸
오 그대여 한마디만 해주고 떠나요
지금까지 나를 정말 사랑 했다고
오 그대여 이 한마디 잊지 말아요
나는 오직 그 대 만을 사랑 한다는걸
그대로 그렇게 떠나간다면
난 정말 어찌 하라고
그대로 그렇게 떠나간다면
난 정말 울어 버릴걸
오 그대여 한마디만 해주고 떠나요
지금가지 나를 정말 사랑했다고
오 그대여 이 한마디 잊지 말아요
나는 오직 그대만을 사랑 한다는걸
오 그대여 한마디만 해주고 떠나요
지금까지 나를 정말 사랑했다고
오 그대여 이 한마디 잊지 말아요
나는 오직 그대만을 사랑한다는걸"
못난 내가,91,강진,"사랑이 눈물이라면
애당초 믿지 말것을
내곁에 머무를 때
조금만 더 잘해줄걸
뉘우쳐도 부질없는 일
내 맘도 모르는체
떠난 그 사람
야속타 생각하면
가슴에 소리없이
흐르는 눈물
아 이 못난 내가
이제와 누굴 원망해
사랑이 눈물이라면
애당초 믿지 말것을
내곁에 머무를 때
조금만 더 잘해줄걸
뉘우쳐도 부질없는 일
내 맘도 모르는체
떠난 그 사람
야속타 생각하면
가슴에 소리없이
흐르는 눈물
아 이 못난 내가
이제와 누굴 원망해
이제와 누굴 원망해"
계절 타령,185,나훈아,"우리나라 사계절은
계절마다 경사로다
춘삼월에 봄이오면
아지랑이 가물가물
강남갔던 제비들도
둥지찾아 날아드네
예쁘다고 봐달라며
이꽃저꽃 피어나니
벌나비도 신이나서
춤을추며 날아드네
봄날 사랑에 빠져 보실래요
사계절 경사로다
하지장철 여름이면
푸른방초 우거지고
하늘에는 꽃구름이
놀기좋다 춤을추네
행복하고 싶은사람
어서오라 손짓하며
파도치는 바닷가에
은모래가 반짝반짝
여름 사랑에 빠져 보실래요
우리나라 사계절은
계절마다 경사로다
천고마비 가을이면
산들바람 불어오고
얼싸좋다 풍년들어
황금물결 춤을춘다
참지못해 터져버린
처녀총각 가슴처럼
울긋불긋 단풍잎은
팔도명산 장관일세
가을 사랑에 빠져 보실래요
사계절 경사로다
봄 여름 가을가고
겨울바람 불어오면
귀한손님 오시듯이
하늘에서 눈이오네
동지섣달 기나긴밤
북풍한설 맵다해도
우리님의 가슴속이
따뜻해서 걱정없네
겨울 사랑에 빠져 보실래요
사계절은 경사로다"
차마,710,김희진,"이놈의 반지를
버릴까 말까 던질까 말까
움켜진 내 손 안에
눈물이 고인다
화려했던 사랑의 언약은
쓸모없는 추억이 되어
사랑이 떠나도
반지 하나 반지 하나
버릴 수 없더라
그대의 그 사랑을
지울 수 없더라
차마 차마 지울 수 없더라
화려했던 사랑의 언약은
쓸모없는 추억이 되어
사랑이 떠나도 반지 하나
반지 하나 버릴 수 없더라
그대의 그 사랑을 지울 수 없더라
차마 차마 지울 수 없더라"
사랑 참,"7,506",영탁,"잡힐 듯 잡히지 않는
사랑이 너무 아쉬워
다가가면 더 멀어지는
사랑 참 힘드네요
보일 듯 보이지 않는
사랑이 너무 아파서
시린 가슴 애써 달래도
사랑 참 힘드네요
참을 만해요 괜찮아요
힘들면 좀 어때요
사랑을 잃은 아픔보다
참는 게 더 쉬워요
들리나요 사랑아
내 슬픈 사랑아
보이나요 사랑아
내 아픈 사랑아
참을 만해요 괜찮아요
힘들면 좀 어때요
사랑을 잃은 아픔보다
참는 게 더 쉬워요
들리나요 사랑아
내 슬픈 사랑아
보이나요 사랑아
내 아픈 사랑아
사랑 참 힘드네요"
가을을 남기고 간 사랑,378,신유,"가을을 남기고 떠난 사랑
겨울은 아직 멀리 있는데
사랑할수록 깊어가는 슬픔에
눈물은 향기로운 꿈이었나
당신의 눈물이 생각날때
기억에 남아있는 꿈들이
눈을 감으면 수많은 별이되어
어두운 밤하늘에 흘러가리
아 그대곁에 잠들고 싶어라
날개를 접은 철새처럼
눈물로 쓰여진 그 편지는
눈물로 다시 지우렵니다
내 가슴에 봄은 멀리 있지만
내 사랑 꽃이 되고 싶어라
아 그대곁에 잠들고 싶어라
날개를 접은 철새처럼
눈물로 쓰여진 그 편지는
눈물로 다시 지우렵니다
내 가슴에 봄은 멀리 있지만
내 사랑 꽃이 되고 싶어라"
첫차,"1,885",신유,"새벽안개 헤치며 달려가는
첫차에 몸을 싣고 꿈도 싣고
내마음 모두 싣고 떠나갑니다
당신을 멀리 멀리
이루지 못할 사랑이라면
내가 먼저 떠나가야지
꿈같은 세월 짧았던 행복
생각이 나겠지만
아쉬운 정도 아쉬운 미련도
모두 다 잊겠어요
새벽안개 헤치며 달려가는
첫차에 몸을 싣고 꿈도 싣고
내마음 모두 싣고 떠나갑니다
당신을 멀리 멀리
멀어지는 당신을 생각하며
가슴을 적셔오는 지난 추억
어차피 잊어야할 사람인것을
이토록 슬퍼질까
이루지 못할 사랑이라면
내가 먼저 떠나가야지
꿈같은 세월 짧았던 행복
생각이 나겠지만
아쉬운 정도 아쉬운 미련도
모두 다 잊겠어요
새벽안개 헤치며 달려가는
첫차에 몸을 싣고 꿈도 싣고
내마음 모두 싣고 떠나갑니다
당신을 멀리 멀리
당신을 멀리 멀리"
그 겨울의 찻집,549,이해리 (다비치),"바람속으로 걸어갔어요
이른 아침의 그 찻집
마른 꽃 걸린 창가에 앉아
외로움을 마셔요
아름다운 죄 사랑때문에
홀로 지샌 긴 밤이여
뜨거운 이름 가슴에 두면
왜 한 숨이 나는 걸까
아 웃고 있어도 눈물이 난다
그대 나의 사랑아
아름다운 죄 사랑때문에
홀로 지샌 긴 밤이여
뜨거운 이름 가슴에 두면
왜 한 숨이 나는걸까
아 웃고 있어도 눈물이 난다
그대 나의 사랑아"
정말 좋았네,"3,107",김희재,"사랑 그사랑이 정말 좋았네
세월 그 세월이 가는줄도 모르고
불타던 두 가슴에 그정을 새기면서
사랑을 주고 사랑을 받고
그 밤이 좋았네
사랑 그 사랑이 정말 좋았네
사랑 그 사랑이 정말 좋았네
이별 그 이별이 오는줄도 모르고
푸르던 두 가슴에 참사랑 새기면서
마음을 주고 마음을 받고
그때가 좋았네
사랑 그 사랑이 정말 좋았네
정말 좋았네"
남자라는 이유로,206,나상도,"누구나 웃으면서 세상을 살면서도
말 못 할 사연 숨기고 살아도
나 역시 그런저런 슬픔을 간직하고
당신 앞에 멍하니 서있네
언제 한번 가슴을 열고 소리 내어
소리 내어 울어 볼 날이
남자라는 이유로 묻어두고 지낸
그 세월이 너무 길었어
저마다 처음인 듯 사랑을 하면서도
쓰라린 이별 숨기고 있어도
당신도 그런저런 과거가 있겠지만
내 앞에 선 미소를 짓네
언제 한번 가슴을 열고 소리 내어
소리 내어 울어 볼 날이
남자라는 이유로 묻어두고 지낸
그 세월이 너무 길었어
언제 한번 그런 날 올까요 가슴을 열고
소리 내어 울어 울어 볼 날이
남자라는 이유로 묻어두고 지낸
그 세월이 너무 길어요
그 세월이 너무 길어요"
겨울장미,"2,764",김희재,"철이 없어 그땐 몰랐어요
그 눈길이 무얼 말하는지
바람 불면 그대 잊지 못해
조용히 창문을 열면서
그댈 생각해요
겨울에 피는 흰장미여
아직도 나를 기다리나
감춰진 마음 보고싶어
햇살을 향해 피었는가
사랑의 말 내게 들려줘요
그리움이 나를 반기도록
바람 불면 그대 잊지못해
조용히 창문을 열면서
그대 기다려요
겨울에 피는 흰장미여
아직도 나를 기다리나
감춰진 마음 보고싶어
햇살을 향해 피었는가
사랑의 말 내게 들려줘요
그리움이 나를 반기도록
바람 불면 그대 잊지못해
조용히 창문을 열면서
그대 기다려요"
청춘을 돌려다오,221,민수현,"청춘을 돌려다오
젊음을 다오
흐르는 내 인생의 애원이란다
못 다한 그 사랑도 태산 같은데
가는 세월 잡을 수는 없지 않느냐
청춘아 내 청춘아
어딜 가느냐
청춘을 돌려다오
젊음을 다오
흐르는 내 인생의 애원이란다
지나간 그 옛날이 어제 같은데
가는 세월 막을 수는 없지 않느냐
청춘아 내 청춘아
어딜 가느냐"
블링블링,333,은가은,"만남은 인연의 시작
추억은 세월의 흔적
결혼은 연애의 선물
행복은 지금 이순간
입술아 어서 말을 해
나없이 못 산다고
나만을 사랑한다고
이렇게 애원할 때가
눈앞에 있을 때가
따뜻한 봄날인거야
거울아 어서 말을 해
내가 젤 예쁘다고
내가 젤 매력있다고
혹시나 해보지만 역시나 기대만큼
원한 말을 들을 수 없어
이 세상사가 다 그래
간절히 원할 때는 더디고
마음을 비우니까
어느새 눈처럼 녹아들잖아
오늘은 Party Party
한번뿐인 인생
나를 더 사랑하며 살거야
더 많이 많이 행복하고 싶어
이렇게 하루하루 블링블링 Oh Yeh
세월아 샘을 내지마
비결이 무어냐고
내 나이 안 보인다고
그전엔 몰랐지만 앞으로 사는 동안
너를 의식하지 않을래
이 세상사가 다 그래
간절히 원할 때는 더디고
마음을 비우니까
어느새 눈처럼 녹아들잖아
오늘은 Party Party
한번뿐인 인생
나를 더 사랑하며 살거야
더 많이 많이 행복하고 싶어
이렇게 하루하루 블링블링
오늘도 Party Party
청춘은 다시 다시
뭐든 생각하기 나름이지
행복은 많이 많이
사랑도 많이 많이
이렇게 오늘도 블링블링
블링블링
블링블링"
아이 좋아라,"1,077",양지은,"아이 좋아라 아이 좋아라
아이 좋아라 예쁜 내 님아
아이 좋아라 아이 좋아라
예쁜 내 님 아이 좋아라
이리 봐도 내 사랑
저리 봐도 내 사랑
아이 좋아 아이 좋아라
당신께 사랑을 받기위해
이 세상에 내가 왔어요
맞잡은 이 손 놓지 말아요
꼭 안아주세요
아이 좋아라 예쁜 내 님아
아이 좋아라 예쁜 내 님아
아이 좋아라 아이 좋아라
예쁜 내 님 아이 좋아라
이리 봐도 내 사랑
저리 봐도 내 사랑
아이 좋아 아이 좋아라
당신께 사랑을 받기 위해
이 세상에 내가 왔어요
맞잡은 이 손 놓지 말아요
꼭 안아주세요
아이 좋아라 예쁜 내 님아
당신께 사랑을 받기 위해
이 세상에 내가 왔어요
맞잡은 이 손 놓지 말아요
꼭 안아 주세요
아이 좋아라 예쁜 내 님아"
잊어야 한다는 마음으로 (MR),"8,482",임영웅,"잊어야 한다는 마음으로
내 텅 빈 방문을 닫은 채로
아직도 남아 있는 너의 향기
내 텅 빈 방 안에 가득한데
이렇게 홀로 누워 천정을 보니
눈앞에 글썽이는 너의 모습
잊으려 돌아 누운 내 눈가에
말 없이 흐르는 이슬방울들
지나간 시간은 추억 속에
묻히면 그만인 것을
나는 왜 이렇게 긴긴 밤을
또 잊지 못해 새울까
창 틈에 기다리던 새벽이 오면
어제 보다 커진 내 방 안에
하얗게 밝아온 유리창에
썼다 지운다 널 사랑해
지나간 시간은 추억 속에
묻히면 그만인 것을
나는 왜 이렇게 긴긴 밤을
또 잊지 못해 새울까
창 틈에 기다리던 새벽이 오면
어제 보다 커진 내 방 안에
하얗게 밝아온 유리창에
썼다 지운다 널 사랑해"
일편단심,"1,021",홍지윤,"나도 몰래 사랑했나봐
아프도록 사랑했나봐
시간 흐르고 흐르고 흘러도
그대라는 사람 못 잊을 것 같아요
나도 몰래 사랑했나봐
가슴 아픈 사연을 담고
눈물 흐르고 흐르고 흘러도
나를 위로 해줄 그대라는 사람을
아 두 번 다시
아 못 할 사랑
가슴 찢어지는 아픔이 와도
그대만 사랑할래요
내 평생에 단 하나 소원
그대 사랑하다 죽는 일
다음 세상 외면 말아요
그때 꼭 다시 만나요
나도 몰래 사랑했나봐
아프도록 사랑했나봐
시간 흐르고 흐르고 흘러도
그대라는 사람 못 잊을 것 같아요
나도 몰래 사랑했나봐
가슴 아픈 사연을 담고
눈물 흐르고 흐르고 흘러도
나를 위로 해 줄 그대라는 사람을
아 두 번 다시
아 못 할 사랑
가슴 찢어지는 아픔이 와도
그대만 사랑할래요
내 평생에 단 하나 소원
그대 사랑하다 죽는 일
다음 세상 외면 말아요
그때 꼭 다시 만나요
그때 꼭 다시 만나요"
사랑을 위하여,"4,238",정동원,"이른 아침에 잠에서 깨어
너를 바라볼 수 있다면
물안개 피는 강가에 서서
작은 미소로 너를 부르리
하루를 살아도 행복할 수 있다면
나는 그 길을 택하고 싶다
세상이 우리를 힘들게 하여도
우리 둘은 변하지 않아
너를 사랑하기에 저 하늘 끝에
마지막 남은 진실 하나로
오래 두어도 진정 변하지 않는
사랑으로 남게 해주오
내가 아플 때보다 니가 아파할 때가
내 가슴을 철들게 했고
너의 사랑 앞에 나는 옷을 벗었다
거짓의 옷을 벗어버렸다
너를 사랑하기에 저 하늘 끝에
마지막 남은 진실 하나로
오래 두어도 진정 변하지 않는
사랑으로 남게 해주오
너를 사랑하기에 저 하늘 끝에
마지막 남은 진실 하나로
오래 두어도 진정 변하지 않는
사랑으로 남게 해주오
사랑으로 남게 해주오"
자갈치 아지매,964,양지은,"흥남 부두 돌아 돌아
국제시장 돌고 돌아
소리내어 울었네
소리내어 불렀네
당신을 찾아 헤맸네
반짝반짝 반짝이는
항구의 작은 별들아
우리 엄마 계신 곳까지
나를 나를 데려가다오
영도다리 난간위에서
남포동 뒷골목에서
자갈치 아지매가
목놓아 부르는 이름
엄마 엄마 엄마를 찾는
자갈치 아지매
흥남 부두 돌아 돌아
국제시장 돌고 돌아
소리내어 울었네
소리내어 불렀네
당신을 찾아 헤맸네
반짝반짝 반짝이는
항구의 작은 별들아
우리 엄마 계신 곳까지
나를 나를 데려가다오
영도다리 난간위에서
남포동 뒷골목에서
자갈치 아지매가
목놓아 부르는 이름
엄마 엄마 엄마를 찾는
자갈치 아지매
영도다리 난간위에서
남포동 뒷골목에서
자갈치 아지매가
목놓아 부르는 이름
엄마 엄마 엄마를 찾는
자갈치 아지매
자갈치 아지매"
청춘의 꿈,892,양지은,"청춘은 봄이요 봄은 꿈나라
언제나 즐거운 노래를 부릅시다
진달래가 방긋 웃는 봄봄
청춘은 싱글벙글
윙크하는 봄봄봄봄봄봄
가슴이 울렁울렁 청춘의 봄이요
진달래꽃 개나리꽃 생긋 웃는 봄봄
시냇가에 버들피리는 삐삐 삐리삐리 삐
라라랄라 라라랄라
라라라 라라라 라라랄라
닐리리 봄봄 청춘은 봄이요 봄은 꿈나라
청춘은 향기요 봄은 새나라
언제나 명랑한 노래를 부릅시다
개나리가 방긋 웃는 봄봄
청춘은 소근소근 속삭이는 봄봄봄봄봄봄
종달새 지지배배 희망의 봄
진달래꽃 개나리꽃 생긋 웃는 봄봄
시냇가에 버들피리는 삐삐 삐리삐리 삐
라라랄라 라라랄라
라라라 라라라 라라랄라
닐리리 봄봄 청춘은 봄이요 봄은 꿈나라"
인생은 바람이어라,102,남진,"잘 나갈 때는 사랑이 오더니
힘들었을 땐 싫다고 가더라
돈 떨어지면 사랑도 떨어지더라
인생이 무슨 낙엽이 드냐
세상사 그런 줄 몰랐다더냐
그때는 영원할 줄 알았었는데
바람아 바람아 불어라
다시 한번 불어다오
이제 나를 찾아 나를 찾아가리라
바람아 바람아 멈춰라
이제야 나는 알았네
바람 불면 떨어지는
인생은 낙엽이란걸
잘 나갈 때는 사랑이 오더니
힘들었을 땐 싫다고 가더라
돈 떨어지면 사랑도 떨어지더라
인생이 무슨 낙엽이 드냐
세상사 그런 줄 몰랐다더냐
그때는 영원할 줄 알았었는데
바람아 바람아 불어라
다시 한번 불어다오
이제 나를 찾아 나를 찾아가리라
바람아 바람아 멈춰라
이제야 나는 알았네
바람 불면 떨어지는
인생은 낙엽이란걸
이제야 나는 알았네
인생은 바람이어라"
내 하나의 사람은 가고,477,박장현 (VROMANCE),"너를 보내는 들판에
마른 바람이 슬프고
내가 돌아선 하늘엔
살빛 낮달이 슬퍼라

오래도록 잊었던 눈물이 솟고
등이 휠 것 같은 삶의 무게여
가거라 사람아 세월을 따라
모두가 걸어가는
쓸쓸한 그 길로

이젠 그 누가 있어
이 외로움 견디며 살까
이젠 그 누가 있어
이 가슴 지키며 살까

아 저 하늘의 구름이나 될까
너 있는 그 먼 땅을 찾아 나설까
사람아 사람아 내 하나의 사람아
이 늦은 참회를 너는 아는 지

사람아 사람아 내 하나의 사람아
이 늦은 참회를 너는 아는 지"
내 사람이여,"1,095",박창근,"내가 너의 어둠을
밝혀 줄 수 있다면
빛 하나 가진
작은 별이 되어도 좋겠네
너 가는 길마다 함께 다니며
너의 길을 비추겠네
내가 너의 아픔을
만져줄 수 있다면
이름 없는
들의 꽃이 되어도 좋겠네
음 눈물이 고인 너의 눈속에
슬픈 춤으로 흔들리겠네
그럴 수 있다면 그럴 수 있다면
내 가난한 살과 영혼을
모두 주고 싶네
내가 너의 사랑이 될 수 있다면
노래 고운
한마리 새가 되어도 좋겠네
너의 새벽을 날아다니며
내 가진 시를 들려 주겠네
그럴 수 있다면 그럴 수 있다면
이토록 더운 사랑 하나로
네 가슴에 묻히고 싶네
그럴 수 있다면 그럴 수 있다면
내 삶의 끝자리를 지키고 싶네
내 사람이여 내 사람이여
너무 멀리 서있는 내 사람이여"
한잔의 인생,97,성민 (SUNGMIN),"한세상 치고받고 살다가 보면
그냥저냥 살고픈 날도 있지만
세월 속 청춘을 지나
아등바등 달려오니
술 한잔이 간절하구나
당신도 마셔 본 적 있는가
한잔의 맹물 같은 인생
인생아 눈물을 마셔라
꿈 찾아 헤매던 그 열정 삼키네
인생아 사랑을 마셔라
님 찾아 헤매던 그 순정 삼키네
빈 술잔에 채워나 보자
한잔의 눈물 같은 인생
빈 술잔에 채워나 보자
한잔의 눈물 같은 인생"
아모르파티,268,윤대웅,"산다는 게 다 그런 거지
누구나 빈손으로 와
소설 같은 한 편의 얘기들을
세상에 뿌리며 살지
자신에게 실망하지마
모든 걸 잘할 순 없어
오늘보다 더 나은 내일이면 돼
인생은 지금이야
나이는 숫자 마음이 진짜
가슴이 뛰는 대로 가면 돼
이제는 더이상 슬픔이여 안녕
왔다 갈 한 번의 인생아
연애는 필수 결혼은 선택
가슴이 뛰는 대로 하면 돼
눈물은 이별의 거품일 뿐이야
다가올 사랑은 두렵지 않아
아모르파티"
남자는 배 여자는 항구,148,박현호,"언제나 찾아오는 부두의 이별이
아쉬워 두 손을 꼭 잡았나
눈앞에 바다를 핑계로 헤어지나
남자는 배 여자는 항구
보내주는 사람은 말이 없는데
떠나가는 남자가 무슨 말을 해
뱃고동 소리도 울리지 마세요
하루하루 바다만 바라보다
눈물지으며 힘없이 돌아오네
남자는 남자는 다 모두가 그렇게 다
아아 아아
이별의 눈물 보이고 돌아서면 잊어버리는
남자는 다 그래
매달리고 싶은 이별의 시간도
짧은 입맞춤으로 끝나면
잘가요 쓰린 마음 아무도 몰라주네
남자는 배 여자는 항구
아주 가는 사람이 약속은 왜 해
눈멀도록 바다만 지키게 하고
사랑했었단 말은 하지도 마세요
못 견디게 네가 좋다고
달콤하던 말 그대로 믿었나
남자는 남자는 다 모두가 그렇게 다
아아 아아
쓸쓸한 표정 짓고 돌아서면 웃어버리는
남자는 다 그래
남자는 남자는 다 모두가 그렇게 다
아아 아아
이별의 눈물 보이고 돌아서면 잊어버리는
여자는 다 그래"
이태원 연가,97,이수호,"밤 깊은 이태원 불빛 속에서
젖어버린 두 가슴
떠나갈 사람도 울고 있나요
보내는 나도 우는데
새벽 찬 바람은 가슴 때리고
쌓인 정을 지워 버려도
아 아 아 못다한 사랑에
외로운 이 거리
잊지는 말아요
이태원 밤 부르스
밤 깊은 이태원 안개 속에서
말이 없던 두 사람
어디서 들리는 사랑노래는
슬픔만 더해 주네요
새벽 찬 바람이 등을 밀어도
고개 돌려 뒤돌아보던
아 아 아 마지막 그 모습
남겨진 이 거리
잊지는 못해요
이태원 밤 부르스
이태원 밤 부르스"
뜨거운 안녕,54,이하준,"또 다시 말해주오
사랑하고 있다고
별들이 다정히 손을 잡는 밤
기어이 가신다면 헤어집시다
아프게 마음 새긴 그 말 한마디
보내고 밤마다 울음이 나도
남자답게 말하리라 안녕이라고
뜨겁게 뜨겁게 안녕이라고
기어이 떠난다면 보내 드리리
너무도 깊이 맺힌 그 날밤 입술
긴긴 날 그리워 몸부림 쳐도
남자답게 말하리라 안녕이라고
뜨겁게 뜨겁게 안녕이라고
뜨겁게 뜨겁게 안녕이라고"
알쏭달쏭,115,장송호,"알쏭달쏭 알쏭달쏭해
알쏭달쏭 알쏭달쏭해
누나의 마음 어려워
알쏭달쏭 알쏭달쏭해
알쏭달쏭 알쏭달쏭해
누나가 날 좋아하는지
나 하나에 너를 더한 사랑은
그녀 마음 빼고 나면 어려워
내 사랑은 곱빼기로 주고 싶지만
나눠 주지 않는 그녀 애만 태우네
내 가슴에 돌을 던진 나의 첫사랑
내 마음에 퐁당퐁당
당신 때문에 일렁여요
알쏭달쏭 알쏭달쏭해
알쏭달쏭 알쏭달쏭해
누나의 마음 어려워
알쏭달쏭 알쏭달쏭해
알쏭달쏭 알쏭달쏭해
누나가 날 좋아하는지
누나가 날 좋아하는지
내 마음에 더해진 누나 사랑은
굳이 다시 뺏을 거면 말아요
나 하나에 너를 곱한 무한 행복을
굳이 다시 나눌 거면 시작 말아요
내 가슴을 울리게 한 나의 첫사랑
사랑이란 공식만큼 어려운 게 없어라
알쏭달쏭 알쏭달쏭해
알쏭달쏭 알쏭달쏭해
누나의 마음 어려워
알쏭달쏭 알쏭달쏭해
알쏭달쏭 알쏭달쏭해
누나가 날 좋아하는지
알쏭달쏭 알쏭달쏭해
알쏭달쏭 알쏭달쏭해
누가 좀 제발 알려줘
알쏭달쏭 알쏭달쏭해
알쏭달쏭 알쏭달쏭해
누나가 날 좋아하는지
니가 나를 사랑하는지"
소녀와 가로등,41,허찬미,"조용한 밤이었어요. 너무나 조용했어요.
창가에 소녀 혼자서 외로이 서있었지요.
밤하늘 바라보았죠. 별하나 없는 하늘을
그리곤 울어버렸죠. 아무도 모르게요.
창밖에 가로등불은 내맘을 알고 있을까.
괜시리 슬퍼지는 이 밤에
창백한 가로등만이.
소녀를 달래 주네요. 조용한 이 밤에
슬픔에 지친 소녀를 살며시 달래 주네요.
창밖에 가로등불은 내맘을 알고 있을까.
괜시리 슬퍼지는 이 밤에
창백한 가로등만이.
소녀를 달래 주네요. 조용한 이 밤에
슬픔에 지친 소녀를 살며시 달래 주네요.
살며시 달래 주네요."
이거야,259,이택조,"오고 싶어 오는 이가 어딨겠냐만
가고 싶어 갈 수 있는 것도 아니야
일확천금 일확만금 쥐고 있어도
건강 없이는 아무것도 아니야
웃음을 한 잔에
눈물을 한 잔에
인생을 담는 거야
한잔 털고 그냥 일어나는 거야
(자) 이거야 (좋다) 이거야
인생이란 바로 이거야
하고 싶어 하는 이가 어딨겠냐만
놀고 싶어 놀 수 있는 것도 아니야
금 숟가락 흙 숟가락 물고 태어나도
건강 없이는 아무것도 아니야
사랑을 한 잔에
이별을 한 잔에
인생을 담는 거야
한 병 털고 그냥 일어나는 거야
(자) 이거야 (좋다) 이거야
인생이란 바로 이거야
(자) 이거야 (좋다) 이거야
인생이란 바로 이거야
(자) 이거야 (좋다) 이거야
인생이란 바로 이거야"
동백아가씨,881,진해성,"헤일 수 없이
수많은 밤을
내 가슴 도려내는
아픔에 겨워
얼마나 울었던가
동백아가씨
그리움에 지쳐서
울다가 지쳐서
꽃잎은 빨갛게
멍이 들었소

동백꽃잎에
새겨진 사연
말 못 할 그 사연을
가슴에 묻고
오늘도 기다리네
동백아가씨
가신 님은 그 언제
그 어느 날에
외로운 동백꽃
찾아 오려나"
물레야,464,최수호,"한밤이 지났느냐
돌아라 물레야
홀로 타는 등불마저
쓸쓸한 밤을
너 아니면 나는 어떡해
하루 이틀 기다린 님이
달이 가고 해가 가도
물레만 도네
기다려도 오지 않는
무심한 님이시여
돌아가는 물레야

한밤이 지났느냐
돌아라 물레야
홀로 타는 등불마저
쓸쓸한 밤을
너 아니면 나는 어떡해
하루 이틀 기다린 님이
달이 가고 해가 가도
물레만 도네
기다려도 오지 않는
무심한 님이시여
돌아가는 물레야"
안아봐요,58,윤태화,"귀뚤귀뚤 귀뚜라미 소리 할머니 노랫소리
눈 감고 생각해 보면 그때인 것만 같아
동그란 마음에도 상처를 알아가며
내 어린 맘에도 별 품던 때

해가 저물어가고 구름모양 세다 보니
친구들은 어느새 가고 없고
나도 집으로 돌아가야지
터벅터벅 걷다보면
늦었다고 날 기다리는 당신이 서있네

눈을 뜨면 사라지는 당신이 그리워요
다시 눈을 감아요 달려가 안아봐요
이렇게라도 안아봐요


해가 저물어가고 친구들과 놀다 보니
혼자가 아닌 것 같아 집에 가기 싫어
그래도 집에 돌아가야지
현관문을 열어보면
밥 먹어라 날 기다리는 당신이 서있네

눈감아야 볼 수 있는 당신이 그리워요
다시 눈을 감아요
달려가 안아봐요
이렇게라도 안아봐요
당신을 안아봐요"
비나리,734,송가인,"큐피드 화살이 가슴을 뚫고
사랑이 시작된 날
또다시 운명의 페이지는 넘어가네
나 당신 사랑해도 될까요 말도 못 하고
한없이 애타는 나의 눈짓들
세상이 온통 그대 하나로 변해버렸어
우리 사랑은 연습도 없이
벌써 무대로 올려졌네
생각하면 덧없는
꿈일지도 몰라 꿈일지도 몰라
하늘이여 저 사람 언제 또 갈라놓을 거요
하늘이여 간절한 이 소망 또 외면할 거요
예기치 못했던 운명의 그 시간
당신을 만나던 날
드러난 내 상처 어느새 싸매졌네
나만을 사랑하면 안 될까요
마음만 달아올라
오늘도 애타는 나의 몸짓들
따사로운 그대 눈빛 따라 도는
해바라기처럼
사랑이란 작은 배 하나
이미 바다로 띄워졌네
생각하면 허무한
꿈일지도 몰라 꿈일지도 몰라
하늘이여 이 사랑
다시 또 눈물이면 안 돼요
하늘이여 저 사람
영원히 사랑하게 해줘요
사랑하게 해줘요"
쓰러집니다,69,추혁진,"쓰러집니다 쓰러집니다 쓰러집니다
올 때는 내게 예고 없이 다가왔다가
이제 와서 날 떠나요
말도 안 돼 핑계 어쩌면
잘 갖다 붙여 뻔뻔하게도
차라리 내가 싫어졌다 말을 한다면
잡을 나도 아니겠지만
사랑해서 떠난다는 말
지금 뭐 하자는 겁니까
쓰러집니다 쓰러집니다
그대 말을 듣고 있으면
뭐가 어때서 그런 건가요
사랑이 장난인가요
가던 길 그냥 떠나지 왜 돌려요
이제는 그만 날 울려요
가던 길 그냥 떠나지 왜 돌려요
가던 길 그냥 떠나지

하루가 멀다 나를 찾던 그대 사랑은
모두 연극이란 말이죠
나 없으면 못 산다는 말
없던 걸로 하잔 말이죠
쓰러집니다 쓰러집니다
그대 말을 듣고 있으면
뭐가 어때서 그런 건가요
사랑이 장난인가요
가던 길 그냥 떠나지 왜 돌려요
이제는 그만 날 놀려요
가던 길 그냥 떠나지 왜 돌려요
가던 길 그냥 떠나지
가던 길 그냥 떠나지 왜 돌려요
이제는 그만 날 놀려요
가던 길 돌려 왔다가 다시 가면
나 정말 쓰러집니다
쓰러집니다 쓰러집니다 쓰러집니다"
마지막 연인,138,한혜진,"나만이 간직하고 싶기에

이름을 밝힌적도 없었지요

기억의 문을 열고 들어와

내앞에 서있는 그대





얼어붙은 내 마음에

미소가 번질 때마다

그대가 내 눈에 보여요

꿈인 줄 알고 있지만

그 품에 안기고 싶어

이렇게 가슴이 시려오는데

어디에 있나요 돌아와 줄 수 없나요

내 모습 이렇게도 야위어 가는데

지금은 어디서 나없이 행복하나요

내 인생의 마지막 내 사랑이여"
여자의 일생,116,김용임,"참을수가 없도록 이 가슴이 아파도
여자이기 때문에 말한마디 못하고
헤아릴수 없는 설움 혼자 지닌채
고달픈 인생길을 허덕이면서
아아 참아야 한다기에
눈물로 보냅니다 여자의 일생
<간주중>
견딜수가 없도록 외로워도 슬퍼도
여자이기 때문에 참아야만 한다고
내 스스로 내 마음을 달래어가며
비탈진 인생길을 허덕이면서
아아 참아야 한다기에
눈물로 보냅니다 여자의 일생"
토닥토닥,281,신유,"당신이 있는 곳에도
봄날은 찾아옵니까
봄날에 떨어진 꽃잎은
나의 작은 안부입니다
여름날에 아무 예고 없이
소나기 내리는 것은
저세상에 못다 한 사랑
서러운 이유겠지요
그리워 그리워라
서러워 서러워라
단 한 번 보신다면
맘 놓고 울고 싶어라
토닥토닥 토닥토닥
나를 안고 울어주세요
두 번 다시 놓지 마세요
당신이 있는 곳에도
가을은 찾아옵니까
가을에 떨어진 낙엽은
메마른 내 눈물입니다
겨울날에 그저 하염없이
흰 눈이 내리는 것은
저세상에 못다 한 꿈이
부서진 이유겠지요
그리워 그리워라
서러워 서러워라
단 한 번 보신다면
맘 놓고 울고 싶어라
토닥토닥 토닥토닥
나를 안고 울어주세요
두 번 다시 놓지 마세요"
당신은 어디 있나요,"2,502",김희재,"그래요 말을 해봐요
나는 알고 있어요
어젯밤의 그 맹세가
무엇을 말하는지
그래요 떠나갈게요
당신이 원하신다면
한번 가면 그 뿐이에요
이대로 떠나겠어요
아 하 내가 외로울 때는
날 위로해주던
아 그런 당신은
당신은 어디 있나요
마음대로 왔다가 마음대로
그렇게 그렇게 가시나요
말해 봐요 말해 봐요
사랑이 죄인가요
그래요 말을 해봐요
나는 알고 있어요
어젯밤의 그 맹세가
무엇을 말하는지
그래요 떠나갈게요
당신이 원하신다면
한번 가면 그 뿐이에요
이대로 떠나겠어요
아 하 내가 외로울 때는
날 위로해주던
아 그런 당신은
당신은 어디 있나요
마음대로 왔다가 마음대로
그렇게 그렇게 가시나요
말해 봐요 말해 봐요
사랑이 죄인가요
마음대로 왔다가 마음대로
그렇게 그렇게 가시나요
말해 봐요 말해 봐요
사랑이 죄인가요"
무인도 (CF -해찬들 태양초고추장),283,김추자,"파도여 슬퍼말아라
파도여 춤을 추어라
끝없는 몸부림에
파도여 파도여
서러워 마라
솟아라 태양아
어둠을 헤치고
찬란한 고독을
노래하라
빛나라 별들아
캄캄한 밤에도
영원한 침묵을
비춰다오
불어라 바람아
드높아라
파도여
파도여

끝없는 몸부림에
파도여 파도여
서러워 마라
솟아라 태양아
어둠을 헤치고
찬란한 고독을
노래하라
빛나라 별들아
캄캄한 밤에도
영원한 침묵을
비춰다오
불어라 바람아
드높아라
파도여
파도여"
내마음 갈곳을 잃어,347,최백호,"가을엔 가을엔 떠나지 말아요

낙엽지면 서러움이 더해요

차라리 하얀 겨울에 떠나요
눈길을 걸으며
눈길을 걸으며
옛 일을 잊으리라
거리엔 어둠이 내리고
안개속에 가로등 하나
비라도 우울히 내려 버리면
내마음은 갈곳을 잃어
가을엔 가을엔 떠나지 말아요

차라리 하얀 겨울에 떠나요

거리엔 어둠이 내리고
안개속에 가로등 하나
비라도 우울히 내려 버리면
내마음은 갈곳을 잃어
가을엔 가을엔 떠나지 말아요
차라리 하얀 겨울에 떠나요
하얀 겨울에 떠나요"
가을 나무 사이로,39,이승재,"헤어지기 싫어서
돌아서던 내 발길에
아쉬움이 흐르던
나의 작은 눈망울
긴 사연 그리움이
내가슴에 남아있어
사랑의 그 눈물은
추억으로 얼룩졌네
세월은 가고 너도 가고
가을 나무 사이로
가랑잎은 날리는데
새는 왜 울고 있나

긴 사연 그리움이
내가슴에 남아있어
사랑의 그 눈물은
추억으로 얼룩졌네
세월은 가고 너도 가고
가을 나무 사이로
가랑잎은 날리는데
새는 왜 울고 있나"
슬픈 사랑 (Sadness),279,추가열,"그대 없이 슬픈날은
이젠 어떻게 견뎌낼까요
내 가슴이 다 타버린대도 아픔은 남겠죠
혼자 남은 텅빈 가슴
내가 가엽진 않았나요
뒤돌아 살면서 그대
맘 편할수 있나요
참 힘든세상 견뎌낸건 그대 때문인데
쉽게 잊혀지는 그댈보면 가슴이 무너져요
난 그렇지 않아요 그대 생각 뿐인데
그대 가는 길에 남겨진 건 없나요
내 슬픈 사랑아

혼자 남은 텅빈 가슴
내가 가엽진 않았나요
뒤돌아 살면서 그대
맘 편할수 있나요
참 힘든세상 견뎌낸 건 그대때문인데
쉽게 잊혀지는 그댈보면 가슴이 무너져요
난 그렇지 않아요 그대 생각 뿐인데
그대 가는 길에 남겨진 건 없나요
내 슬픈 사랑아
쉽게 돌아서서 내 눈물 바라보며
미소짓지 말아요
그대 가는 길에 남겨진 건 없나요
내 슬픈 사랑아
쉽게 돌아서서 내 눈물 바라보며
미소짓지 말아요
그대 가는 길에 남겨진 건 없나요"
I.O.U,337,장윤정,"You believe,
that I've changed your life forever
And you're never gonna find
another somebody like me
And you wish,
you had more than just a life time
To give back
all I've given you and that's what you believe
But I owe you the sunlight in the morning
And the nights of all this loving
that time can't take away
And I owe you more than life,
now more than ever
I know that it's the sweetest debt
I'll ever have to pay

I'm amazed
when you say it's me you live for
You know that when I'm holding you,
you're right where you belong
And my love,
I can't help but smile with wonder
When you tell me all I've done for you
Cause I've known all along
But I owe you the sunlight in the morning
And the nights of all this loving
that time can't take away
And I owe you more than life,
now more than ever
I know that it's the sweetest debt
I'll ever have to pay
Cause I owe you the sunlight in the morning
And the nights of all this loving
that time can't take away
And I owe you more than life,
now more than ever
I know that it's the sweetest debt
I'll ever have to pay"
비오는 남산,98,배호,"눈물을 흘려서
강물을 더해주고
한숨을 쉬어서
바람을 더해주어도
야속한 그대
가버린 후에는
너무나 무정하여라
차욱차욱
추억만 쌓여진 거리
나 혼자 거닌다

그 님을 불러서
메아리 더해주고
가슴을 치면서
슬픔을 더해주어도
떠나간 그대
또다시 못올때
너무나 가슴 아파라
주룩주룩
밤비만 내리는 남산
나 혼자 왜 왔나"
황포돛대,255,이미자,"마지막 석양빛을

기폭에 걸고

흘러가는 저배는

어디로 가느냐

해풍아 비바람아

불지를 마라

파도소리 구슬프면

이마음도 구슬퍼

아 어디로 가는배냐

어디로 가는배냐

황포돛대야



순풍에 돛을 달고

황혼바람에 떠나가는 저사공

고향은 어디냐

사공아 말해다오

떠나는 뱃길

갈매기야 울지마라

이마음이 서럽다

아 어디로 가는배냐

어디로 가는배냐

황포돛대야"
별이 빛나는 밤에,269,윤항기,"너와 내가 맹세한
사랑한다는 그 말
너와 내가 맹세한
사랑한다는 그 말

차라리 듣지 말 것을
애당초 믿지 말 것을
사랑한다는 그 말에
모든 것 다 버리고
별이 빛나는 밤에
너와 내가 맹세하던 말
사랑한다는 그 말은
별 빛 따라 흘렀네
머나 먼 하늘 위에
별들이 빛나는 밤
그리워요 사랑해요
유성처럼 사라져버린
별이 빛나는 밤에
너와 내가 맹세하던 말
사"
한백년,40,나훈아,"<1절
이왕에 만났으니
한백년을 살고갑시다
장미가 곱다해도 청춘이 곱다해도
시들면 다시는 오지못해요
만약에 당신이 가신다면
나혼자 외로워서 어이살란 말이요
사랑해요 사랑해요 당신만을 사랑해요
한백년 살고갑시다

<2절
이왕에 만났으니
한백년을 살고갑시다
장미가 곱다해도 청춘이 곱다해도
시들면 다시는 보지못해요
만약에 당신이 가신다면
나혼자 외로워서 어이실란 말이요
사랑해요 사랑해요 당신만을 사랑해요
한백년 살고갑시다"
강남멋쟁이,79,문희옥,"네온이 꽃피는 강남의 밤거리
장미 한송이 손에 들고서
노래하는 강남 멋장이
제 아무리 잘난 사람도
어쩌다 두 눈길이 마주 칠때면
느끼는 감정 참을 수 없어
여보세요 한번만 만나 주세요
하면서 미소를 받는 강남 멋장이

사랑이 꽃피는 강남의 밤거리
사랑 가득히 한몸에 안고
노래하는 강남 멋장이
제 아무리 잘난 사람도
어쩌다 스리살짝 미소만 주면
황홀한 기분 감출 수 없어
여보세요 시간 좀 줄 수 있나요
하면서 미소를 받는 강남 멋장이

네온이 꽃피는 강남의 밤거리
장미 한송이 손에 들고서
노래하는 강남 멋장이
제 아무리 잘난 사람도
어쩌다 두 눈길이 마주 칠때면
느끼는 감정 참을 수 없어
여보세요 한번만 만나 주세요
하면서 미소를 받는 강남 멋장이"
빈잔,249,남진,"그대의 싸늘한 눈가에 고인
이슬이 아름다워 하염없이 바라보네
내 맘도 따라 우네
가엾은 나의 여인이여
외로운 사람끼리아 만나서 그렇게 또 정이 들고
어차피 인생은 빈 술잔 들고 취하는 것
그대여 나머지 설움은
나의 빈 잔에 채워 주

그대의 싸늘한 눈가에 고인
이슬이 아름다워 하염없이 바라보네
내 맘도 따라 우네
가엾은 나의 여인이여
외로운 사람끼리
아 만나서 그렇게 또 정이 들고
어차피 인생은 빈 술잔 들고 취하는 것
그대여 나머지 설움은
나의 빈 잔에 채워 주
나의 빈 잔에 채워 주"
똑똑한 여자,149,박진도,"똑똑한 여자 똑똑한 여자
똑똑한 여자

똑똑한 여자 똑똑한 여자
내 사랑 똑똑한 여자
당신은 똑똑한 여자
내 사랑 똑똑한 여자
이리보고 저리봐도
매력이 넘쳐흘러요
이 세상에 당신만나
사랑을 알았고
행복에 꿈을꾸며
살아가는 남자여
그대 곁에 있어줘서 고마워요
나 당신 바라보면 행복해요
업어주고 안아주고
당신은 똑똑한 여자
똑똑한 여자

똑똑한 여자 똑똑한 여자
내 사랑 똑똑한 여자
당신은 똑똑한 여자
내 사랑 똑똑한 여자
이리보고 저리봐도
매력이 넘쳐흘러요
이 세상에 당신만나
사랑을 알았고
행복에 꿈을꾸며
살아가는 남자여
내 곁에 있어줘서 고마워요
나 당신 바라보면 행복해요
업어주고 안아주고
당신은 똑똑한 여자
당신은 똑똑한 여자
똑똑한 여자"
무효,45,신웅,"남자 두 뺨에 흐르는 눈물은
괜히 우는 게 아냐
너 하나 사랑한 게
바보라서 울었다
여자란 남자란
무엇으로 사는가
남자는 여자의 여자는 남자의
사랑 먹고 살아요
지난 것은 무효야
이제부터 시작이야
다시 한 번 돌아서서 웃어봐
남자 두 뺨에 흐르는 눈물은
괜히 우는 게 아냐
너 하나 사랑 한게
바보라서 울었다
남자란 여자란
무엇으로 사는가
여자는 남자의 남자는 여자의
사랑 먹고 살아요
지난 것은 무효야
이제부터 시작이야
다시 한 번 돌아서서 웃어봐"
너무합니다,528,김수희,"마지막 한마디 그 말은
나를 사랑한다고
돌아올 당신은 아니지만
진실을 말해줘요
떠날 땐 말없이 떠나가세요
날 울리지 말아요
너무합니다 너무합니다
당신은 너무합니다

조용히 두 눈을 감고서
당신을 그려봅니다
너무나 많았던
추억들을 잊을 수가 없어요
떠나간 당신은 야속하지만
후회하지 않아요
너무합니다 너무합니다
당신은 너무합니다"
남자의 길,286,고영준,"내 살아온 길을 묻지를 마라
비바람을 헤치고 왔다
거치른 길을 달려왔다
의리를 모르고 남자의 세계를
여자야 말하지 마라
사나이 뜨거운 눈물에
과거를 씻어버리고 이제는
너 하 나만을 사랑한다
내 인생을 주련다

내 살아갈 길을 묻지를 마라
두 주먹을 불끈 쥐고
큰 소리 치고 살겠다
의리를 모르고 남자의 세계를
여자야 탓하지 마라
여자가 열번을 울어야
남자는 한 번을 운다
이제는 너 하나만을 사랑한다
내 인생을 주련다"
화개장터,22,조영남,"전라도와 경상도를 가로지르는
섬진강 줄기따라 화개장터엔
아랫말 하동사람 윗말 구례사람
닷새마다 어우러져 장을 펼치네
구경한번 와보세요
보기엔 그냥 시골장터지만
있어야 할 건 다 있구요
없을 건 없답니다 화개장터
광양에선 삐걱 삐걱 나룻배 타고
산청에선 부릉 부릉 버스를 타고
사투리 잡담에다 입씨름 흥정이
오손도손 왁자지껄 장을펼치네
구경한번 와보세요
오시면 모두모두 이웃사촌
고운 정 미운 정 주고 받는
경상도 전라도의 화개장터
라라랄라랄라 라라랄라랄라
라라랄라랄라라라 라라랄랄라
라라랄라랄라 라라랄라랄라
라라랄라랄라라라 라랄랄라

전라도와 경상도를 가로지르는
섬진강 줄기따라 화개장터엔
아랫말 하동사람 윗말 구례사람
닷새마다 어우러져 장을 펼치네
구경한번 와보세요
보기엔 그냥 시골 장터지만
있어야 할 건 다 있구요
없을 건 없답니다 화개장터
구경한번 와보세요
오시면 모두모두 이웃사촌
고운 정 미운 정 주고 받는
경상도 전라도의 화개장터
경상도 전라도의 화개장터
경상도 전라도의 화개장터"
당신만,496,우연이,"나의 맘이맘이맘이 흔들흔들흔들 사랑하고 있어요

그대 나만의 사랑 난 몰라몰라몰라 아무것도 몰라

나를 안아주세요

그대 내 사랑아 당신만보면 당신만보면

울다가 웃다가 아이가되고 당신못보면 전화 안되면

걱정에 슬픔에 잠 못들어요

어쩌면 내생에 운명일지 모르는 이사랑 다시는 놓치지않아요

아무도 모르게 나만사랑 할래요

이세상 다하도록 당신만사랑해요

나의 맘이맘이맘이 흔들흔들흔들 사랑하고 있어요

그대나만의 사랑 난 몰라몰라몰라 아무것도 몰라

나를 안아 주세요 그대 내 사랑아



어쩌면 내생에운명일지 모르는 이사랑 다시는 놓치지않아요

아무도 모르게 나만 사랑할래요

이세상 다하도록 당신만사랑해요

나의 맘이맘이맘이 흔들흔들흔들 사랑하고 있어요

그대 나만의 사랑 난 몰라몰라몰라 아무것도 몰라

나를 안아 주세요

그대 내가 많이 많이 많이 아주 많이많이 사랑하고 있어요

그대 나만의 사랑

난 좋아좋아좋아 당신너무 나 좋아

나를 안아주세요 그대 사 랑 해 요"
사랑껌,231,금잔디,"왜 이리 힘들어 산다는게
여자라는 이유 만으로
더 힘든게있어 사랑이야
걷만보고 속은 보질않아
너를위해 나를 버렸어
광대처럼 울고 웃었지
그것이 여자의 삶 인줄 알았어
남자라는 이유 만으로
살아가기 쉬운 이세상
하지만 사랑은 달라
난 다시 울지않을래
사랑도 하지않을래
달면씹고 쓰다고 뱉는
껌보다도 못한세상
참다가 화가 나면은
크게한번 소리치지뭐
그래 그렇게 살다보면은
사랑은 올꺼야
왜 이리 힘들어 산다는게
여자라는 이유 만으로
더 힘든게있어 사랑이야
걷만보고 속은 보질않아
아무때나 갖고 놀다가
버려지는 장난감처럼
자존심 마저도
버릴수는 없어
남자라는 이유 만으로
살아가기 쉬운 이 세상
하지만 사랑은 달라
난 다시 울지않을래
사랑도 하지않을래
달면씹고 쓰다고 뱉는
껌보다도 못한세상
참다가 화가 나면은
크게한번 소리치지뭐
그래 그렇게 살다보면은
사랑은 올꺼야
그래 그렇게 살다보면은
사랑은 올꺼야 예"
울어라 열풍아,123,김용임,"못견디게 괴로워도
울지 못하고
가는 님을 웃음으로
보내는 마음
그 누구가 알아주나
기막힌 내 사랑을
울어라 열풍아
밤이 새도록
님을 보낸 아쉬움에
흐느끼면서
하염없이 헤매도는
서러운 발길
내 가슴의 이 상처를
그 누가 달래주리
울어라 열풍아
밤이 새도록"
산바람아 강바람아,"6,327",송가인,"산바람아 강바람아
내 가슴에 불어라
나를 두고 떠나간
님 소식좀 알게
산딸기 익어가면
오신다던님 왜 아니 오시나
그리워서 잠 못 들고
보고파서 잠 못 든다
어젯밤도 오늘밤에도
산바람아 강바람아
산바람아 강바람아
내 가슴에 불어라
산바람아 강바람아
내 가슴에 불어라
나를 두고 떠나간 님
소식 좀 알게
꽃 피고 새가 울면
오신다던 님
왜 아니 오시나
그리워서 잠 못 들고
보고파서 잠 못 든다
어젯밤도 오늘밤에도
산바람아 강바람아
산바람아 강바람아
내 가슴에 불어라"
황제를 위하여,173,홍수철,"친구여 잔을 받아라
이 잔은 우정의 잔
나 싫다고 가는 세상
붙잡아 맬 수 있나
우리들의 좋은 날도
다시 올 수 없는 것
마시자 황제처럼
오늘은 우리들의 날
사랑을 갖지 못해서
권세 명예 없다고
슬퍼하는 그대를 위하여
친구여 잔을 받아라
이 잔은 이별의 잔
나 싫다고 가는 여자
붙잡아 맬 수 있나
우리들의 젊은 날도
언젠가는 가는 것
마시자 황제처럼
오늘은 우리들의 날
사랑을 갖지 못해서
권세 명예 없다고
슬퍼하는 그대를 위하여
친구여 잔을 받아라
이 잔은 이별의 잔
나 싫다고 가는 여자
붙잡아 맬 수 있나
우리들의 젊은 날도
언젠가는 가는 것
마시자 황제처럼
오늘은 우리들의 날"
마지막사랑,151,여정인,"이젠 돌아서야지
후회없이 사랑했잖아
잊으려고 눈을 감아도
자꾸만 생각나는 사람
미치도록 사랑했어요
내일이 안 올 것처럼
죽을 만큼 사랑했어요
심장이 멈출 것처럼
이제 다시 그런 사랑
내겐 없어요
두번 다시 그런 사랑
우리 하지 말아요
단 한사람 그대의
마지막 사랑이니까
미치도록 사랑했어요
내일이 안 올 것처럼
죽을 만큼 사랑했어요
심장이 멈출 것처럼
이제 다시 그런 사랑 내겐 없어요
두번 다시 그런 사랑
우리 하지 말아요
단 한사람 그대의
마지막 사랑이니까"
오빠 달려,91,여우둘,"오빠달려 달려 쉬지말고 달려
내 맘에 쏙 들어와주세요
오빠달려 달려 시원하게 달려
내 맘에 쏙 드는 당신
빠라바라바라밤 오빠
빠라바라바라밤 오빠
빠라바라바라밤 오빠달려
우 아 우 아
빠라바라바라밤 오빠
빠라바라바라밤 오빠
빠라바라바라밤 오빠
오빠달려
뭘 고민하나요 망설이나요
손끝만 스쳐도 인연인데
좋으면 좋다고 말을 해봐요
언제나 준비된 여자예요
welcome
당신을 기다렸어요
let's go
내게로 다가와줘요
love you
날 정말 좋아한다면
ok
한다고 말해주세요
오빠달려 달려 쉬지말고 달려
내 맘에 쏙 들어와주세요
오빠달려 달려 시원하게 달려
내 맘에 쏙 드는 당신
빠라바라바라밤 오빠
빠라바라바라밤 오빠
빠라바라바라밤 오빠달려
우 아 우 아
빠라바라바라밤 오빠
빠라바라바라밤 오빠
빠라바라바라밤 오빠
오빠달려
뭘 고민하나요 망설이나요
손끝만 스쳐도 인연인데
좋으면 좋다고 말을 해봐요
언제나 준비된 여자예요
welcome
당신을 기다렸어요
let's go
내게로 다가와줘요
love you
날 정말 좋아한다면
ok
한다고 말해주세요
오빠달려 달려 쉬지말고 달려
내 맘에 쏙 들어와주세요
오빠달려 달려 시원하게 달려
내 맘에 쏙 드는 당신
내 머릿속엔 당신 생각뿐
지워도 지워지질 않네요
이런 느낌 정말 처음이예요
빨리 달려와요
오빠달려 달려 쉬지말고 달려
내 맘에 쏙 들어와주세요
오빠달려 달려 시원하게 달려
내 맘에 쏙 드는 당신
오빠달려 달려 쉬지말고 달려
내 맘에 쏙 들어와주세요
오빠달려 달려 시원하게 달려
내 맘에 쏙 드는 당신
빠라바라바라밤 오빠
빠라바라바라밤 오빠
빠라바라바라밤 오빠달려
우 아 우 아
빠라바라바라밤 오빠
빠라바라바라밤 오빠
빠라바라바라밤 오빠
오빠달려"
서울 가 살자,572,금잔디,"그 이불솜 베개 다 버리고
우리 이제 서울 가서 살자
그대야가 말한 천 번에 약속은
괜찮으니 서울 가 살자
저 달이 건너가 먼저 비춘다니
우리 무슨 어떤 걱정 있을까요
그댈 원망하진 않아요 이젠
그래서 또 살아보는 세월일껀데
미련 없이 버리고 서울 가 살자
그 다짐과 처음 약속 들고
우리 이제 서울 가서 살자
그대야가 흘린 미안한 눈물은
괜찮으니 서울 가 살자
별빛이 뜨고도 해가 있다는
그곳에서 어떤 행복 기다릴까요
그댈 원망하진 않아요 아마
내가 더 원했었던 사랑일테니
그대도 놓지 말아요 오
저 달이 건너가 먼저 비춘다니
우리 무슨 어떤 걱정 있을까요
그댈 원망하진 않아요 이젠
그래서 또 살아보는 세월일껀데
미련없이 버리고 서울 가 살자"
정때문에,29,송대관,"정 주고 떠난 사람
그리워서 울긴 왜 울어
추억을 뿌려놓은
당신이기에
그 날은 행복했다 할래요
그까짓 것 미련이야
버리면 그만인 것을
끈끈한 정 때문에
정 때문에 괴로워
혼자 울고있어요
정 주고 떠난 사람
못 잊어서 내가 왜 울어
서럽게 버림받은
바보라지만
원망은 하지 않을거예요
그까짓 것 미련이야
버리면 그만인것을
가슴에 못이 되어
못이 되어 서러워
내 가슴을 치네요
그까짓 것 사랑이야
잊으면 그만인 것을
남겨진 정 때문에
정 때문에 괴로워
혼자 울고 있어요"
사랑해 누나,"2,680",장민호,"사랑해 누나 한번만 안아줘요
아차차차 실수했네 깜빡 했었네
와따따따 따따
누난 내게 한마디 하겠지
알다가도 모르는 게 여자라지
예쁘면 다 그래
변덕스런 누나의 마음 모르겠어
백 번을 잘해주고
한번을 못해줬다고
진짜 진짜 굿바이더냐
누나 누나 사랑해 누나
한 번만 안아줘요
누나를 떠나라는 말 빼곤
다해줄게요
나만 믿어요 약속할게요
누나의 영원한 기사될게요
사랑해 누나 한번만 안아줘요
아차차차 실수했네 깜빡 했었네
와따따따 따따
누난 내게 한마디 하겠지
알다가도 모르는 게 여자라지
예쁘면 다 그래
변덕스런 누나의 마음 모르겠어
백 번을 잘해주고
한번을 못해줬다고
진짜 진짜 굿바이더냐
누나 누나 사랑해 누나
한번만 안아줘요
누나를 떠나라는 말 빼곤
다해줄게요
나만 믿어요 잘해줄게요
누나의 영원한 기사될게요
사랑해 누나 한번만 안아줘요
사랑해 누나 한번 더 안아줘요
누나 누나"
어란애,107,정의송,"매봉에 초승달이 떠오르는 밤이면
여낭터에 산새소리 고요히 우네
가슴속에 한가득 오직 내 나라
님의 곧은 그 절개 어이 헛되리
파도치는 물결위에 고이고이 떠가라
청순한 님의향기 천년만년 흘러 흘러라

갈매섬 저녁놀이 붉게물든 밤이면
만호바다 격랑소리 메아리 치네
끓어오른 분노를 바다에 던진
님의 곧은 그 충정 어이 헛되리
넘실대는 물결위에 고이고이 떠가라
님을향한 모종소리 온누리에 울려 퍼지네

청순한 님의향기
천년만년 흘러 흘러라"
좋아요,745,정다경,"좋아 좋아
좋아요 좋아 좋아요 좋아
나는 당신이 너무 좋아요
좋아요 따봉이예요 좋아요
내 마음이 심쿵해요 심쿵
그대가 내 곁으로 왔다니
동에서 번쩍 번쩍
서에서 번쩍 번쩍
어디서 나타난 거야
내 마음을 알아 줘요 그대
내가 그대 곁으로 갈게요
그래도 되요 오늘만큼은
당신의 여자 될래요
좋아요 좋아 좋아요 좋아
나는 당신이 너무 좋아요
난 너무 좋아요
한번 날 봐주세요 두 번 봐줘요
세 번은 안되나요
좋아요 좋아 좋아요 좋아
나는 당신이 너무 좋아요
좋아 좋아
내 짝이예요 내짝 나뿐이예요 나뿐
좋아요 따봉이예요 좋아요
내 마음이 심쿵해요 심쿵
그대가 내 곁으로 왔다니
동에서 번쩍 번쩍
서에서 번쩍 번쩍
어디서 나타난 거야
내 마음을 알아 줘요 그대
내가 그대 곁으로 갈게요
그래도 되요 오늘만큼은
당신의 여자 될래요
좋아요 좋아 좋아요 좋아
나는 당신이 너무 좋아요
난 너무 좋아요
한번 날 봐주세요 두 번 봐줘요
세 번은 안되나요
좋아요 좋아 좋아요 좋아
나는 당신이 너무 좋아요
좋아 좋아
내 짝이예요 내짝 나뿐이예요 나뿐
좋아요 따봉이예요 좋아요
좋아요 좋아 좋아요 좋아
나는 당신이 너무 좋아요
난 너무 좋아요
한번 날 봐주세요 두 번 봐줘요
세 번은 안되나요
좋아요 좋아 좋아요 좋아
나는 당신이 너무 좋아요
좋아 좋아
내 짝이예요 내짝 나뿐이예요 나뿐
좋아요 따봉이예요 좋아요
좋아요 정말 좋아요 좋아요"
미련일랑,914,김소유,"가던 발길 멈추고 뒤돌아보는
당신이 야속해서 눈물이 나요
노을을 남겨두고 떠나간 사람
마음을 다 준 나는 어찌하라고
이럴거면 사랑을 말지
왜 내게 머물렀나요
미련일랑 남기지마요
다시는 내게 오지 말아요
가슴속에 박힌 못 빼어 내봐도
당신이 남긴 상처 자국은 남아
세월이 흘러가도 눈물이라고
아직도 나에게는 사랑이라오
이럴거면 사랑을 말지
왜 내게 머물렀나요
미련일랑 남기지 마요
다시는 내게 오지 말아요
이럴거면 사랑을 말지
왜 내게 머물렀나요
미련일랑 남기지 마요
다시는 내게 오지 말아요"
안동역에서,227,진성,"바람에 날려버린 허무한 맹세였나
첫눈이 내리는 날 안동역 앞에서
만나자고 약속한 사람
새벽부터 오는 눈이
무릎까지 덮는데
안 오는 건지 못 오는 건지
오지 않는 사람아
안타까운 내 마음만
녹고 녹는다 기적소리 끊어진 밤에
어차피 지워야 할 사랑은 꿈이였나
첫눈이 내리는 날 안동역 앞에서
만나자고 약속한 사람
새벽부터 오는 눈이
무릎까지 덮는데
안 오는 건지 못 오는 건지
대답 없는 사람아
기다리는 내 마음만
녹고 녹는다 밤이 깊은 안동역에서"
꿈꾸는 백마강,"1,231",조명섭,"백마강 달밤에 물새가 울어
잃어버린 옛날이 애달프구나
저어라 사공아 일엽편주 두둥실
낙화암 그늘아래 울어나보자
고란사 종소리 사무치는데
구곡간장 올올이 찢어지는 듯
누구라 알리요 백마강 탄식을
깨어진 달빛만 옛날 같구나"
긴가민가,965,이지혜,"몇일째 연락 한번 오지않는 너
왜자꾸 헷갈리게해
애매한 표현으로 내마음 흔들고
나만 기다리는 기분 자존심상해
어제는 나같은 여자
한번 잡고 싶다고
오늘은 어디갔길래
코빼기도 안보여
장난해 너
긴가민가 긴가민가 긴가민가해
왜 자꾸 당신 마음 오락가락해
밀당밀당 하지말고 당장 전화해
아니면 내가 먼저 떠나가리다
술한잔 하고 싶어 오늘 뭐하니
달콤한 멘틀 날리고
갑자기 몇시간뒤 돌아온 답장
오늘은 바빠서 다음에 마시쟤
어제는 다정한 말투
내게 건내던 당신
오늘은 문자도 짧아
정말 미치게하네
장난해 너
긴가민가 긴가민가 긴가민가해
왜 자꾸 당신 마음 오락가락해
밀당밀당 하지말고 당장 전화해
아니면 내가 먼저 떠나가리다
이제는 더는 못해 이런사랑
내가 다 졌으니까 돌아와요
긴가민가 긴가민가 긴가민가
긴가민가 긴가민가 긴가민가"
어느 60대 노부부 이야기(Original VER.),743,정다경,"곱고 희던 그 손으로
넥타이를 메어주던 때
어렴풋이 생각나오
여보 그 때를 기억하오
막내아들 대학 시험
뜬 눈으로 지내던 밤들
어렴풋이 생각나오
여보 그 때를 기억하오
세월은 그렇게 흘러
여기까지 왔는데
인생은 그렇게 흘러
황혼에 기우는데
큰 딸아이 결혼식 날
흘리던 눈물 방울이
이제는 모두 말라
여보 그 눈물을 기억하오
세월은 그렇게 흘러
여기까지 왔는데
인생은 그렇게 흘러
황혼에 기우는데
다시 못 올 그 먼 길을
어찌 혼자 가려하오
여기 날 홀로 두고
여보 왜 한마디 말이 없소
여보 왜 한마디 말이 없소
여보 안녕히 잘 가시게"
러브레터,"6,702",김희재,"구름에 달빛가린 캄캄한 밤에
나홀로 잠 못 들어요
당신 앞에 자신이 없어
몰래 편지를 써요
사랑의 까막눈인데
내가 왜 이럴까
몰라요 나도 몰라요
울고만 싶어
아무리 써봐도
자꾸만 보아도
뭔가 빠졌어
사랑해요 I love you
그 한 마디가
아 얄미운 사람
낯설은 이름에 깜짝 놀랐죠
바로 당신이군요
누가 볼까 숨을 멈추고
몰래 읽어 봅니다
사랑의 까막눈인데
내가 왜 이럴까
몰라요 나도 몰라요
울고만 싶어
아무리 읽어도
자꾸만 보아도
뭔가 빠졌어
I love you I love you
그 한마디가
아 얄미운사람
구름에 달빛가린 캄캄한 밤에
나홀로 잠 못 들어요
당신 앞에 자신이 없어
몰래 편지를 써요
사랑의 까막눈인데
내가 왜 이럴까
몰라요 나도 몰라요
울고만 싶어
아무리 써봐도
자꾸만 보아도
뭔가 빠졌어
사랑해요 I love you
그 한 마디가
아 얄미운 사람"
미워도 다시 한번,60,알리 (ALi),"이 생명 다 바쳐서
죽도록 사랑했고
순정을 다 받쳐서 믿고 또 믿었건만
영혼히 그 사람을 사랑해 선 안될사람
말 없이 가는길에 미워도 다시한번
아 아 안녕
나만히 가야하는 그 사랑에 길 이기에
울면서 돌아설 땐 미워도 다시한번
아 아 안녕
아 아 안녕
아 아 안녕"
황홀한 고백,"2,676",장민호,"네온이 불타는 거리
가로등 불빛 아래서
그 언젠가 만났던 너와 나
지금은 무엇을 할까
생각에 잠기면 하염없이
그날이 그리워지네
불타는 눈동자 목마른 그 입술
별들도 잠이 들고
이대로 영원히 너만을 사랑해
황홀한 그 한마디
지금도 늦지 않았어
내곁에 돌아 온다면
나는 너를 영원히 사랑할꺼야
네온이 불타는 거리
가로등 불빛 아래서
기약없이 헤어진 너와 나
지금은 어디갔을까
추억에 잠기면 하염없이
내마음 외로워지네
불타는 눈동자 목마른 그 입술
별들도 잠이 들고
이대로 영원히 너만을 사랑해
황홀한 그 한마디
지금도 늦지 않았어
내곁에 돌아 온다면
나는 너를 영원히 사랑할꺼야
나는 너를 영원히 사랑할꺼야
나는 너를 영원히 사랑할꺼야"
당신의 의미,"6,472",영탁,"당신
사랑하는 내 당신
둘도 없는 내 당신
당신
없는 이 세상은
아무런 의미가 없어요
가지 마세요 가지 마세요
나를 두고 가지 마세요
당신 위하여 입은 앞치마에
눈물이 젖게 하지 마세요
당신
사랑하는 내 당신
둘도 없는 내 당신
당신
없는 이 세상은
아무런 의미가 없어요
당신 사랑하는 내 당신
둘도 없는 내 당신
당신 없는 이 세상은
아무런 의미가 없어요
가지 마세요 가지 마세요
나를 두고 가지 마세요
당신 위하여 입은 앞치마에
눈물이 젖게 하지 마세요
당신 사랑하는 내 당신
둘도 없는 내 당신
당신 없는 이 세상은
아무런 의미가 없어요
아무런 의미가 없어요
아무런 의미가 없어요"
바다에 누워,"2,527",김희재,"나 하나의 모습으로 태어나
바다에 누워
해 저문 노을을 바라다 본다
설 익은 햇살에
젖은 파도는 눈물 인듯
씻기워 간다
일만의 눈부심이 가라앉고
밀물의 움직임 속에
뭇 별도 제각기 누워 잠잔다
마음은 물결처럼 흘러만 간다
저 바다에 누워
외로운 물새 될까
물살의 깊은 속을 항구는 알까
저 바다에 누워
외로운 물새 될까
나 하나의 모습으로 태어나
바다에 누워
해 저문 노을을 바라다 본다
설 익은 햇살에
젖은 파도는 눈물인듯
씻기워 간다
일만의 눈부심이 가라앉고
밀물의 움직임 속에
뭇 별도 제각기 누워 잠잔다
마음은 물결처럼 흘러만 간다
저 바다에 누워
외로운 물새 될까
물살의 깊은 속을 항구는 알까
저 바다에 누워
외로운 물새 될까"
자갈치 아지매,28,나훈아,"자갈길을 밟으면
어찌살까 하루를
울면서 헤메이던 지난날도

입술을 깨물면서
뱃고동의 반평생
부산의 자갈치 아지매

싱싱한 아침햇살
저무는 저녁노을
이제는 자랑스런
자갈치 아지매

어서어서 오이소
웃음으로 반기는
부산의 자갈치 아지매

해와달이 바뀌어
이마의 주름살을
쳐다보며 쏟아지던 눈물도

저푸른 파도따라
흘러버린 반평생
부산의 자갈치 아지매

한맺힌 인생살이
갈매기 손길따라
이제는 억척스런 자갈치 아지매

어서어서 오이소
웃음으로 반기는
부산의 자갈치 아지매"
나이를 먹으니,286,한혜진,"세월 따라 가버리는 나이마저도
멈출 수도 없는 나의 한계 때문에
거울 속에 비쳐지는 새치 머리가
나를 슬프게 하네
나이 따라가는 것이 청춘이지만
돌아보면 내 꿈마저 사라진 지금
커피잔에 보일 듯한 나의 얼굴이
차라리 편하구나
눈이 아프고 손이 저려도
그저 나이 땜에 찾아온 거지
누굴 원망하면 안 되는 거지
내가 택한 삶인데
일어서야지 그래 잘해 왔듯이
그 어떤 힘든 일도 견뎌 왔잖아
나이 따라가는 것이 청춘이지만
돌아보면 내 꿈마저 사라진 지금
커피잔에 보일 듯한 나의 얼굴이
차라리 편하구나
눈이 아프고 손이 저려도
그저 나이 땜에 찾아온 거지
누굴 원망하면 안 되는 거지
내가 택한 삶인데
일어서야지 그래 잘해 왔듯이
그 어떤 힘든 일도 견뎌 왔잖아
일어서야지 그래 잘해 왔듯이
그 어떤 힘든 일도 견뎌 왔잖아"
엄마,"2,375",박서진,"엄마 아빠 오늘도 싸운다
당신의 고고스톱 때문에
엄만 또 눈물만 흘린다
돈없단 소리에 밥상을 엎고
술드시면 소리치는 당신
그때 엄마는 안아주면서
우릴 걱정했던 엄마
아 아 엄마 그땐 몰랐어
엄마가 얼마나 아파하시는지
고생만 하시다 늙어버린
우리 어머니 사랑합니다
엄마 아빠 오늘은 웃는다
당신의 모진 행동 다 잊고
엄마와 손잡고 걷는다
돈없단 소리에 밥상을 엎고
매일매일 술드셨던 당신
그때 당당한 모습은 없고
자꾸 작아지는 아빠
아 아 아빠 눈물이난다
아빠가 얼마나 아파하시는지
이제는 아프고 늙어버린
우리 아버지 사랑합니다
엄마 아버지 사랑합니다"
내사람 (MR),"11,958",임영웅,"내 가슴속에 사는 사람
내가 그토록 아끼는 사람
너무 소중해 마음껏 안아보지도 못했던
누구에게나 흔한 행복
한 번도 준적이 없어서
맘 놓고 웃어본 적도 없는
그댈 사랑합니다
내가 기쁠 때나 슬플 때나
함께 울고 웃어주던
그댈 위해 내가 할 수 있는 건
뭐든 해주고 싶어
안녕 내 사랑 그대여
이젠 내가 지켜줄게요
못난 날 믿고
참고 기다려줘서 고마워요
안녕 내 사랑 그대여
영원토록 사랑할게요
다시 태어나서 사랑한대도
그대이고 싶어요
어두운 밤길을 잃어도
서로 등불이 되어주고
비바람 몰아쳐도
지금 잡은 두 손 놓지 말아요
내가 힘들 때나 아플 때나
내 곁에 있어준 그대
미안하단 말로 고맙단 말을
대신 하던 나였죠
안녕 내 사랑 그대여
이젠 내가 지켜줄게요
못난 날 믿고
참고 기다려줘서 고마워요
안녕 내 사랑 그대여
영원토록 사랑할게요
다시 태어나서 사랑한대도
그대이고 싶어요
넘어지고 몇 번을 다시 넘어진다 해도
그대만 있다면 다시 일어날 수 있는데
안녕 내 사랑 그대여
이젠 내가 지켜줄게요
못난 날 믿고
참고 기다려줘서 고마워요
안녕 내 사랑 그대여
이렇게 그댈 부를 때면
너무 행복해서 눈물이 나죠 사랑해요
나나 나나나 나나나
나나 나나나나 나나나
나나 나 나나 나나 나나나나나
나나 나나나 나나나
나나 나나나나 나나나
나나 나나나 나나나 나나 나나"
노랫가락 차차차,989,양지은,"노세 노세 젊어서 놀아
늙어지면은 못 노나니
화무는 십일홍이요
달도 차면은 기우나니라
얼씨구 절씨구 차차차
지화자 좋구나 차차차
화란춘성 만화방창
아니 노지는 못하리라
차차차 차차차
가세 가세 산천 경계로
늙기나 전에 구경가세
인생은 일장의 춘몽
둥글 둥글 살아나가자
얼씨구 절씨구 차차차
지화자 좋구나 차차차
춘풍화류 호시절에
아니 노지는 못하리라
차차차 차차차"
영암 아리랑,448,김다현,"달이 뜬다 달이 뜬다
영암 고을에 둥근 달이 뜬다
달이 뜬다 달이 뜬다
둥근 둥근 달이 뜬다
월출산 천왕봉에
보름달이 뜬다
아리랑 동동 쓰리랑 동동
에헤야 데헤야 어사와 데야
달 보는 아리랑 님 보는 아리랑
풍년이 온다 풍년이 온다
지화자자 좋구나
서호강 몽햇들에 풍년이 온다
아리랑 동동 쓰리랑 동동
에헤야 데헤야 어사와 데야
달 보는 아리랑 님 보는 아리랑
흥타령 부네 흥타령 부네
목화짐 지고 흥겹게 부네
용칠 도령 목화 짐은
장가 밑천이라네
아리랑 동동 쓰리랑 동동
에헤야 데헤야 어사와 데야
달 보는 아리랑 님 보는 아리랑"
가을 우체국 앞에서,"4,494",정동원,"가을 우체국 앞에서
그대를 기다리다
노오란 은행잎들이
바람에 날려가고
지나는 사람들 같이
저 멀리 가는 걸 보내
세상에 아름다운 것들이
얼마나 오래 남을까
한여름 소나기 쏟아져도
굳세게 버틴 꽃들과
지난 겨울 눈보라에도
우뚝 서 있는 나무들같이
하늘아래 모든 것이
저 홀로 설 수 있을까
가을 우체국 앞에서
그대를 기다리다
우연한 생각에 빠져
날 저물도록 몰랐네
세상에 아름다운 것들이
얼마나 오래 남을까
한여름 소나기 쏟아져도
굳세게 버틴 꽃들과
지난 겨울 눈보라에도
우뚝 서있는 나무들 같이
하늘 아래 모든 것이
저 홀로 설 수 있을까
가을 우체국 앞에서
그대를 기다리다
우연한 생각에 빠져
날 저물도록 몰랐네
날 저물도록 몰랐네"
콸콸콸 (PUO PUO),150,미니마니 (MINIMANI),"콸콸콸 사랑만 부어부어
콸콸콸
꼰대라떼 안먹어요 주지마세요
사장님이 이 노래를 싫어합니다
절대 본인은 꼰대라고 생각 안해요
아 구래
알바냐 내알바냐
2주만에 짤린 알바 슬프다
잔소리 마라 나가는 마당에 자꾸
다시는 나 찾지마라
햇빛은 싫어
인공불빛이 좋아
꾸러기 표정 장착 완료
자신감만 채워줘요 제발요
사랑만 눌러 눌러주세요 부어부어
찐찐하게 부어부어줘
꼰대라떼 안먹어요 주지마세요
뿌뿌뿌 부어부어 콸콸콸
사랑만 부어부어
꼰대라떼 안먹어요 주지마세요
일해라 절해라 자꾸 하지마세요
내 살길은 내 알아서 알아서 해요
침대가 내몸인듯 딱붙어서
누웠어도 피곤 피곤
겁주지 마라 내할일은 내가안다
잡지마 노브레이키다
햇빛은 싫어
인공불빛이 좋아
꾸러기 표정 장착 완료
자신감만 채워줘요 제발요
사랑만 눌러 눌러주세요 부어부어
찐찐하게 부어부어줘
꼰대라떼 안먹어요 주지마세요
꼰대라테 팔지마라 안먹는다 안먹어
파티파티 당신없는 이곳이 파티
슈파슈파슈비두파
라떼라떼 듣기 싫다
꼰대라떼 안먹어요 주지마세요
자신감만 채워줘요
사랑만 눌러 눌러주세요 부어부어
찐찐하게 부어부어줘
꼰대라떼 안먹어요 주지마세요
뿌뿌뿌 부어부어 콸콸콸
사랑만 부어부어
꼰대라떼 안먹어요 주지마세요"
오빠가 간다,111,성리,"오빠가 너에게 갈게 (성리가 간다)
누구보다 더 뜨거운
남자 성리가 간다
동글동글 아기자기 나만의 사랑
요리 보고 조리 봐도 너무나 예뻐
세상살이 힘이 들 땐
나에게 기대 (나에게 기대)
너를 위해 너의 등대가 돼줄게
오늘도 달려 달려 달려
달려 달려 네 곁으로
너 있는 곳 어디든 달려간다
오빠가 너에게 갈게 (성리가 간다)
누구보다 더 뜨거운
남자 성리가 갈게
내 사랑 성리가 갈게 (성리가 간다)
사나이 순정 모두 가져간 너에게 갈게
마지막 사랑을 너에게 건다
오빠만 믿고 따라와
뜨거운 남자 성리가 간다
오늘도 달려 달려 달려
달려 달려 네 곁으로
너 있는 곳 어디든 달려간다
오빠가 너에게 갈게 (성리가 간다)
누구보다 더 뜨거운
남자 성리가 갈게
내 사랑 성리가 갈게 (성리가 간다)
사나이 순정 모두 가져간
너에게 갈게
마지막 사랑을 너에게 건다
오빠만 믿고 따라와
뜨거운 남자 성리가 간다
마지막 사랑을 너에게 건다
오빠만 믿고 따라와
뜨거운 남자 성리가 간다"
무뚝뚝,119,박건우,"이별한 남자에게 묻지마라
떠나는 남자에게 묻지마라
여자는 울고 남자는 무뚝뚝
뭐가 그리 냉정하냐고
남자 남자 남자 이별은
가슴으로 우는겁니다
여자 여자 여자 마음에
미련이 남겨질까봐
무뚝뚝 무뚝뚝 뒤돌아서 뚝뚝뚝
비가 내리네 비가 비가 내리네
바람이 부네 바람 바람이 부네
차가운 이별의 선명한 엔딩이
점점 더 가까워지네
무뚝뚝 무뚝뚝 뒤돌아서 뚝뚝뚝
무뚝뚝 무뚝뚝 뒤돌아서 뚝뚝뚝"
최진사댁 셋째 딸,142,박민호,"건너 마을에 최진사 댁에
딸이 셋 있는데
그중에서도 셋째 따님이
제일 예쁘다던데
아따 그 양반 호랑이라고
소문이 나서
먹쇠도 얼굴 한 번
밤쇠도 얼굴 한 번 못 봤다나요
그렇다면 내가
최진사 만나 뵙고 넙죽 절하고
아랫마을 사는 오복성 놈이라고
말씀드리고 나서
염치없지만
셋째 따님을 사랑하오니
사윗감 없으시면
이 몸이 어떠냐고 졸라봐야지
다음 날 아침 용기를 내서
뛰어갔더니만
먹쇠란 놈이 눈물을 흘리면서
엉금엉금 기면서
아침 일찍이
최진사 댁에 문을 두드리니
얘기도 꺼내기 전
볼기만 맞았다고 넋두리 하네
아이구 아야
그렇지만 나는 대문을 활짝 열고
뛰어 들어가
요즘 보기 드문
사윗감 왔노라고 말씀드리고 나서
육간대청에 무릎 꿇고서
머리 조아리니
최진사 호탕하게
껄껄껄 웃으면서 좋아하시네
으흐흐허허하하하
얼씨구나 좋다
지화자 절씨구 땡이로구나
천하의 호랑이 최진사 사위되고
예쁜 색시 얻으니
먹쇠란 놈도 밤쇠란 놈도
나를 보면은
일곱 개 복중에서
한 개가 맞았다고 놀려대겠지
얼씨구나 좋다
지화자 절씨구 땡이로구나
천하의 호랑이 최진사 사위되고
예쁜 색시 얻으니
일곱 개 복중에서
한 개가 맞았다고 놀려대겠지
놀려대겠지 놀려대겠지"
그놈의 정,572,최수호,"너를 보면 화가 난다 미워서가 아니라
그놈의 정 정 때문이야
쌓인 정 치우려고 애를 써봐도
눈물이 앞을 가리네
쓰라린 상처 달래는게 어디 너뿐이더냐
사랑이야 지우면 되지
그놈의 정 정 때문이야
미치도록 화가 난다 너를 보고 있으면
얄미운 정 정 때문이야
정을 잡고보는 내가 미워서
눈물이 앞을 가리네
아픈 사랑 달래는 게 어디 너뿐이드냐
마음이야 달래면 되지
그놈의 정 정 때문이야
그놈의 정 정 때문이야"
저리 가,147,박민수,"어느 날에 그대가
내 가슴에 와 닿았나
설명할 수 없는 내 마음
당신을 그리며 헤매이네
사랑해선 안 될 사람 내가 더 잘 알면서
그리워 자꾸 끌리면 어떡하나
잊는다 눈을 꼭 감으면 그대
보란 듯 미소로 다가오네
저리 가 저리 가 혼자 있고 싶어
저리 가 저리 가 날 내버려둬
시간이 갈수록 울게 될까봐 두려워
정 떼지 못한 내가 더 미워
사랑해선 안 될 사람 내가 더 잘 알면서
그리워 자꾸 끌리면 어떡하나
잊는다 눈을 꼭 감으면 그대
보란 듯 미소로 다가오네
저리 가 저리 가
저리가 저리가 혼자 있고 싶어
저리 가 저리 가 날 내버려둬
시간이 갈수록 울게 될까봐 두려워
정 떼지 못한 내가 더 미워
정 떼지 못한 내가 더 미워"
그대 내 맘에 들어오면은,969,진해성,"다가가면 뒤돌아 뛰어가고
쳐다보면 하늘만 바라보고
내 맘을 모르는지
알면서 그러는지
시간만 자꾸자꾸 흘러가네
스쳐가듯 내 곁을 지나가도
돌아서서 모른척하려 해도
내 마음에 강물처럼
흘러가는 그대는 무지갠가
뛰어갈 텐데 훨훨 날아갈 텐데
그대 내 맘에 들어오면은
아이처럼 뛰어가지 않아도
나비 따라 떠나가지 않아도
그렇게 오래오래
그대 곁에 남아서
강물처럼 그대 곁에 흐르리
뛰어갈 텐데 날아갈 텐데
그대 내 맘에 들어오면은
뛰어갈 텐데 날아갈 텐데
그대 내 맘에 들어오면은
아이처럼 뛰어가지 않아도
나비 따라 떠나가지 않아도
그렇게 오래오래
그대 곁에 남아서
강물처럼 그대 곁에 흐르리
뛰어갈 텐데 날아갈 텐데
그대 내 맘에 들어오면은
뛰어갈 텐데 날아갈 텐데
그대 내 맘에 들어오면은
뛰어갈 텐데 날아갈 텐데
그대 내 맘에 들어오면은"
건배,66,나상도,"냉정한 세상 허무한 세상
알고도 속고 모르고도 속는 세상
팔자라 거니 생각을 하고
가엾은 엄니 원망일랑 말어라
가는 세월에 저가는 청춘에
너나 나나 밀려가는 나그네
빈 잔에다 꿈을 채워 마셔 버리자
술잔을 높이 들어라
건배 건배

서러워 마라 울지를 마라
속는 셈 치고 내일을 믿어보자
자네도 빈손 나 또한 빈손
돌고 또 도는 세상 탓을 말아라
가는 세월에 저 가는 청춘에
너나 나나 끌려가는 방랑자
빈 잔에다 꿈을 채워 마셔 버리자
술잔을 높이 들어라
건배 건배"
꿈속의 사랑,277,현인,"사랑해선 안될 사람을
사랑하는 죄 이라서
말 못하는 내 가슴은
이 밤도 울어야 하나
잊어야만 좋을 사람을
잊지 못한 죄 이라서
소리없이 내 가슴은
이 밤도 울어야 하나
아 사랑 애달픈 내 사랑아
어이 맺은 하룻밤의 꿈
다시 못 볼 꿈이라면
차라리 눈을 감고 뜨지 말것을
사랑해선 안될 사람을
사랑하는 죄 이라서
말 못하는 내 가슴은
이 밤도 울어야 하나
아 사랑 애달픈 내 사랑아
어이 맺은 하룻밤의 꿈
다시 못볼 꿈이라면
차라리 눈을 감고 뜨지 말 것을
사랑해선 안될 사람을
사랑하는 죄 이라서
말 못하는 내 가슴
이 밤도 울어야 하나"
비의 초상,30,계은숙,"이렇게 비가 내리면
그날이 생각이 나요
쏟아지는 찬비속에서
우리 헤어지던 그날이
나를 보는 너의 두눈은
슬픔으로 흐려있었지
그날의 아픈 기억에
많은 날을 잠못들었지
그날처럼 비가 내리면
같이 찾던 그 찻집 그자리에
행여 네 모습을 찾아봐도
들려오는 슬픔 음악뿐
너는 지금 어디있나
정녕 어디에 있나
간곳이 얼마나 멀기에
이토록 못오는 걸까
기다림에 야위어가는
내가슴엔 너의 초상뿐
그날처럼 비가 내리면
같이 찾던 그 찻집 그자리에
행여 네 모습을 찾아봐도
들려오는 슬픔 음악뿐
너는 지금 어디있나
정녕 어디에 있나
간곳이 얼마나 멀기에
이토록 못오는 걸까
기다림에 야위어가는
내가슴엔 너의 초상뿐"
야간열차,534,강태관,"짠 짜자자자 짠 짠
어둠을 뚫고 야간 열차야 가자
지금껏 살아온 모든것 버리고
너에게 몸을 실었다
스쳐가는 불빛따라 지난날들이
하나둘 떠오르면
내슬픈 눈물모아 던져버린다
길게누운 철길위로
짠 짜자자자 짠 짠 어둠을 뚫고
야간 열차야 가자
내 야망을 싣고 내일을 향해
가자가자가자 야간열차야
짠 짜자자자 짠 짠 어둠을 뚫고
야간열차야 가자
지금껏 살아온 모든것 버리고
너에게 몸을 실었다
흔들리는 차창너머 지난날들이
아스라히 그려지면
또 다른 내일위해 던져버린다
길게 누운 철길위로
짠 짜자자자 짠 짠 어둠을 뚫고
야간열차야 가자
내야망을 싣고 내일을 향해
가자가자가자 야간열차야
가자가자가자 야간열차야
가자가자가자 야간열차야"
이별이야기,"6,292",백지영,"이렇게 우린 헤어져야 하는 걸
서로가 말을 못하고
마지막 찻잔 속에 서로의 향기가 되어
진한 추억을 남기고 파
우리는 서로 눈물 흘리지 마요
서로가 말은 같아도 후회는 않을거야
하지만 그대 모습은
나의 마음을 아프게 해
그대 내게 말로는 못하고
탁자 위에 눌러 쓰신 마지막 그 한마디
서러워 이렇게 눈물만 그대여 이젠 안녕
우리는 서로 눈물 흘리지 마요
서로가 말은 같아도 후회는 않을거야
하지만 그대 모습은
나의 마음을 아프게 해
그대 내게 말로는 못하고
탁자 위에 눌러 쓰신
마지막 그 한마디 서러워 이렇게 눈물만
그대여 이젠 안녕 그대여 이젠 안녕
그대여 이젠 안녕"
사랑을 위하여,882,진해성,"이른 아침에 잠에서 깨어
너를 바라볼 수 있다면
물안개 피는 강가에 서서
작은 미소로 너를 부르리
하루를 살아도
행복할 수 있다면
나는 그 길을 택하고 싶다
세상이 우리를 힘들게 하여도
우리들은 변하지 않아
너를 사랑하기에
저 하늘 끝에
마지막 남은 진실 하나로
오래 두어도
진정 변하지 않는
사랑으로 남게 해주오

내가 아플 때보다
네가 아파할 때가
내 가슴을 철들게 했고
너의 사랑 앞에
나는 옷을 벗었다
거짓의 옷을 벗어버렸다
너를 사랑하기에
저 하늘 끝에
마지막 남은 진실 하나로
오래 두어도 진정 변하지 않는
사랑으로 남게 해주오
너를 사랑하기에 저 하늘 끝에
마지막 남은 진실 하나로
오래 두어도 진정 변하지 않는
사랑으로 남게 해주오
사랑으로 남게 해주오"
우리도 접시를 깨뜨리자,312,김국환,"자 그녀에게 그녀에게
시간을 주자 시간을 주자
저야 놀든쉬든 놀든쉬든
잠자든 상관말고
거울 볼 시간 볼 시간
시간을 주자 시간을 주자
그녀에게도 그녀에게도
시간은 필요하지
앞치마를 질끈 동여매고
부엌으로 가서 놀자 아항
그건 바로 내 사랑의 장점
그녀의 일을 나도 하는 것
필수감각 아니겠어 그거야
자 이제부터 이제부터
접시를 깨자 접시를 깨자
접시 깬다고 접시 깬다고
세상이 깨어지나
자 그녀에게 그녀에게
시간을 주자 시간을 주자
저야 놀든쉬든 놀든쉬든
잠자든 상관말고
거울 볼 시간 볼 시간
시간을 주자 시간을 주자
그녀에게도 그녀에게도
시간은 필요하지
앞치마를 질끈 동여매고
부엌으로 가서 놀자 아항
그건 바로 내 사랑의 장점
그녀의 일을 나도 하는 것
필수감각 아니겠어 그거야
자 이제부터 이제부터
접시를 깨자 접시를 깨자
접시 깬다고 접시 깬다고
세상이 깨어지나
자 이제부터 이제부터
접시를 깨뜨리자
접시를 깨뜨리자"
거울도 안보는 여자,240,태진아,"1. 사랑찾아 헤매도는 쓸쓸한 여자
오늘 밤은 그어디서 외로움을 달래나

2. 이거리를 지날때면 생각이 난다
향기없는 꽃이지만 난 널사랑 하나봐


입가에 머문미소는 내마음 흔들고
수수한 너의 옷차림 나는 좋아
거울도 안보는 여자 거울도 안보는 여자
외로운 여자 오늘밤 나하고 우---- 사랑할꺼나"
흰 구름 먹구름,221,딕 훼밀리,"차라리 만나지나 말것을 만난 것도 인연인데 마지막으로 보는 당신

왜 이다지도 괴로울까 기다리고 기다리던 그 말 한마디

구름처럼 흘러간 옛이야기인가

넓고도 좁은 길 어이가라고 너 홀로 둥실둥실 떠나가려나

말해다오 말을해다오 구름아 너의 갈 곳 어디



넓고도 좁은 길 어이가라고 너 홀로 둥실둥실 떠나가려나

말해다오 말을해다오 구름아 너의 갈 곳 어디"
슬픈고백,15,김란영,"이렇게 많은 세월 당신과
살아온것도 꿈만 같은데
어떻게 지난 날에 내 사랑을
이야기 하라 합니까
당신도 옛사랑이 있었듯이
내게도 그런 사랑 하나 있었죠
행여나 당신의맘 아플까봐
숨기려 했던 사랑이
내게서 무얼 듣길 원하는 건지
어디까지 말하라는 건지
오래전에 지워버린
내 지난 사랑을
다시 생각하라 하는겁니까
지금에난 당신만 사랑한다고
세상 누구에게나 말하는데

내게서 무얼 듣길 원하는 건지
어디까지 말하라는 건지
오래전에 지워버린
내 지난 사랑을
다시 생각하라 하는 겁니까
지금에난 당신만 사랑한다고
세상 누구에게나 말하는데
지금에난 당신만 사랑한다고
세상 누구에게나 말하는데"
돌아오지 않는 강,334,조용필,"당신의 눈 속에 내가 있고
내 눈 속에 당신이 있을 때
우리 서로가 행복했노라
아아 그 바닷가
파도소리 밀려오는데
겨울나무 사이로 당신은 가고
나는 한 마리 새가 되었네

우리 서로가 행복했노라
아아 그 바닷가
파도소리 밀려오는데
겨울나무 사이로 당신은 가고
나는 한 마리 새가 되었네
새가 되었네"
어느 소녀의 사랑이야기,27,김란영,"그대를 만날때면
이렇게 포근한데
이룰 수 없는 사랑을
사랑을 어쩌면 좋아요
미소를 띄어봐도
마음은 슬퍼져요
사랑에 빠진
나를 나를 건질 수 없나요
내 인생의 반은
그대에게 있어요
그 나머지도 나의 것은 아니죠
그대를 그대를
그리워 하며 살아야 하니까
이 마음 다받쳐서
좋아한 사람인데
이룰 수 없는 사랑을
사랑을 어쩌면 좋아요

내 인생의 반은
그대에게 있어요
그 나머지도 나의 것은 아니죠
그대를 그대를
그리워하며 살아야 하니까
이 마음 다 받쳐서
좋아한 사람인데
이룰 수 없는 사랑을
사랑을 어쩌면 좋아요"
님이라 부르리까,159,이미자,"님이라 부르리까
당신이라고 부르리까
사랑을 하면서도
사랑을 참고 사는
마음으로만 그리워
마음으로만 사무쳐
애타는 가슴
그 무슨 잘못이라도
있는 것처럼
울어야만 됩니까
울어야만 됩니까

님이라 부르리까
당신이라고 부르리까
밤이면 꿈에서나
다정히 만나 보고
잊지 못하고
언제나 가슴속에만 간직한
못난 이 마음
그 무슨 잘못이라도
있는 것처럼
울어야만 됩니까
울어야만 됩니까"
아득히 먼곳,121,이승재,"찬바람 비껴불어 이르는 곳에
마음을 두고온것도 아니라오
먹구름 흐트러져 휘도는 곳에
미련을 두고온 것도 아니라오
아아 어쩌다 생각이 나면
그리운 사람있어 밤을 지새고
가만히 생각하면 아득히 먼곳이라
허전한 이 내 맘에 눈물적시네
황금빛 저녁 노을 내리는 곳에
사랑이 머무는 것도 아니라오
호숫가 푸른 숲속 아늑한 곳에
내님이 머무는 것도 아니라오
*아아 어쩌다 생각이 나면
그리운 사람있어 밤을 지새고
가만히 생각하면 아득힌 먼곳이라
허전한 이 내맘에 눈물 적시네
*반복"
슬픔 그 뒤에 오는 고독,0,조덕배,"비오는 가로등 밑에
갈곳을 몰라서 헤메는
가엾은 여인의 모습이
내눈에 비춰질때
우리의 슬픔도
그것과 똑 같으리라
갈곳을 몰라서 헤메는
비젖은 나의 영혼아
바람이 불어와서
잎새는 떨어지고
떨어진 그 잎새가
바람에 굴러도
우리네 슬픔도
그것과 똑 같으리라
갈곳도 모르는 여인아
어디로 걸어가나

바람이 불어와서
잎새는 떨어지고
떨어진 그 잎새가
바람에 굴러도
우리네 슬픔도
그것과 똑 같으리라
갈곳도 모르는 여인아
어디로 걸어가나"
추억으로 가는 당신,380,주현미,"나는 알아요
당신이 나를
얼마나 사랑하는지
내가 없으면 외로움속에
조용히 흐느낄 그 사람
떠나야할 까닭일랑
묻지 말아요
내가 너무 바보였어요
모든것이 세월속에
지워질때면
그땐 내맘 알게될거야
너무도 사랑한 당신
영원히 못잊을 당신
추억으로 가는 당신

나는 알아요
당신을 떠날 그날이 내게 온것을
내가 없으면 외로움속에
조용히 흐느낄 그사람
진정 그대 사랑이 필요한 것은
내가 아닌 또 다른 사람
모든것이 눈물속에 지워질때면
그땐 내맘 알게될꺼야
너무도 사랑한 당신
영원히 못잊을 당신
추억으로 가는 당신"
야래향,291,주현미,"나난펑 최이라이칭량
나예잉 티셩 치치앙
위에샤더 화얼 도루몽
즈여우 나 예라이샹
투루저 펀팡
워아이저 예써 망망
예아이저 예잉 거창
겅아이 나화이반더몽
용바오저 예라이샹
원저 예라이샹
예라이샹 워웨이니 거창
예라이샹 워웨이니 쓰량
아아아 워웨이니 거창
워웨이니 쓰량

나난펑 최이라이칭량
나예잉 티셩 치치앙
위에샤더 화얼 도루몽
즈여우 나 예라이샹
투루저 펀팡
워아이저 예써 망망
예아이저 예잉 거창
겅아이 나화이반더몽
용바오저 예라이샹
원저 예라이샹
예라이샹 워웨이니 거창
예라이샹 워웨이니 쓰량
아아아 워웨이니 거창
워웨이니 쓰량
예라이샹 예라이샹 예라이샹"
카스바의 여인,249,태진아,"담배연기 희미하게 자욱한카스바에서
이름마져 잊은채 나이마져 잊은채
춤추는 슬픈여인아
그날 그카스바에 그날 그자리에서
처음만나 사랑을하고 낯설은 내가슴에 쓰러져
한없이 울던그사람 오늘밤도 눈물에젖어
춤추는카스바의여인


외로움을 달래려고 찾아온 카스바에서
어디에서 본듯한 한번쯤은 만난듯한
춤추는 슬픈여인아

그날 그카스바에 그날 그자리에서
처음만나 사랑을하고
낯설은 내가슴에 쓰러져
한없이 울던그사람
오늘밤도 눈물에젖어 춤추는 카스바의 여인"
먼훗날,0,최완규,"내 모든것 다 주어도
후회하지 않을
그런 사랑이 있었을텐데
지금도 그날처럼
고운 미소 지으며
바라볼수 있는 당신이건만
먼훗날에 아름다운
그날의 얘기를
생각하기위해
오늘은 잊어야지
잊어야지 먼훗날 먼훗날
그대 날 안다해도
먼훗날 먼훗날
나 그대 모른다오

먼훗날에
아름다운 그날의 얘기를
생각하기 위해
오늘은 잊어야지 잊어야지
먼훗날 먼훗날
그대 날 안다해도
먼훗날 먼훗날
나 그대 모른다오
먼훗날 먼훗날
나 그대 모른다오"
부모,302,나훈아,"낙엽이 우수 떨어질 때
겨울의 기나긴 밤 어머님하고 둘이 앉아
옛 이야기 들어라 나는 어쩌면 생겨나와
이 이야기 듣는가
묻지도 말아라 내일 날에
내가 부모 되어서 알아 보리라"
서귀포를 아시나요,189,조미미,"밀감 향~~~~기
풍~겨 오는
가고 싶은 내 고~~~향
칠백~~~리 바다 건~너
서귀포를 아시~나요
동백꽃 송이처럼
예쁘게 핀 비바리들
꽃노래도 흥겨웁게
미역 따고 밀감을 따는
그리운 내~고~향~~~
서귀포를
아시~나요

석양 빛~~~~에
돛~ 단배가
그림같은 내 고~~~향
칠백~~~리 바다 건~너
서귀포를 아시~나요
한라산 망아지들
한가로이 풀을 뜯고
구비 구비 폭포마다
무지개가 아름다~운
그리운 내~고~향~~~
서귀포를
아시~나요"
연안부두,75,김수희,"어쩌다한번오는저배는 무슨사연싣고오길래

오는사람 가는사람 마음마다설레게하나

부두에 꿈을두고 떠나는배야

갈매기 우는마음 너는알겠지

말해다오 말해다오 연안부두떠나는배야



바람이불면 파도가울고

배떠나면나도운단다 안개속에 가물가물

정던사람 손을흔드네

저무는연안부두 외로운불빛

홀로선 이마음을 달래주는데

말해다오 말해다오 연안부두 떠나는배야"
꽃망울,50,안다미,"잊으려 했지만

잊으려 했지만

나는 나는

잊을 수가 없어요

이 가슴의 꽃망울

꺾어 놓고 떠난

그 사람이 밉지만

원망은 않을 겁니다

사랑에 속고

약속에 속고

웃음에 속고

눈물에 속고

떠나간 사람

밉긴 하지만

잊을 수가

없어요

잊으려 했지만

잊으려 했지만



지우려 했지만

지우려 했지만

나는 나는

지울 수가 없어요

이 가슴의 꽃망울

꺾어 놓고 떠난

그 사람이 밉지만

원망은 않을 겁니다

사랑에 속고

약속에 속고

웃음에 속고

눈물에 속고

떠나간 사람

밉긴 하지만

지울 수가

없어요

지우려 했지만

지우려 했지만

사랑에 속고

약속에 속고

웃음에 속고

눈물에 속고

떠나간 사람

밉긴 하지만

지울 수가

없어요

지우려 했지만

지우려 했지만"
이별의 세레나데,144,진시몬,"그리워요 그리워요 이러면 안돼는데
천번만번을 다짐해도 후회는 남는걸 어떡해
술 한잔의 추억하나 지우고 또 지워보지만
멍든 가슴 뒤로 사랑이 우네요 슬픈 이별의 세레나데

어떡해 사랑이 변하나요 이별은 혼자서만 하나요
나쁜 사람 가슴속에 묻고 또 묻어도 아픈 사람아

이 세상 단 한번 가진 내 사랑 을 죽어도 못 잊을 나의 사랑을
어찌 버리라 해요 놓으라 해요 이 가슴이 무너져요

내 삶에 끝자락 어디에서라도 그대 오신다면 기다릴께요
돌아와요 돌아와요 그대 떠난 이 자리로

못다한 사랑은 어쩌나요 이별이 어찌 그리 쉽나요
모진사람 그 이름을 부르고 불러도 아픈 사람아

이 세상 단 한번 가진 내 사랑 을 죽어도 못 잊을 나의 사랑을
어찌 버리라 해요 놓으라 해요 이 가슴이 무너져요
내 삶에 끝자락 어디에서라도 그대 오신다면 기다릴께요
돌아와요 돌아와요 그대 떠난 이 자리로
돌아와요 돌아와요 그대 떠난 이 자리로

라 라라 라라 라라라 라 라라 라라 라라라 라 라라 라라 라라라라
라라 라라라 라 라라 라라 라라라 라라 라 라라 라라라 라라라라"
그대의 빈자리,239,이수진,"1,

눈 감~으면 온 가슴에~ 누~워 버리는 슬픔~

바람이 닮은 종소리 되어~ 나~를 흔들고 가네~



1,2

그대 없는 이 빈자리~ 눈물만~이 채워 지는데~

이 세상 그 누가~ 나 보다 가슴 시릴까~

세월의 강에 나를 남기고~ 떠나버린 사람아~

내 생에 단 한번 한번 이라도~

그대~를 만나고 싶어~

2,

그대~를 만나고 싶어~"
젊음의 노트,13,유미리,"안개속을 걸어봐도
채워지지 않는 나의 빈가슴
잡으려면 어느새 사라지는
젊음의 무지개여
커피를 마셔봐도
느낄수가 없는 나의 빈가슴
까만밤을 하얗게 지새우는
젊음의 고독이여
내 젊음의 빈노트엔
무엇을 그려야 할까
내 젊음의 빈노트엔
무엇을 써야만 하나
아름답고 신비로운
우리들 사랑의 이야기
이 세상에 살아 있는
우리들의 모든 인생 이야기
내 젊음의 빈노트엔
무엇을 채워야 하나

내 젊음의 빈노트엔
무엇을 그려야 할까
내 젊음의 빈노트엔
무엇을 써야만 하나
아름답고 신비로운
우리들 사랑의 이야기
이새상에 살아 있는
우리들의 모든 인생이야기
내 젊음의 빈노트엔
무엇을 채워야 하나"
당신은 모르실거야,826,혜은이,"당신은 모르실거야
얼마나 사랑했는지
세월이 흘러가면은
그때서 뉘우칠꺼야
마음이 서글플때나
초라해 보일때에는
이름을 불러주세요
나 거기 서 있을께요
두 눈에 넘쳐 흐르는
뜨거운 나의 눈물로
당신의 아픈 마음을
깨끗이 씻어 드릴께
당신은 모르실거야
얼마나 사모했는지
뒤돌아 봐 주세요
당신의 사랑은 나요
두 눈에 넘쳐 흐르는
뜨거운 나의 눈물로
당신의 아픈 마음을
깨끗이 씻어 드릴께
당신은 모르실거야
얼마나 사모했는지
뒤돌아 봐 주세요
당신의 사랑은 나요
당신의 사랑은 나요"
황혼의 부르스,127,이미자,"황혼이 질때면 생각나는 그사람
가슴 깊이 맺힌 슬픔 영원토록
잊을 길은 없는데
별처럼 아름답던 그 추억이
내 마음을 울려주네
목이 메어 불러보는
당신의 그 이름
황혼이 질때면 보고싶은 그 얼굴
마음 속에 아로새긴 당신 모습
잊을 길은 없는데
꿈같이 행복했던 그 시절이
그리워서 눈물지네
목이 메어 불러보는
당신의 그 이름"
일편단심,601,금잔디,"나도 몰래 사랑했나봐
아프도록 사랑했나봐
시간 흐르고 흐르고 흘러도
그대라는 사람
못잊을 것 같아요
나도 몰래 사랑했나봐
가슴 아픈 사연을 담고
눈물 흐르고 흐르고 흘러도
나를 위로 해줄
그대라는 사람을
아 두번 다시
아 못할 사랑
가슴 찢어지는 아픔이 와도
그대만 사랑할래요
내 평생에 단 하나 소원
그대 사랑하다 죽는 일
다음 세상 외면 말아요
그때 꼭 다시 만나요
나도 몰래 사랑했나봐
아프도록 사랑했나봐
시간 흐르고 흐르고 흘러도
그대라는 사람
못잊을 것 같아요
나도 몰래 사랑했나봐
가슴아픈 사연을 담고
눈물 흐르고 흐르고 흘러도
나를 위로 해줄
그대라는 사람을
아 두번 다시
아 못할 사랑
가슴 찢어지는 아픔이 와도
그대만 사랑할래요
내 평생에 단 하나 소원
그대 사랑하다 죽는일
다음 세상 외면 말아요
그때 꼭 다시 만나요
그때 꼭 다시 만나요"
해운대 연가,97,오승근,"푸른 물결 춤을 추고 물새 날아드는
해운대에 밤은
또 그렇게 지나가는데
솔밭길을 걷던
우리들의 사랑얘기가
파도에 밀려 사라지네
하얀 모래밭에
사랑해란 글씨를 쓰며
영원히 날 사랑한다 맹세하던 그대
널 널 널 사랑해
떨리는 내 입술에 키스해주던 너
보고 싶은 사람 추억 속의 그대
해운대의 사랑이여
푸른 물결 춤을 추고 물새 날아드는
해운대에 밤은
또 그렇게 지나가는데
솔밭길을 걷던
우리들의 사랑얘기가
파도에 밀려 사라지네
하얀 모래밭에
사랑해란 글씨를 쓰며
영원히 날 사랑한다 맹세하던 그대
널 널 널 사랑해
떨리는 내 입술에 키스해주던 너
보고 싶은 사람 추억 속의 그대
해운대의 사랑이여
보고 싶은 사람 추억 속의 그대
해운대의 사랑이여"
감격시대,881,진해성,"거리는 부른다
환희에 빛나는 숨쉬는 거리다
미풍은 속삭인다
불타는 눈동자
불러라 불러라 불러라 불러라
거리의 사랑아
휘파람 불며 가자
내일의 청춘아
바다는 부른다
정열에 넘치는 청춘의 바다여
깃발은 팔랑팔랑
바람에 좋구나
저어라 저어라 저어라 저어라
바다의 사랑아
희망봉 멀지않다
행운의 뱃길아"
향기 품은 군사우편,854,진해성,"행주치마 씻은 손에
받은 님 소식은
능선의 향기 품고
그대의 향기 품어
군사우편 적혀 있는
전선 편지엔
전해 주는 배달부가
싸리문도 못 가서
복받치는 기쁨에 나는 울었소
돌아가는 방앗간에
받은 님 소식은
총성의 향기 품고
그대의 향기 품어
군사우편 적혀 있는
전선 편지엔
옛 추억도 돌아왔소
얼룩진 한자 두자
방앗간의 수레도 같이 울었소"
유랑청춘,325,송해,"눈물 어린 툇마루에
손 흔들던 어머니
하늘마저 어두워진
나무리 벌판아
길 떠나는 우리 아들 조심하거라
그 소리 아득하니 벌써 70년
보고 싶고 보고 싶은 우리 엄마여
재 넘어 길 떠나는 유랑 청춘아
어디 가면 그리운 님 다시 만날까
정 주면 이별인데 그 어디 머물까
그 세월 아득하니 벌써 70년
보고 싶고 보고 싶은 우리 어머니
보고 싶고 보고 싶은 우리 어머니"
길잃은 철새,181,조용필,"무슨 사연이 있겠지
무슨 까닭이 있겠지
돌아가지 않는
길 잃은 철새
밤은 깊어서
낙엽은 쌓이는데
밤은 깊어서
낙엽은 쌓이는데
흐느끼는 소리만
흐느끼는 소리만
홀로 살고파 왔을까
홀로 울고파 왔을까
돌아가지 않는
길 잃은 철새
가을은 가고
겨울은 왔는데도
가을은 가고
겨울은 왔는데도
한숨 짓는 소리만
한숨 짓는 소리만"
처녀 뱃사공,69,오승근,"낙동강 강바람이 치마폭을 스치면
군인간 오라버니 소식이 오네
큰애기 사공이면 누가 뭐라나
늙으신 부모님을 내가 모시고
에헤야 데헤야 노를 저어라
삿대를 저어라
낙동강 강바람이 앞가슴을 헤치면
고요한 처녀 가슴 물결이 오네
오라비 제대하면 시집 보내마
어머님 그 말씀에 수줍어질 때
에헤야 데헤야 노를 저어라
삿대를 저어라"
못잊을건 정,134,김보민,"당신을 보내 놓고
무거운 발길은
돌아갈 길을 잊어 버렸나
안개 속을 걷는다
마음이 아파와도
잊어야 할까요
돌아올 수 없을까
돌아올 수 없을까
못잊을 것은 정
당신을 보내 놓고
무거운 발길은
돌아갈 길을 잊어 버렸나
안개 속을 걷는다
그 모습 그리워도
지워야 할까요
돌아올 수 없을까
돌아올 수 없을까
못잊을 것은 정"
세월아,366,금잔디,"세월아 날 버리고 먼저 가거라
가져갈 추억 내가 더 가질 수 있게
아직 난 갖지 못한 추억 있으니
나를 두고 가거라
바람에 흩어지듯이
어느새 지나간 그 세월
버텨내듯이 살다가 보니
상처가 나름 많구나
가슴속에 못처럼 박힌
슬픈 사연들을 꺼내면
미련이란 놓을 수 없는
상처가 나를 울리네
세월아 날 버리고 먼저 가거라
가져갈 추억 내가 더 가질 수 있게
아직 난 갖지 못한 추억 있으니
나를 두고 가거라
잊지 못할 그리움으로
남아있는 사연이 있네
미련이란 놓을 수 없는
상처로 남아버렸네
세월아 날 버리고 먼저 가거라
가져갈 추억 내가 더 가질 수 있게
아직 난 갖지 못한 추억 있으니
나를 두고 가거라
나를 두고 가거라"
왕자님,633,금잔디,"꽃이라 부르십니다
사랑한다 말하십니다
이 세상에 내가 내가
최고라 하신답니다
별도 달도 따 주신대요
나 없으면 죽겠답니다
원하는 건 모두 모두
다 줄 거랍니다
왕자님 우리 왕자님
어쩌려고 그러십니까
왕자님 우리 왕자님
여자마음 흔들어 놓고
꼭 그리 하셔야 해요
그 약속 지켜주세요
그러면 오늘 밤 당신의
공주가 되 드릴께요
여보 라고 불러줍니다
내 꺼 하자 말하십니다
너무 좋아 긴가 민가
꼬집어 보신 답니다
평생 동안 업어 준대요
물 한 방울 안 묻히고요
눈물일랑 아픔일랑
다 가져가신 답니다
왕자님 우리 왕자님
어쩌려고 그러십니까
왕자님 우리 왕자님
여자 마음 흔들어놓고
꼭 그리하셔야 해요
그 약속 지켜주세요
그러면 오늘 밤 당신의
공주가 되 드릴께요
그러면 영원히 당신의
공주가 되 드릴께요"
비나리,"2,343",박서진,"큐피트 화살이 가슴을 뚫고
사랑이 시작된 날
또 다시 운명의 페이지는 넘어가네
나 당신 사랑해도 될까요
말도 못하고
한없이 애타는 나의 눈짓들
세상이 온통 그대 하나로
변해 버렸어
우리 사랑 연습도 없이
벌써 무대로 올려졌네
생각하면 덧없는 꿈일지도 몰라
꿈일지도 몰라
하늘이여
저 사람 언제 또 갈라 놓을거요
하늘이여
간절한 이 소망 또 외면할거요
얘기치 못했던 운명의 그 시간
당신을 만나던 날
드러난 내 상처 어느새 싸매졌네
나만을 사랑하면 안될까요
마음만 달아 올라
오늘도 애타는 나의 몸짓들
따사로운 그대 눈빛따라
도는 해바라기처럼
사랑이란 작은 배 하나
이미 바다로 띄워졌네
생각하면 허무한 꿈일지도 몰라
꿈일지도 몰라
하늘이여
이 사람 다시 또 눈물이면 안돼요
하늘이여
저 사람 영원히 사랑하게 해줘요"
찔레꽃,"1,311",조명섭,"찔레꽃 붉게피는 남쪽나라 내고향
언덕위에 초가삼간 그립습니다
자주 고름 입에 물고 눈물젖어
이별가를 불러주던 못잊을 사람아
달뜨는 저녁이면 노래하던 동창생
천리객창 북두성이 서럽습니다
삼년 전에 모여앉아 찍은 사진
하염없이 바라보던 즐거운 시절아"
마지막 사랑,307,신유,"마지막 사랑이라 믿어서
내 모든 심장을 주었다
숨쉬지 못해도 이 행복에
두 눈이 멀었던 날들
너무나 익숙했던 사랑의
틈으로 고여버린 눈물이
손댈 수 없을 만큼 멀어진
마음이 두려워져
너무나 사랑했기 때문에
스친 바람에도 울었어
우리의 약속과 그 모든 믿음이
한 점 바람 같아
너무나 사랑했기 때문에
전부라 믿었기 때문에
세상은 끝났고 긴 어둠일 뿐
너무나 믿어왔던 사랑의
틈으로 고여버린 눈물이
잡을 수 없을 만큼 멀어진
마음이 두려워져
너무나 사랑했기 때문에
스친 바람에도 울었어
우리의 약속과 그 모든 믿음이
한 점 바람 같아
너무나 사랑했기 때문에
전부라 믿었기 때문에
세상은 끝났고 긴 어둠일 뿐
라라라라라
또 다시 사랑을 이렇게 보내야 하나
내게로 돌아와줘 제발
우리의 약속과 그 모든 믿음이
한 점 바람 같아
너무나 사랑했기 때문에
전부라 믿었기 때문에
세상은 끝났고 긴 어둠일 뿐
긴 어둠일 뿐"
가라지,509,천명훈,"간다면 누가 너를
못 보낼 줄 알고
가라지 누가 너를
잡을 줄 알고
이렇게 나 울리고 가면
발걸음 꽤나 가볍겠다
이렇게 날 버리고 가면
마음 꽤나 편하겠다
너 괴롭고 나 괴로운 것을
왜 왜 너는 모르니
너 떠나면 나 외로운 것을
넌 넌 뻔히 알잖니
간다면 누가 너를
못 보낼 줄 알고
가라지 누가 너를
잡을 줄 알고
너 괴롭고 나 괴로운 것을
왜 왜 너는 모르니
너 떠나면 나 외로운 것을
넌 넌 뻔히 알잖니
간다면 누가 너를
못 보낼 줄 알고
가라지 누가 너를
잡을 줄 알고"
시집 장가,159,마이진,"예쁜 여자야
착한 남자야
도와줘요 좀
부탁해요 좀
이 친구
저 친구
매달리고
부탁해도
모두가 모두가
모른척하네
모두가
모른척하네
내 나이 더 이상
더 이상
기다리긴 꽉 찬 나이
꽉 찬 나이
정 붙일 남자
시집갈 남자가 없네
아 도와줘요
좀 도와줘요
마음 따뜻한
예쁜 여자예요
아 또 부탁해요
좀 부탁해요
시집갈 수 있는
그날그날까지
시집 장가
도와줘요 좀
부탁해요 좀
이 사람
저 사람
여기저기
부탁해도
모두가 모두가
모른척하네
모두가
모른척하네
내 나이 더 이상
더 이상
기다리긴 힘든 나이
힘든 나이
정 붙일 여자
장가갈 여자가 없네
아 도와줘요
좀 도와줘요
가슴 뜨거운
착한 남잡니다
아 또 부탁해요
좀 부탁해요
장가갈 수 있는
그날그날까지
아 도와줘요
좀 도와줘요
가슴 뜨거운
사랑을 원합니다
뜨거운
사랑 원해
아 또 부탁해요
좀 부탁해요
시집갈 수 있는
그날그날까지
장가갈 수 있는
그날그날까지
시 장가"
버스한대,168,박상철,"버스 한 대 사가지고 전국팔도를
좋은 사람 불러 모아 돌아다녀보자
꽃놀이 단풍놀이 띵까리 띵까띵까
세월이야 가든 말든
너와 나는 버스 안에 있다
문을 닫아라
저 세월이 못 들어오게
길을 비켜라 버스가 간다
나의 애마 버스가 간다
이 세상이 너무 좁구나
하루가 너무 짧구나
띵까띵까 달려라 나의 버스야
저 세월이 못 쫓아오게
버스 한 대 사가지고 전국팔도를
좋은 사람 불러 모아 돌아다녀보자
꽃놀이 단풍놀이 띵까리 띵까띵까
세월이야 가든 말든
너와 나는 버스 안에 있다
문을 닫아라
저 세월이 못 들어오게
길을 비켜라 버스가 간다
나의 애마 버스가 간다
이 세상이 너무 좁구나
하루가 너무 짧구나
띵까띵까 달려라 나의 버스야
저 세월이 못 쫓아오게
저 세월이 못 쫓아오게"
이태원 연가,"5,838",이찬원,"밤깊은 이태원 불빛 속에서
젖어버린 두 가슴
떠나갈 사람도 울고 있나요
보내는 나도 우는데
새벽 찬 바람은 가슴 때리고
쌓인정을 지워 버려도
아 못다한 사랑에
외로운 이 거리
잊지는 말아요
이태원 밤 부르스
밤깊은 이태원 안개속에서
말이없던 두사람
어디서 들리는 사랑노래는
슬픔만 더해 주네요
새벽 찬 바람이 등을 밀어도
고개돌려 뒤돌아보던
아 아 마지막 그 모습
남겨진 이거리
잊지는 못해요
이태원 밤 부르스"
정말 사랑했을까,"16,259",임영웅,"좋았나봐 널 많이 아꼈나봐
다시 못견디게 아픈걸 보니
가슴에서 자꾸만 열이 나고
널 떠올릴때마다 그리움이 흘러
숨겨봐도 그게 잘 안되나봐
이별 앓고있는 날 다 아는걸
씩씩한척 강한척 하는 내가
웃는 눈빛마저도 우는것
같아 보인대
우리 정말 사랑하긴 했을까
느낄 수가 없잖아
작고 좁은 나의 세상속에
살던 넌
행복하긴 했을까
우리 닮은 지난 추억이
초라한 내 앞이라 더 눈부셔
너 있는 곳 너무 멀어
다가갈 수 없어
헤어져도 보내지 못하나봐
니가 돌아와줄 것만 같아서
시간가면 잊을 수 있을꺼란
굳은 다짐해봐도
매일 널 찾아 헤매는데
우리 정말 사랑하긴 했을까
믿을 수가 없잖아
좋은 사람으로 니 가슴에 내 모습
남긴 했을까
니가 곁에 없는 나보다
내가 없는 니가 더 두려워
나를 지우고 쉽게 또 사랑 할까봐
지키지 못할 약속들
그땐 왜 그렇게 많이 했는지
아직도 너를 위해 난
주고 싶은 게 많은데
우리 정말 사랑하긴 했을까
느낄 수가 없잖아
작고 좁은 나의 세상 속에 살던 넌
행복하긴 했을까
니가 곁에 없는 나보다
내가 없는 니가 더 두려워
니 사랑이 마지막이 될까봐"
포기하지마,"17,961",임영웅,"다 포기하지마 또 다른 모습에
나 살기 위해 몸부림 치는걸
다 포기하지마 또 다른 모습에
나 살기 위해 몸부림 치는걸
너 돌아보지마 또 힘든 내 모습
더 먼곳으로 나 떠나갈거야
이제껏 구겨진 생활속에 지쳐서
모든걸 그렇게 지나치며 살았어
그래도 아직은 포기못해 너만은
다시금 널 찾아 떠나겠지
달려가 내 몸을 너에게 안길거야
쉽게 지나치진 못하겠지
조금씩 더 크게 네 이름 부를거야
이렇게 더 사랑하는 너를
다 포기하지마 또 다른 모습에
나 살기 위해 몸부림 치는걸
이제껏 구겨진 생활속에 지쳐서
모든걸 그렇게 지나치며 살았어
그래도 아직은 포기못해 너만은
다시금 널 찾아 떠나겠지
달려가 내 몸을 너에게 안길거야
쉽게 지나치진 못하겠지
조금씩 더 크게 네 이름 부를거야
이렇게 더 사랑하는 너를
달려가 내 몸을 너에게 안길거야
쉽게 지나치진 못하겠지
조금씩 더 크게 네 이름 부를거야
이렇게 더 사랑하는 너를"
빈잔,80,설운도,"그대의 싸늘한 눈가에 고이는
이슬이 아름다워
하염없이 바라보네
내 마음도 따라우네
가여운 나의 여인이여
외로운 사람끼리
아 만나서 그렇게 또 정이 들고
어차피 인생은
빈 술잔 들고 취하는 것
그대여 나머지 설움은
나의 빈 잔에 채워주
그대의 싸늘한 눈가에 고이는
이슬이 아름다워
하염없이 바라보네
내 마음도 따라우네
가여운 나의 여인이여
외로운 사람끼리
아 만나서 그렇게
또 정이 들고
어차피 인생은
빈 술잔 들고 취하는 것
그대여 나머지 설움은
나의 빈 잔에 채워주
나의 빈 잔에 채워주"
아침의 나라에서,"4,771",이찬원,"모두가 다정한 친구처럼
모두가 다정한 형제처럼
우리의 가슴이 열리는 곳
오 서울 코리아
사랑이 넘치는 거리에서
바람이 시원한 강변에서
일류의 꿈들이 피어난다
오 서울 코리아
저 푸른 하늘에 나부끼는 깃발은
세계가 하나로 뭉쳐지는
평화의 손길
모이자 모이자
아침의 나라에서
모이자 모이자
우리 함께 달리자
나라와 나라는 이웃처럼
나라와 나라는 가족처럼
모두가 하나로 이어지는 곳
오 서울 코리아
찬란히 떠오른 햇빛아래
언제나 이 땅은 아름답고
지구의 미래는 밝아온다
오 서울 코리아
저 푸른 하늘에 나부끼는 깃발은
세계가 하나로 뭉쳐지는
평화의 손길
모이자 모이자
아침의 나라에서
모이자 모이자
우리 함께 달리자"
간 보는 거냐,247,이상호,"간 보는 거냐 간 보는 거냐 나 어떤 놈인지
나 같은 사람 또 만나기 힘들다
처음에 분명히 네가 먼저 말을 걸었다
오빠는 뭐해요 오빠는 어디 살아요
밤중에 자는데 네가 먼저 전화 걸었다
왜 벌써 자요 일어나요
한강이나 보러 갑시다
근데 이제 와서 내가 내가 들이댔다니
이제 와서 네가 네가 피곤하다니
경우가 없네 어이도 없네
이제는 추억도 없네
간 보는 거냐 간 보는 거냐 나 어떤 놈인지
나를 보는 거냐 얘를 보는 거냐
자꾸만 헷갈리게 해
간 보지 마라 간 보지 마라
나 그런 놈 아니다
나 같은 사람 또 만나기 힘들다
난 정말 분명히 밥 먹자고 말을 했었다
한식은 어때요 양식을 좋아하나요
안주가 좋다며 한병 두병 네가 시켰다
오빠 원샷해요
언제까지 어깨춤을 추게 할 거야
근데 이제 와서 내가 내가 싫어졌다니
이제 와서 네가 네가 헤어지자니
경우가 없네 어이도 없네
이제는 추억도 없네
간 보는 거냐 간 보는 거냐 나 어떤 놈인지
나를 보는 거냐 얘를 보는 거냐
자꾸만 헷갈리게 해
간 보지 마라 간 보지 마라
나 그런 놈 아니다
나 같은 사람 또 만나기 힘들다
간 보는 거냐 간 보는 거냐 나 어떤 놈인지
나를 보는 거냐 얘를 보는 거냐
자꾸만 헷갈리게 해
간 보지 마라 간 보지 마라
나 그런 놈 아니다
나 같은 사람 또 만나기 힘들다
나 같은 사람 또 만나기 힘들다"
동전인생,"5,936",영탁,"바람 바람 끝자락 매달려
흘러간 청춘
돈이건만 값어치 약한 동전 같았던
내 과거 그 누가 알까
자존심을 내 목숨보다 더 사랑한
지난날 아픔 속에는
눈물 방울 삼키며 오늘을 위하여
추억 밟고 나 여기 왔다
다시는 울지 않으리
바람 바람 끝자락 매달려
흘러간 청춘
돈이건만 값어치 약한 동전 같았던
내 과거 그 누가 알까
자존심을 내 목숨보다 더 사랑한
지난 날 아픔 속에는
눈물 방울 삼키며 오늘을 위하여
추억 밟고 나 여기 왔다
다시는 울지 않으리
눈물방울 삼키며 오늘을 위하여
모진 세월 나 여기 왔다
인생은 지금부터야"
좋은 당신,"2,841",김희재,"사랑한다 말해주세요
보고픈 맘 안아주세요
이 순간 나를 숨쉬게 하는 건
그대 사랑 때문이니까
인생이란 고단한 먼 길을
나와 함께 걸어갈 사람아
좋은 당신 내 곁에 있음에
모든 날이 난 꽃길입니다
라라라라라라라라라라
내 곁에만 있어주세요
나 하나만 바라봐 주세요
세상에 나를 빛나게 하는 건
그대 사랑 때문이니까
인생이란 고단한 먼 길을
나와 함께 걸어갈 사람아
좋은 당신 내 곁에 있음에
모든 날이 난 꽃길입니다
라라라라
다음생이 또 내게 있다면
그래도 당신 당신입니다
사랑한다 말해주세요
언제 들어도 좋은 내 당신
언제 보아도 좋은 내 당신"
드라마,"4,464",이찬원,"사랑에 울다 웃다 해봤고
그깟 돈 있다 없다 해봤고
산 넘어 또 산
쉽지만은 않더라
사는 게 드라마더라
병 주고 약도 주던
세월아 네월아
별의별 일 많구나
드라마 내가 내가 드라마
이 사연을 누가 알 텐가
설탕같이 달다가
커피같이 쓰다가
아 아 아 형님 인생 드라마
사랑에 울다 웃다 해봤고
그깟 돈 있다 없다 해봤고
산 넘어 또 산
쉽지만은 않더라
사는 게 드라마더라
병 주고 약도 주던
세월아 네월아
별의별 일 많구나
드라마 내가 내가 드라마
이 사연을 누가 알 텐가
설탕같이 달다가
커피같이 쓰다가
아 아 아 우리 인생 드라마
아 아 아 형님 인생 드라마"
연분,"1,133",홍지윤,"이쁜 정 고운 정
하다 못해 미운 정
쌓이고 쌓이니
천생연분 백년해로라
하늘이 주신 사랑
땅에서 인연 맺고
바다같이 품고 살고
이고 지고 사랑하리라
어여쁜 내 사랑
먼저 가지 말아요
꿈 같은 이 세상
오래도록 사랑합시다
구름 길 꽃 길에
하다 못해 가시밭길
둘이서 걷는 길
비단길이 따로 있더냐
하늘이 주신 사랑
땅에서 인연 맺고
바다같이 품고 살고
이고 지고 사랑하리라
어여쁜 내 사랑
먼저 가지 말아요
꿈 같은 이 세상
오래도록 사랑합시다
꿈 같은 이 세상
영원토록 사랑합시다"
들녘길에서,"2,409",장민호,"떠나가는 뒷 모습을
그냥 선채로
붙잡지도 못하고
그냥 선채로
당신은 노을 속에
멀어만 가니
사랑이란 무엇인지
알 수가 없네
가던 발길 돌려주세요
뒤 돌아서 나를 보세요
가지마세요 가지마세요
나를 두고 가지 마세요
아 노을지는 들녘길에서
어쩔 줄 몰라
어쩔 줄 몰라
그냥 웁니다
둘일 적엔 노을빛도
내 맘 같더니
이제 보니 노을빛은
눈물에 가려
나만 혼자 들녘길에
울고 섰으니
사랑이란 무엇인지
알 수가 없네
가던 발길 돌려주세요
뒤 돌아서 나를 보세요
가지마세요 가지마세요
나를 두고 가지마세요
아 노을지는 들녘길에서
어쩔 줄 몰라
어쩔 줄 몰라
그냥 웁니다"
님이여,312,윤태화,"님이여 님이시여 기어이 가시나요
뒷산에 접동새가 여태도록 우는데
가시면 떠나시면
어쩌라 어쩌라고 아니되요
못가오 나를두고 못가오
이 사랑 다주기전에
살아가는 오늘 또 내일이
님의 향기 뿐인데
님이여 님이시여 차라리 죽으려오
님이없는 세상은 온통 암흑천지요
내 사모하는 님이여 아 내 님이여
가시면 떠나시면 어쩌라 어쩌라고
아니되요 못가오 나를두고 못가오
그 사랑 다받기전에
가슴가슴 마디 뼈마디마다
님의 손길 뿐인데
님이여 님이시여 차라리 죽으려오
님이없는 세상에 살아 무엇하리요
내 사모하는 님이여 아 내 님이여
아 내 님이여"
건배,170,김태영,"하루라도 바람 잘 날 없었던 날들
나의 인생을 뒤돌아 보니
세월속에 헤진 낡은 셔츠와 내가
그래 너무나 많이 닮아 있구나
세상에 던져진 고단했던 하루가
어느덧 청춘의 반나절이 지나 워
어디쯤 와 있는걸까
또 언젠가는 떠나지만
이제는 나만의 남은 날들이
더 소중하기에
사랑하는 나의 그녈 위해 건배
사랑하는 나의 그댈 위해 건배
그리고 마지막으로 나는
나를 위해 건배
우리 모두를 위해 건배
세상에 던져진 고단했던 하루가
어느덧 청춘의 반나절이 지나 워
어디쯤 와 있는걸까
또 언젠가는 떠나지만
이제는 나만의 남은 날들이
더 소중하기에
사랑하는 나의 그녈 위해 건배
사랑하는 나의 그댈 위해 건배
그리고 마지막으로 나는
나를 위해 건배
우리 모두를 위해 건배
사랑하는 나의 그녈 위해 건배
사랑하는 나의 그댈 위해 건배
그리고 마지막으로 나는
나를 위해 건배
우리 모두를 위해 건배
우리 모두를 위해"
뻐꾸기둥지위로날아간새 cover,6,미스터 팡,"도대체 왜 이럴까
누가 좀 말려줘봐
왜 자꾸 어두워만지면은
밖으로 나가는지 모르겠어
오늘은 또 어디서
누구를 또 만날까
분명히 어제처럼
별 볼일 없이 끝날테지만
오늘밤이 이 세상에서
마지막이 될 것처럼
혼신의 힘을 다해서
춤추고 노래해 한마리 새처럼
내가 혼자라는 외로움이
그 안에 다시 못 들어오게
비라도 내리게 하늘을 찔러봐
저기 맑은 하늘 모두 다가
너의 세상이니까
도대체 몇명인지
셀수도 없을만큼
오늘밤 그대 곁에 왔다가 스쳐간
여자들은 많겠지만
어떻게 오셨나요
누구랑 오셨나요
똑같은 얘기들을
하고 있는 넌 뻐꾸기 같아
오늘밤에 누구라도
자기 짝을 찾기위해
혼신의 힘을 다해서
춤추고 노래해
한마리 새처럼 그냥 잠시라도
내 안에서 함께 할
사랑 찾고 싶어서
시간이 갈수록 불안해 지지만
그렇다고 다시 어제처럼
혼자이긴 싫었어
깨어진 어둠에 아침이 오나봐
주윌 둘러보고 알게됐어
오늘도 역시 혼자라는 걸
다시 또 혼자야 오늘도 혼자야
저기 너무 맑은 하늘 위로
새가 되어 버린 너"
토요일밤에 cover,10,미스터 팡,"오늘밤만은 오늘만은
그대 나를 떠나가지마라
깊어가는 이 밤
토요일 밤엔
그대 이 순간을 느껴
날 버리고 떠난
광수와 광태
다정했던 영자와 옥자
오늘밤만은 모두 잊어요
토요일 밤 토요일 밤에
날 따라해봐 미친척하고
소릴 질러봐
삶이 나
나를 힘들게 하고
열받게 해도
이 시간이 간이
다가기 전에
내 품에 안겨 안겨봐
날 괴롭히는
사장 부장님
사랑했던 미자와 숙자
오늘밤만은 모두 잊어요
토요일 밤 토요일 밤에
날 따라해봐
양손을 들고
힘껏 뛰어봐
삶이 나
나를 힘들게 하고
미치게 해도
이 시간이 간이
다가기 전에
내 품에 안겨 안겨봐
날 따라해봐
미친척하고
소릴 질러봐
난나 나 나나
나나나 나나
크게 더 크게
토요일 밤 토요일 밤에
내 품에 안겨 안겨봐"
배 띄어라,127,홍성원,"배 띄어라
배 띄어라
아이야 벗님네야
배 띄어서 어서 가자
배 띄어라
배 띄어라
아이야 벗님네야
배 띄어서 어서 가자
동서남북 바람 불제
언제나 기다리나
술 익고 달이 뜨니
이 때가 아니 더냐
배 띄어라
배 띄어라
아이야 벗님네야
배 띄어서 어서 가자
서럽다고 울기만 하랴
배 띄어라
배 띄어라
아이야 벗님네야
배 띄어서 어서 가자
배 띄어라
배 띄어라"
아이라예,158,김태수,"니 내를 사랑하나 아이라예
거라먼 싫어하나 아이라예
아이라예 아이라예 수줍어하던
그 사람이 생각이 난다
손목 한번 잡는 것도 눈치 보였고
언불생심 키스까지 천만의 말씀
몰라예 아이라예 부끄러버예
보고싶다 부산 아가씨
내 니를 우째하꼬 모릅니더
거라먼 누가 아노 모릅니더
모릅니더 모릅니더 얼굴 붉히던
첫사랑이 그리워진다
철철 끓는 타는 가슴 콩닥거렸고
보다덤고 싶었지만 천만의 말씀
몰라예 아이라예 부끄러버예
보고싶다 부산 아가씨
몰라예
아이라예
부끄러버예
보고싶다 부산 아가씨
몰라예
아이라예
부끄러버예
보고싶다 부산 아가씨"
이제 나만 믿어요,160,전종혁,"무얼 믿은 걸까 부족했던 내게서
나조차 못 믿던 내게 여태 머문 사람
무얼 봤던 걸까 가진 것도 없던 내게
무작정 내 손을 잡아 날 이끈 사람
최고였어 그대 눈 속에 비친 내 모습
이제는 내게서 그댈 비춰줄게
궂은비가 오면
세상 가장 큰 그대 우산이 될게
그댄 편히 걸어가요
걷다가 지치면
내가 그대를 안고 어디든 갈게
이제 나만 믿어요
나만 두고 가던 나만 스쳐 간 행운이 모여
그대가 되어서 내게 와준 거야
궂은 비가 오면
세상 가장 큰 그대 우산이 될게
그댄 편히 걸어가요
걷다가 지치면
내가 그대를 안고 어디든 갈게
이제 나만 믿어요
나의 마지막 주인공이 되어
다신 누구 앞에서도 그대는
고개 숙이지 마요
내가 보지 못했던 홀로 고단했던 시간
고맙고 미안해요 사랑해요
이 세상은 우리를 두고 오랜 장난을 했고
우린 속지 않은 거야
이제 울지 마요
좋을 땐 밤새도록 맘껏 웃어요
전부 그대 거니까
그대는 걱정 말아요 이제 나만 믿어요"
신사동 그사람,111,김정민,"희미한 불빛 사이로
마주치는 그 눈길 피할 수 없어
나도 몰래 사랑을 느끼며
만났던 그 사람
행여 오늘도 다시 만날까
그날 밤 그 자리에 기다리는데
그 사람 오지 않고 나를 울리네
시간은 자정 넘어 새벽으로 가는데
아 그날 밤 만났던 사람
나를 잊으셨나봐
희미한 불빛 사이로
오고 가던 그 눈길 어쩔 수 없어
나도 몰래 마음을 주면서
사랑한 그 사람
오늘 밤도 행여 만날까
그날 밤 그 자리에 마음 설레며
그 사람 기다려도 오지를 않네
자정은 벌써 지나 새벽으로 가는데
아 내 마음 가져간 사람
신사동 그 사람
행여 오늘도 다시 만날까
그날 밤 그 자리에 기다리는데
그 사람 오지 않고 나를 울리네
시간은 자정 넘어 새벽으로 가는데
아 그날 밤 만났던 사람
나를 잊으셨나봐
나를 잊으셨나봐
신사동 그 사람"
연꽃 (Inst.),923,전유진,"꽃은 한 자리에 피어나 움직이지 못해요.
가끔씩 당신이 너무 멀리 가시면
따라가지 못 해요.
피었다가 지는 꽃도 지긋이
바라 보는 게 사랑아닌가.
시 시 때때로 변하는 그 마음
잡지 못한 게 내 잘못인가요.
너무나 힘든 사랑이었어
나를 잊고 살아요.
시들은 연꽃처럼
시들은 연꽃처럼.
꽃은 한 색깔로 피어나 바꿀 수도 없어요.
가끔씩 당신이 다른 색을 말하면
가슴만 무너져요.
피었다가 지는 꽃도 지긋이
바라 보는게 사랑 아닌가.
시시때때로 변하는 그 마음
잡지 못한 게 내 잘못인가요.
너무나 힘든 사랑 이었어
나를 잊고 살아요.
시들은 연꽃처럼
시들은 연꽃처럼"
10분 내로,438,안성훈,"그래요 믿어 줄게요
나만 사랑한다면
딱 한 가지만 약속해 줘요
내가 전화할 땐
늦어도 십 분 내로
내게로 달려와요
꾸물대지 말고 핑계 대지 말고
옆길로 새지도 말고
여자는 꽃이랍니다
혼자 두지 말아요
당신 가슴에 영원히 지지 않는
꽃이 될래요 십 분 내로
그래요 믿어 줄게요
나만 사랑한다면
딱 한 가지만 약속해 줘요
세상 끝나도록
바람이 분다 해도
눈보라 친다 해도
나만 사랑한다 나만 생각한다
그렇게 약속해 줘요
당신은 나만의 남자
나는 당신의 여자
언제나 멋진 당신 가슴에 안겨
꽃이 될래요 십 분 내로
여자는 꽃이랍니다
혼자 두지 말아요
당신 가슴에 영원히 지지 않는
꽃이 될래요 십 분 내로
꽃이 될래요 십 분 내로"
잠깐,385,안성훈,"돌아서서 떠나갈 땐 가더라도
잠깐 묻고 싶은 말 있어요
왜 가는지 왜 가는지
떠나가는 이유라도 들어 봅시다
사랑은 농담처럼
장난으로 생각하나요
묻는 내가 바보지
묻는 내가 바보야
묻는 내가 어리석지

도망치듯 달아나듯 가는 그대
잠깐 그럴 수가 있나요
가더라도 가더라도
마지막 술잔이나 비우고 가소
속 다르고 겉 달랐던
사랑한단 그 말을
믿은 내가 바보지
믿은 내가 바보야
믿은 내가 어리석지
잠깐"
사랑아,437,안성훈,"안돼요 안돼 날 두고 떠나면 안 돼
그렇게 못해 난 절대 보낼 순 없어
갈 테면 가라 모든 걸 잊고 떠나봐
그땐 뒤돌아서 후회를 할 거야
희미한 기억 속에 너의 이름 불러도
다신 볼 수 없던 사랑한 사람
사랑아 나를 두고 떠나가지 마
나만 두고 가려거든 다신 나를 찾지 마
언젠가 그대 나를 찾는다 해도
그땐 내가 먼저 뒤돌아서 그댈 볼 수 없으리
희미한 기억 속에 너의 이름 불러도
다신 볼 수 없던 사랑한 사람
사랑아 나를 두고 떠나가지 마
나만 두고 가려거든 다신 나를 찾지 마
언젠가 그대 나를 찾는다 해도
그땐 내가 먼저 뒤돌아서 그댈 볼 수 없으리"
갈매기 사랑,58,추혁진,"갈매기야 갈매기야
부산항 갈매기야
내 청춘이 흘러가도
너는 아직 변함이 없구나
수많은 저 배들은
오고 가는데
내 사랑 그 님은
언제쯤 올까
밤이면 부둣가에서
오늘도 기다린단다
갈매기 내 갈매기야
내 님은 언제 오겠니

갈매기야 갈매기야
인천항 갈매기야
내 인생이 흘러가도
너는 아직 그대로구나
수많은 무역선은
오고 가는데
내 사랑 그 님은
언제쯤 올까
밤이면 부둣가에서
오늘도 기다린단다
갈매기 내 갈매기야
내 님은 언제 오겠니
내 님은 언제 오겠니"
나쁜 사람이야,161,민수현,"이봐요 미운 사람아
당신 정말
나쁜 사람이야
잔잔한 가슴 흔들어 놓고
모르는 체 가는 당신

사랑의 그 미소와
따스하던 그 손길이
가슴에 남아 있는데
마지막 내 마음도
자존심도 가져간 당신
신기하게도
고우면서 미운 사람
나한테는 나쁜 사람이야

이봐요 미운 사람아
당신 정말
나쁜 사람이야
잔잔한 가슴 흔들어 놓고
모르는 체 가는 당신

사랑의 그 미소와
따스하던 그 손길이
가슴에 남아 있는데
마지막 내 마음도
자존심도 가져간 당신
신기하게도
고우면서 미운 사람
나한테는 나쁜 사람이야
당신 정말 좋은 사람이야"
우는 아인 바보야,86,하남석,"찬바람에 낙엽은 지고
달빛마저 외로울 때
고개숙인 헬쓱한 너의
뺨 위로 눈물이 눈물이
우는 아인 바보야
우는 아인 바보야
우린 이제 어차피
헤어져야해
우린 같이 갈 수 없지만
서로 사랑하고 있잖아
이젠 내 가슴에 가만히
얼굴을 묻고
그냥 이대로 아무말 말아요 음

우는 아인 바보야
우는 아인 바보야
우린 이제 어차피
헤어져야해
우린 같이 갈 수 없지만
서로 사랑하고 있잖아
이젠 내 가슴에 가만히
얼굴을 묻고
그냥 이대로 아무말 말아요
안녕이란 그 말은 난 싫어요
그냥 이대로 아무말 말아요 음"
내가 왜 웁니까,64,주현미,"울지않아요 내가 왜웁니까
내가 싫어 가는 사람앞에
가슴을 돌여내는 그아픔도 참을겁나다.
남자에 약한적이 여자라지만
때로는 모진것도 여자랍니다.

울지않아요 내가 왜웁날까
내가 싫어 가는사람앞에..

울지않아요 눈물은 왜흘려요
내가 미워 가는 당신앞에
마음은 운다해도 눈물만은 참을겁니다.
남자에 약한것이 여자라지만
때로는 모진것도 여자랍나다.

울지않아요 눈물은 왜흘려요
내가 미워 가는 당신앞에.."
그때 그자리,101,문주란,"나여기에 왔습니다
그때그자리 당신이 두고간
초라한모습그대로 그러나
나 하나도 슬프지는 않아요
그리워 그워지면 추억에 살고
외로워 지면 행복을 빌며
나여기에 왔습니다 그때 그자리"
남행열차,285,김수희,"비 내리는 남행열차에 흔들리는 차창넘어로

빗물이 흐르고 내 눈물도 흐르고

잃어버린 첫 사랑도 흐르네

깜박깜박이는 히미한 기억속에

그때 만난 그사람 말이 없던 그사람

자꾸만 멀러지는데

만날 수 없어도 잊지는 말아요

당신을 사랑 했어요



비 내리는 호남선 마지막 열차

기적소리 슬피우는데

빗물이 흐르고 내 눈물도 흐르고

잃어버린 첫 사랑도 흐르네

깜박깜박이는 히미한 기억속에

그때 만난 그사람 말이 없던 그사람

자꾸만 멀러지는데

만날 수 없어도 잊지는 말아요

당신을 사랑 했어요



만날 수 없어도 잊지는 말아요

당신을 사랑 했어요~~~"
엽서,221,정윤선,"더러는 생각도 나겠지만 미련은 갖지말아요
어쩌다 눈물도 나겠지만 후회는 하지말아요

*가까워지면 가까워질까 두려워서 멀리하고
멀어져가면 또 멀어질까 안타까워 서로 부른
우리 사인데

더러는 생각도 나겠지만 미련은 갖지말아요
어쩌다 눈물도 나겠지만 후회는 하지말아요"
빠이빠이야,264,소유미,"빠이빠이빠이빠이야
사랑의 그 약속을 내팽게치고
떠나가는 여자야
여자 여자 여자 여자
울 줄 알았지 착각하지마
너를 잡을 줄 아냐
이 세상에 어디
여자가 너뿐이더냐
너 보다 착한 여자
너 보다 고운 여자
만나 살면 되는 걸
그래 가거라 행복해라
빠이빠이빠이빠이야
사랑의 그 맹세를 나 몰라라고
돌아서는 남자야
남자 남자 남자 남자
나를 떠난 건 너의 실수야
속이 편할 줄 아냐
이 세상에 어디
남자가 너뿐이더냐
너 보다 잘난 남자
너 보다 멋진 남자
만나 살면 되는 걸
그래 가거라 잘 살아라
빠이빠이빠이빠이야
빠이빠이빠이빠이야
사랑의 그 약속을 내팽게치고
떠나가는 여자야
여자여자여자여자
울 줄 알았지 착각하지마
너를 잡을 줄 아냐
이 세상에 어디
여자가 너뿐이더냐
너 보다 착한 여자
너 보다 고운 여자
만나 살면 되는 걸
그래 가거라 행복해라
빠이빠이빠이빠이야
이 세상에 어디
남자가 너뿐이더냐
너 보다 잘난 남자
너 보다 멋진 남자
만나 살면 되는 걸
그래 가거라 잘 살아라
빠이빠이빠이빠이야
빠이빠이빠이빠이야"
때,968,양지은,"낮춰야 할 때는 낮춰야하고
물러나야 할 때는 물러나야지
오르고 오르면 끝이 있듯이
내려올 때도 끝이 있다네
막막한 하루하루 힘들다면은
하늘 한번 보고 힘껏 소리쳐
기회는 누구에게 다가오는 것
내게도 그럴 때가 올 거야
이왕이면 웃고 살면 행복해지고
기왕이면 웃고 살면 즐거워지고
영원히 힘들 것만 같았던
지난 일들도
돌아보면 추억 되겠지
지나간다 지나간다 지금 이 순간
때가 되면 돌아보면 웃는 날 온다
오늘도 힘차게 어깨를 펴고
가족사진 보며 힘을 내야지
오오 오오오 오오
오오 오오오 오오오
오오 오오오 오오오 오
막막한 하루하루 힘들다면은
하늘 한번 보고 힘껏 소리쳐
기회는 누구에게 다가오는 것
내게도 그럴 때가 올 거야
이왕이면 웃고 살면 행복해지고
기왕이면 웃고 살면 즐거워지고
영원히 힘들 것만 같았던
지난 일들도
돌아보면 추억 되겠지
지나간다 지나간다 지금 이 순간
때가 되면 돌아보면 웃는 날 온다
오늘도 힘차게 어깨를 펴고
가족사진 보며 힘을 내야지
지나간다 지나간다 지금 이 순간
때가 되면 돌아보면 웃는 날 온다
오늘도 힘차게 어깨를 펴고
가족사진 보며 힘을 내야지
오오 오오오 오오
오오 오오오 오오오
오오 오오오 오오오 오오
지나간다 지나간다 지금 이 순간
때가 되면 돌아보면 웃는 날 온다
오늘도 힘차게 어깨를 펴고
가족사진 보며 힘을 내야지"
내게로 와,57,조정민,"(Just come on Just come on)
(Just come on Just come on)
(내게로 와)
그대의 눈빛
그대의 몸짓
그대의 미소마저도
오늘 밤 나를
취하게 하는
사랑의 마법 같은 걸
내 손을 잡아
춤추게 하는
그대의 멋진 모습에
난 그만 취해
난 그만 빠져
헤어날 수 없는 걸
뜨거워지는 가슴
꿈을 꾸고 있는듯해
놓치고 싶지 않아
너도 나를 원하잖아
내게로 와
내게로 와
우리 사랑 속삭여요
내게로 와
내게로 와
이 순간을 기다렸어
오늘부터 그대는 내가 선택한 남자
깊어지는 오늘 밤에 사랑을 시작해 봐요
(Just come on Just come on)
(Just come on Just come on)
(내게로 와)
사랑의 눈빛
사랑의 몸짓
사랑의 미소마저도
이 시간 나를
뜨겁게 하는
사랑의 마법 같은 걸
내 손을 잡아
춤추게 하는
그대의 멋진 모습에
난 그만 취해
난 그만 빠져
헤어날 수 없는 걸
뜨거워지는 가슴
꿈을 꾸고 있는듯해
놓치고 싶지 않아
너도 나를 원하잖아
내게로 와
내게로 와
우리 사랑 속삭여요
내게로 와
내게로 와
이 순간을 기다렸어
오늘부터 그대는 내가 선택한 남자
깊어지는 오늘 밤에 사랑을 시작해 봐요
사랑을 시작해 봐요
(내게로 와)"
묻어버린 아픔,184,남진,"흔한게 사랑이라지만
나는 그런 사랑 원하지 않아
바라만 봐도 괜히 그냥 좋은
그런 사랑이 나는 좋아
변한건 세상이라지만
우리 사랑 이대로 간직하면
먼훗날 함께 마주앉아 둘이
얘기 할 수 있으면 좋아
어둠이 내려와 거리를 떠돌면
부는 바람에 내 모든걸 맡길텐데
한순간 그렇게 쉽사리 살아도
지금 이순간 나는 행복해

어둠이 내려와 거리를 떠돌면
부는 바람에 내 모든걸 맡길텐데
한순간 그렇게 쉽사리 살아도
지금 이순간 나는 행복해
지금 이순간 나는 행복해"
아빠와 함께 뚜비뚜바,"1,693",김국환,"뚜비뚜바 뚜뚜바 뚜비뚜바 뚜뚜바
아들아 아름다운 세상에
서로 모르고 찾아왔지만
아빠라 부르고 아들이라 부르니
얼마나 신기한 인연이냐 우리는
아들아 무엇을 생각하니
난 너를 보기만해도좋구나
국어문제 열개 산수문제 열한개
틀리면 어떠냐 잘하는 것도 많은데
그래서 말인데요
공부좀 안하고 살순 없을까요
신명나게 온종일 놀고 와서
짐벙지게 또 놀고 싶은 거냐
아빠도 그랬지 어렸을땐 다그래
다른 것도 좀 해볼걸 후회도 되지만
아빠는 내가 무엇이되길
바라고 기도하시나요
네가 가진 노래를 부르려마
난 미리 걱정하지 않는다
쑥쑥 자라나서 무엇이든 되겠지
하고 싶은일을 하며 살겠지
오락도 하고 싶고 개구리도 잡고싶고
하고싶은게 너무 너무많아요
우린 항상 이해하는건 아니지만 사랑해요
쑥떡같이 말해도 찰떡같이 알아듣죠

아빠는 내가 좋다면서
왜 엄마하고만 같이 자요
흰머리가 아름다운 여자는
세상에 엄마밖에 더 있느냐
엄마는 아빠의 인생을 아름답게
해주었지 그런거야 알겠니
아빠가 하는 말은
알쏭 달쏭 알쏭 달쏭
그런데도 난 왜 알아들을까
우린항상 이해하는건 아니지만 사랑해요
쑥떡같이 말해도 찰떡같이 알아듣죠
아는게 힘
뚜비뚜바 뚜뚜바 뚜비뚜바 뚜뚜바"
유리벽 사랑,14,박진도,"처음으로 느껴 보았든
당신의 사랑앞에서
그리움과 외로움이
낙엽처럼 쌓여만가네
더 이상은 갈수없는
슬픈 사랑이였다면
차라리 맺지말지 정을 왜 줘
아 유리벽사랑
네 어이 나를 잊을수 있나

가슴으로 느껴 보았든
뜨거운 사랑앞에서
내 모든걸 다 주었다
아낌없이 다 주었는데
더 이상은 갈수없는
슬픈 사랑이였다면
이제는 떠나야지 아무말 없이
아 타인의 사랑
네 어이 나를 잊을수 있나"
무정한 사람,18,김란영,"기다려요 한마디 남겨놓고 떠나버린 무정한 사람
잊지말라는 그 한마디만 남겨놓고 떠나간 사람
돌아오지 못할 길이라면은 차라리 말이나 말지
기다리라는 그 한마디만 남기고 떠나간 사람

사랑해요 한마디 남겨놓고 뒤돌아선 무정한 사람
그 한마디가 가슴에 남아 행여올까 기다린 날들
책임지지 못할 말이라면은 차라리 하지나말지
사랑한다는 그 한마디만 남기고 떠나간 사람"
아하,243,진미령,"그 누구도 사랑할 수 없어
그 누구도 사랑할 수 없어
안개처럼 답답해진 나의 마음을
그 누가 알수 있을까
그 누구도 사랑할 수 없어
그 누구도 사랑할 수 없어
바람처럼 스쳐가는 그런 사랑을
두번 다시 하지 않을래
내일 또다시
꽃바람 같은 유혹이
그대 입으로
그대 눈으로
내 가슴을 여민다해도

이제 다시 믿을 수가 없어
두번 다시 아플 수는 없어
때가 되면 하얀 가슴 활짝 열고서
내맘 같은 사랑 찾으리

내일 또다시
꽃바람 같은 유혹이
그대 입으로
그대 눈으로
내 가슴을 여민다해도

이제 다시 믿을 수가 없어
두번 다시 아플 수는 없어
때가 되면 하얀 가슴 활짝 열고서
내맘 같은 사랑 찾으리

그 누구도 사랑할 수 없어"
초가삼간,94,배호,"실 버들 늘어진
언덕 위에 집을 짓고
정든 님과 둘이 살짝
살아가는 초가삼간
세상 살이 무정해도
비바람 몰아쳐도
정이 든 내 고향
초가삼간 오막살이
떠날 수 없네

시냇물 흐르면
님의 옷을 빨아 널고
나물 캐어 밥을 짓는
정다워라 초가삼간
밤이 되면 오손도손
호롱불 밝혀 놓고
살아온 내 고향
초가삼간 오막살이
떠날 수 없네"
다시 사랑할 수 있다면,253,김형룡,"야윈 어깨로 흘러내리는
너무 슬픈 미련 때문에
나 여기까지 그댈 찾아서 왔어요

유리 창 밖엔 바람이 불고
아름다운 연인들끼리
추억 속으로 걸어가는걸 보았죠

너무나 사랑했기 때문에
잊을 수가 없어요
지난날들이 아름다워요
너무나 행복했기 때문에
지울 수가 없어요
이 내 가슴이 멍들어도
그대 꿈속이라도 한번
다시 만나 볼 수 있다면
그대 이 내 영혼을 태워
다시 사랑할 수 있다면

너무나 사랑했기 때문에
잊을 수가 없어요
지난날들이 아름다워요
너무나 행복했기 때문에
지울 수가 없어요
이 내 가슴이 멍들어도
그대 꿈속이라도 한번
다시 만나 볼 수 있다면
그대 이 내 영혼을 태워
다시 사랑할 수 있다면"
빈손,98,현진우,"검은머리 하늘닿는 아 잘난 사람아
이 넓은 땅이 보이지 않더냐
검은머리 땅을 닿는 아 못난 사람아
저 푸른 하늘이 보이지 않더냐

있다고 잘났고 없다고 못나도
돌아갈땐 빈손 인것을
호탕하게 원없이 웃다가
으랏차차 세월을 넘기며
구름처럼 흘러들 가게나

검은머리 하늘닿는 아 잘난 사람아
이 넓은 땅이 보이지 않더냐
검은머리 땅을 닿는 아 못난 사람아
저 푸른 하늘이 보이지 않더냐

있다고 잘났고 없다고 못나도
돌아갈땐 빈손 인것을
호탕하게 원없이 웃다가
으랏차차 세월을 넘기며
구름처럼 흘러들 가게나 -"
못잊을건 정,103,정의송,"당신을 보내 놓고
무거운 발길은
돌아갈 길을 잃어 버렸나
안개 속을 걷는다
마음이 아파와도
잊어야 할까요
돌아올 수 없을까
돌아올 수 없을까
못잊을 것은 정

당신을 보내 놓고
무거운 발길은
돌아갈 길을 잃어 버렸나
안개 속을 걷는다
그 모습 그리워도
지워야 할까요
돌아올 수 없을까
돌아올 수 없을까
못잊을 것은 정"
방랑시인 김삿갓,78,정의송,"1.죽장에 삿갓 쓰고 방랑 삼천리 흰 구름 뜬 고개 넘어 가는 객이 누구냐 열두 대문 문간방에 걸식을 하며 술 한 잔에 시 한 수로 떠나가는 김삿갓 ,,,,,,,,,,,2. 세상이 싫튼가요 벼슬도 버리고 기다리는 사람없는 이 거리 저 마을로 손을 젓는 집집마다 소문을 놓고 푸대접에 껄껄대며 떠~~~~~~갓."
해바라기 꽃,38,전미경,"내 사랑은 해바라기꽃
당신만을 바라보면서
까만밤 하얀밤
달빛속을 지새며
순정을 먹고 사는 꽃
아침해가 뜰때까지
당신을 그리며
이슬맞고 피어나는 꽃
이밤이 새면
태양을 바라보면
일편단심 님 그리는 꽃
해바라기꽃을 아시나요

내 사랑은 해바라기꽃
당신만을 바라보면서
까만밤 하얀밤
고독으로 지새며
순정을 먹고 사는 꽃
한 없는 열정으로
당신을 그리며
이슬맞고 피어나는 꽃
이밤이 새면
태양을 바라보며
일편단심 님 그리는 꽃
해바라기꽃을 아시나요"
사랑아 (DJ처리 Remix Ver.),131,장윤정,"안돼요 안돼 날 두고 떠나면 안돼
그렇겐 못해
난 절대 보낼 순 없어
갈테면 가봐 모든 걸 잊고 떠나봐
그땐 뒤돌아서 후회를 할거야
희미한 기억속에 너의 이름 불러도
다신 볼수 없던 사랑한 사람
사랑아 나를 두고 떠나가지마
나만 두고 가려거든
다신 나를 찾지마
언젠가 그대 나를 찾는 다해도
그땐 내가 먼저 뒤돌아서
그대 볼수 없으리
 
안돼요 안돼 날 두고 떠나면 안돼
그렇겐 못해
난 절대 보낼 순 없어
갈테면 가봐 모든 걸 잊고 떠나봐
그땐 뒤돌아서 후회를 할거야
희미한 기억속에 너의 이름 불러도
다신 볼수 없던 사랑한 사람
사랑아 나를 두고 떠나가지마
나만 두고 가려거든
다신 나를 찾지마
언젠가 그대 나를 찾는 다해도
그땐 내가 먼저 뒤돌아서
그대 볼수 없으리"
문밖에 있는 그대,110,진시몬,"그대 사랑 했던 건
오래전의 얘기지
노을처럼 피어나
가슴 태우던 사랑
그대 떠나 가던 밤
모두 잊으라시며
마지막 눈길마저
외면하던 사람이
초라한 모습으로 다시 돌아와
오늘은 거기서 울지만
그렇게 버려둔 내 마음 속에
어떻게 사랑이 남아요
한 번 떠난 사랑은
내 맘엔 없어요
추억도 내겐 없어요
문 밖에 있는 그대
눈물을 거둬요
가슴 아픈 사랑은
이제는 잊어요

초라한 모습으로 다시 돌아와
오늘은 거기서 울지만
그렇게 버려둔 내 마음 속에
어떻게 사랑이 남아요
한 번 떠난 사랑은
내 맘엔 없어요
추억도 내겐 없어요
문 밖에 있는 그대
눈물을 거둬요
가슴 아픈 사랑은
이제는 잊어요"
내 하나의 사람은 가고,333,임희숙,"너를 보내는 들판에
마른 바람이 슬프고
내가 돌아선 하늘엔
살빛 낮달이 슬퍼라
오래도록 잊었던
눈물이 솟고
등이 휠 것 같은
삶의 무게여
가거라 사람아
세월을 따라
모두가 걸어가 는
쓸쓸한 그 길로

이젠 그 누가 있어
이 외로움 견디며 살까
이젠 그 누가 있어
이 가슴 지키며 살까
아 저 하늘의
구름이나 될까
너 있는 그 먼 땅을
찾아 나설까
사람아 사람아
내 하나의 사람아
이 늦은 참회-를
너는 아는 지"
